-9.030966813760628e-13
-1.5206956032400337e-11
-1.283384192003629e-10
-7.287555888160562e-10
-3.1524257971588322e-09
-1.1143211065319156e-08
-3.3683443681826e-08
-8.987880778797831e-08
-2.1668366796411637e-07
-4.803287039254615e-07
-9.923645425652284e-07
-1.931265309865012e-06
-3.5705468101983625e-06
-6.314347408212795e-06
-1.0741397546913933e-05
-1.7658267977182083e-05
-2.8162738880430285e-05
-4.371807371306784e-05
-6.623891426255946e-05
-9.818943845615688e-05
-0.00014269434118734784
-0.00020366311201475858
-0.00028592799315102984
-0.00039539590772066333
-0.0005392145527738433
-0.0007259527548716141
-0.0009657950890097994
-0.0012707506649605295
-0.0016548758894528088
-0.002134510918597611
-0.0027285294231406574
-0.003458601199994167
-0.004349467077502051
-0.0054292254794265655
-0.006729629934056567
-0.008286396740432333
-0.010139521933721762
-0.012333606626490756
-0.014918189742172714
-0.017948087101609136
-0.021483735773223652
-0.0255915425522924
-0.030344235394943502
-0.035821216597989196
-0.04210891648647296
-0.049301146346883956
-0.05749944932531524
-0.06681344799636284
-0.07736118730020358
-0.08926947154195852
-0.1026741941490364
-0.11772065888853546
-0.13456389125782683
-0.15336893877700145
-0.17431115893177682
-0.19757649353956677
-0.22336172833953857
-0.25187473663944
-0.28333470588758225
-0.31797234607742403
-0.3560300789345172
-0.3977622068809474
-0.44343506082062667
-0.49332712583966926
-0.5477291439693943
-0.6069441932150523
-0.6712877421109505
-0.7410876791220596
-0.8166843162731965
-0.8984303664493083
-0.986690893874035
-1.0818432373383926
-1.1842769058168974
-1.2943934461745603
-1.4126062827347408
-1.5393405285446506
-1.6750327682421946
-1.8201308124946263
-1.9750934240460498
-2.140390015476911
-2.3165003188441347
-2.503914027435366
-2.7031304099346545
-2.9146578973598056
-3.139013643193336
-3.3767230571894147
-3.6283193133982032
-3.8943428330065064
-4.175340742649501
-4.471866308902443
-4.78447834971356
-5.113740623589732
-5.460221197394855
-5.824491793667139
-6.207127118405719
-6.608704170318968
-7.029801532566505
-7.470998648064149
-7.9328750794560134
-8.416009754890313
-8.920980200765536
-9.448361762641264
-9.9987268155329
-10.572643964832118
-11.170677239114887
-11.793385276116275
-12.44132050316626
-13.115028313393104
-13.815046239010762
-14.541903123014215
-15.296118290611536
-16.078200721723896
-16.888648225884758
-17.72794662086716
-18.59656891636317
-19.49497450403263
-20.423608355228755
-21.382900227696343
-22.373263882524544
-23.39509631262006
-24.44877698394821
-25.53466709076908
-26.653108826073908
-27.804424668403062
-28.988916686200742
-30.206865860833847
-31.45853142937294
-32.74415024820196
-34.06393617849052
-35.41807949452841
-36.80674631588643
-38.23007806433016
-39.68819094637509
-41.181175462331865
-42.70909594264977
-44.27199011232456
-45.869868684094016
-47.502714981100965
-49.17048458965958
-50.87310504271535
-52.61047553454394
-54.382466667187444
-56.188920229079386
-58.029649006262574
-59.90443662655669
-61.813037436984764
-63.75517641472016
-65.73054911176736
-67.73882163354212
-69.77963065146868
-71.85258344966384
-73.95725800572997
-76.09320310563159
-78.25993849258323
-80.45695504982969
-82.6837150171536
-84.93965224090057
-87.22417245726666
-89.5366536085491
-91.87644619201723
-94.2428736410182
-96.63523273789059
-99.05279405821699
-101.49480244590762
-103.9604775185673
-106.44901420255968
-108.95958329714534
-111.49133206703408
-114.0433848626572
-116.61484376743141
-119.20478927125288
-121.81228096942863
-124.43635828622217
-127.07604122216156
-129.7303311242287
-132.39821147802292
-135.07864872096724
-137.77059307560597
-140.472979402019
-143.18472806835865
-145.90474583849544
-148.63192677574233
-151.36515316161075
-154.10329642853748
-156.8452181055065
-159.5897707754777
-162.33579904352376
-165.08214051456724
-167.82762677960199
-170.57108440927703
-173.3113359537155
-176.0472009474392
-178.77749691826642
-181.50104039905017
-184.2166479411232
-186.92313712832237
-189.6193275904688
-192.3040420151869
-194.97610715695345
-197.6343548422755
-200.2776229699038
-202.90475650499928
-205.51460846618323
-208.10604090441615
-210.67792587266507
-213.22914638533433
-215.75859736645174
-218.26518658562048
-220.74783558076768
-223.20548056674141
-225.63707332883035
-228.04158210030317
-230.41799242308815
-232.76530799073834
-235.08255147285325
-237.36876532015293
-239.6230125494282
-241.84437750761725
-244.0319666142879
-246.18490908183315
-248.3023576127161
-250.38348907313087
-252.42750514247695
-254.43363293807414
-256.40112561457585
-258.3292629375673
-260.21735183086906
-262.06472689709807
-263.8707509110688
-265.6348152856478
-267.35634050970674
-269.0347765578487
-270.6696032716142
-272.2603307119072
-273.80649948241415
-275.3076810238178
-276.7634778786366
-278.1735239265551
-279.5374845901421
-280.8550570108866
-282.1259701955161
-283.34998513259615
-284.5268948794398
-285.6565246193924
-286.7387316895844
-287.77340557927636
-288.7604678989516
-289.69987232033844
-290.5916044875714
-291.43568189973047
-292.2321537650275
-292.98110082693637
-293.6826351625934
-294.3368999538167
-294.944069231122
-295.5043475911363
-296.0179698878366
-296.4852008980617
-296.9063349617688
-297.2816955975306
-297.61163509379065
-297.8965340764159
-298.1368010531034
-298.33287193521545
-298.4852095376329
-298.59430305723544
-298.6606675306336
-298.68484327179584
-298.66739529022806
-298.60891269037774
-298.5100080529534
-298.3713167988627
-298.19349653648635
-297.9772263930173
-297.7232063306061
-297.4321564480639
-297.1048162688859
-296.7419440163636
-296.3443158765632
-295.9127252499503
-295.44798199245054
-294.9509116467394
-294.42235466456543
-293.8631656209142
-293.2742124208286
-292.65637549970063
-292.0105470178497
-291.3376300502015
-290.63853777188217
-289.91419264054286
-289.16552557622583
-288.3934751395801
-287.59898670922587
-286.7830116590609
-285.94650653629526
-285.09043224099025
-284.215753207871
-283.3234365911718
-282.41445145326554
-281.4897679578195
-280.5503565682094
-279.59718725191
-278.63122869156643
-277.6534475034383
-276.66480746389436
-275.66626874462065
-274.6587871571925
-273.64331340764477
-272.62079236165994
-271.59216232097526
-270.5583543115973
-269.5202913843933
-268.4788879286126
-267.4350489988734
-266.3896696561329
-265.34363432314024
-264.297816154855
-263.253076424298
-262.2102639242818
-261.17021438545237
-260.13374991105627
-259.1016784288296
-258.0747931603868
-257.0538721084648
-256.0396775623584
-255.03295562186042
-254.03443574000073
-253.04483028485367
-252.06483412066348
-251.095124208514
-250.1363592267477
-249.189179211318
-248.2542052162388
-247.33203899427315
-246.4232626979807
-245.52843860122437
-244.64810884121346
-243.78279518113948
-242.93299879343874
-242.09920006369646
-241.28185841518473
-240.48141215400813
-239.69827833481088
-238.93285264698181
-238.18550932127357
-237.4566010567354
-236.74645896783989
-236.0553925516648
-235.38368967497183
-234.73161658100582
-234.09941791581616
-233.48731677388503
-232.8955147628286
-232.32419208692193
-231.77350764918185
-231.24359917172694
-230.73458333411725
-230.246555929362
-229.77959203727085
-229.33374621481005
-228.90905270311225
-228.50552565077612
-228.12315935308004
-227.76192850671976
-227.42178847966704
-227.10267559573492
-226.80450743342442
-226.52718313861885
-226.27058375068202
-226.03457254150737
-225.81899536705612
-225.6236810309157
-225.44844165940287
-225.29307308772957
-225.15735525674347
-225.0410526197512
-224.94391455892662
-224.8656758108026
-224.8060569003418
-224.76476458307786
-224.74149229481816
-224.73592060839485
-224.74771769695042
-224.7765398032417
-224.82203171444746
-224.88382724196606
-224.96154970569103
-225.0548124222538
-225.16321919672498
-225.28636481726824
-225.42383555224353
-225.57520964926073
-225.74005783569044
-225.91794382014461
-226.10842479444466
-226.3110519355988
-226.525370907318
-226.75092236060334
-226.98724243294316
-227.2338632456632
-227.49031339897863
-227.756118464304
-228.0308014733847
-228.3138834038199
-228.60488366055495
-228.90332055292959
-229.20871176687467
-229.52057483186024
-229.83842758220783
-230.1617886123894
-230.4901777259446
-230.8231163776594
-231.1601281086597
-231.50073897408546
-231.8444779630207
-232.19087741036364
-232.53947340033287
-232.88980616131684
-233.2414204517871
-233.59386593700728
-233.94669755628374
-234.29947588051695
-234.6517674598252
-235.0031451610258
-235.35318849477184
-235.70148393215717
-236.04762521061488
-236.39121362894875
-236.7318583313507
-237.06917658027155
-237.40279401802567
-237.73234491702246
-238.05747241852927
-238.3778287598851
-238.693075490096
-239.002883673755
-239.30693408323927
-239.60491737914944
-239.89653427896823
-240.18149571392573
-240.4595229740706
-240.73034784155683
-240.99371271216668
-241.24937070510177
-241.49708576108318
-241.73663272881285
-241.9677974398588
-242.19037677203718
-242.4041787013724
-242.60902234272575
-242.80473797919294
-242.99116708037658
-243.16816230965136
-243.3355875205494
-243.49331774240304
-243.6412391553898
-243.77924905513063
-243.90725580700118
-244.02517879032493
-244.13294833262566
-244.23050563412434
-244.3178026826741
-244.394802159337
-244.46147733481425
-244.51781195694875
-244.56380012952363
-244.59944618258723
-244.62476453454005
-244.63977954622382
-244.6445253672558
-244.639045774854
-244.6233940054013
-244.5976325789994
-244.56183311726804
-244.51607615464954
-244.46045094347923
-244.3950552530881
-244.31999516320602
-244.23538485193725
-244.1413463785801
-244.03800946156557
-243.92551125178952
-243.80399610161234
-243.67361532980235
-243.53452698270038
-243.38689559188342
-243.23089192860525
-243.06669275529143
-242.89448057436547
-242.714443374684
-242.52677437585848
-242.33167177074037
-242.12933846634618
-241.9199818234957
-241.70381339543664
-241.48104866572643
-241.25190678564
-241.0166103113696
-240.77538494127825
-240.5284592534625
-240.27606444387567
-240.01843406525842
-239.75580376711906
-239.48841103700198
-239.21649494327727
-238.94029587967958
-238.66005531181833
-238.37601552587813
-238.08841937972358
-237.79751005661575
-237.50353082174234
-237.2067247817577
-236.9073346475248
-236.60560250024724
-236.30176956117708
-235.9960759650781
-235.68876053761807
-235.38006057685976
-235.07021163901555
-234.7594473286229
-234.4479990932935
-234.1360960231819
-233.82396465531366
-233.51182878290575
-233.19990926980705
-232.8884238701806
-232.57758705354246
-232.2676098352652
-231.95869961264754
-231.65106000664565
-231.3448907093544
-231.04038733731846
-230.73774129074565
-230.43713961868872
-230.13876489025694
-229.84279507190996
-229.5494034108795
-229.25875832475782
-228.9710232972862
-228.686356780371
-228.40491210234774
-228.12683738250627
-227.85227545188542
-227.5813637803388
-227.31423440986765
-227.05101389420867
-226.79182324465916
-226.5367778821149
-226.28598759528955
-226.03955650508016
-225.79758303503905
-225.56015988790756
-225.32737402816093
-225.09930667050963
-224.87603327429457
-224.6576235437072
-224.44414143375894
-224.23564516191624
-224.03218722531284
-223.83381442344722
-223.64056788626777
-223.45248310754442
-223.26958998342258
-223.09191285605317
-222.91947056218856
-222.75227648662923
-222.5903386204041
-222.4336596235649
-222.2822368924722
-222.13606263145
-221.99512392868206
-221.85940283622227
-221.72887645398652
-221.6035170175922
-221.48329198990683
-221.36816415616437
-221.25809172250644
-221.15302841780323
-221.05292359860897
-220.95772235710598
-220.86736563188998
-220.78179032144732
-220.70092940017304
-220.62471203677916
-220.55306371494208
-220.48590635603824
-220.42315844381693
-220.36473515085805
-220.31054846666103
-220.26050732721166
-220.21451774587518
-220.1724829454659
-220.13430349134416
-220.0998774253947
-220.0691004007436
-220.04186581707182
-220.01806495638522
-219.9975871191007
-219.98031976031191
-219.96614862609889
-219.95495788974839
-219.94663028775315
-219.94104725546075
-219.9380890622447
-219.9376349460738
-219.93956324735635
-219.9437515419386
-219.9500767731404
-219.95841538270955
-219.9686434405783
-219.98063677330813
-219.9942710911096
-220.00942211332566
-220.02596569226947
-220.04377793530924
-220.06273532509547
-220.08271483782826
-220.103594059465
-220.12525129977305
-220.14756570413354
-220.17041736300715
-220.19368741897645
-220.2172581712821
-220.2410131777756
-220.2648373542152
-220.28861707083755
-220.31224024614338
-220.33559643783772
-220.35857693086976
-220.38107482252033
-220.40298510448932
-220.42420474193798
-220.44463274944727
-220.46417026385805
-220.4827206139653
-220.50018938704264
-220.51648449217808
-220.53151622040676
-220.54519730163227
-220.55744295833213
-220.56817095604677
-220.57730165065416
-220.5847580324344
-220.59046576693052
-220.5943532326162
-220.59635155538334
-220.59639463986767
-220.59441919763256
-220.59036477223347
-220.5841737611893
-220.57579143488854
-220.56516595246129
-220.55224837464996
-220.5369926737142
-220.51935574040843
-220.49929738807398
-220.47678035388893
-220.45177029731784
-220.4242357958049
-220.39414833775484
-220.36148231284713
-220.32621499972814
-220.28832655112686
-220.24779997643967
-220.2046211218292
-220.1587786478838
-220.1102640048853
-220.05907140573507
-220.00519779658978
-219.94864282525876
-219.88940880741714
-219.82750069069064
-219.76292601666935
-219.69569488090954
-219.62581989098342
-219.55331612263674
-219.47820107411442
-219.40049461871857
-219.3202189556644
-219.23739855930128
-219.15206012676802
-219.06423252414973
-218.97394673120564
-218.88123578473872
-218.78613472067812
-218.68868051494613
-218.58891202318094
-218.48686991938737
-218.38259663358966
-218.27613628855946
-218.1675346356906
-218.05683899009185
-217.94409816496935
-217.82936240537018
-217.71268332135992
-217.59411382070448
-217.4737080411262
-217.3515212822033
-217.22760993698148
-217.1020314233665
-216.97484411536425
-216.84610727423546
-216.71588097963058
-216.5842260607701
-216.45120402773546
-216.31687700293537
-216.1813076528124
-216.04455911985178
-215.90669495495536
-215.76777905024028
-215.62787557232264
-215.48704889614396
-215.34536353939825
-215.20288409761633
-215.0596751799617
-214.91580134579112
-214.77132704203018
-214.62631654141114
-214.48083388162286
-214.33494280541845
-214.1887067017267
-214.04218854780993
-213.89545085251007
-213.74855560062338
-213.60156419844225
-213.4545374205013
-213.30753535756412
-213.1606173658863
-213.01384201778887
-212.86726705357432
-212.72094933481776
-212.57494479906177
-212.42930841594261
-212.28409414477414
-212.13935489361415
-211.99514247983598
-211.8515075922271
-211.70849975463625
-211.5661672911881
-211.42455729308358
-211.28371558700223
-211.14368670511976
-211.00451385675228
-210.8662389016356
-210.728902324847
-210.59254321337585
-210.4571992343483
-210.3229066149113
-210.1897001237794
-210.05761305444753
-209.9266772100675
-209.7969228899865
-209.66837887794213
-209.5410724319072
-209.41502927557417
-209.29027359146994
-209.1668280156889
-209.04471363423204
-208.92394998093914
-208.80455503700182
-208.68654523204395
-208.56993544675447
-208.45473901705464
-208.34096773978013
-208.22863187985786
-208.11774017895618
-208.00829986558665
-207.90031666663367
-207.79379482028776
-207.6887370903562
-207.58514478192387
-207.48301775833374
-207.3823544594561
-207.28315192121408
-207.18540579633145
-207.0891103762674
-206.99425861430382
-206.9008421497506
-206.80885133323204
-206.7182752530175
-206.62910176235755
-206.54131750778424
-206.45490795833507
-206.36985743565901
-206.2861491449603
-206.20376520673267
-206.1226866892382
-206.0428936416829
-205.96436512804235
-205.88707926148982
-205.8110132393806
-205.73614337874892
-205.66244515227208
-205.58989322465732
-205.51846148940785
-205.4481231059242
-205.3788505368968
-205.31061558594635
-205.24338943546806
-205.17714268463666
-205.11184538752693
-205.0474670913056
-204.98397687445183
-204.92134338496223
-204.85953487849744
-204.79851925642694
-204.7382641037286
-204.67873672670018
-204.6199041904408
-204.561733356061
-204.50419091758133
-204.44724343847903
-204.39085738784613
-204.33499917612104
-204.27963519035845
-204.22473182900055
-204.1702555361164
-204.11617283507732
-204.06245036163838
-204.0090548963976
-203.95595339660505
-203.90311302729694
-203.85050119173135
-203.79808556110444
-203.74583410352463
-203.6937151122249
-203.64169723299366
-203.58974949080695
-203.5378413156479
-203.48594256749922
-203.43402356049862
-203.38205508624762
-203.33000843626425
-203.2778554235717
-203.22556840341642
-203.1731202931107
-203.1204845909949
-203.06763539451455
-203.0145474174096
-202.96119600601284
-202.90755715465636
-202.8536075201848
-202.79932443557252
-202.7446859226429
-202.689670703887
-202.63425821337884
-202.578428606786
-202.52216277047657
-202.46544232972562
-202.4082496560247
-202.35056787350092
-202.29238086445272
-202.23367327401
-202.17443051392613
-202.11463876551076
-202.05428498171042
-201.99335688834705
-201.93184298452636
-201.8697325422299
-201.80701560510758
-201.7436829864873
-201.6797262666191
-201.61513778917057
-201.54991065699184
-201.4840387271681
-201.41751660537736
-201.3503396395715
-201.2825039129991
-201.21400623658903
-201.1448441407151
-201.075015866362
-201.00452035571513
-200.93335724219693
-200.86152683997167
-200.7890301329398
-200.71586876324315
-200.64204501930496
-200.5675618234297
-200.4924227189883
-200.4166318572138
-200.34019398363372
-200.26311442416474
-200.18539907089527
-200.10705436758118
-200.02808729487785
-199.9485053553328
-199.86831655816238
-199.78752940383467
-199.70615286847962
-199.6241963881466
-199.541669842931
-199.45858354099025
-199.37494820247022
-199.2907749433609
-199.20607525929992
-199.12086100934127
-199.03514439970533
-198.94893796752464
-198.86225456459735
-198.77510734115887
-198.6875097296822
-198.5994754287171
-198.5110183867766
-198.42215278627845
-198.3328930275481
-198.24325371288882
-198.15324963072447
-198.06289573982116
-197.97220715359248
-197.88119912449537
-197.78988702852297
-197.6982863498019
-197.60641266529996
-197.51428162965084
-197.42190896010283
-197.3293104215972
-197.23650181198326
-197.14349894737728
-197.0503176476704
-196.95697372219223
-196.8634829555378
-196.76986109356602
-196.67612382957867
-196.5822867906865
-196.48836552436973
-196.39437548524
-196.30033202201201
-196.20625036469136
-196.11214561198807
-196.01803271896478
-195.92392648492904
-195.82984154158083
-195.7357923414267
-195.64179314647134
-195.54785801719748
-195.4540008018443
-195.36023512599394
-195.26657438247543
-195.17303172159467
-195.07962004169843
-194.98635198007986
-194.89323990423162
-194.8002959034522
-194.70753178081094
-194.61495904547763
-194.52258890542015
-194.43043226047524
-194.33849969579632
-194.24680147567955
-194.15534753776723
-194.06414748762808
-193.97321059371637
-193.88254578271238
-193.79216163524774
-193.7020663820178
-193.6122679002819
-193.52277371075132
-193.43359097486353
-193.34472649244134
-193.25618669973522
-193.1679776678463
-193.0801051015257
-192.9925743383455
-192.90539034823468
-192.81855773337378
-192.73208072843835
-192.64596320118352
-192.5602086533608
-192.47482022195635
-192.38980068073823
-192.3051524421009
-192.22087755919682
-192.13697772834456
-192.05345429170364
-191.9703082402063
-191.88754021673748
-191.8051505195544
-191.72313910593851
-191.6415055960744
-191.56024927714833
-191.4793691076581
-191.39886372192626
-191.31873143480783
-191.23897024658362
-191.1595778480318
-191.08055162567024
-191.0018886671632
-190.9235857668877
-190.84563943165602
-190.76804588659246
-190.69080108116344
-190.61390069535986
-190.53734014603032
-190.4611145933647
-190.3852189475278
-190.30964787543888
-190.23439580769463
-190.1594569456317
-190.08482526852566
-190.0104945409218
-189.93645832009446
-189.86270996363072
-189.78924263713196
-189.71604932202666
-189.64312282348868
-189.57045577845628
-189.4980406637464
-189.42586980426012
-189.35393538127227
-189.28222944079738
-189.2107439020255
-189.13947056582143
-189.06840112328032
-188.997527164334
-188.9268401864032
-188.85633160309172
-188.78599275291768
-188.71581490807662
-188.64578928323172
-188.5759070443261
-188.5061593174104
-188.4365371974781
-188.36703175730113
-188.29763405625536
-188.22833514912386
-188.15912609486705
-188.08999796534832
-188.02094185400566
-187.9519488844584
-187.88301021903877
-187.81411706723785
-187.74526069405525
-187.67643242824116
-187.6076236704179
-187.5388259010687
-187.470030688383
-187.4012296959485
-187.33241469028204
-187.263577548193
-187.19471026397255
-187.12580495640046
-187.0568538755612
-186.9878494094584
-186.91878409041752
-186.8496506012663
-186.78044178128576
-186.71115063192488
-186.64177032227204
-186.57229419427918
-186.50271576773244
-186.43302874496422
-186.363227015302
-186.29330465924923
-186.22325595239263
-186.15307536903234
-186.0827575855316
-186.0122974833836
-185.94169015199364
-185.8709308911779
-185.8000152133815
-185.7289388456185
-185.6576977311369
-185.58628803081152
-185.51470612426752
-185.44294861073823
-185.37101230966155
-185.29889426102105
-185.2265917254371
-185.1541021840134
-185.08142333794595
-185.0085531079018
-184.93548963317463
-184.86223127062217
-184.7887765933912
-184.7151243894372
-184.64127365984874
-184.56722361698567
-184.49297368244075
-184.41852348483317
-184.34387285744393
-184.26902183570283
-184.19397065453782
-184.11871974559622
-184.04326973434527
-183.96762143705897
-183.8917758576978
-183.81573418468602
-183.7394977875896
-183.66306821369645
-183.58644718449946
-183.50963659208506
-183.43263849542623
-183.35545511657952
-183.27808883678577
-183.2005421924754
-183.12281787117914
-183.04491870734515
-182.96684767806406
-182.8886078987047
-182.81020261846552
-182.7316352158456
-182.65290919403824
-182.57402817625135
-182.4949959009588
-182.41581621708443
-182.33649307912097
-182.25703054218698
-182.17743275702392
-182.09770396493482
-182.01784849266747
-181.93787074724642
-181.85777521075752
-181.77756643508874
-181.69724903663237
-181.61682769095492
-181.5363071274418
-181.45569212392402
-181.37498750129376
-181.29419811811604
-181.2133288652457
-181.13238466045905
-181.05137044310928
-180.97029116881473
-180.88915180418886
-180.80795732162065
-180.72671269411478
-180.64542289020153
-180.56409286892847
-180.48272757494658
-180.40133193370377
-180.31991084675667
-180.23846918721085
-180.15701179530095
-180.07554347412008
-179.99406898550762
-179.91259304610332
-179.83112032357474
-179.7496554330222
-179.66820293356398
-179.58676732510173
-179.5053530452659
-179.42396446653936
-179.34260589355893
-179.26128156059383
-179.1799956292001
-179.09875218604736
-179.01755524091652
-178.93640872486787
-178.8553164885783
-178.77428230084695
-178.69330984726582
-178.6124027290515
-178.53156446203468
-178.45079847580325
-178.37010811299103
-178.28949662870525
-178.208967190085
-178.1285228759806
-178.04816667674402
-177.9679014941222
-177.88773014124615
-177.80765534270915
-177.72767973472685
-177.64780586537188
-177.56803619487653
-177.48837309599696
-177.4088188544332
-177.32937566930025
-177.250045653646
-177.1708308350129
-177.0917331560396
-177.01275447509795
-176.9338965669598
-176.85516112348648
-176.77654975433495
-176.69806398767253
-176.61970527089272
-176.54147497132396
-176.46337437692557
-176.38540469696557
-176.30756706267687
-176.22986252788849
-176.1522920696276
-176.0748565886878
-175.99755691016037
-175.92039378392735
-175.84336788511644
-175.76647981452004
-175.68973009898252
-175.61311919175944
-175.53664747285313
-175.46031524932766
-175.3841227556046
-175.30807015374023
-175.2321575336863
-175.15638491353945
-175.08075223978233
-175.0052593875181
-174.9299061607013
-174.85469229236617
-174.77961744485413
-174.7046812100424
-174.62988310957473
-174.55522259509655
-174.48069904849524
-174.40631178214642
-174.33206003916678
-174.2579429936742
-174.18395975105216
-174.1101093482156
-174.03639075387343
-173.96280286878653
-173.88934452602086
-173.81601449119637
-173.74281146273222
-173.66973407208854
-173.59678088400472
-173.52395039673468
-173.45124104228205
-173.3786511866382
-173.30617913002595
-173.2338231071511
-173.16158128746255
-173.08945177542236
-173.01743261078727
-172.94552176890315
-172.8737171610138
-172.80201663458442
-172.73041797364053
-172.6589188991223
-172.58751706925577
-172.51621007993944
-172.44499546514507
-172.37387069733072
-172.30283318786505
-172.23188028746162
-172.16100928662112
-172.09021741608066
-172.01950184727056
-171.94885969277797
-171.87828800681822
-171.80778378571458
-171.7373439683905
-171.6669654368787
-171.5966450168531
-171.5263794781873
-171.4561655355436
-171.38599984899528
-171.31587902468445
-171.24579961551726
-171.17575812189838
-171.10575099250522
-171.03577462510324
-170.96582536740502
-170.89589951797333
-170.82599332716708
-170.75610299812783
-170.68622468780526
-170.61635450801904
-170.54648852655313
-170.47662276827882
-170.40675321630337
-170.33687581314106
-170.2669864619032
-170.1970810275064
-170.12715533789932
-170.0572051853081
-169.9872263275025
-169.91721448908456
-169.84716536280106
-169.77707461088116
-169.70693786640058
-169.63675073467343
-169.566508794673
-169.49620760048455
-169.42584268279265
-169.35540955040605
-169.28490369182154
-169.21432057682668
-169.1436556581426
-169.0729043731063
-169.00206214539148
-168.93112438676653
-168.8600864988874
-168.78894387512295
-168.71769190241147
-168.64632596314945
-168.5748414371154
-168.50323370343298
-168.43149814257717
-168.359630138426
-168.28762508035956
-168.2154783654067
-168.14318540044027
-168.07074160442025
-167.99814241068393
-167.92538326928124
-167.85245964935447
-167.7793670415618
-167.7061009605446
-167.6326569474348
-167.55903057240093
-167.48521743723046
-167.41121317794665
-167.33701346745448
-167.26261401821176
-167.18801058492096
-167.11319896723745
-167.03817501248892
-166.9629346183986
-166.88747373580514
-166.81178837137173
-166.73587459027732
-166.6597285188821
-166.58334634735849
-166.50672433227925
-166.42985879915574
-166.3527461449192
-166.27538284034046
-166.19776543238328
-166.11989054648558
-166.0417548887645
-165.9633552481401
-165.8846884983746
-165.80575160002473
-165.72654160230542
-165.64705564486468
-165.56729095946736
-165.4872448715874
-165.40691480191032
-165.32629826774956
-165.2453928843816
-165.16419636630263
-165.08270652840935
-165.00092128710736
-164.918838661351
-164.83645677361875
-164.75377385082726
-164.67078822518334
-164.58749833497205
-164.5039027252788
-164.4200000486415
-164.33578906562826
-164.25126864533632
-164.16643776580855
-164.08129551436383
-163.9958410878374
-163.91007379272656
-163.82399304523625
-163.7375983712198
-163.65088940600896
-163.56386589412642
-163.47652768887548
-163.38887475180314
-163.30090715203488
-163.2126250654806
-163.12402877391338
-163.0351186639237
-162.94589522575103
-162.85635905199507
-162.76651083620942
-162.67635137138114
-162.58588154829846
-162.49510235380995
-162.40401486897787
-162.31262026712812
-162.22091981179875
-162.12891485458775
-162.0366068329004
-161.94399726759573
-161.85108776053156
-161.75787999200546
-161.6643757180914
-161.57057676787124
-161.47648504056045
-161.3821025025275
-161.28743118420633
-161.1924731769
-161.09723062947185
-161.00170574492338
-160.90590077685673
-160.80981802582258
-160.71345983555514
-160.61682858909583
-160.51992670480902
-160.42275663229478
-160.32532084820267
-160.2276218519526
-160.12966216136945
-160.03144430824003
-159.93297083380097
-159.83424428416768
-159.73526720571365
-159.63604214041132
-159.5365716211468
-159.43685816702103
-159.33690427864965
-159.23671243347465
-159.13628508109971
-159.03562463866118
-158.93473348624505
-158.83361396236208
-158.73226835949143
-158.63069891970375
-158.52890783037404
-158.42689721999457
-158.32466915409694
-158.2222256312921
-158.11956857943622
-158.01669985192987
-157.91362122415788
-157.81033439007527
-157.70684095894492
-157.6031424522328
-157.4992403006643
-157.39513584144746
-157.29083031566827
-157.18632486586537
-157.08162053378877
-156.97671825834553
-156.87161887373603
-156.76632310778498
-156.66083158047107
-156.5551448026579
-156.44926317502905
-156.34318698722973
-156.23691641721803
-156.1304515308275
-156.02379228154223
-155.9169385104849
-155.8098899466181
-155.70264620715966
-155.5952067982098
-155.48757111558984
-155.3797384458901
-155.27170796772566
-155.16347875319798
-155.05504976955945
-154.94641988107765
-154.83758785109626
-154.72855234428903
-154.61931192910333
-154.5098650803884
-154.40021018220227
-154.2903455307894
-154.18026933772035
-154.06997973318266
-153.95947476941205
-153.84875242425187
-153.7378106048286
-153.62664715132996
-153.51525984087152
-153.40364639143763
-153.29180446588362
-153.17973167598757
-153.06742558654105
-152.95488371946772
-152.84210355796085
-152.7290825506309
-152.6158181156543
-152.50230764491585
-152.38854850813755
-152.27453805698838
-152.1602736291702
-152.04575255247505
-151.93097214880981
-151.81592973818488
-151.7006226426638
-151.58504819026962
-151.46920371884198
-151.35308657983887
-151.23669414207552
-151.12002379539217
-151.0030729542441
-150.8858390612072
-150.76831959039419
-150.6505120507761
-150.5324139894055
-150.41402299453645
-150.29533669863642
-150.17635278128725
-150.05706897197112
-149.93748305273877
-149.81759286075723
-149.6973962907343
-149.57689129721902
-149.4560758967783
-149.3349481700503
-149.21350626367538
-149.0917483921057
-148.96967283929573
-148.84727796027593
-148.72456218261183
-148.60152400775198
-148.4781620122669
-148.35447484897892
-148.23046124798176
-148.10612001754836
-147.9814500449265
-147.8564502970216
-147.731119820967
-147.60545774458225
-147.47946327672136
-147.35313570751234
-147.22647440848957
-147.0994788326186
-146.97214851421197
-146.84448306873466
-146.71648219249957
-146.5881456622544
-146.45947333466071
-146.33046514566442
-146.20112110975683
-146.0714413191266
-145.94142594270315
-145.81107522509237
-145.6803894854066
-145.54936911599165
-145.41801458105223
-145.28632641517842
-145.15430522177607
-145.0219516714047
-144.88926650002605
-144.7562505071649
-144.62290455398517
-144.48922956128496
-144.355226507415
-144.22089642612428
-144.08624040433693
-143.9512595798647
-143.81595513905773
-143.6803283143966
-143.54438038202835
-143.4081126592476
-143.27152650192437
-143.1346233018814
-142.99740448422307
-142.8598715046184
-142.72202584653945
-142.5838690184582
-142.4454025510044
-142.30662799408873
-142.16754691399427
-142.02816089044103
-141.88847151362842
-141.7484803812619
-141.6081890955681
-141.46759926030148
-141.32671247774618
-141.18553034571545
-141.04405445455126
-140.90228638412594
-140.76022770084654
-140.61787995466278
-140.4752446760803
-140.3323233731815
-140.18911752865648
-140.04562859684762
-139.90185800081196
-139.75780712940542
-139.6134773343934
-139.4688699275926
-139.32398617804967
-139.17882730926186
-139.03339449644685
-138.88768886386814
-138.7417114822231
-138.5954633661004
-138.44894547151378
-138.30215869351812
-138.15510386391227
-138.0077817490326
-137.8601930476398
-137.71233838890024
-137.56421833046196
-137.41583335662395
-137.26718387659767
-137.1182702228597
-136.96909264959564
-136.81965133123518
-136.6699463610777
-136.51997775000692
-136.3697454252928
-136.21924922948043
-136.0684889193664
-135.9174641650649
-135.766174549167
-135.6146195659957
-135.46279862095972
-135.31071103000787
-135.15835601918562
-135.00573272429634
-134.85284019066958
-134.69967737303787
-134.54624313552281
-134.39253625173026
-134.23855540495222
-134.08429918847244
-133.9297661059732
-133.77495457204148
-133.61986291277415
-133.46448936648065
-133.30883208448384
-133.15288913201928
-132.99665848923337
-132.84013805228074
-132.68332563452122
-132.52621896781557
-132.36881570392052
-132.21111341598498
-132.05310960015095
-131.8948016772622
-131.73618699468443
-131.5772628282407
-131.4180263842669
-131.2584748017906
-131.09860515483422
-130.93841445484247
-130.77789965323348
-130.6170576440735
-130.45588526687402
-130.29437930950814
-130.1325365112425
-129.9703535658805
-129.80782712501207
-129.64495380136475
-129.4817301722494
-129.31815278309318
-129.15421815105117
-128.98992276869012
-128.82526310773937
-128.66023562290513
-128.49483675574504
-128.3290629386007
-128.16291059858622
-127.9963761616293
-127.82945605656026
-127.6621467192433
-127.49444459674463
-127.32634615153039
-127.15784786568712
-126.98894624515775
-126.81963782398644
-126.64991916856353
-126.4797868818615
-126.30923760765266
-126.13826803469964
-125.96687490091095
-125.79505499745447
-125.62280517282167
-125.45012233683619
-125.27700346459923
-125.10344560036421
-124.92944586133316
-124.75500144136717
-124.58010961460374
-124.40476773897385
-124.22897325961102
-124.0527237121457
-123.87601672587786
-123.69885002682165
-123.52122144061579
-123.34312889529414
-123.16457042391093
-122.9855441670156
-122.80604837497239
-122.6260814101209
-122.44564174877458
-122.26472798305413
-122.0833388225537
-121.90147309583774
-121.71912975176765
-121.53630786065703
-121.35300661525521
-121.16922533155874
-120.98496344945086
-120.80022053316891
-120.61499627159988
-120.42929047840535
-120.24310309197774
-120.05643417523011
-119.8692839152222
-119.6816526226241
-119.49354073101932
-119.3049487960497
-119.11587749440417
-118.92632762265413
-118.73630009593745
-118.5457959464947
-118.3548163220608
-118.16336248411591
-117.97143580599874
-117.77903777088517
-117.58616996963457
-117.39283409850617
-117.19903195674857
-117.00476544406632
-116.81003655796752
-116.61484739099598
-116.41920012785174
-116.22309704240415
-116.02654049460163
-115.8295329272825
-115.63207686289131
-115.43417490010579
-115.2358297103796
-115.03704403440774
-114.83782067852216
-114.63816251102575
-114.43807245847283
-114.23755350190542
-114.036608673055
-113.83524105051826
-113.633453755915
-113.43124995003545
-113.22863282898439
-113.02560562032843
-112.82217157925268
-112.61833398473189
-112.41409613572071
-112.20946134736815
-112.00443294726077
-111.79901427169821
-111.59320866200383
-111.38701946087318
-111.18045000876364
-110.97350364032812
-110.76618368089547
-110.558493443
-110.35043622296271
-110.14201529752623
-109.93323392054573
-109.72409531973769
-109.51460269348856
-109.30475920772643
-109.09456799285739
-108.88403214076722
-108.67315470188954
-108.46193868234151
-108.2503870411282
-108.03850268741702
-107.82628847788239
-107.61374721412223
-107.40088164014902
-107.1876944399586
-106.97418823518002
-106.7603655828092
-106.54622897302909
-106.33178082711856
-106.11702349545124
-105.90195925558385
-105.68659031043398
-105.47091878654714
-105.25494673245305
-105.03867611711189
-104.82210882845038
-104.60524667198786
-104.38809136955285
-104.17064455809123
-103.95290778856815
-103.7348825249669
-103.51657014338662
-103.29797193124124
-103.07908908656155
-102.85992271740143
-102.64047384134868
-102.42074338514179
-102.20073218439369
-101.9804409834238
-101.75987043519852
-101.53902110137948
-101.31789345247817
-101.09648786811509
-100.87480463738085
-100.65284395929721
-100.4306059433744
-100.20809061026122
-99.98529789248491
-99.76222763527673
-99.53887959747962
-99.31525345253473
-99.09134878954498
-98.8671651144135
-98.6427018510544
-98.41795834267324
-98.19293385311514
-97.96762756827806
-97.74203859758856
-97.51616597553718
-97.2900086632703
-97.0635655502352
-96.83683545587458
-96.6098171313675
-96.38250926141411
-96.15491046606162
-95.92701930256949
-95.69883426731185
-95.47035379771599
-95.24157627423592
-95.01250002236073
-94.78312331465641
-94.55344437284016
-94.3234613698864
-94.0931724321626
-93.86257564159241
-93.63166903784457
-93.40045062054554
-93.16891835151449
-92.93707015701915
-92.7049039300511
-92.47241753261864
-92.23960879805458
-92.00647553333584
-91.7730155214121
-91.53922652354089
-91.30510628162602
-91.07065252055571
-90.83586295053743
-90.60073526942647
-90.3652671650439
-90.12945631748077
-89.89330040138456
-89.65679708822499
-89.41994404853521
-89.18273895412555
-88.94517948026764
-88.70726330784719
-88.46898812548334
-88.23035163161278
-87.99135153653826
-87.75198556444177
-87.512251455363
-87.27214696714341
-87.03166987733633
-86.7908179850821
-86.5495891129465
-86.30798110872084
-86.06599184718348
-85.82361923182285
-85.58086119652037
-85.33771570719276
-85.09418076339253
-84.85025439986467
-84.60593468805635
-84.3612197375767
-84.11610769760377
-83.87059675823583
-83.62468515178524
-83.37837115401227
-83.13165308529643
-82.88452931174221
-82.6369982462161
-82.38905834931337
-82.140708130254
-81.89194614770771
-81.64277101054849
-81.39318137853947
-81.1431759629477
-80.89275352708682
-80.64191288678671
-80.3906529107893
-80.13897252107085
-79.88687069309083
-79.63434645596817
-79.38139889258446
-79.12802713961344
-78.87423038747761
-78.62000788023317
-78.36535891538529
-78.11028284363567
-77.85477906856477
-77.59884704625152
-77.34248628483293
-77.08569634400531
-76.82847683446936
-76.57082741732039
-76.31274780338593
-76.05423775251266
-75.79529707280516
-75.53592561981837
-75.27612329570626
-75.01589004832907
-74.75522587032161
-74.49413079812466
-74.23260491098122
-73.97064832990023
-73.70826121659027
-73.4454437723654
-73.1821962370249
-72.91851888770927
-72.65441203773409
-72.38987603540372
-72.12491126280665
-71.85951813459437
-71.5936970967451
-71.32744862531379
-71.0607732251697
-70.7936714287231
-70.52614379464275
-70.25819090656582
-69.98981337180295
-69.7210118200406
-69.45178690204291
-69.18213928835526
-68.91206966801106
-68.64157874724363
-68.37066724820552
-68.09933590769778
-67.8275854759121
-67.55541671518905
-67.28283039879523
-67.00982730972248
-66.73640823951223
-66.46257398710782
-66.18832535773817
-65.91366316183456
-65.63858821398156
-65.36310133190256
-65.08720333548064
-64.81089504581496
-64.53417728431333
-64.25705087182149
-63.97951662778882
-63.701575369469246
-63.42322791115634
-63.14447506345242
-62.86531763257095
-62.58575641967188
-62.30579222022918
-62.02542582342981
-61.74465801160356
-61.46348955968316
-61.18192123469485
-60.899953795279465
-60.61758799124474
-60.33482456314929
-60.051664241918765
-59.76810774849466
-59.48415579351601
-59.19980907703413
-58.915068288260755
-58.62993410534975
-58.344407195211915
-58.0584882133622
-57.772177803798876
-57.48547659891445
-57.198385219438045
-56.9109042744092
-56.62303436118335
-56.334776065469
-56.04612996139663
-55.75709661161939
-55.46767656744551
-55.17787036900195
-54.88767854542904
-54.59710161510572
-54.30614008590516
-54.01479445547978
-53.72306521157436
-53.43095283236568
-53.13845778682737
-52.84558053511847
-52.55232152899413
-52.25868121223641
-51.964660021103896
-51.67025838479822
-51.375476725945475
-51.08031546109071
-50.78477500120385
-50.4888557521952
-50.19255811543882
-49.89588248830227
-49.59882926468173
-49.30139883554135
-49.00359158945558
-48.705407913152825
-48.406848192058234
-48.107912810833895
-47.808602153914066
-47.50891660603353
-47.208856552747285
-46.90842238093982
-46.6076144793224
-46.30643323891716
-46.004879053527056
-45.702952320191315
-45.400653439626154
-45.09798281665027
-44.794940860595005
-44.49152798569909
-44.18774461148822
-43.88359116313929
-43.57906807182936
-43.27417577506949
-42.96891471702397
-42.66328534881571
-42.35728812881838
-42.050923522936344
-41.744192004873256
-41.437094056389824
-41.1296301675509
-40.821800836961884
-40.51360657199462
-40.20504788900303
-39.89612531352896
-39.58683938049882
-39.27719063441186
-38.967179629520736
-38.65680693000547
-38.34607311014139
-38.03497875446152
-37.72352445791387
-37.41171082601397
-37.09953847499321
-36.78700803194331
-36.47412013495724
-36.16087543326679
-35.84727458737722
-35.533318269199405
-35.21900716218004
-34.904341961430546
-34.589323373855066
-34.2739521182785
-33.95822892557548
-33.642154538801194
-33.32572971332506
-33.00895521696811
-32.69183183014474
-32.37436034600996
-32.056541570612985
-31.738376323057686
-31.41986543567035
-31.101009754175212
-30.781810137878015
-30.462267459858026
-30.142382607168827
-29.822156481048182
-29.501589997137298
-29.180684085709824
-28.859439691911003
-28.53785777600759
-28.215939313649066
-27.89368529614071
-27.571096730728858
-27.248174640898714
-26.924920066684923
-26.601334064995015
-26.277417709945937
-25.95317209321381
-25.628598324397057
-25.30369753139298
-24.978470860788075
-24.65291947826237
-24.327044569008088
-24.000847338162977
-23.674329011258752
-23.34749083468498
-23.020334076168556
-22.69286002526897
-22.365069993889307
-22.036965316802764
-21.708547352194582
-21.37981748221912
-21.050777113571822
-20.721427678075678
-20.39177063328156
-20.06180746308157
-19.731539678334645
-19.400968817503657
-19.07009644730336
-18.738924163358305
-18.407453590869792
-18.07568638529078
-17.743624233007623
-17.411268852027288
-17.07862199266871
-16.745685438257066
-16.412461005819573
-16.078950546781364
-15.745155947659859
-15.411079130755969
-15.076722054840506
-14.742086715834349
-14.407175147480984
-14.071989422009892
-13.736531650789159
-13.400803984965645
-13.064808616090982
-12.728547776731682
-12.392023741061616
-12.05523882543502
-11.718195388938247
-11.380895833918506
-11.04334260648783
-10.705538197000495
-10.367485140502056
-10.029186017148106
-9.690643452590974
-9.351860118332707
-9.01283873204282
-8.673582057839221
-8.334092906530772
-7.994374135819868
-7.6544286504635
-7.314259402391397
-6.973869390779829
-6.633261662079806
-6.292439309998479
-5.951405475432587
-5.610163346352905
-5.268716157638704
-4.927067190861326
-4.585219774016028
-4.243177281201327
-3.900943132245157
-3.5585207922772026
-3.2159137712468655
-2.873125623386393
-2.5301599466188263
-2.187020381910487
-1.8437106125678009
-1.5002343634783335
-1.1565954002960266
-0.8127975285706966
-0.4688445928219603
-0.12474047555784275
0.2195109037615758
0.5639055898150408
0.9084395925650021
1.2531088884558694
1.5979094216649325
1.9428371054051397
2.2878878232788344
2.6330574306814563
2.9783417562541192
3.3237366033839164
3.669237751750711
4.014840958919075
4.360541961973939
4.706336479198399
5.052220211792067
5.398188845628307
5.7442380530486155
6.090363494692374
6.436560821360074
6.782825675908001
7.129153695172378
7.475540511920843
7.821981756829022
8.168473060479974
8.515010055384165
8.861588378017593
9.208203670875754
9.554851584541142
9.901527779762002
10.248227929539976
10.594947721224257
10.941682858609894
11.288429064037828
11.63518208049405
11.981937673705165
12.3286916342275
12.67543977952686
13.022177956046141
13.368902041257961
13.715607945699483
14.062291614986643
14.408949031805005
14.755576217874518
15.102169235885325
15.44872419140178
15.795237234731871
16.141704562759273
16.48812242073524
16.83448710402776
17.180794959825466
17.52704238879381
17.87322584668116
18.219341845872428
18.56538695688796
18.911357809825386
19.2572510957423
19.603063567977756
19.94879204341069
20.294433403653528
20.639984596179147
20.98544263537949
21.330804603553933
21.676067651825807
22.021229000985564
22.366285942259204
22.71123583800074
23.056076122307513
23.400804301557212
23.74541795486554
24.089914734463648
24.434292365994693
24.778548648729227
25.122681455699066
25.466688733749624
25.810568503510655
26.15431885928557
26.49793796885927
26.841424073224623
27.184775486227714
27.527990594132113
27.87106785510289
28.214005798611336
28.55680302476139
28.899458203538785
29.241970073983822
29.584337443288888
29.926559185821734
30.268634242075738
30.610561617548488
30.95234038155002
31.293969665942036
31.635448663809463
31.97677662806607
32.317952869995715
32.65897675773082
32.9998477146696
33.34056521783394
33.6811287961698
34.02153802879248
34.36179254317888
34.70189201330909
35.04183615775996
35.38162473775355
35.721257555163156
36.06073445047959
36.40005530074105
36.73922001742951
37.0782285443366
37.417080855401935
37.75577695252713
38.0943168633689
38.432700639114586
38.77092835224366
39.10900009427857
39.446915973528036
39.784676112825686
40.12228064726717
40.4597297219489
40.797023489711684
41.134162108892134
41.47114574108489
41.8079745489188
42.14464869384998
42.48116833397442
42.81753362186264
43.15374470241868
43.48980171076589
43.82570477016115
44.16145398993994
44.49704946349435
44.832491266286006
45.1677794538956
45.50291406011069
45.83789509505413
46.17272254335489
46.50739636236357
46.84191648041496
47.17628279513957
47.51049517182639
47.844553441838
48.17845740107907
48.5122068085189
48.8458013847677
49.179240810706574
49.512524726170575
49.84565272868401
50.178624372247675
50.51143916617787
50.844096573997156
51.1765960123766
51.508936850129665
51.841118407258314
52.17313995405222
52.50500071024176
52.83669984420574
53.16823647223488
53.49960965785188
53.83081841118856
54.16186168842104
54.492738391263536
54.82344736652217
55.15398740570955
55.484357244720364
55.814555563567545
56.14458098617896
56.47443208025427
56.804107357181316
57.133605272011636
57.46292422349481
57.79206255417151
58.12101855052467
58.44979044318811
58.77837640721131
59.10677456237917
59.43498297358556
59.762999651259726
60.09082255184436
60.41844957832368
60.74587858080023
61.07310735711881
61.400133653535796
61.726955165432265
62.0535695380697
62.379974367387135
62.70616720083807
63.03214553826602
63.35790683281782
63.6834484918936
64.00876787813301
64.33386231043663
64.65872906502118
64.9833653765072
65.30776843903776
65.63193540742706
65.955863398338
66.27954949148761
66.60299073087981
66.92618412606407
67.24912665341856
67.57181525745557
67.89424685214743
68.21641832227118
68.53832652477087
68.85996829013601
69.18134042379444
69.5024397075178
69.82326290083807
70.14380674247315
70.46406795175915
70.78404323008772
71.10372926234731
71.42312271836808
71.74222025437008
72.06101851441453
72.37951413185796
72.69770373080975
73.01558392759257
73.3331513322051
73.6504025497862
73.96733418207982
74.28394282890152
74.60022508960692
74.91617756456328
75.23179685662394
75.54707957260582
75.86202232476985
76.17662173230299
76.49087442280047
76.80477703374626
77.11832621398909
77.43151862521196
77.74435094339262
78.05681986025317
78.36892208469655
78.68065434422792
78.99201338635973
79.3029959799986
79.61359891681147
79.92381901256894
80.23365310846506
80.54309807241302
80.85215080031614
81.16080821731302
81.46906727899622
81.77692497260429
82.08437831818672
82.3914243697411
82.69806021632142
83.00428298311611
83.31008983249465
83.61547796502303
83.92044462044849
84.2249870786536
84.52910266057948
84.83278872911806
85.1360426899739
85.4388619924972
85.74124413048888
86.04318664297874
86.34468711497776
86.64574317820585
86.94635251179533
87.2465128429702
87.54622194770036
87.84547765132936
88.14427782917528
88.44262040710476
88.74050336208063
89.0379247226831
89.33488256960459
89.63137503611847
89.92740030852269
90.22295662655893
90.51804228380888
90.8126556280697
91.1067950617105
91.40045904201088
91.6936460814818
91.98635474816706
92.27858366592352
92.57033151467886
92.86159703066507
93.15237900662613
93.4426762919983
93.73248779306245
94.02181247306795
94.31064935232668
94.59899750827607
94.88685607551123
95.17422424578605
95.46110126798307
95.74748644805153
96.03337914891235
96.31877879032812
96.6036848487362
96.88809685704213
97.17201440437215
97.45543713578367
97.73836475193333
98.02079700870196
98.30273371677654
98.58417474119065
98.86512000082556
99.14556946787425
99.42552316726986
99.70498117607943
99.98394362286425
100.26241068700804
100.54038259801487
100.81785963477753
101.09484212481735
101.3713304434954
101.64732501319466
101.92282630247294
102.19783482518633
102.47235113958291
102.74637584736709
103.01990959273601
103.2929530613898
103.56550697951744
103.83757211275979
104.10914926515095
104.38023927803947
104.65084302899099
104.92096143067526
105.1905954297403
105.45974600567563
105.728414169667
105.99660096344546
106.26430745813268
106.5315347530847
106.79828397473561
107.06455627544146
107.33035283232464
107.59567484611857
107.8605235400128
108.12490015849873
108.38880596621748
108.65224224681121
108.915210301778
109.17771144933106
109.43974702326244
109.70131837181162
109.96242685653948
110.22307385120797
110.48326074066523
110.74298891973518
111.00225979210956
111.2610747692409
111.51943526923566
111.7773427157469
112.03479853686662
112.29180416401704
112.54836103084091
112.80447057209068
113.0601342225172
113.31535341575824
113.57012958322656
113.82446415299802
114.0783585486999
114.33181418840087
114.58483248350291
114.83741483763623
115.08956264555917
115.34127729206405
115.59256015089052
115.84341258364846
116.09383593875255
116.34383155037195
116.59340073739766
116.84254480242892
117.09126503077819
117.33956268949483
117.58743902640624
117.834895269175
118.08193262437187
118.32855227656576
118.57475538743093
118.8205430948728
119.06591651217384
119.31087672716008
119.55542480138918
119.79956176936123
120.04328863775307
120.286606384677
120.5295159589643
120.77201827947336
121.01411423442251
121.25580468074654
121.49709044347637
121.73797231514126
121.97845105519363
122.21852738945674
122.45820200959585
122.69747557261391
122.93634870037246
123.17482197913827
123.41289595915461
123.65057115423585
123.8878480413841
124.12472706042692
124.3612086136745
124.59729306559493
124.83298074250567
125.06827193227988
125.30316688406569
125.53766580801661
125.77176887503148
126.00547621650205
126.23878792406671
126.47170404936784
126.70422460380982
126.9363495583145
127.16807884307204
127.39941234728539
127.63034991890797
127.86089136437361
128.09103644831984
128.32078489330453
128.5501363795182
128.77909054449432
129.0076469828194
129.2358052458446
129.4635648414014
129.69092523352455
129.91788584218634
130.14444604304524
130.37060516721075
130.5963625010248
130.82171728585942
131.04666871793117
131.2712159481316
131.49535808187466
131.71909417896154
131.94242325346363
132.16534427362285
132.38785616176892
132.60995779425275
132.83164800139366
133.05292556743802
133.27378923052652
133.49423768266797
133.7142695697189
133.93388349136876
134.15307800112987
134.37185160633157
134.59020276811862
134.80812990145444
135.02563137513118
135.24270551178859
135.4593505879435
135.67556483403212
135.89134643446562
136.1066935277005
136.32160420632465
136.53607651716163
136.7501084613956
136.96369799471984
137.17684302751275
137.3895414250468
137.60179100773655
137.81358955143162
138.02493478776034
138.2358244045305
138.4462560461924
138.65622731437008
138.86573576846547
139.07477892634017
139.28335426507772
139.49145922182845
139.69909119473834
139.90624754396265
140.11292559276387
140.31912262869298
140.52483590485178
140.73006264123444
140.93480002614626
141.13904521769916
141.3427953453812
141.546047511697
141.74879879387527
141.95104624563965
142.1527868990379
142.3540177663242
142.55473584189076
142.75493810424564
142.9546215180344
143.15378303610328
143.3524196016008
143.55052815011572
143.74810561185177
143.94514891384006
144.14165498219222
144.33762074439505
144.53304313164722
144.7279190812394
144.9222455389786
145.11601946165638
145.30923781956133
145.50189759903427
145.69399580506504
145.88552946392977
146.0764956258661
146.26689136778398
146.45671379600938
146.6459600490564
146.83462730042382
147.0227127614112
147.2102136839483
147.39712736343066
147.58345114155557
147.7691824091519
147.95431860899683
148.13885723861247
148.32279585303607
148.50613206755682
148.68886356041324
148.8709880754441
149.05250342468483
149.23340749089905
149.4136982300354
149.59337367359936
149.7724319309299
149.95087119137125
150.12868972633
150.30588589120967
150.48245812721362
150.65840496300953
150.83372501625072
151.00841699495177
151.1824796987161
151.3559120198153
151.52871294412049
151.70088155188606
151.87241701838653
152.0433186144093
152.21358570660632
152.38321775770888
152.5522143266093
152.72057506831462
152.88829973377656
153.0553881696043
153.2218403176668
153.38765621459166
153.55283599116765
153.71737987165503
153.88128817300972
154.04456130402733
154.20719976441242
154.36920414377883
154.53057512058572
154.69131346101304
154.8514200177789
155.01089572890206
155.1697416164117
155.32795878500716
155.4855484206693
155.6425117892267
155.79885023487773
155.9545651786706
156.1096581169451
156.26413061973827
156.41798432915462
156.57122095770083
156.72384228658316
156.87585016396625
157.0272465031907
157.1780332809473
157.32821253540638
157.47778636430135
157.62675692296457
157.77512642231378
157.92289712678476
158.0700713522066
158.21665146361502
158.3626398730004
158.50803903698866
158.65285145445264
158.7970796640515
158.9407262416943
159.08379379792555
159.22628497522956
159.36820244525202
159.50954890593576
159.65032707856872
159.79053970474425
159.93018954323375
160.06927936677485
160.20781195878013
160.34579010997155
160.48321661494597
160.62009426867886
160.75642586297354
160.8922141828647
161.0274620029833
161.16217208389017
161.29634716838487
161.4299899777965
161.56310320826393
161.69568952701266
161.8277515686349
161.95929193137832
162.09031317344957
162.22081780933755
162.3508083061619
162.4802870800535
162.60925649257402
162.73771884718295
162.86567638576176
162.99313128520376
163.12008565407874
163.24654152937993
163.37250087336147
163.4979655704732
163.62293742439934
163.74741815520875
163.87140939662473
163.99491269342062
164.11792949895076
164.24046117282674
164.36250897874962
164.4840740825065
164.60515755013844
164.72576034628597
164.84588333271986
164.9655272670631
165.0846928017083
165.20338048293564
165.3215907502351
165.43932393583685
165.55658026445025
165.67335985320886
165.78966271182134
165.90548874292625
166.020837742649
166.1357094013569
166.2501033046073
166.36401893428268
166.47745566990778
166.5904127901435
166.70288947445073
166.8148848049163
166.92639776823188
167.0374272578187
167.14797207608984
167.25803093684198
167.36760246776834
167.47668521308532
167.5852776362662
167.69337812287534
167.8009849834968
167.90809645675012
168.01471071238615
168.12082585445677
168.22643992455272
168.33155090510235
168.43615672272512
168.54025525163428
168.64384431708135
168.74692169883627
168.8494851346988
168.95153232403703
169.0530609313493
169.15406858984483
169.25455290503777
169.35451145834935
169.45394181071214
169.55284150617143
169.65120807547913
169.74903903967737
169.84633191366964
169.94308420977808
170.0392934412859
170.13495712596335
170.23007278957442
170.32463796936048
170.4186502174952
170.5121071045059
170.6050062226547
170.6973451892738
170.78912165004857
170.88033328224532
170.9709777978798
171.06105294682305
171.15055651983988
171.23948635155642
171.32784032335024
171.4156163661591
171.50281246320463
171.58942665262606
171.675457030019
171.76090175087387
171.84575903290914
171.93002715829715
172.01370447577887
172.0967894026657
172.17928042672764
172.2611761079665
172.3424750802739
172.4231760529746
172.5032778122549
172.58277922247652
172.66167922737503
172.73997685114358
172.81767119940326
172.89476146006217
172.9712469040657
173.04712688604212
173.12240084484523
173.19706830399758
173.27112887203788
173.34458224277859
173.4174281954783
173.48966659493152
173.5612973914785
173.63232062093738
173.70273640446197
173.7725449483275
173.8417465436475
173.91034156602353
173.97833047512808
174.0457138142205
174.11249220959684
174.17866636997672
174.2442370858284
174.3092052286317
174.37357175008077
174.43733768122632
174.5005041315573
174.56307228802183
174.62504341398625
174.6864188481324
174.74720000329393
174.80738836523204
174.86698549135298
174.92599300936757
174.98441261589272
175.04224607499503
175.09949521667812
175.15616193531326
175.21224818801392
175.2677559929552
175.32268742763762
175.37704462709615
175.43082978205615
175.48404513703844
175.53669298841527
175.5887756824199
175.64029561311276
175.69125522030407
175.7416569874344
175.79150343941404
175.84079714042258
175.88954069166851
175.93773672911033
175.9853879211402
176.03249696623257
176.07906659055985
176.12509954557632
176.17059860557075
176.2155665651866
176.26000623691007
176.30392044852866
176.3473120405653
176.39018386369085
176.4325387761177
176.47437964097676
176.51570932367954
176.55653068926668
176.5968465997452
176.6366599114148
176.67597347218376
176.7147901188754
176.7531126745279
176.79094394568952
176.82828671971302
176.86514376204983
176.90151781354407
176.93741158772528
176.97282776809985
177.00776900544216
177.0422379150863
177.07623707422013
177.10976901918312
177.1428362427679
177.1754411915248
177.20758626306943
177.2392738033947
177.27050610418942
177.3012854001669
177.33161386640714
177.36149361571566
177.3909266960035
177.41991508769289
177.44846070115537
177.47656537419007
177.50423086954984
177.53145887252222
177.55825098857431
177.584608741072
177.61053356908238
177.6360268252685
177.66108977388436
177.68572358887528
177.70992935208724
177.73370805158734
177.75706058009578
177.77998773353025
177.80249020966394
177.82456860689663
177.84622342313529
177.86745505478044
177.88826379581647
177.90864983700422
177.92861326517473
177.94815406262356
177.96727210660507
177.98596716892612
178.00423891563847
178.0220869068302
178.03951059651754
178.05650933263715
178.07308235714086
178.0892288061954
178.10494771048835
178.1202379956425
178.13509848274035
178.1495278889619
178.16352482833864
178.17708781262687
178.19021525230224
178.20290545767799
178.21515664014888
178.22696691356478
178.23833429573725
178.24925671008137
178.25973198739385
178.2697578677677
178.27933200264252
178.28845195698855
178.2971152116235
178.3053191656601
178.31306113908445
178.32033837546274
178.32714804477624
178.3334872463826
178.3393530121024
178.34474230943002
178.34965204486699
178.35407906737683
178.3580201719598
178.3614721033472
178.36443155981343
178.36689519710026
178.36885963244836
178.3703214487288
178.3712771986683
178.37172340916086
178.3716565856586
178.37107321663544
178.36996977811432
178.36834273824948
178.36618856195392
178.36350371556242
178.3602846715177
178.35652791306703
178.35222993895778
178.3473872681217
178.34199644433866
178.33605404086953
178.32955666504895
178.3225009628283
178.3148836232596
178.3067013829117
178.29795103020834
178.28862940967875
178.2787334261117
178.26826004860337
178.25720631449113
178.24556933316458
178.23334628974717
178.22053444864392
178.2071311569497
178.19313384771309
178.17854004304868
178.16334735709384
178.14755349880707
178.13115627460857
178.11415359086266
178.09654345620413
178.07832398370977
178.05949339291658
178.04005001169037
178.0199922779467
177.9993187412275
177.97802806413654
177.9561190236367
177.93359051221353
177.9104415389096
177.8866712302348
177.86227883095842
177.8372637047886
177.8116253349475
177.7853633246467
177.75847739746735
177.73096739765208
177.70283329031497
177.67407516157607
177.64469321862805
177.6146877897396
177.5840593241984
177.5528083921953
177.52093568465227
177.48844201299642
177.45532830888294
177.42159562386803
177.3872451290291
177.3522781145292
177.31669598912288
177.28050027960046
177.24369263016717
177.20627480175256
177.16824867124535
177.1296162306486
177.09037958615102
177.05054095711228
177.01010267496065
176.96906718200387
176.92743703015287
176.88521487955893
176.84240349716663
176.7990057551857
176.75502462948623
176.71046319792129
176.6653246385821
176.61961222798948
176.57332933922532
176.52647944000853
176.4790660907198
176.4310929423799
176.38256373458455
176.3334822933997
176.28385252922055
176.23367843459744
176.18296408203094
176.1317136217384
176.07993127939437
176.02762135384648
175.9747882148098
175.9214363005416
175.86757011549878
175.8131942279823
175.75831326777381
175.70293192376937
175.64705494161456
175.590687121345
175.53383331503676
175.4764984244706
175.41868739881272
175.3604052323118
175.30165696201345
175.24244766549202
175.18278245859972
175.12266649323567
175.06210495513608
175.00110306168824
174.9396660597705
174.87779922361926
174.81550785272373
174.75279726974952
174.68967281849234
174.62613986186204
174.5622037798986
174.49786996782075
174.43314383410473
174.36803079858885
174.3025362906011
174.23666574710694
174.1704246108767
174.10381832867063
174.03685234944044
173.96953212254505
173.9018630959796
173.83385071461691
173.76550041846224
173.69681764092195
173.62780780708806
173.55847633204155
173.48882861917662
173.4188700585463
173.3486060252297
173.2780418777198
173.2071829563309
173.13603458162387
173.06460205284574
172.99289064638228
172.9209056142209
172.8486521824237
172.77613554961098
172.70336088545682
172.6303333291988
172.55705798816356
172.4835399363079
172.40978421277472
172.33579582046318
172.26157972461291
172.18714085140445
172.11248408657738
172.03761427406707
171.96253621466084
171.88725466467517
171.81177433465663
171.73609988811003
171.6602359402569
171.58418705682865
171.50795775289825
171.43155249175433
171.35497568382047
171.27823168562335
171.20132479881303
171.12425926923888
171.0470392860835
170.96966898105788
170.89215242765871
170.81449364048976
170.73669657465084
170.6587651251992
170.58070312668914
170.50251435279515
170.4242025160232
170.34577126751205
170.26722419692496
170.18856483243061
170.10979664076953
170.03092302740205
169.95194733673324
169.87287285240959
169.79370279768077
169.71444033581983
169.63508857059477
169.555650546784
169.47612925072949
169.3965276109212
169.3168484986073
169.23709472842765
169.1572690590668
169.07737419392296
168.9974127817887
168.91738741753906
168.83730064282267
168.75715494675123
168.6769527665816
168.59669648838516
168.51638844769863
168.43603093014949
168.35562617205127
168.2751763609643
168.19468363621817
168.11415008939352
168.0335777647591
167.95296865965983
167.87232472485275
167.7916478647895
167.71093993784515
167.63020275649237
167.5494380874214
167.46864765160748
167.3878331243287
167.30699613513852
167.22613826779647
167.14526106016055
167.06436600404695
166.98345454506224
166.90252808241266
166.82158796869393
166.74063550966557
166.65967196401525
166.57869854311988
166.49771641080983
166.41672668314422
166.33573042820498
166.25472866591744
166.17372236790547
166.09271245738964
166.01169980913605
165.9306852494611
165.8496695562968
165.76865345931841
165.68763764013588
165.60662273254965
165.52560932287435
165.44459795033237
165.36358910751875
165.28258324093628
165.20158075159753
165.12058199569066
165.03958728530375
164.9585968892025
164.87761103365648
164.79662990330922
164.7156536420885
164.6346823541524
164.55371610486628
164.4727549218049
164.3917987957737
164.31084768184274
164.2299015003867
164.14896013812387
164.06802344914882
163.9870912559532
163.90616335043075
163.82523949486205
163.7443194228743
163.66340284037284
163.58248942644246
163.50157883421645
163.42067069171395
163.33976460264608
163.2588601471901
163.17795688273196
163.09705434457993
163.0161520466507
162.93524948213036
162.85434612411387
162.77344142622684
162.69253482323376
162.61162573163716
162.5307135502713
162.4497976608955
162.36887742879395
162.28795220338753
162.2070213188652
162.1260840948401
162.0451398370363
161.9641878380117
161.88322737792151
161.802257725326
161.72127813804815
161.64028786408568
161.5592861425808
161.4782722048481
161.39724527546156
161.31620457340006
161.2351493132506
161.15407870646487
161.0729919626645
160.99188829098836
160.91076690147548
160.8296270064755
160.74846782207993
160.66728856956826
160.58608847686247
160.50486677998452
160.4236227245113
160.34235556701907
160.2610645765106
160.17974903581813
160.09840824297572
160.01704151255245
159.9356481769392
159.8542275875812
159.7727791161488
159.69130215564024
159.6097961214105
159.5282604521231
159.4466946106234
159.3650980847322
159.28347038795852
159.20181106013052
159.12011966794495
159.03839580543473
158.95663909435626
158.87484918449883
158.79302575391995
158.71116850911113
158.62927718509928
158.54735154548968
158.46539138245618
158.38339651668394
158.30136679727053
158.21930210159172
158.1372023351385
158.0550674313327
157.97289735132728
157.89069208379698
157.80845164472413
157.726176077184
157.6438654511308
157.56151986318494
157.47913943641996
157.39672432014893
157.31427468970926
157.23179074624503
157.14927271648597
157.06672085252083
156.98413543156406
156.90151675571408
156.8188651517012
156.73618097062152
156.6534645876532
156.57071640174993
156.4879368353061
156.4051263337872
156.32228536531923
156.23941442023036
156.15651401053722
156.07358466937015
155.99062695033288
155.9076414267934
155.8246286911017
155.7415893537316
155.65852404234263
155.57543340076293
155.49231808789253
155.40917877652763
155.3260161521071
155.24283091138253
155.15962376101496
155.07639541610118
154.99314659863356
154.90987803589704
154.8265904588084
154.74328460020345
154.65996119307877
154.57662096879588
154.49326465525726
154.40989297506238
154.32650664365045
154.2431063674367
154.15969284194878
154.07626674997007
153.99282875969655
153.90937952291418
153.82591967320266
153.74244982417102
153.6589705677293
153.57548247240223
153.49198608169016
153.4084819124835
153.32497045353696
153.24145216401124
153.15792747208914
153.0743967736726
152.99086043116588
152.90731877235183
152.82377208936558
152.74022063776923
152.65666463572987
152.57310426330426
152.48953966183356
152.40597093345175
152.32239814071139
152.238821306328
152.15524041304232
152.0716554035985
151.98806618083498
151.90447260788486
151.8208745084817
151.73727166736833
151.65366383080507
151.57005070717335
151.48643196766992
151.40280724708603
151.31917614466627
151.23553822504257
151.15189301923832
151.06824002573674
150.98457871160784
150.90090851368817
150.81722883980777
150.7335390700571
150.64983855808694
150.56612663243462
150.4824025978692
150.39866573674865
150.31491531038344
150.2311505604023
150.14737071011703
150.0635749658832
149.97976251845537
149.89593254433478
149.8120842071069
149.72821665876793
149.6443290410398
149.56042048667325
149.4764901207401
149.3925370619146
149.30856042374273
149.22455931589855
149.14053284542672
149.05648011797132
148.97240023899064
148.8882923149598
148.8041554545622
148.71998876987107
148.63579137752447
148.5515623998948
148.46730096625458
148.38300621393898
148.29867728950637
148.21431334989768
148.12991356359714
148.04547711179646
147.96100318956462
147.87649100702663
147.79193979055583
147.70734878398582
147.62271724984805
147.53804447064078
147.4533297501331
147.36857241470705
147.2837718147398
147.19892732602648
147.11403835124452
147.02910432145904
146.94412469766735
146.85909897237934
146.77402667123056
146.68890735462242
146.603740619385
146.51852610045466
146.4332634725581
146.34795245189548
146.2625927978131
146.17718431445564
146.09172685238673
146.00622031016746
145.9206646358814
145.83505982859492
145.74940593974202
145.66370307442185
145.57795139259883
145.49215111019657
145.40630250007735
145.3204058929
145.23446167784914
145.1484703032304
145.0624322769263
144.97634816670916
144.89021860040953
144.80404426594077
144.7178259111804
144.63156434371012
144.54526043041665
144.45891509695593
144.3725293270843
144.2861041618603
144.199640698723
144.11314009045395
144.0266035440311
143.94003231938223
143.8534277280478
143.76679113176215
143.68012394096218
143.5934276132316
143.5067036516882
143.41995360332203
143.33317905729223
143.24638164319003
143.15956302927634
143.0727249207041
142.9858690577346
142.8989972139566
142.81211119451643
142.72521283436583
142.6383039965334
142.55138657042482
142.46446247015422
142.37753363290778
142.2906020173392
142.2036696019967
142.11673838378044
142.02981037642814
141.94288760902452
141.8559721245307
141.76906597832988
141.68217123678653
141.59528997581776
141.50842427947475
141.42157623853188
141.33474794908113
141.24794151112917
141.16115902719378
141.07440260089754
140.98767433555793
140.90097633277094
140.81431069098574
140.7276795040685
140.6410848598542
140.5545288386846
140.4680135119323
140.38154094050978
140.29511317336423
140.2087322459591
140.12240017874373
140.03611897561254
139.9498906223558
139.86371708510282
139.77760030875842
139.6915422154344
139.60554470287852
139.51960964290478
139.43373887982793
139.34793422890547
139.2621974747909
139.1765303700025
139.09093463341227
139.00541194876027
138.91996396320096
138.83459228588762
138.74929848659835
138.6640840944079
138.57895059641018
138.49389943649507
138.4089320141836
138.32404968352282
138.23925375204269
138.15454547977626
138.0699260783451
137.9853967101105
137.90095848738994
137.81661247173835
137.73235967329262
137.64820105017768
137.56413750797353
137.48016989924415
137.39629902312888
137.312525624995
137.22885039615036
137.14527397361437
137.06179693994588
136.9784198231268
136.89514309650073
136.81196717876443
136.7288924340098
136.64591917181176
136.56304764735953
136.48027806162756
136.39761056158292
136.3150452404245
136.23258213784968
136.1502212403452
136.06796248149882
135.98580574232912
135.90375085163006
135.82179758632807
135.73994567184965
135.65819478249816
135.57654454183782
135.4949945230837
135.41354424949643
135.3321931947814
135.25094078349295
135.16978639144347
135.0887293461178
135.00776892709357
134.92690436646987
134.8461348493067
134.76545951407908
134.68487745314926
134.6043877132599
134.52398929605008
134.44368115859467
134.36346221396772
134.28333133182784
134.20328733902508
134.1233290202292
134.04345511857966
133.9636643363567
133.8839553356739
133.80432673919367
133.7247771308656
133.6453050566898
133.56590902550747
133.48658750982108
133.40733894664695
133.32816173840214
133.24905425382835
133.17001482895475
133.0910417681026
133.01213334493363
132.93328780354554
132.8545033596175
132.7757782016075
132.6971104920036
132.6184983686313
132.53993994602078
132.46143331683888
132.38297655338906
132.3045677091819
132.2262048205781
132.14788590850466
132.06960898024508
131.99137203130257
131.91317304733488
131.83501000615738
131.75688087981015
131.67878363668305
131.60071624369138
131.5226766684953
131.44466288175528
131.36667285941672
131.28870458501734
131.2107560520106
131.1328252660997
131.0549102475773
130.977009033667
130.89911968086318
130.82124026726643
130.7433688949116
130.66550369208568
130.58764281563327
130.5097844532492
130.4319268257562
130.35406818936627
130.276206837924
130.19834110512778
130.12046936672533
130.0425900426796
129.964701599301
129.88680255134233
129.808891464051
129.73096695517398
129.65302769691135
129.57507241781326
129.49709990461503
129.41910900400518
129.3410986243228
129.26306773717914
129.18501537899868
129.10694065247486
129.02884272793648
128.9507208446209
128.87257431185054
128.79440251010868
128.71620489201092
128.6379809831705
128.5597303829565
128.48145276514532
128.40314787846597
128.32481554704037
128.24645567072076
128.16806822532595
128.08965326277752
128.01121091113856
127.93274137455802
127.85424493312263
127.77572194261876
127.69717283420704
127.61859811401376
127.53999836264182
127.46137423460294
127.3827264576733
127.30405583217606
127.22536323019386
127.14664959471514
127.06791593871748
126.98916334419238
126.91039296111825
126.83160600638809
126.75280376269978
126.67398757741734
126.59515886140872
126.51631908786584
126.43746979111046
126.35861256538936
126.27974906366188
126.20088099638218
126.12201013027806
126.04313828712628
125.96426734252412
125.88539922465549
125.80653591305003
125.7276794373326
125.64883187596178
125.56999535495544
125.49117204660155
125.41236416815121
125.33357398049117
125.2548037867927
125.17605593113461
125.09733279709866
125.01863680633693
124.9399704171106
124.86133612279895
124.78273645037694
124.70417395886028
124.6256512377168
124.54717090524349
124.46873560690796
124.39034801365341
124.3120108201661
124.23372674310387
124.15549851928431
124.07732890383049
123.99922066827303
123.921176598607
123.8431994933017
123.76529216125998
123.68745741972582
123.60969809213888
123.53201700593597
123.45441699030032
123.37690087385992
123.29947148233661
123.22213163614826
123.14488414796669
123.06773182023407
122.99067744264111
122.91372378957139
122.83687361751576
122.76012966246167
122.68349463726172
122.60697122898584
122.53056209626179
122.45426986660827
122.37809713376514
122.30204645502617
122.22612034857973
122.15032129086164
122.07465171392396
121.9991140028224
121.92371049302453
121.84844346783977
121.77331515587234
121.6983277284974
121.62348329736169
121.54878391191066
121.47423155694507
121.39982815020976
121.32557554001839
121.25147550291756
121.1775297413938
121.10373988162728
121.03010747129603
120.95663397743503
120.88332078435421
120.81016919161986
120.737180412104
120.664355570106
120.59169569955047
120.5192017422659
120.44687454634793
120.37471486461031
120.30272335312786
120.230900569875
120.15924697346422
120.0877629219887
120.01644867197358
119.94530437743951
119.87433008908276
119.80352575357442
119.73289121298119
119.6624262043089
119.5921303591688
119.52200320356556
119.45204415780475
119.38225253651675
119.31262754879336
119.24316829843454
119.17387378430297
119.10474290078471
119.03577443835391
118.96696708423977
118.8983194231935
118.82982993835301
118.7614970122037
118.69331892763367
118.62529386908162
118.55741992377673
118.48969508306939
118.42211724385132
118.35468421006365
118.28739369429096
118.22024331944002
118.15323062050336
118.08635304640816
118.01960796195047
117.95299264981409
117.88650431267311
117.8201400753766
117.7538969872144
117.68777202426216
117.62176209180384
117.55586402683039
117.49007460061219
117.42439052134378
117.35880843686007
117.29332493742245
117.22793655857336
117.16263978405803
117.09743104881196
117.0323067420126
116.96726321019449
116.90229676042773
116.83740366355951
116.7725801575182
116.7078224506794
116.6431267252938
116.57848914097693
116.51390583825994
116.44937294219929
116.38488656604275
116.32044281494873
116.2560377897544
116.19166759078806
116.12732832172085
116.06301609345408
115.99872702803683
115.93445726260805
115.87020295335643
115.80596027949085
115.74172544721469
115.67749469369679
115.61326429103283
115.54903055019136
115.4847898249374
115.42053851572771
115.35627307357166
115.29199000385168
115.2276858700981
115.16335729771279
115.09900097763774
115.03461366996466
114.97019220748122
114.90573349915009
114.84123453351687
114.77669238204398
114.71210420236743
114.64746724147348
114.58277883879204
114.51803642920392
114.4532375459586
114.38837982349868
114.32346100018778
114.25847892093886
114.19343153973922
114.12831692206818
114.06313324720374
113.99787881041506
113.93255202503634
113.86715142441712
113.80167566374452
113.73612352173394
113.67049390218462
113.60478583539704
113.5389984794498
113.47313112133328
113.40718317793791
113.34115419689535
113.27504385727117
113.20885197010831
113.14257847882028
113.07622345943277
113.0097871206731
112.94326980390828
112.87667198293242
112.80999426360508
112.7432373833425
112.67640221046476
112.6094897434016
112.54250110976058
112.47543756526115
112.40830049253897
112.3410913998248
112.27381191950111
112.20646380653967
112.13904893682253
112.07156930534804
112.00402702432235
111.93642432113678
111.86876353623065
111.80104712084018
111.73327763463364
111.66545774323312
111.59759021562424
111.52967792145479
111.46172382822387
111.39373099836338
111.3257025862148
111.25764183490357
111.18955207311457
111.12143671177274
111.05329924063314
110.98514322478515
110.9169723010749
110.84879017444985
110.780600614229
110.71240745030184
110.64421456925788
110.57602591044963
110.50784546199134
110.43967725669518
110.37152536794599
110.30339390551615
110.2352870113233
110.16720885513348
110.09916363021159
110.03115554892236
109.96318883828519
109.8952677354863
109.82739648335144
109.75957932578228
109.69182050315953
109.6241242477164
109.55649477888653
109.48893629863085
109.42145298674768
109.35404899617049
109.28672844825667
109.21949542807204
109.15235397967649
109.08530810141667
109.01836174123105
108.95151879197181
108.88478308674883
108.81815839430215
108.75164841441028
108.68525677334208
108.61898701935866
108.55284261827137
108.4868269490612
108.4209432995649
108.35519486223279
108.28958472996294
108.22411589201681
108.15879123002185
108.09361351406596
108.02858539889064
107.96370942018984
107.89898799102161
107.83442339833994
107.77001779965406
107.70577321982262
107.6416915479897
107.57777453466872
107.51402378898001
107.45044077604723
107.387026814558
107.32378307449414
107.26071057503555
107.19781018264086
107.13508260930962
107.07252841103002
107.01014798641665
106.94794157554247
106.88590925896834
106.82405095697366
106.7623664289906
106.70085527324339
106.63951692659337
106.57835066459039
106.51735560172982
106.45653069191324
106.39587472910931
106.33538634821092
106.27506402608377
106.21490608280111
106.15491068305901
106.09507583776586
106.03539940580048
105.97587909593379
105.91651246890932
105.857296939678
105.79822977978289
105.73930811988997
105.68052895245965
105.62188913455462
105.56338539077989
105.5050143163512
105.44677238028872
105.38865592873263
105.33066118837768
105.27278427002385
