8.350418950493637
8.399650755491532
8.44981890193247
8.50093253961509
8.553000393995921
8.60603075815897
8.660031485101
8.715009980340055
8.770973194854603
8.827927618360455
8.885879272932534
8.944833706978372
9.00479598956997
9.065770705140503
9.127761948552086
9.190773320540716
9.254807923544265
9.319868357919121
9.385956718550826
9.453074591863857
9.521223053235463
9.590402664818047
9.660613473774267
9.731855010928774
9.804126289840132
9.87742580629625
9.95175153823633
10.027100946102017
10.103470973619999
10.18085804901795
10.259258086675368
10.338666489210377
10.419078150003125
10.500487456156074
10.582888291890963
10.666274042381868
10.750637598023342
10.835971359132284
10.922267241081753
11.00951667986453
11.097710638083695
11.186839611367004
11.276893635201233
11.36786229218228
11.459734719676405
11.552499617887548
11.646145258325307
11.740659492667506
11.83602976201084
11.93224310650247
12.029286175344966
12.127145237166534
12.225806190748163
12.325254576098846
12.42547558586968
12.526454077097062
12.628174583264771
12.730621326674145
12.83377823111113
12.937628934798603
13.042156803621843
13.147344944614623
13.25317621969294
13.359633259623173
13.466698478211137
13.574354086698117
13.682582108349758
13.791364393223228
13.90068263309777
14.010518376553474
14.120853044182791
14.231667943919046
14.342944286465878
14.454663200811352
14.566805749810355
14.679352945818904
14.79228576636386
14.905585169831497
15.019232111158402
15.13320755750803
15.24749250391639
15.362067988890319
15.476915109941858
15.59201503904224
15.707349037978974
15.82289847359978
15.938644832927313
16.05456973812854
16.170654961322814
16.286882439212807
16.40323428752284
16.51969281522948
16.636240538569286
16.75286019480901
16.86953475576393
16.986247441050317
17.102981731058385
17.219721379632325
17.336450426444436
17.453153209050818
17.56981437461649
17.68641889129804
17.802952059272283
17.91939952140009
18.035747273514797
18.15198167432514
18.268089454923267
18.384057727888756
18.499873995980106
18.615526160405718
18.731002528666693
18.846291821964428
18.961383182166472
19.076266178324644
19.19093081274015
19.305367526571175
19.419567204979003
19.533521181808922
19.647221243802775
19.760659634340545
19.873829056708917
19.98672267689553
20.099334125908246
20.21165750161929
20.32368737013441
20.435418766688105
20.54684719606657
20.6579686325609
20.768779519453453
20.8792767680411
20.989457756199776
21.099320326494755
21.208862783841703
21.318083892723756
21.42698287397061
21.535559401106152
21.643813596271652
21.751746025731844
21.85935769497183
21.966650043393283
22.07362493861893
22.180284670414434
22.28663194423717
22.39266987442167
22.49840197701215
22.603832162253042
22.70896472674889
22.81380434530493
22.91835606246002
23.022625283723897
23.126617766531012
23.2303396109233
23.333797249974456
23.436997439968483
23.539947250345424
23.64265405342724
23.74512551393676
23.84736957832286
23.94939446390504
24.051208647850647
24.152820855997597
24.25424005153568
24.35547542355952
24.45653637550641
24.55743251349231
24.658173634558985
24.758769714845364
24.859230897695888
24.959567481718704
25.059789908806618
25.1599087521336
25.25993470413972
25.359878564517498
25.459751228212337
25.55956367344977
25.65932694980189
25.75905216630504
25.85875047964082
25.958433082392204
26.05811119138626
26.157796036134712
26.257498847383587
26.357230845783036
26.457003230687988
26.55682716909995
26.65671378476036
26.756674147405494
26.856719262192474
26.956860059305615
27.057107383751788
27.157471985353244
27.25796450894602
27.3585954847918
27.4593753192108
27.560314285442978
27.661422514744338
27.762709987725053
27.864186525935757
27.965861783708128
28.06774524025581
28.1698461920414
28.272173745415014
28.37473680952942
28.47754408953639
28.58060408006838
28.683925059009336
28.78751508155781
28.891381974584984
28.995533331289607
29.099976506151393
29.204718610184443
29.309766506491968
29.415126806122913
29.52080586423054
29.626809776532838
29.733144376073994
29.83981523028587
29.946827638347973
30.05418662884404
30.161896957713086
30.2699631064927
30.37838928085208
30.487179409412253
30.596337142850533
30.70586585328582
30.81576863394131
30.92604829908101
31.036707384216164
31.14774814657762
31.25917256585013
31.370982345164357
31.483178912342034
31.595763421389858
31.708736754237645
31.822099522715842
31.935852070767265
32.04999447688765
32.164526556789454
32.279447866283434
32.394757704372
32.51045511654813
32.62653889829336
32.743007598768614
32.85985952469163
32.9770927443944
33.09470509205393
33.21269417208954
33.33105736372006
33.44979182567455
33.568894501050224
33.68836212231109
33.80819121642041
33.92837811010002
34.04891893520948
34.169809634237815
34.29104596590059
34.41262351083531
34.53453767738815
34.65678370748528
34.77935668258245
34.9022515296867
35.02546302744425
35.14898581228848
35.272814384642025
35.396943115166856
35.52136625105583
35.64607792235966
35.77107214834353
35.8963428438679
36.02188382578737
36.14768881936129
36.273751464669886
36.40006532302948
36.52662388340036
36.65342056878055
36.78044874257935
36.90770171496504
37.035172749180646
37.16285506782171
37.290741859069755
37.418826282875415
37.54710147708519
37.67556056350557
37.80419665389812
37.933002855899844
38.06197227886369
38.191098039614225
38.320373268113464
38.449791113031985
38.57934474722081
38.70902737307947
38.83883222781569
38.968752588592146
39.098781777556134
39.22891316674808
39.359140182884836
39.48945631201415
39.61985510403648
39.7503301770905
39.880875221798625
40.01148400536929
40.1421503755523
40.27286826444445
40.403631692142405
40.53443477024017
40.66527170516876
40.79613680137673
40.927024464350424
41.05792920347288
41.18884563472055
41.31976848319782
41.450692585509486
41.58161289197152
41.712524468660305
41.84342249930096
41.974302286994984
42.10515925578851
42.23598895208225
42.36678704588461
42.49754933190876
42.62827173051532
42.75895028850134
42.88958117973634
43.02016070564644
43.15068529554724
43.28115150682657
43.41155602497769
43.541895663483835
43.672167363555495
43.80236819372242
43.93249534928196
44.06254615160537
44.19251804730407
44.322408607257834
44.45221552550782
44.581936618016975
44.71156982130048
44.841113190928915
44.970564899907
45.09992323693114
45.22918660452927
45.35835351708675
45.48742259876223
45.6163925812973
45.74526230172381
45.87403069997265
46.00269681638804
46.1312597891519
46.259718851622836
46.38807332959436
46.516322638476595
46.64446628040588
46.77250384128672
46.90043498777055
47.02825946417613
47.1559770893561
47.28358775351427
47.4110914149781
47.53848809693079
47.66577788410706
47.792960919456846
47.9200374007807
48.04700757734054
48.173871746449834
48.30063025004773
48.4272834712611
48.55383183095859
48.68027578430071
48.806615817290215
48.93285244332754
49.05898619977564
49.185017644538284
49.31094735265584
49.436775912922435
49.56250392452865
49.68813199373324
49.81366073056825
49.93909074558207
50.06442264662554
50.189657035685464
50.31479450576996
50.43983563784901
50.564780997853184
50.68963113373338
50.814386572584404
50.939047817835224
51.06361534650842
51.188089606551
51.31247101423902
51.43675995165877
51.560956764266635
51.68506175853004
51.80907519965116
51.93299730937487
52.05682826388285
52.18056819177595
52.304217172146835
52.42777523274442
52.551242348231156
52.6746184385341
52.79790336729094
52.92109694039182
53.04419890461732
53.16720894637332
53.29012669052311
53.41295169931762
53.535683471424775
53.658321441058675
53.780864977209106
53.903313382971895
54.02566589497976
54.14792168293334
54.270079849231784
54.39213942870301
54.514099388433884
54.63595862770065
54.757715977999815
54.87937020317937
55.000919999670224
55.12236399681759
55.243700757312034
55.364928777719705
55.486046489111025
55.607052257786755
55.72794438610028
55.84872111337463
55.96938061691261
56.08992101309857
56.21034035858977
56.33063665159553
56.45080783324224
56.57085178902216
56.690766350323855
56.8105492960415
56.930198354260455
57.04971120401646
57.16908547712572
57.28831876008323
57.407408596026784
57.526352486763955
57.645147894859264
57.76379224577883
57.88228293009004
58.000617305714314
58.11879270023147
58.236806413234234
58.354655718731266
58.47233786759685
58.58985009006554
58.707189598269366
58.824353588815114
58.94133924539901
59.05814374145595
59.17476424284039
59.2911979105368
59.40744190339732
59.52349338090384
59.63934950595169
59.75500744765154
59.87046438414561
59.985717505434344
60.10076401620942
60.21560113868859
60.330226115447694
60.44463621224563
60.55882872083843
60.6728009617788
60.78655028719786
60.90007408356545
61.01336977442518
61.12643482310049
61.239266735368496
61.35186306209821
61.46422140184965
61.57633940343019
61.68821476840433
61.79984525355284
61.911228673277876
62.02236290195047
62.13324587619722
62.24387559712288
62.354250132465936
62.464367618683966
62.574226262965894
62.68382434516825
62.793160219672686
62.90223231716202
63.011039146312314
63.119579295398566
63.22785143381178
63.335854313485626
63.44358677023125
63.551047724978545
63.65823618492219
63.7651512445709
63.87179208669822
63.97815798319304
64.08424829580865
64.19006247680896
64.29560006951168
64.40086070872927
64.50584412110878
64.61055012537132
64.71497863245189
64.81912964554026
64.92300326002429
65.02659966333759
65.12991913471403
65.23296204485193
65.3357288554909
65.43822011890416
65.54043647730998
65.64237866220606
65.74404749363009
65.84544387934989
65.94656881398566
66.04742337806681
66.14800873702518
66.24832614012814
66.34837691935388
66.44816248821144
66.54768434050885
66.64694404907328
66.74594326442701
66.84468371342251
66.94316719784064
67.04139559295623
67.13937084607579
67.2370949750511
67.33457006677332
67.43179827565217
67.528781822084
67.62552299091288
67.7220241298881
67.81828764812161
67.91431601454855
68.01011175639411
68.1056774576495
68.20101575755967
68.29612934912524
68.39102097761969
68.48569343912266
68.58014957907005
68.6743922908214
68.76842451424488
68.86224923432098
68.95586947976619
69.04928832167809
69.14250887220328
69.23553428322953
69.32836774510396
69.42101248537905
69.5134717675876
69.60574889004774
69.69784718469863
69.78977001596822
69.88152077967324
69.97310290195186
70.06451983822798
70.15577507220577
70.2468721148929
70.3378145036503
70.42860580126667
70.519249595055
70.60974949596864
70.70010913773383
70.79033217599563
70.88042228747322
70.97038316912115
71.06021853729324
71.14993212690668
71.2395276906047
71.32900899791692
71.41837983441651
71.50764400087378
71.59680531240504
71.68586759761645
71.77483469774195
71.86371046577422
71.95249876558746
72.04120347105079
72.12982846513007
72.21837763897584
72.30685489099388
72.39526412589551
72.48360925372477
72.57189418885964
72.6601228489845
72.7482991540307
72.83642702508321
72.92451038324988
73.01255314849062
73.10055923840322
73.18853256696299
73.27647704321363
73.36439656990639
73.45229504208466
73.54017634561116
73.62804435563545
73.71590293499982
73.80375593258158
73.89160718157042
73.97946049767906
74.06731967728594
74.15518849550882
74.24307070420845
74.3309700299217
74.41889017172414
74.5068347990223
74.59480754927611
74.68281202565154
74.7708517946036
74.85893038339034
74.94705127751868
75.03521791812292
75.12343369927757
75.2117019652463
75.30002600767065
75.38840906270192
75.47685430808073
75.56536486016793
75.65394377093091
75.74259402488914
75.8313185360233
75.92012014465158
76.00900161427668
76.09796562840697
76.18701478735497
76.27615160501782
76.36537850564363
76.45469782058794
76.54411178506459
76.63362253489603
76.72323210326735
76.81294241748932
76.90275529577568
76.99267244403924
77.08269545271273
77.17282579359878
77.26306481675496
77.3534137474189
77.44387368297836
77.5344455899909
77.62513030125771
77.71592851295733
77.80684078184512
77.89786752252505
77.98900900479995
78.08026535110659
78.17163653404097
78.26312237398005
78.35472253680538
78.44643653173418
78.53826370926365
78.63020325923466
78.72225420902075
78.81441542184777
78.90668559524997
78.99906325966762
79.09154677719127
79.18413434045746
79.27682397170062
79.36961352196519
79.46250067048138
79.55548292420835
79.64855761754833
79.74172191223496
79.83497279739956
79.92830708981919
80.02172143434981
80.1152123045475
80.20877600347998
80.30240866473056
80.39610625359589
80.48986456847783
80.58367924246883
80.67754574512921
80.77145938445355
80.8654153090234
80.9594085103424
81.05343382534952
81.14748593910653
81.24155938765497
81.3356485610378
81.42974770648081
81.52385093172856
81.61795220852864
81.71204537625769
81.80612414568223
81.90018210284732
81.99421271308584
82.08820932514105
82.18216517539496
82.27607339219547
82.36992700027575
82.4637189252595
82.5574419982455
82.65108896046489
82.74465246800422
82.83812509658695
82.93149934640654
83.02476764700462
83.11792236218785
83.21095579497658
83.30386019258002
83.39662775139344
83.48925062201384
83.58172091426978
83.67403070226145
83.76617202940666
83.85813691348834
83.94991735170014
84.04150532568677
84.13289280657533
84.224071759995
84.31503415108226
84.4057719494691
84.49627713425126
84.58654169893201
84.67655765633752
84.76631704350017
84.85581192650703
84.94503440531149
85.03397661850578
85.12263074805149
85.2109890239651
85.29904372895531
85.38678720300844
85.47421184791754
85.56131013175205
85.64807459326447
85.73449784623095
85.8205725837215
85.90629158229648
85.99164770612639
86.07663391103141
86.16124324843746
86.2454688692461
86.32930402761473
86.41274208464323
86.49577651196317
86.57840089522504
86.66060893748066
86.74239446245836
86.82375141772921
86.90467387776197
86.98515604686462
87.06519226201134
87.14477699555447
87.22390485782192
87.30257059959932
87.38076911449694
87.45849544120175
87.53574476561447
87.61251242287118
87.68879389924847
87.76458483395139
87.83988102078352
87.91467840969857
87.98897310823257
88.0627613828161
88.13603965996661
88.20880452736024
88.28105273478239
88.35278119495648
88.42398698425039
88.49466734325925
88.56481967726289
88.63444155655678
88.70353071665532
88.77208505836744
88.8401026477445
88.90758171590072
88.9745206587056
89.0409180363482
89.10677257277221
89.17208315498122
89.23684883221482
89.30106881499783
89.36474247406578
89.42786933916976
89.49044909776465
89.55248159358506
89.61396682511405
89.67490494395018
89.73529625307877
89.79514120505415
89.85444040009985
89.91319458413408
89.97140464672871
90.02907161901065
90.0861966715148
90.14278111199756
90.19882638321893
90.25433406070088
90.30930585047086
90.36374358679915
90.41764922993922
90.47102486387972
90.52387269411632
90.57619504545197
90.62799435983253
90.67927319422459
90.73003421854138
90.78028021362194
90.83001406926756
90.87923878233947
90.92795745492218
90.97617329255557
91.02388960253823
91.07110979230343
91.11783736786866
91.16407593235873
91.20982918460253
91.25510091780198
91.29989501827082
91.34421546424095
91.38806632473357
91.43145175849064
91.47437601296154
91.51684342333918
91.5588584116383
91.60042548580871
91.64154923887621
91.68223434810442
91.7224855741715
91.76230776035469
91.80170583171615
91.84068479428264
91.8792497342116
91.91740581693647
91.95515828628378
91.99251246355503
92.02947374656684
92.06604760864387
92.10223959755943
92.13805533441858
92.17350051247966
92.20858089591069
92.24330231847726
92.27767068215779
92.31169195568087
92.34537217298019
92.37871743156232
92.41173389078357
92.44442777003154
92.47680534680738
92.50887295470453
92.54063698128026
92.5721038658172
92.60328009697172
92.63417221030566
92.66478678569818
92.69513044463518
92.7252098473749
92.75503168998931
92.78460270128106
92.81392963957522
92.84301928938508
92.87187845795118
92.90051397165256
92.9289326722902
92.9571414132432
92.98514705549881
93.0129564635581
93.04057650121943
93.0680140272426
93.0952758908969
93.12236892739735
93.14929995323222
93.17607576138492
93.20270311645241
93.22918874966216
93.2555393537899
93.2817615779811
93.30786202247894
93.33384723326115
93.35972369658747
93.38549783346046
93.41117599400353
93.43676445176025
93.46226939791983
93.48769693547375
93.51305307330914
93.53834372024401
93.56357467900988
93.58875164018717
93.61388017610044
93.63896573468013
93.66401363329804
93.68902905258368
93.71401703022796
93.7389824547822
93.7639300594601
93.78886441595067
93.81378992825022
93.83871082652136
93.86363116098731
93.88855479586856
93.91348540336968
93.93842645772519
93.96338122931466
93.98835277885756
94.01334395169827
94.0383573721923
94.06339543820387
94.08846031572601
94.11355393363282
94.13867797857357
94.16383389001747
94.18902285545741
94.21424580577931
94.23950341080237
94.26479607499547
94.29012393337527
94.3154868475909
94.34088440219952
94.36631590113618
94.39178036438099
94.41727652482618
94.44280282534518
94.46835741606728
94.49393815186122
94.51954259003205
94.5451679882361
94.57081130261892
94.5964691861802
94.62213798737102
94.64781374892831
94.67349220695175
94.69916879022784
94.7248386198066
94.75049650883588
94.77613696265743
94.80175417916789
94.82734204944776
94.8528941586612
94.87840378722885
94.90386391227659
94.92926720936302
94.95460605448815
94.97987252638504
95.00505840909508
95.03015519482707
95.05515408709854
95.08004600415856
95.10482158268982
95.1294711817877
95.15398488721254
95.17835251591166
95.20256362080781
95.22660749585165
95.25047318133406
95.27414946945541
95.29762491014887
95.32088781715512
95.34392627434599
95.36672814229414
95.38928106508567
95.41157247737246
95.43358961165993
95.45531950582662
95.47674901087188
95.49786479888812
95.51865337125466
95.53910106704879
95.55919407166866
95.5789184256632
95.59826003376448
95.61720467411813
95.63573800770787
95.65384558796957
95.67151287059023
95.68872522348711
95.70546793696174
95.72172623402305
95.7374852808734
95.7527301975502
95.76744606871542
95.78161795458398
95.79523090198275
95.80826995553112
95.82072016893422
95.83256661637922
95.84379440402502
95.8543886815748
95.8643346539222
95.8736175928611
95.88222284884905
95.89013586281426
95.89734217799544
95.90382745180337
95.90957746769136
95.91457814702251
95.91881556092183
95.92227594210222
95.9249456966523
95.92681141577414
95.92785988745909
95.92807810809002
95.92745329395696
95.92597289267333
95.92362459448073
95.9203963434306
95.9162763484314
95.91125309414981
95.9053153517553
95.89845218949843
95.8906529831133
95.88190742603429
95.87220553941752
95.8615376819583
95.84989455949558
95.83726723439379
95.82364713469106
95.8090260630034
95.79339620517437
95.77675013865924
95.7590808406331
95.74038169581213
95.72064650397654
95.69986948718459
95.67804529666746
95.65516901939516
95.63123618430309
95.60624276817016
95.58018520113883
95.55306037186853
95.5248656323144
95.49559880212377
95.46525817264359
95.43384251053277
95.40135106097267
95.36778355047028
95.33314018924949
95.29742167322667
95.26062918556721
95.22276439782019
95.18382947062736
95.14382705400322
95.10276028718278
95.06063279803351
95.01744870202805
94.97321260077337
94.92792958009358
94.88160520766365
94.83424553019216
94.78585707015151
94.73644682205412
94.6860222482731
94.6345912744062
94.58216228418343
94.5287441139198
94.47434604651636
94.41897780501318
94.3626495456985
94.30537185077918
94.24715572062013
94.18801256555997
94.12795419731066
94.06699281995026
94.00514102051892
93.94241175922872
93.87881835929858
93.8143744964255
93.74909418790259
93.68299178139506
93.61608194338652
93.54837964730797
93.47990016136265
93.41065903606017
93.34067209147389
93.26995540423597
93.19852529428356
93.12639831136975
93.05359122135398
92.98012099228633
92.90600478030164
92.83125991533977
92.75590388670939
92.6799543285121
92.60342900494292
92.52634579548332
92.44872268000204
92.3705777237797
92.29192906247447
92.21279488704549
92.13319342865059
92.05314294353506
91.97266169792879
91.89176795296719
91.8104799496529
91.72881589387502
91.64679394150282
91.56443218357019
91.48174863156855
91.39876120286605
91.31548770627118
91.23194582775879
91.14815311637578
91.06412697034243
90.97988462336427
90.89544313116816
90.81081935827687
90.72602996503524
90.6410913949009
90.55601986201229
90.47083133904589
90.3855415453758
90.3001659355479
90.21471968807934
90.12921769459392
90.04367454930257
89.95810453883692
89.87252163244287
89.7869394725407
89.70137136565748
89.61583027373652
89.53032880582876
89.4448792101704
89.35949336664956
89.27418277966402
89.18895857137082
89.10383147532778
89.0188118305272
88.93390957582236
88.84913424474647
88.76449496072408
88.680000432674
88.59565895100323
88.51147838399109
88.4274661745641
88.34362933746198
88.25997445679539
88.17650768399565
88.0932347361551
88.01016089475698
87.92729100479337
87.84462947426849
87.76218027408382
87.67994693830033
87.59793256477283
87.51613981615154
87.43457092124575
87.3532276767443
87.27211144928745
87.19122317788687
87.11056337669062
87.03013213809062
86.94992913616842
86.86995363047494
86.79020447013865
86.71068009829573
86.63137855683546
86.5522974914543
86.47343415701165
86.39478542318001
86.31634778038189
86.23811734600567
86.16008987089221
86.08226074608366
86.00462500982509
85.92717735481018
85.84991213566276
85.77282337664623
85.69590477959345
85.61914973204854
85.54255131561196
85.46610231447995
85.38979522416811
85.3136222604078
85.2375753682053
85.16164623105307
85.08582628028297
85.0101067045514
84.93447845944537
84.85893227719863
84.78345867650671
84.70804797242943
84.63269028637023
84.5573755561212
84.48209354596156
84.40683385679768
84.33158593633289
84.25633908925636
84.18108248744045
84.10580518013626
84.03049610415735
83.95514409404063
83.87973789217415
83.80426615888177
83.72871748245495
83.6530803891228
83.57734335295277
83.50149480567438
83.42552314641944
83.34941675137316
83.27316398333096
83.1967532011555
83.12017276912991
83.04341106620393
82.96645649513005
82.88929749148656
82.81192253258587
82.73432014626644
82.65647891956792
82.57838750728786
82.5000346404164
82.42140913444564
82.34249989755108
82.2632959386418
82.18378637527586
82.10396044143668
82.02380749516588
81.94331702604698
81.86247866253471
81.78128217912455
81.69971750335797
81.61777472265952
81.53544409100242
81.45271603539969
81.36958116221773
81.28603026330903
81.20205432196165
81.11764451866416
81.03279223668436
80.94748906746064
80.86172681580511
80.77549750491629
80.68879338119824
80.60160691888392
80.51393082446076
80.42575804089721
80.33708175166872
80.24789538458275
80.1581926154024
80.06796737126807
79.97721383391716
79.88592644270248
79.79409989740974
79.70172916087448
79.60880946139922
79.51533629497202
79.42130542728886
79.32671289558117
79.23155501024993
79.13582835630743
79.03952979462755
78.94265646300616
78.84520577703219
78.74717543077108
78.64856339726188
78.5493679288297
78.44958755721356
78.34922109350984
78.2482676279312
78.14672652938143
78.04459744484583
77.9418802985966
77.83857529121312
77.73468289841875
77.63020386973514
77.52513922695525
77.41949026243705
77.31325853722032
77.20644587896808
77.09905437973404
76.99108639355754
76.88254453388706
76.77343167083333
76.66375092825362
76.55350568066919
76.44269955001764
76.33133640224159
76.21942034371577
76.10695571751464
75.99394709952364
75.88039929439785
75.76631733137228
75.65170645992892
75.53657214532662
75.42092006400055
75.30475609883838
75.18808633434044
75.07091705167075
74.95325472360442
74.83510600937639
74.7164777494361
74.59737696011258
74.47781082819434
74.35778670542852
74.23731210294416
74.11639468560311
73.9950422662833
73.87326280009832
73.75106437855773
73.6284552236727
73.50544368201186
73.38203821871294
73.25824741145603
73.13407994440372
73.00954460211388
72.8846502634304
72.75940589535794
72.63382054692472
72.50790334303731
72.38166347833
72.25511021101148
72.12825285671194
72.00110078233321
71.8736633999056
71.74595016045431
71.6179705478793
71.48973407285189
71.36125026673301
71.23252867551741
71.10357885380824
70.97441035882593
70.84503274445547
70.71545555533555
70.585688320994
70.45574055003351
70.32562172437196
70.19534129354071
70.06490866904488
69.93433321878894
69.80362426157052
69.67279106164534
69.54184282336604
69.41078868589858
69.27963771801996
69.148398913
69.01708118357072
68.88569335698656
68.75424417017842
68.62274226500568
68.49119618360982
68.35961436387385
68.22800513499197
68.09637671315375
67.96473719734774
67.833094565289
67.7014566694736
67.56983123336386
67.43822584770658
67.30664796698647
67.1751049060159
67.04360383666209
66.91215178471326
66.78075562688456
66.64942208796377
66.51815773809743
66.38696899021737
66.25586209760785
66.1248431516136
65.99391807948966
65.86309264239394
65.73237243352416
65.60176287639995
65.47126922329078
65.34089655379061
65.21064977353926
65.08053361309014
64.95055262692391
64.82071119260597
64.691013510086
64.56146360113694
64.43206530893143
64.3028222977532
64.17373805284102
64.04481588036309
63.91605890751968
63.787470082771826
63.65905217619426
63.53080777995044
63.40273930888814
63.27484900125362
63.14713891952304
63.01961095134883
62.8922668106192
62.76510803862758
62.63813600534903
62.511351910819805
62.384756786616585
62.258351497432024
62.13213674274326
62.00611305857027
61.88028081932075
61.754640239718846
61.62919137681453
61.50393413207078
61.37886825352578
61.25399333802821
61.12930883354372
61.004814041531034
60.880508119387144
60.75639008296085
60.632458809133965
60.5087130384691
60.38515137792294
60.26177230362393
60.138574163712946
60.015555181245844
59.892713457156475
59.770046973278994
59.64755359542815
59.52523107653636
59.40307705984596
59.28108908215503
59.15926457711449
59.03760087857457
58.91609522397825
58.7947447577994
58.673546535023455
58.55249752466877
58.43159461334644
58.31083460885625
58.19021424381642
58.0697301793244
57.94937900864593
57.8291572609298
57.70906140494528
57.589087852838894
57.46923296390704
57.349493048381156
57.22986437122229
57.11034315592225
56.990925588308485
56.87160782035001
56.75238597396107
56.63325614479932
56.51421440605539
56.39525681223115
56.27637940290437
56.1575782064772
56.03884924390623
55.92018853241173
55.801592089164345
55.683055934947745
55.56457609779547
55.44614861660001
55.327769544692345
55.209434953389646
55.091140935509046
54.97288360884518
54.85465911960967
54.73646364583056
54.61829340070984
54.50014463593727
54.38201364495905
54.263896766199316
54.14579038623254
54.02769094290512
53.90959492840398
53.79149889227052
53.67339944435793
53.555293257730234
53.43717707150058
53.31904769360711
53.20090200352474
53.08273695491187
52.964549578191175
52.84633698306363
52.72809636095531
52.609824987396685
52.49152022433419
52.373179522373505
52.25480042295368
52.1363805604509
52.017917664210984
51.89940956050947
51.780854174438616
51.662249531720136
51.54359376044232
51.42488509271999
51.30612186627536
51.18730252593838
51.068425625065004
50.94948982687214
50.830493905687774
50.711436748115375
50.592317354111856
50.47313483797916
50.35388842927034
50.234577473611125
50.115201433437335
49.99575988864853
49.87625253717788
49.75667919547782
49.637039798920505
49.51733440211233
49.39756317912144
49.2777264236173
49.15782454892206
49.03785808797294
48.91782769319513
48.79773413628424
48.677578307897356
48.557361217251746
48.43708399163079
48.31674787579691
48.19635423131131
48.07590453576068
47.95540038189096
47.83484347664852
47.714235640128884
47.593578804433136
47.47287501243174
47.35212641643555
47.23133527677378
47.110503960279274
46.98963493868199
46.868730786911314
46.747794181308606
46.626827897750886
46.50583480968713
46.38481788608833
46.26378018931244
46.14272487288592
46.02165517920302
45.900574437144755
45.77948605961903
45.65839354102364
45.53730045463372
45.416210449915226
45.29512724976534
45.17405464768152
45.05299650486072
44.93195674723089
44.810939362417095
44.68994839664462
44.5689879515812
44.44806218112016
44.327175288106595
44.206331521008885
44.085535170537675
43.96479056621494
43.84410207289549
43.72347408724452
43.60291103417453
43.48241736324511
43.36199754502858
43.24165606744416
43.12139743206345
43.00122615039036
42.88114674011908
42.76116372137332
42.64128161293033
42.52150492843313
42.40183817259438
42.28228583739528
42.162852398282865
42.043542310369304
41.92436000463684
41.80530988415231
41.686396320295415
41.5676236490053
41.4489961670495
41.33051812831948
41.21219374015632
41.09402715971024
40.97602249033784
40.858183778041024
40.74051500795164
40.6230201008664
40.50570290983605
40.38856721681278
40.27161672935906
40.15485507742121
40.0382858101702
39.92191239291284
39.805738204076725
39.689766532272664
39.57400057343815
39.458443428065685
39.34309809851887
39.22796748643858
39.11305439024104
38.998361502709734
38.88389140868312
38.76964658284023
38.65562938758605
38.541842071037955
38.42828676511461
38.31496548372868
38.20188012108487
38.08903245008493
37.976424120840605
37.86405665929563
37.75193146595724
37.64004981473779
37.52841285190671
37.41702159515343
37.30587693276193
37.19497962289718
37.08433029300393
36.97392943931858
36.86377742649451
36.75387448734138
36.64422072267867
36.53481610130349
36.42566046007302
36.31675350410153
36.20809480707213
36.099683811663155
35.99151983008902
35.88360204475508
35.77592950902582
35.6685011481055
35.561315760030745
35.454372016774904
35.347668465463336
35.2412035296986
35.13497551099443
35.02898259031736
34.92322282973482
34.81769417416803
34.7123944532479
34.60732138327183
34.50247256925952
34.39784550710613
34.29343758583162
34.1892460899245
34.085268201778554
33.98150100422021
33.87794148312427
33.774586530115165
33.67143294535132
33.56847744038951
33.465716641126654
33.36314709081617
33.260765253155995
33.15856751544564
33.05655019180952
32.95470952648387
32.85304169716446
32.75154281841239
32.650208945114855
32.54903607599772
32.44802015718648
32.347157085812256
32.24644271365929
32.14587285085037
32.04544326956679
31.94514970779963
31.844987873128787
31.744953446526438
31.645042086181263
31.54524943134035
31.445571106165996
31.34600272360475
31.246539889266128
31.147178205308332
31.047913274328007
30.948740703250845
30.84965610721994
30.750655113478754
30.651733365245573
30.552886525576096
30.454110281210827
30.355400346403677
30.25675246672818
30.158162422857792
30.059626034317
29.96113916320001
29.862697717853557
29.76429765652005
29.665934990937323
29.56760578989155
29.46930618272028
29.37103236276274
29.272780590754586
29.174547198164213
29.07632859046753
28.97812125035806
28.879921740889547
28.781726708548394
28.683532886253392
28.585337096280245
28.48713625310835
28.388927366187335
28.290707542620925
28.192473989765507
28.094224017740903
27.99595504185091
27.89766458491134
27.799350279483477
27.70100987001088
27.602641214857513
27.50424228824521
27.40581118208867
27.307346107726644
27.208845397547933
27.11030750651115
27.011731013556968
26.91311462291175
26.814457165281524
26.71575759893524
26.617015010676038
26.518228616699314
26.419397763336104
26.320521927680243
26.22160071809783
26.122633874617616
26.023621269201055
25.92456290589079
25.82545892083648
25.726309582196745
25.627115289916542
25.527876575379203
25.42859410093275
25.329268659289973
25.229901172801824
25.130492692603845
25.03104439763556
24.931557593532894
24.83203371139377
24.73247430641741
24.632881056417922
24.53325576021286
24.433600335887753
24.333916818937812
24.234207360288085
24.1344742241937
24.034719786022155
23.93494652991973
23.83515704636415
23.735354029605677
23.635540274999162
23.535718676229695
23.435892222434777
23.33606399522606
23.236237165613545
23.136414990835277
23.03660081109561
22.9367980462153
22.837010192196885
22.73724081770888
22.637493560492203
22.53777212369235
22.438080272121113
22.338421828451743
22.23880066935132
22.13922072155441
22.039685957882053
21.940200393210315
21.840768080392447
21.741393106138613
21.64207958685719
21.542831664462025
21.44365350215028
21.344549280155572
21.245523191480796
21.146579437615085
21.047722224239376
20.94895575692515
20.850284236830724
20.75171185639919
20.653242795062106
20.554881214952978
20.456631256634658
20.358497034844866
20.260482634263887
20.162592105308185
20.064829459953636
19.967198667591923
19.869703650923487
19.77234828189022
19.675136377651047
19.578071696603377
19.48115793445361
19.384398720339608
19.287797613008326
19.191358097051722
19.095083579204147
18.998977384704563
18.903042753726982
18.80728283788251
18.71170069679623
18.61629929476196
18.521081497478022
18.426050068867298
18.331207667984884
18.2365568460164
18.142100043370007
18.04783958686515
17.953777687020903
17.859916435446593
17.766257802337346
17.67280363407701
17.579555650950933
17.486515444971214
17.393684477817015
17.30106407889242
17.208655443504153
17.11645963116116
17.024477563998044
16.932710025324266
16.84115765830111
16.74982096474826
16.6587003040816
16.56779589238382
16.477107801609115
16.386635958922973
16.296380146177945
16.20633999952613
16.116515009168985
16.026904519245015
15.937507727855666
15.848323687229714
15.759351304026344
15.6705893397771
15.58203641146685
15.493690992253738
15.40555141232797
15.317615859909086
15.229882382381238
15.142348887565763
15.055013145130136
14.967872788132144
14.880925314698034
14.794168089833208
14.707598347364014
14.621213192008982
14.535009601577686
14.448984429295267
14.363134406250525
14.27745614396541
14.191946137083548
14.106600766175305
14.021416300656867
13.936388901820806
13.851514625975554
13.76678942769115
13.682209163148583
13.597769593589915
13.513466388866204
13.42929513108008
13.345251318319525
13.26133036847939
13.177527623166977
13.09383835168789
13.010257755108224
12.9267809703891
12.843403074589471
12.760119089133052
12.676923984135152
12.593812682785137
12.510780065780233
12.427820975806506
12.344930222062695
12.262102584822566
12.179332820031513
12.096615663933115
12.013945837721273
11.931318052213719
11.848727012542433
11.766167422856576
11.683633991033439
11.601121433392997
11.518624479411619
11.436137876430456
11.353656394354081
11.271174830334962
11.188688013439352
11.106190809290245
11.023678124683006
10.941144912169381
10.85858617460568
10.775996969660785
10.693372414279683
10.610707689098238
10.527998042804956
10.445238796445468
10.362425347665537
10.27955317488838
10.19661784142207
10.113614999492997
10.030540394201198
9.947389867393584
9.864159361451186
9.780844922986631
9.697442706448143
9.613948977626507
9.53036011706142
9.446672623343815
9.362883116310925
9.278988340131006
9.194985166274668
9.110870596369884
9.026641764937848
8.942295942006934
8.857830535602117
8.773243094107334
8.68853130849843
8.603693014444477
8.518726194275427
8.433628978814138
8.348399649071109
8.263036637800393
8.177538530915315
8.091904068762718
8.00613214725474
7.9202218188571525
7.834172293433406
7.747982938943709
7.661653281998476
7.575183008265705
7.488571962731911
7.401820149816459
7.3149277333392675
7.22789503634209
7.140722540763746
7.053410886969785
6.965960873137155
6.878373454494584
6.790649742419545
6.7027910033928375
6.614798657811887
6.526674278664022
6.438419590061192
6.350036465637669
6.26152692681244
6.172893140918109
6.084137419198317
5.995262214675765
5.906270119893082
5.817163864528896
5.727946312891535
5.63862046129289
5.549189435305076
5.4596564869026185
5.370024991492934
5.280298444837983
5.190480459870046
5.10057476340468
5.010585192754043
4.920515692243846
4.830370309637239
4.740153192469093
4.649868584294203
4.559520820853023
4.4691143261586905
4.378653608509078
4.288143256427693
4.197587934537325
4.1069923793704115
4.016361395120204
3.925699849336852
3.8350126685725243
3.744304833979747
3.6535813768671654
3.5628473742170104
3.4721079441685765
3.381368241472041
3.2906334529170054
3.199908792740173
3.1091994980166024
3.0185108240389957
2.9278480396895232
2.837216422808681
2.746621255565693
2.6560678198349774
2.565561392583202
2.4751072412714166
2.384710619276763
2.294376761338241
2.204110879030943
2.113918156273146
2.0238037448706057
1.9337727601023396
1.8438302763521148
1.7539813227897958
1.6642308791066232
1.5745838713084526
1.4850451675709244
1.3956195741604707
1.306311831425015
1.2171266098581464
1.128068506240472
1.0391420398617737
0.950351648827513
0.8617016864531493
0.7731964177496322
0.684840016003352
0.5966365594537234
0.5085900280714816
0.42070430044066
0.33298315074712204
0.2454302458764069
0.15804914262354247
0.07084328501736353
-0.0161839982382452
-0.10302949620388409
-0.18969011802277722
-0.2761628951154653
-0.3624449832491301
-0.4485336644797566
-0.5344263489654693
-0.6201205766495075
-0.7056140188114384
-0.7909044794853355
-0.8759898967437931
-0.9608683438467771
-1.0455380302544581
-1.1299973025033208
-1.214244644944983
-1.2982786803472963
-1.382098170357418
-1.465702015826704
-1.549089256997402
-1.6322590735512719
-1.715210784520404
-1.7979438480606504
-1.8804578610882259
-1.9627525587801775
-2.044827813939543
-2.1266836362261596
-2.2083201712542153
-2.2897376995577496
-2.370936635425431
-2.4519175256060697
-2.532681047886452
-2.613228009543206
-2.6935593456705504
-2.7736761173858966
-2.8535795099154275
-2.933270830561867
-3.0127515065567683
-3.0920230827997353
-3.1710872194871174
-3.2499456896328147
-3.328600376483917
-3.4070532708339822
-3.485306468236848
-3.563362166123954
-3.641222660828211
-3.7188903445175705
-3.7963677020414854
-3.8736573076935583
-3.9507618218937135
-4.027683987793328
-4.104426627806799
-4.180992640073118
-4.257384994851083
-4.33360673085188
-4.40966095151282
-4.485550821216116
-4.561279561456613
-4.636850446962431
-4.712266801772519
-4.787531995275094
-4.862649438211049
-4.937622578646396
-5.012454897917861
-5.087149906555785
-5.161711140188458
-5.2361421554320335
-5.310446525770202
-5.384627837427742
-5.458689685242105
-5.532635668537061
-5.606469387002441
-5.680194436583989
-5.75381440538731
-5.827332869599914
-5.900753389435281
-5.974079505102844
-6.04731473280775
-6.1204625607842695
-6.193526445366673
-6.266509807101409
-6.339416026904383
-6.4122484422670585
-6.48501034351508
-6.55770497012295
-6.6303355070883
-6.702905081369205
-6.775416758387908
-6.847873538604257
-6.920278354162103
-6.9926340656118775
-7.064943458712566
-7.137209241316146
-7.209434040337495
-7.281620398812745
-7.3537707730490185
-7.425887529868402
-7.497972943948942
-7.570029195265389
-7.642058366632274
-7.714062441351783
-7.786043300968798
-7.858002723135433
-7.9299423795872865
-8.001863834233559
-8.073768541363043
-8.145657843967795
-8.217532972186147
-8.289395041866698
-8.361245053254905
-8.433083889803626
-8.504912317108818
-8.576730981971387
-8.648540411586119
-8.72034101285849
-8.792133071849953
-8.863916753352093
-8.935692100589932
-9.007459035054454
-9.079217356464229
-9.150966742855887
-9.222706750803114
-9.294436815763683
-9.366156252553859
-9.437864255949345
-9.5095599014119
-9.581242145940601
-9.652909829046587
-9.724561673849987
-9.796196288297661
-9.867812166500197
-9.939407690186496
-10.010981130274242
-10.082530648554435
-10.15405429948795
-10.225550032112036
-10.29701569205464
-10.368449023654431
-10.43984767218444
-10.511209186177096
-10.582531019848387
-10.653810535618602
-10.725045006727141
-10.796231619938707
-10.867367478338108
-10.9384496042108
-11.009474942006262
-11.080440361381205
-11.151342660319699
-11.222178568327152
-11.29294474969494
-11.363637806832457
-11.434254283663307
-11.504790669082197
-11.575243400469105
-11.645608867257238
-11.715883414551271
-11.786063346792247
-11.856144931465451
-11.926124402847508
-11.995997965788918
-12.065761799528206
-12.135412061533843
-12.20494489137012
-12.274356414583126
-12.343642746602926
-12.412799996657997
-12.481824271697976
-12.550711680320761
-12.619458336699967
-12.688060364508718
-12.756513900835802
-12.824815100090266
-12.892960137890586
-12.960945214934416
-13.02876656084479
-13.096420437988744
-13.163903145264317
-13.231211021851951
-13.29834045092621
-13.365287863323791
-13.432049741163828
-13.498622621416521
-13.565003099416279
-13.631187832315609
-13.697173542476142
-13.762957020793342
-13.828535129951538
-13.893904807605898
-13.959063069488058
-14.02400701243213
-14.088733817317866
-14.153240751927903
-14.217525173716119
-14.28158453248421
-14.34541637296352
-14.409018337299408
-14.47238816743566
-14.5355237073966
-14.598422905464737
-14.661083816251924
-14.723504602661968
-14.785683537742793
-14.847619006426394
-14.909309507155024
-14.970753653392203
-15.031950175017238
-15.092897919602075
-15.153595853569195
-15.214043063229349
-15.274238755697974
-15.334182259689237
-15.393873026187018
-15.453310628992236
-15.512494765146169
-15.571425255229354
-15.630102043535754
-15.688525198122047
-15.746694910732014
-15.80461149659629
-15.862275394107836
-15.919687164373439
-15.976847490641614
-16.033757177607395
-16.0904171505946
-16.146828454616152
-16.20299225331335
-16.258909827775295
-16.314582575240134
-16.37001200768017
-16.425199750272878
-16.480147539760093
-16.534857222697735
-16.589330753598475
-16.643570192969847
-16.697577705250453
-16.7513555566468
-16.80490611287327
-16.85823183679777
-16.91133528599569
-16.96421911021484
-17.016886048754316
-17.06933892776044
-17.121580657443303
-17.173614229217407
-17.225442712770274
-17.277069253062734
-17.32849706726472
-17.37972944163033
-17.43076972831588
-17.48162134214462
-17.532287757321626
-17.582772504102422
-17.633079165418877
-17.683211373465838
-17.73317280625193
-17.782967184118007
-17.832598266226583
-17.88206984702545
-17.93138575268877
-17.980549837539044
-18.029565980453427
-18.078438081258057
-18.127170057114014
-18.17576583889833
-18.22422936758345
-18.272564590618504
-18.320775458315456
-18.368865920243298
-18.416839921633414
-18.464701399799242
-18.51245428057344
-18.56010247476583
-18.60764987464525
-18.655100350448283
-18.70245774691772
-18.749725879873555
-18.796908532819206
-18.844009453585617
-18.89103235101567
-18.937980891691073
-18.98485869670387
-19.031669338474817
-19.078416337620897
-19.12510315987436
-19.171733213055607
-19.218309844102155
-19.26483633615604
-19.311315905711925
-19.35775169982819
-19.404146793403303
-19.450504186519797
-19.49682680185794
-19.54311748218129
-19.589378987896087
-19.6356139946862
-19.681825091225367
-19.728014776968056
-19.774185460020025
-19.82033945508954
-19.86647898152015
-19.91260616140565
-19.958723017788234
-20.00483147294074
-20.050933346734247
-20.097030355092166
-20.143124108532085
-20.189216110796686
-20.23530775757508
-20.281400335316
-20.327495020134315
-20.373592876812218
-20.419694857896452
-20.46580180289275
-20.51191443755858
-20.558033373295082
-20.604159106638754
-20.650292018853584
-20.69643237562409
-20.742580326849698
-20.788735906540786
-20.834899032816743
-20.881069508006085
-20.92724701884857
-20.97343113679907
-21.019621318433117
-21.065816905953803
-21.112017127799966
-21.158221099355337
-21.20442782375833
-21.250636192811932
-21.29684498799316
-21.343052881561313
-21.389258437764234
-21.435460114141797
-21.48165626292559
-21.52784513253389
-21.57402486916107
-21.620193518460304
-21.66634902731841
-21.71248924572152
-21.758611928710003
-21.804714738420962
-21.850795246216656
-21.89685093489718
-21.942879200995474
-21.988877357152642
-22.034842634571373
-22.080772185545197
-22.126663086061296
-22.172512338474473
-22.21831687425016
-22.264073556774104
-22.309779184226397
-22.355430492517268
-22.40102415828191
-22.446556801931575
-22.492024990757937
-22.537425242087817
-22.582754026485315
-22.628007770998305
-22.673182862446208
-22.71827565074606
-22.763282452274023
-22.808199553259623
-22.853023213210104
-22.897749668361808
-22.942375135155412
-22.986895813731604
-23.031307891443827
-23.07560754638474
-23.119790950922845
-23.163854275245466
-23.20779369090435
-23.25160537435998
-23.295285510520653
-23.338830296272345
-23.38223594399521
-23.425498685062546
-23.46861477331829
-23.511580488529244
-23.554392139808566
-23.597046069007046
-23.63953865406877
-23.681866312348188
-23.72402550388541
-23.766012734636416
-23.807824559655
-23.849457586223263
-23.890908476927603
-23.932173952677072
-23.973250795660913
-24.014135852242063
-24.05482603578359
-24.09531832940526
-24.135609788667452
-24.175697544179783
-24.215578804131482
-24.255250856740602
-24.29471107261908
-24.333956907050705
-24.372985902179394
-24.41179568910532
-24.450383989886532
-24.488748619443996
-24.526887487367944
-24.564798599623643
-24.602480060154775
-24.639930072383052
-24.67714694060284
-24.714129071269625
-24.75087497418143
-24.7873832635526
-24.823652658979697
-24.859681986299407
-24.895470178338556
-24.931016275556274
-24.96631942657835
-25.001378888624018
-25.03619402782546
-25.070764319440556
-25.105089347959463
-25.13916880710569
-25.173002499732476
-25.206590337615367
-25.23993234114205
-25.273028638900414
-25.305879467165695
-25.338485169287438
-25.37084619497729
-25.402963099498933
-25.434836542761147
-25.466467288314945
-25.497856202255647
-25.52900425203076
-25.5599125051546
-25.590582127830558
-25.621014383481892
-25.65121063119217
-25.68117232405656
-25.71090100744526
-25.740398317180777
-25.769665977630765
-25.798705799718206
-25.827519678850635
-25.85610959277001
-25.88447759932488
-25.912625834166832
-25.940556508373177
-25.96827190599815
-25.99577438155491
-26.02306635743072
-26.050150321237837
-26.077028823102566
-26.103704472895586
-26.130179937406623
-26.15645793746684
-26.182541245022506
-26.208432680163824
-26.234135108112937
-26.259651436175048
-26.284984610656707
-26.310137613755316
-26.335113460423926
-26.359915195215578
-26.38454588911158
-26.40900863633773
-26.433306551172635
-26.457442764751946
-26.481420421872215
-26.505242677797995
-26.528912695075704
-26.552433640357677
-26.57580868123982
-26.599040983116296
-26.622133706054754
-26.645090001695777
-26.667913010179987
-26.690605857106235
-26.713171650524103
-26.73561347796381
-26.757934403506525
-26.78013746489809
-26.80222567070912
-26.824201997544392
-26.846069387304098
-26.86783074449953
-26.889488933625856
-26.91104677659449
-26.9325070502273
-26.95387248381489
-26.975145756740872
-26.996329496174027
-27.017426274830072
-27.038438608804753
-27.05936895547994
-27.080219711504228
-27.10099321084938
-27.121691722943993
-27.142317450885788
-27.16287252973415
-27.18335902488433
-27.20377893052485
-27.22413416817945
-27.24442658533484
-27.264657954155684
-27.284829970287962
-27.30494425175171
-27.32500233792395
-27.345005688612407
-27.36495568322066
-27.38485362000556
-27.40470071542767
-27.424498103595358
-27.444246835803273
-27.463947880165552
-27.48360212134391
-27.50321036037072
-27.52277331456718
-27.542291617556646
-27.561765819372898
-27.58119638666314
-27.600583702985535
-27.619928069200615
-27.639229703955937
-27.65848874426324
-27.67770524616724
-27.696879185504958
-27.71601045875447
-27.735098883971734
-27.75414420181433
-27.77314607665078
-27.79210409775361
-27.81101778057418
-27.829886568096942
-27.848709832270874
-27.867486875515528
-27.88621693229921
-27.904899170786695
-27.92353269455403
-27.942116544367696
-27.96064970002543
-27.979131082256163
-27.997559554676304
-28.01593392579976
-28.034252951099194
-28.0525153351161
-28.070719733617228
-28.088864755794777
-28.10694896650789
-28.124970888562775
-28.142929005028936
-28.16082176158888
-28.178647568918752
-28.196404805097263
-28.214091818040362
-28.231706927958943
-28.24924842983687
-28.266714595926704
-28.28410367826034
-28.301413911172023
-28.318643513831024
-28.33579069278149
-28.35285364448693
-28.3698305578768
-28.38671961689251
-28.4035190030303
-28.42022689787844
-28.436841485646273
-28.453360955682786
-28.469783504982406
-28.486107340675648
-28.502330682502265
-28.518451765264974
-28.534468841261646
-28.550380182693818
-28.56618408404937
-28.581878864457384
-28.59746287001325
-28.61293447607206
-28.628292089508182
-28.64353415093895
-28.658659136910405
-28.6736655620433
-28.688551981137568
-28.70331699123334
-28.71795923362642
-28.732477395836145
-28.746870213523625
-28.76113647235839
-28.775275009831308
-28.78928471701177
-28.803164540247156
-28.816913482802693
-28.830530606440153
-28.844015032933857
-28.857365945522407
-28.870582590294408
-28.883664277506558
-28.89661038283238
-28.90942034853997
-28.92209368459685
-28.934629969700257
-28.947028852231274
-28.959290051130996
-28.971413356697514
-28.983398631302567
-28.995245810027075
-29.006954901214943
-29.018525986944486
-29.029959223417183
-29.0412548412635
-29.052413145765673
-29.063434516997678
-29.074319409882456
-29.085068354167042
-29.095681954316397
-29.10616088932698
-29.11650591246117
-29.126717850904008
-29.136797605343837
-29.146746149478496
-29.156564529448694
-29.166253863200346
-29.175815339777692
-29.18525021854895
-29.19455982836623
-29.20374556666132
-29.212808898478947
-29.221751355449207
-29.230574534700672
-29.239280097715685
-29.247869769129117
-29.256345335471956
-29.26470864386109
-29.272961600636613
-29.28110616994777
-29.289144372288966
-29.29707828298711
-29.304910030641388
-29.312641795516633
-29.32027580789144
-29.32781434636228
-29.33525973610505
-29.342614347095484
-29.349880592289786
-29.357060925766852
-29.36415784083342
-29.37117386809367
-29.378111573484738
-29.38497355627981
-29.39176244706038
-29.398480905659277
-29.40513161907608
-29.411717299366664
-29.418240681508784
-29.424704521245296
-29.43111159290654
-29.43746468721365
-29.443766609064443
-29.45002017530364
-29.456228212479278
-29.462393554587027
-29.468519040804058
-29.474607513214085
-29.48066181452508
-29.48668478578104
-29.492679264069142
-29.498648080223365
-29.504594056525423
-29.510520004404146
-29.51642872213434
-29.522322992536306
-29.52820558067741
-29.53407923157697
-29.539946667915633
-29.54581058775047
-29.551673662237125
-29.55753853336019
-29.563407811673148
-29.569284074049182
-29.57516986144417
-29.581067676673275
-29.586979982202525
-29.59290919795645
-29.598857699142616
-29.60482781409387
-29.610821822128788
-29.61684195143106
-29.62289037694841
-29.628969218311955
-29.635080537776748
-29.641226338184243
-29.6474085609476
-29.653629084060913
-29.659889720133453
-29.66619221445011
-29.672538243059382
-29.678929410890152
-29.685367249898736
-29.6918532172477
-29.698388693518314
-29.704974980958514
-29.7116133017684
-29.71830479642556
-29.725050522052857
-29.73185145083149
-29.73870846846224
-29.745622372677776
-29.752593871808887
-29.759623583407592
-29.76671203293036
-29.773859652484692
-29.78106677964205
-29.788333656320066
-29.79566042773691
-29.80304714144096
-29.810493746418775
-29.818000092284183
-29.825565928551175
-29.833190903993245
-29.840874566091532
-29.84861636057393
-29.85641563104743
-29.864271618726026
-29.87218346225679
-29.880150197646532
-29.888170758291455
-29.89624397511186
-29.904368576793917
-29.91254319014026
-29.920766340531078
-29.929036452496906
-29.937351850404003
-29.94571075925329
-29.954111305593575
-29.962551518549606
-29.971029330965326
-29.979542580662372
-29.988089011813788
-29.99666627643275
-30.00527193597576
-30.013903463059638
-30.02255824329173
-30.031233577212237
-30.03992668234766
-30.048634695373824
-30.057354674386847
-30.06608360128003
-30.074818384224404
-30.08355586025043
-30.092292797928184
-30.101025900143203
-30.10975180696524
-30.118467098606704
-30.1271682984674
-30.13585187626224
-30.14451425122839
-30.15315179540828
-30.16176083700491
-30.170337663805743
-30.17887852667177
-30.187379643088253
-30.195837200773656
-30.204247361343096
-30.212606264022572
-30.220910029409925
-30.229154763278405
-30.237336560418488
-30.245451508513572
-30.253495692045266
-30.26146519622363
-30.269356110937583
-30.27716453472046
-30.284886578725423
-30.292518370705483
-30.30005605899304
-30.307495816474034
-30.31483384455193
-30.32206637709685
-30.329189684375326
-30.336200076956334
-30.343093909589346
-30.34986758505035
-30.356517557952106
-30.363040338514953
-30.369432496294724
-30.375690663864294
-30.3818115404455
-30.38779189548824
-30.39362857219358
-30.39931849097771
-30.40485865287342
-30.41024614286629
-30.415478133162413
-30.420551886384562
-30.425464758693824
-30.43021420283363
-30.43479777109302
-30.43921311818615
-30.443458004044732
-30.44753029652033
-30.451427973993436
-30.455149127886518
-30.45869196507822
-30.462054810215893
-30.465236107923847
-30.468234424904598
-30.471048451930603
-30.47367700572413
-30.476119030722987
-30.478373600729828
-30.480439920442866
-30.482317326866184
-30.48400529059798
-30.485503416995346
-30.486811447214183
-30.487929259122797
-30.488856868087556
-30.489594427629118
-30.49014222994784
-30.49050070631687
-30.49067042734139
-30.490652103082272
-30.490446583042814
-30.490054856017043
-30.489478049798084
-30.488717430745073
-30.4877744032073
-30.48665050880418
-30.48534742555994
-30.483866966892254
-30.48221108045438
-30.48038184683067
-30.478381478085527
-30.4762123161665
-30.473876831162148
-30.47137761941544
-30.468717401493752
-30.465899020016696
-30.462925437343205
-30.45979973311977
-30.45652510169187
-30.453104849380782
-30.449542391628103
-30.44584125001065
-30.442005049128444
-30.438037513368574
-30.43394246354787
-30.42972381343772
-30.425385566174658
-30.420931810560536
-30.416366717256455
-30.411694534874517
-30.406919585971924
-30.40204626295203
-30.397079023877172
-30.392022388198473
-30.386880932408094
-30.381659285619424
-30.37636212508095
-30.370994171629793
-30.365560185091017
-30.36006495962876
-30.354513319055275
-30.348910112103756
-30.34326020767087
-30.337568490034773
-30.33183985405434
-30.326079200355498
-30.320291430510526
-30.31448144221601
-30.30865412447496
-30.302814352788733
-30.29696698436455
-30.291116853344352
-30.285268766060984
-30.279427496327447
-30.27359778076489
-30.267784314174595
-30.261991744959193
-30.25622467059826
-30.250487633183173
-30.244785115016203
-30.239121534278343
-30.23350124077037
-30.227928511731722
-30.22240754774167
-30.216942468707078
-30.211537309940827
-30.206196018334868
-30.200922448631463
-30.195720359796145
-30.190593411495787
-30.18554516068504
-30.180579058304193
-30.17569844609135
-30.170906553511845
-30.166206494807472
-30.16160126616818
-30.157093743028714
-30.15268667749236
-30.148382695883715
-30.144184296432417
-30.14009384708938
-30.136113583477186
-30.132245606976188
-30.12849188294759
-30.12485423909455
-30.12133436396211
-30.117933805576616
-30.114653970225152
-30.111496121375286
-30.1084613787355
-30.10555071745667
-30.10276496747476
-30.100104812994847
-30.097570792116432
-30.095163296600152
-30.092882571775807
-30.090728716591588
-30.088701683804107
-30.086801280308908
-30.08502716761105
-30.083378862435087
-30.081855737473592
-30.080457022273226
-30.079181804257463
-30.078029029885034
-30.076997505943
-30.07608590097316
-30.07529274683053
-30.07461644037254
-30.074055245277254
-30.07360729398913
-30.073270589790628
-30.073043008997832
-30.07292230327808
-30.072906102087206
-30.072991915223714
-30.073177135497293
-30.073459041509114
-30.073834800541125
-30.074301471551525
-30.074856008273674
-30.075495262415462
-30.076215986956118
-30.077014839537316
-30.07788838594529
-30.07883310368054
-30.079845385611822
-30.08092154371089
-30.082057812864424
-30.083250354759418
-30.084495261838345
-30.08578856132026
-30.08712621928429
-30.088504144811868
-30.089918194183912
-30.091364175129247
-30.092837851120624
-30.094334945714554
-30.095851146930915
-30.097382111668214
-30.098923470150215
-30.100470830399917
-30.102019782736637
-30.103565904291703
-30.10510476353817
-30.106631924830015
-30.10814295294644
-30.109633417636832
-30.111098898161902
-30.112534987826383
-30.113937298498445
-30.11530146511122
-30.116623150141624
-30.117898048061836
-30.119121889758777
-30.120290446916687
-30.121399536358144
-30.122445024338834
-30.123422830791373
-30.12432893351367
-30.12515937229735
-30.12591025299172
-30.126577751498917
-30.12715811769603
-30.12764767927995
-30.12804284553069
-30.128340110989217
-30.128536059045974
-30.12862736543632
-30.128610801639258
-30.128483238175864
-30.128241647803993
-30.127883108606046
-30.127404806966712
-30.126804040437623
-30.126078220485784
-30.1252248751227
-30.12424165141117
-30.123126317846772
-30.121876766611297
-30.120491015695638
-30.118967210889668
-30.11730362763699
-30.11549867275274
-30.11355088600276
-30.111458941542725
-30.109221649215943
-30.106837955708773
-30.1043069455629
-30.101627842043843
-30.098800007865112
-30.095822945767413
-30.092696298952394
-30.08941985137058
-30.085993527863067
-30.082417394156906
-30.078691656713985
-30.074816662433406
-30.07079289820733
-30.066620990330435
-30.062301703763197
-30.057835941249536
-30.053224742289373
-30.048469281966888
-30.043570869635445
-30.038530947460444
-30.03335108882142
-30.028032996574908
-30.022578501179808
-30.01698955868723
-30.011268248596892
-30.005416771582517
-29.999437447088823
-29.99333271080293
-29.98710511200322
-29.98075731078889
-29.974292075193674
-29.967712278187165
-29.961020894567056
-29.95422099774565
-29.947315756433724
-29.94030843122495
-29.93320237108425
-29.92600100974356
-29.918707862008418
-29.911326519978914
-29.903860649188644
-29.896313984665554
-29.88869032691842
-29.88099353785283
-29.873227536620547
-29.8653962954064
-29.857503835156862
-29.84955422125448
-29.84155155914233
-29.833499989902847
-29.82540368579525
-29.81726684575618
-29.809093690868124
-29.800888459800532
-29.792655404228483
-29.784398784233773
-29.776122863693175
-29.76783190565881
-29.75953016773552
-29.7512218974601
-29.74291132768728
-29.73460267198739
-29.726300120060714
-29.7180078331737
-29.70972993962191
-29.701470530224654
-29.693233653856268
-29.685023313019215
-29.676843459464138
-29.66869798986191
-29.660590741533056
-29.652525488239732
-29.644505936045547
-29.636535719248243
-29.628618396390195
-29.620757446351618
-29.612956264530837
-29.605218159115694
-29.597546347449892
-29.589943952497677
-29.58241399941012
-29.57495941219632
-29.56758301050253
-29.56028750650235
-29.55307550190106
-29.54594948505699
-29.538911828222393
-29.531964784906346
-29.52511048736225
-29.51835094420242
-29.511688038141966
-29.5051235238741
-29.49865902607898
-29.49229603756792
-29.486035917564788
-29.47987989012621
-29.473829042702317
-29.467884324839428
-29.462046547026045
-29.456316379683624
-29.45069435230361
-29.44518085273209
-29.43977612660343
-29.43448027692416
-29.42929326380813
-29.424214904363833
-29.41924487273472
-29.414382700293327
-29.409627775989474
-29.40497934685278
-29.40043651864961
-29.395998256694224
-29.391663386813814
-29.38743059646661
-29.383298436012335
-29.379265320133907
-29.375329529409054
-29.37148921203008
-29.36774238566967
-29.36408693949046
-29.360520636296098
-29.35704111482114
-29.3536458921571
-29.35033236631183
-29.347097818899083
-29.34393941795484
-29.34085422087666
-29.337839177482106
-29.334891133181923
-29.332006832263556
-29.329182921280317
-29.326415952541804
-29.323702387700887
-29.321038601432416
-29.318420885198616
-29.315845451096305
-29.31330843578088
-29.31080590446238
-29.30833385496889
-29.30588822187236
-29.303464880672134
-29.301059652031267
-29.298668306061
-29.2962865666485
-29.293910115823007
-29.291534598155447
-29.289155625187004
-29.286768779882077
-29.284369621101273
-29.28195368809018
-29.279516504979608
-29.277053585293014
-29.27456043645675
-29.272032564308784
-29.269465477601766
-29.26685469249635
-29.264195737040847
-29.26148415563311
-29.25871551346067
-29.255885400915172
-29.25298943797706
-29.25002327856644
-29.24698261485612
-29.243863181542633
-29.24066076007129
-29.237371182811284
-29.233990337177044
-29.230514169691798
-29.226938689989492
-29.223259974751254
-29.219474171572568
-29.215577502757196
-29.211566269034176
-29.20743685319429
-29.2031857236427
-29.19880943786465
-29.194304645801434
-29.1896680931337
-29.184896624469314
-29.17998718643339
-29.174936830658037
-29.169742716669514
-29.164402114670406
-29.158912408214416
-29.153271096771373
-29.14747579818022
-29.141524250987953
-29.135414316672648
-29.129143981748864
-29.122711359753605
-29.116114693111154
-29.10935235487535
-29.10242285034799
-29.095324818571907
-29.08805703369755
-29.080618406221856
-29.07300798409845
-29.065224953718097
-29.057268640758576
-29.049138510903287
-29.040834170427797
-29.032355366653643
-29.023701988268822
-29.014874065514487
-29.005871770237643
-28.99669541580975
-28.98734545691131
-28.977822489182596
-28.968127248740682
-28.958260611562775
-28.94822359273605
-28.9380173455744
-28.92764316060255
-28.91710246440781
-28.906396818359987
-28.895527917199736
-28.884497587496135
-28.87330778597434
-28.861960597714507
-28.85045823422329
-28.83880303137955
-28.826997447256026
-28.815044059818895
-28.802945564507134
-28.790704771693875
-28.778324604031987
-28.765808093686537
-28.753158379457012
-28.740378703792295
-28.727472409701512
-28.714442937563838
-28.70129382184036
-28.68802868769135
-28.674651247502716
-28.661165297325518
-28.647574713232878
-28.633883447598528
-28.620095525301572
-28.60621503986207
-28.592246149512057
-28.57819307320677
-28.564060086580987
-28.549851517855224
-28.535571743696558
-28.521225185038737
-28.50681630286625
-28.49234959396717
-28.47782958665926
-28.463260836493482
-28.448647921938978
-28.433995440053486
-28.419308002143147
-28.404590229415483
-28.389846748629346
-28.375082187745626
-28.360301171582343
-28.345508317477886
-28.330708230966117
-28.31590550146698
-28.301104697996188
-28.286310364897624
-28.271527017602075
-28.256759138416108
-28.24201117234464
-28.227287522950753
-28.212592548256033
-28.19793055668479
-28.183305803055624
-28.168722484624062
-28.154184737179612
-28.13969663120074
-28.125262168071064
-28.110885276360225
-28.096569808172948
-28.08231953556984
-28.068138147063426
-28.054029244192893
-28.039996338181002
-28.026042846676436
-28.012172090584787
-27.998387290991165
-27.984691566177165
-27.971087928734566
-27.957579282777946
-27.94416842125816
-27.93085802337848
-27.917650652115103
-27.904548751843723
-27.891554646074244
-27.8786705352955
-27.865898494932
-27.85324047341476
-27.840698290368525
-27.828273634917313
-27.815968064110226
-27.80378300146936
-27.791719735661562
-27.77977941929564
-27.767963067846356
-27.756271558706548
-27.744705630368575
-27.73326588173615
-27.72195277156729
-27.710766618049153
-27.699707598505487
-27.68877574923778
-27.677970965501206
-27.667293001616432
-27.65674147121823
-27.64631584764175
-27.6360154644473
-27.625839516084344
-27.615787058695194
-27.605857011058678
-27.59604815567349
-27.586359139980832
-27.576788477725675
-27.56733455045583
-27.557995609157874
-27.548769776028738
-27.539655046381146
-27.530649290680888
-27.521750256713748
-27.512955571879733
-27.5042627456121
-27.49566917191854
-27.487172132041767
-27.478768797236715
-27.470456231661363
-27.46223139537796
-27.454091147461558
-27.446032249212696
-27.438051367471022
-27.430145078026673
-27.422309869126
-27.414542145068
-27.406838229887715
-27.399194371122892
-27.39160674366028
-27.3840714536577
-27.376584542538044
-27.369141991051183
-27.361739723399896
-27.354373611425448
-27.347039478848476
-27.339733105560757
-27.332450231963126
-27.325186563344605
-27.31793777429778
-27.310699513165506
-27.303467406514077
-27.296237063627817
-27.289004081020384
-27.281764046957992
-27.274512545989754
-27.267245163480172
-27.25995749013879
-27.252645126541868
-27.245303687640817
-27.237928807252334
-27.23051614252518
-27.223061378378848
-27.215560231909397
-27.20800845675777
-27.20040184743613
-27.19273624360781
-27.185007534316668
-27.177211662161426
-27.169344627410965
-27.16140249205651
-27.153381383796926
-27.145277499953693
-27.13708711131227
-27.128806565886435
-27.120432292602175
-27.111960804897763
-27.103388704236608
-27.094712683529252
-27.085929530460987
-27.077036130721552
-27.068029471133514
-27.05890664267605
-27.049664843400848
-27.0403013812369
-27.03081367668105
-27.02119926537108
-27.011455800538414
-27.001581055337425
-26.991572925048672
-26.981429429153394
-26.97114871327682
-26.960729050998083
-26.950168845524928
-26.93946663123171
-26.928621075059453
-26.917630977776838
-26.906495275101094
-26.895213038678207
-26.88378347692202
-26.87220593571203
-26.86047989894979
-26.848604988973733
-26.836580966832884
-26.824407732420212
-26.812085324466324
-26.799613920394563
-26.786993836038675
-26.774225525224068
-26.761309579214014
-26.74824672602216
-26.735037829592898
-26.721683888851345
-26.70818603662468
-26.694545538436586
-26.680763791176815
-26.66684232164829
-26.652782784993974
-26.638586963006162
-26.624256762320954
-26.60979421250056
-26.595201464005953
-26.580480786062537
-26.565634564421657
-26.55066529902075
-26.535575601544934
-26.520368192892818
-26.505045900549447
-26.489611655869396
-26.47406849127293
-26.458419537358196
-26.44266801993237
-26.42681725696471
-26.41087065546475
-26.39483170828879
-26.378703990877995
-26.3624911579314
-26.346196940017336
-26.3298251401267
-26.31337963017168
-26.296864347433456
-26.280283290962643
-26.263640517935954
-26.246940139972452
-26.230186319412866
-26.213383265565312
-26.1965352309208
-26.179646507341943
-26.1627214222284
-26.145764334662516
-26.128779631538436
-26.11177172367826
-26.094745041938666
-26.07770403331142
-26.06065315702145
-26.04359688062607
-26.026539676118944
-26.009486016042274
-25.992440369610648
-25.975407198850007
-25.958390954755203
-25.941396073469715
-25.924426972490718
-25.907488046902127
-25.890583665638214
-25.873718167780478
-25.856895858890706
-25.840121007382972
-25.823397840937016
-25.806730542955417
-25.790123249066706
-25.773580043676585
-25.757104956569318
-25.740701959561303
-25.724374963208955
-25.708127813572926
-25.69196428904075
-25.675888097210045
-25.65990287183433
-25.644012169833584
-25.628219468371665
-25.612528162002544
-25.596941559886996
-25.58146288308154
-25.566095261901292
-25.55084173335845
-25.535705238678187
-25.52068862089396
-25.505794622524203
-25.491025883332295
-25.47638493817163
-25.46187421491754
-25.447496032487944
-25.433252598954734
-25.419146009747944
-25.4051782459546
-25.39135117271405
-25.377666537711573
-25.364125969771916
-25.35073097755423
-25.33748294834984
-25.324383146984044
-25.31143271482281
-25.298632668884974
-25.285983901060344
-25.2734871774343
-25.26114313771924
-25.248952294793266
-25.23691503434642
-25.22503161463487
-25.213302166343365
-25.201726692556516
-25.190305068839418
-25.179037043428078
-25.16792223752992
-25.156960145734384
-25.14615013653346
-25.135491452952035
-25.12498321328803
-25.114624411962463
-25.10441392047957
-25.09435048849704
-25.084432745006378
-25.07465919962308
-25.06502824398643
-25.055538153268426
-25.046187087791278
-25.036973094752735
-25.02789411005838
-25.01894796025999
-25.010132364599084
-25.001444937154357
-24.99288318909171
-24.984444531015182
-24.9761262754167
-24.967925639222326
-24.95983974643249
-24.9518656308536
-24.94400023891819
-24.936240432590775
-24.928582992356635
-24.921024620290293
-24.91356194320036
-24.90619151584721
-24.898909824229772
-24.89171328893786
-24.884598268566403
-24.877561063187866
-24.870597917878936
-24.86370502629745
-24.856878534305647
-24.850114543635865
-24.843409115594906
-24.836758274803312
-24.830158012965907
-24.823604292669867
-24.817093051206452
-24.810620204412484
-24.80418165052745
-24.79777327406219
-24.791390949675044
-24.785030546051527
-24.778687929783526
-24.772358969243864
-24.7660395384521
-24.759725520927613
-24.753412813526065
-24.747097330255308
-24.740775006066507
-24.734441800616445
-24.728093701996805
-24.721726730426262
-24.715336941901192
-24.70892043180094
-24.70247333844366
-24.695991846589145
-24.689472190885105
-24.68291065925336
-24.676303596212442
-24.66964740613303
-24.662938556422766
-24.656173580637265
-24.64934908151445
-24.642461733929842
-24.635508287770698
-24.628485570726973
-24.621390490997207
-24.61422003990753
-24.606971294442012
-24.599641419682676
-24.592227671157723
-24.58472739709648
-24.577138040589595
-24.569457141653054
-24.561682339194867
-24.553811372883466
-24.545842084917005
-24.537772421693113
-24.52960043537845
-24.521324285377624
-24.51294223970097
-24.504452676230777
-24.495854083885654
-24.48714506368261
-24.47832432969664
-24.469390709917853
-24.460343147006135
-24.451180698943112
-24.441902539581314
-24.432507959090707
-24.422996364302854
-24.413367278953295
-24.403620343822602
-24.393755316776655
-24.38377207270664
-24.37367060336944
-24.363451017128845
-24.353113538597988
-24.34265850818357
-24.332086381532285
-24.321397728879752
-24.31059323430241
-24.2996736948728
-24.28864001971848
-24.27749322898483
-24.26623445270217
-24.25486492955752
-24.243386005571487
-24.231799132680685
-24.220105867226344
-24.20830786834994
-24.1964068962965
-24.18440481062631
-24.172303568335728
-24.160105221888095
-24.147811917155956
-24.135425891275894
-24.122949470417716
-24.110385067469814
-24.097735179642818
-24.08500238599361
-24.072189344871866
-24.059298791291177
-24.04633353422704
-24.033296453843995
-24.02019049865421
-24.007018682609917
-23.993784082132173
-23.98048983307833
-23.9671391276511
-23.95373521125213
-23.9402813792831
-23.926780973897273
-23.91323738070448
-23.899654025432675
-23.886034370549048
-23.872381911843654
-23.858700174978615
-23.844992712006153
-23.831263097858788
-23.817514926815356
-23.80375180894645
-23.789977366542836
-23.77619523053047
-23.762409036875614
-23.74862242298339
-23.734839024093265
-23.72106246967498
-23.70729637982861
-23.693544361692194
-23.679810005860407
-23.66609688281783
-23.65240853939058
-23.638748495219875
-23.62512023926097
-23.611527226311114
-23.597972873570047
-23.584460557236515
-23.570993609144598
-23.55757531344371
-23.544208903326155
-23.53089755780606
-23.517644398553376
-23.50445248678658
-23.491324820227835
-23.478264330124393
-23.465273878339833
-23.45235625451848
-23.439514173326206
-23.42675027177059
-23.4140671066033
-23.401467151807072
-23.38895279616948
-23.37652634094569
-23.364189997612375
-23.351945885714816
-23.339796030808788
-23.327742362498714
-23.315786712573402
-23.303930813240573
-23.292176295461633
-23.280524687388112
-23.26897741290121
-23.25753579025606
-23.246201030832328
-23.23497423799292
-23.223856406052125
-23.212848419354504
-23.20195105146583
-23.191164964477327
-23.18049070842436
-23.16992872082078
-23.159479326310123
-23.149142736434715
-23.13891904952364
-23.128808250700377
-23.11881021201062
-23.108924692670445
-23.0991513394347
-23.089489687085393
-23.079939159039856
-23.07049906807821
-23.061168617189697
-23.051946900537434
-23.04283290454065
-23.0338255090732
-23.024923488776967
-23.016125514488625
-23.007430154778167
-22.998835877597333
-22.990341052035877
-22.981943950183354
-22.973642749093887
-22.965435532851092
-22.957320294730255
-22.949294939454735
-22.941357285543365
-22.933505067745546
-22.925735939560287
-22.918047475835454
-22.91043717544328
-22.902902464028404
-22.89544069682451
-22.888049161535708
-22.880725081278758
-22.87346561758226
-22.866267873438932
-22.859128896407288
-22.852045681758757
-22.845015175666408
-22.83803427843124
-22.83109984774224
-22.82420870196656
-22.817357623466354
-22.81054336193886
-22.803762637776163
-22.797012145441318
-22.790288556857536
-22.783588524807318
-22.776908686338164
-22.770245666171594
-22.76359608011241
-22.756956538455473
-22.75032364938726
-22.743694022379504
-22.7370642715721
-22.730431019142618
-22.723790898659775
-22.717140558417913
-22.710476664749667
-22.7037959053139
-22.69709499235579
-22.69037066593579
-22.683619697124232
-22.6768388911584
-22.670025090558898
-22.6631751782022
-22.656286080346394
-22.649354769607317
-22.642378267882425
-22.635353649219855
-22.62827804263019
-22.621148634838807
-22.613962672976914
-22.60671746720918
-22.59941039329594
-22.59203889508815
-22.584600486953192
-22.57709275612966
-22.569513365009257
-22.561860053344205
-22.554130640378602
-22.54632302690227
-22.538435197225752
-22.530465221074834
-22.522411255403185
-22.514271546121776
-22.506044429743994
-22.49772833494508
-22.48932178403463
-22.480823394340874
-22.47223187950543
-22.463546050687185
-22.454764817674246
-22.445887189902933
-22.43691227738269
-22.427839291525757
-22.41866754588058
-22.409396456767766
-22.40002554381759
-22.390554430408073
-22.38098284400256
