2.8085406200323213
2.8365839378571533
2.8650145703836687
2.89383613416569
2.9230523081453064
2.952666828521851
2.9826834835604275
3.013106108347656
3.0439385795022735
3.075184809848213
3.1068487430577605
3.138934348272372
3.1714456147086527
3.204386546256914
3.2377611560796935
3.2715734612175655
3.305827477209496
3.3405272127348895
3.375676664284401
3.411279810866478
3.4473406087564875
3.483862986295162
3.5208508387429314
3.5583080231966173
3.5962383535747953
3.6346455956779824
3.6735334623296247
3.7129056086037364
3.7527656271448744
3.7931170435859833
3.8339633120694643
3.8753078108766634
3.9171538381707487
3.9595046078577787
4.002363245570587
4.045732784779945
4.089616163037252
4.134016218352751
4.178935685713071
4.224377193741674
4.27034326150562
4.3168362954718384
4.363858586615818
4.411412307685454
4.459499510622598
4.508122124144637
4.557281951488263
4.606980668317288
4.657219820796229
4.708000823831125
4.75932495947884
4.8111933755258836
4.863607084237545
4.916566961277883
4.970073744800902
5.024128034713041
5.078730292106908
5.133880838866081
5.189579857440582
5.245827390792476
5.302623342510833
5.359967477095124
5.417859420405995
5.4762986602821755
5.5352845473220995
5.594816295828616
5.654892984915002
5.715513559770253
5.776676833081327
5.838381486609943
5.900626072921301
5.963409017261956
6.026728619583945
6.090583056712139
6.154970384651546
6.219888541031116
6.2853353476804
6.351308513335289
6.417805636468919
6.48482420824368
6.552361615580189
6.620415144338929
6.688981982610124
6.758059224107216
6.827643871659207
6.897732840797114
6.968322963429574
7.039410991602562
7.110993601338027
7.183067396546176
7.255628913006146
7.3286746224097055
7.40220093646259
7.476204211037952
7.550680750376315
7.625626811326363
7.701038607620852
7.7769123141819145
7.853244071449972
7.930029989730452
8.007266153552495
8.084948626033844
8.163073453246167
8.24163666857508
8.320634297069208
8.400062359772594
8.479916878034883
8.560193877793791
8.6408893938243
8.721999473949147
8.803520183205208
8.885447607960522
8.96777785997677
9.050507080412233
9.133631443760267
9.217147161718424
9.301050486983451
9.38533771696753
9.470005197431302
9.55504932602923
9.640466555763094
9.726253398339407
9.812406427426863
9.898922281810028
9.98579766843572
10.073029365348717
10.160614224513608
10.248549174519866
10.336831223167309
10.425457459929278
10.514425058291055
10.603731277961304
10.693373466954487
10.783349063542378
10.873655598072961
10.96429069465518
11.05525207270802
11.146537548372583
11.238145035785953
11.330072548215886
11.422318199055361
11.514880202676146
11.60775687514073
11.70094663477213
11.794448002581285
11.888259602551964
11.982380161783505
12.076808510491952
12.171543581870221
12.26658441180815
12.361930138473465
12.457580001754804
12.553533342568242
12.649789602029001
12.746348320490126
12.843209136450042
12.940371785330967
13.037836098130384
13.135601999947767
13.233669508388816
13.332038731849666
13.430709867683634
13.529683200253332
13.628959098870954
13.72853801562967
13.828420483129054
13.928607112097499
14.02909858891474
14.129895673037842
14.230999194334123
14.33241005032466
14.434129203341975
14.536157677605566
14.638496556218932
14.741146978091614
14.844110134789938
14.947387267320346
15.050979662849125
15.154888651362478
15.259115602271006
15.363661920962596
15.468529045307744
15.57371844212133
15.679231603584709
15.785070043632116
15.891235294305487
15.997728902082
16.104552424178507
16.211707424837073
16.319195471596018
16.42701813155098
16.535176967610525
16.643673534750747
16.752509376273284
16.86168602007115
16.971204974906815
17.081067726706937
17.19127573487798
17.301830428646685
17.412733203429543
17.5239854172352
17.635588387103503
17.747543385584983
17.85985163726469
17.9725143153343
18.085532538216164
18.198907366242757
18.312639798395132
18.42673076910382
18.541181145115512
18.65599172242865
18.771163223300885
18.88669629333145
19.002591498621253
19.118849323013418
19.235470165416896
19.352454337215644
19.46980205976587
19.587513461983832
19.705588578026408
19.82402734506644
19.942829601165073
20.061995083243147
20.181523425153443
20.301414155855156
20.42166669769188
20.542280364774516
20.66325436147054
20.78458778100097
20.90627960414631
21.0283286980625
21.15073381520796
21.273493592382696
21.396606549880097
21.520071090752005
21.643885500187373
21.76804794500473
21.8925564732586
22.01740901396
22.142603376910735
22.268137252650952
22.394008212519406
22.520213708825803
22.64675107513433
22.773617526657244
22.90081016075744
23.028325957559087
23.15616178066541
23.284314377982877
23.412780382651036
23.541556314077283
23.67063857907577
23.800023473109675
23.929707181635663
24.05968578154925
24.189955242729596
24.320511429682128
24.451350103277306
24.58246692258361
24.71385744679289
24.845517137236005
24.977441359486495
25.10962538555002
25.242064396137057
25.37475348301628
25.507687651446208
25.64086182268246
25.774270836558166
25.90790945413493
26.04177236042161
26.175854167158256
26.31014941566263
26.44465257973649
26.579358068628856
26.714260230053636
26.849353353259144
26.984631672146886
27.12008936843696
27.25572057487727
27.391519378493822
27.527479823879073
27.66359591651499
27.799861626127665
27.936270890070404
28.072817616732294
28.20949568896927
28.34629896755453
28.483221294645432
28.620256497263938
28.7573983907877
28.894640782448736
29.031977474836655
29.16940226940324
29.306908969965324
29.444491386202916
29.582143337149464
29.71985865467116
29.85763118693197
29.9954548018412
30.13332339048049
30.27123087050723
30.4091711895311
30.547138328460797
30.685126304818034
30.823129176016103
30.96114104260011
31.09915605144625
31.2371683989176
31.37517233397413
31.513162161234572
31.651132243988155
31.789077007154145
31.92699094018725
32.064868599926896
32.20270461338855
32.34049368049507
32.4782305767463
32.615910155824864
32.75352735213674
32.89107718328508
33.0285547524759
33.165955250854054
33.303273959767765
33.440506252960304
33.577647598687335
33.714693561758324
33.85163980550048
33.98848209364399
34.12521629212733
34.26183837082163
34.398344405172956
34.53473057776181
34.67099317977914
34.807128612418204
34.94313338818167
35.079004132103215
35.214737582883366
35.3503305939391
35.485780134366756
35.62108328981784
35.75623726328674
35.891239375809725
36.026087067074734
36.160777895941855
36.29530954087426
36.42967980027947
36.563886592761264
36.69792795728233
36.83180205323845
36.96550716044402
37.09904167902923
37.232404129249375
37.365593151207435
37.49860750449116
37.63144606772633
37.76410783804752
37.89659193048803
38.02889757729017
38.1610241271371
38.292971044306825
38.42473790774912
38.55632441008615
38.68773035653775
38.81895566377231
38.950000358684214
39.0808645770986
39.211548562404154
39.342052664115194
39.47237733636431
39.602523136327
39.73249072257975
39.86228085339341
39.99189438496328
40.1213322695775
40.25059555372511
40.379685376145154
40.508602965818206
40.637349639901494
40.765926801608636
40.89433593803481
41.02257861792775
41.15065648940514
41.27857127761949
41.406324782372266
41.53391887567919
41.6613554992894
41.78863666216061
41.915764437892605
42.042740962121215
42.16956842987507
42.296249092896275
42.42278525692602
42.549179278956885
42.67543356445377
42.80155056454525
42.92753277318745
43.05338272430224
43.17910298889181
43.3046961721319
43.430164910445676
43.55551186856058
43.68073973655009
43.80585122686323
43.93084907134493
44.05573601825022
44.18051482925568
44.305188276470794
44.429759139452464
44.55423020222565
44.67860425031318
44.80288406777742
44.927072434276845
45.05117212214076
45.175185893464906
45.29911649723032
45.422966666448524
45.54673911533569
45.6704365365187
45.79406159827545
45.91761694181247
46.04110517858351
46.16452888765201
46.28789061309993
46.41119286148535
46.53443809935118
46.65762875078724
46.78076719504776
46.90385576422625
47.02689674098991
47.14989235637597
47.272844787652105
47.39575615624284
47.518628525723955
47.64146389988679
47.764264220873486
47.887031367383884
48.009767152953884
48.132473324305124
48.25515155976604
48.37780346776436
48.50043058539138
48.62303437703827
48.74561623310485
48.868177468781774
48.99071932290702
49.11324295689639
49.235749453748106
49.358239817121564
49.48071497049063
49.60317575637192
49.72562293562891
49.84805718685244
49.97047910581791
50.09288920501945
50.2152879132807
50.3376755754415
50.46005245211979
50.58241871954767
50.70477446948077
50.82711970918042
50.94945436146874
51.07177826485646
51.19409117374359
51.316392758691975
51.438682606769206
51.56096022196341
51.68322502566862
51.80547635724021
51.927713474620205
52.04993555503138
52.17214169573931
52.294330914881314
52.41650215236184
52.53865427081389
52.660786056626094
52.7828962210349
52.904983401281086
53.027046161829126
53.149082995648165
53.27109232555326
53.39307250560554
53.51502182256987
53.63693849742892
53.75882068695201
53.88066648531687
54.00247392578287
54.12424098241447
54.245965571853525
54.367645555139255
54.48927873957435
54.61086288063577
54.73239568392895
54.85387480718477
54.975297862298156
55.09666241740663
55.21796599900753
55.33920609411237
55.460380152437295
55.58148558862891
55.702519784524355
55.823480091444736
55.94436383252028
56.065168305046114
56.18589078286689
56.30652851878861
56.427078747016
56.54753868561349
56.66790553898747
56.788176500387664
56.90834875442559
57.02841947960766
57.14838585088083
57.268245042188056
57.38799422903119
57.50763059103904
57.62715131453886
57.74655359513006
57.865834640259244
57.98499167179629
58.104021928610486
58.222922669145056
58.34169117398799
58.460324748437166
58.57882072505729
58.69717646622613
58.81538936666798
58.93345685597203
59.0513764010934
59.169145508834255
59.28676172830311
59.40422265335051
59.52152592497945
59.638669233728855
59.75565032202824
59.8724669865221
59.98911708036239
60.105598515467406
60.22190926474552
60.33804736428225
60.454010915488524
60.569798087207616
60.685407117777956
60.80083631704922
60.91608406834875
61.03114883039551
61.14602913915836
61.260723609655415
61.375230937690944
61.48954990152633
61.603679363481646
61.71761827146467
61.83136566042411
61.9449206537236
62.058282464433645
62.17145039653899
62.28442384605875
62.397202302077226
62.50978534768324
62.622172660816084
62.73436401501635
62.84635928008009
62.958158422615774
63.06976150650387
63.18116869325916
63.29238024229539
63.40339651109229
63.51421795526493
63.62484512853455
63.73527868259975
63.84551936690672
63.95556802831759
64.06542561067585
64.17509315426787
64.2845717951796
64.39386276454758
64.50296738770322
64.61188708321032
64.72062336179641
64.82917782517939
64.93755216479059
65.04574816039639
65.15376767862062
65.26161267137076
65.3692851741705
65.47678730440254
65.58412125946478
65.69128931484437
65.79829382211352
65.9051372068522
66.01182196650194
66.11835066815519
66.22472594628454
66.3309505004151
66.43702709274311
66.54295854570438
66.64874773949595
66.7543976095539
66.8599111439899
66.96529138098856
67.07054140616822
67.17566434990704
67.280663384636
67.38554172210081
67.49030261059465
67.59494933216399
67.69948519978925
67.80391355454208
67.90823776272146
68.01246121297117
68.11658731338095
68.22061948857392
68.32456117678306
68.42841582691894
68.53218689563165
68.6358778443696
68.73949213643688
68.84303323405176
68.94650459540823
69.04990967174196
69.15325190440196
69.25653472192882
69.35976153714036
69.4629357442255
69.56606071584686
69.66913980025261
69.7721763183982
69.87517356107783
69.97813478606606
70.08106321526937
70.18396203188838
70.28683437759248
70.38968334970919
70.49251199843157
70.59532332404702
70.69812027419137
70.80090574113201
70.9036825590834
71.00645350155897
71.109221278764
71.21198853503354
71.31475784631841
71.41753171772139
71.52031258108566
71.6231027926378
71.72590463068668
71.8287202933807
71.93155189652443
72.03440147145581
72.13727096298409
72.24016222738875
72.34307703048013
72.446017045722
72.54898385241735
72.65197893395897
72.75500367614748
72.85805936557941
72.96114718810875
73.06426822738584
73.16742346347658
73.27061377156511
73.37383992074209
73.47710257288114
73.58040228160624
73.68373949135267
73.78711453652446
73.89052764075049
73.99397891624173
74.09746836325209
74.20099586964577
74.30456121057395
74.40816404826293
74.51180393191507
74.6154802977239
74.71919246900458
74.82293965644018
74.92672095844429
75.0305353616395
75.13438174145207
75.23825886282324
75.34216538103769
75.44609984267024
75.55006068665111
75.65404624545042
75.75805474638193
75.8620843130254
75.96613296676682
76.07019862845559
76.17427912017783
76.27837216714542
76.38247539970084
76.4865863554381
76.59070248144016
76.69482113663216
76.79893959425019
76.9030550444238
77.00716459687077
77.11126528370265
77.2153540623393
77.31942781853034
77.42348336948167
77.52751746708473
77.63152680124641
77.73550800331735
77.83945764961673
77.94337226505137
78.04724832682733
78.1510822682519
78.25487048262367
78.35860932720833
78.46229512729757
78.56592418034869
78.66949276020249
78.77299712137697
78.87643350343363
78.97979813541234
79.08308724032996
79.18629703973748
79.28942375832979
79.39246362860125
79.49541289553973
79.59826782135086
79.70102469020365
79.8036798129882
79.90622953207593
80.00867022607211
80.11099831454986
80.21321026275437
80.3153025862657
80.41727185560875
80.51911470079993
80.62082781582079
80.72240796301024
80.82385197736743
80.9251567707572
81.02631933601161
81.1273367509201
81.22820618210152
81.32892488875073
81.42949022625236
81.52989964965455
81.63015071699634
81.73024109248102
81.83016854948833
81.9299309734182
82.02952636435997
82.12895283958174
82.22820863583512
82.32729211147112
82.42620174836371
82.52493615363686
82.62349406119152
82.7218743330295
82.82007596037111
82.91809806456307
83.01593989777335
83.1136008434696
83.21108041667799
83.30837826401932
83.40549416351882
83.50242802418597
83.59917988536233
83.69574991583534
83.79213841271746
83.8883458000904
83.98437262741459
84.0802195677046
84.17588741547343
84.27137708444843
84.36668960506336
84.46182612173061
84.55678788989883
84.65157627290137
84.74619273860151
84.84063885584044
84.93491629069308
85.02902680253669
85.12297223993642
85.21675453635214
85.31037570567196
85.40383783757898
85.49714309275942
85.59029369795974
85.68329194090029
85.77614016505379
85.86884076429737
85.96139617744711
86.0538088826845
86.14608139188465
86.23821624485629
86.33021600350366
86.42208324592093
86.51382056042962
86.60543053956883
86.69691577404672
86.78827884666202
86.87952232620535
86.97064876134993
87.06166067454103
87.15256055589259
87.24335085710015
87.33403398537894
87.42461229743617
87.51508809348638
87.60546361131878
87.695741020426
87.78592241620368
87.87600981422997
87.96600514463432
88.05591024656462
88.14572686276142
88.2354566342475
88.32510109514124
88.41466166760233
88.50413965691757
88.59353624673452
88.68285249445023
88.77208932676297
88.86124753539366
88.95032777298456
89.03933054918127
89.12825622690355
89.21710501880955
89.30587698395857
89.39457202467577
89.48318988362303
89.57173014108048
89.66019221244312
89.7485753459365
89.83687862055535
89.92510094422732
90.01324105220351
90.10129750567751
90.18926869063489
90.27715281693452
90.36494791762186
90.45265184847403
90.54026228777559
90.62777673632422
90.71519251766449
90.80250677854735
90.88971648961262
90.97681844629062
91.0638092699188
91.15068540906907
91.23744314108046
91.32407857379212
91.41058764747072
91.4969661369272
91.58320965381688
91.66931364911636
91.75527341577083
91.84108409150565
91.92674066179598
92.01223796298666
92.09757068555382
92.18273337749963
92.26772044787288
92.35252617040817
92.43714468727751
92.52157001294802
92.60579603813858
92.68981653386822
92.77362515558877
92.85721544739488
92.94058084630456
93.02371468660351
93.10661020424686
93.18926054131146
93.27165875049184
93.35379779963364
93.43567057629946
93.5172698923626
93.59858848862416
93.67961903944865
93.76035415741399
93.84078639797076
93.92090826410708
94.00071221101496
94.08019065075484
94.1593359569141
94.23814046925509
94.31659649834751
94.39469633017973
94.47243223074315
94.54979645058324
94.62678122931027
94.70337880006389
94.77958139392626
94.85538124427887
94.93077059109783
95.00574168518267
95.0802867923137
95.15439819733388
95.22806820815276
95.30128915966986
95.37405341761598
95.44635338231183
95.5181814923427
95.58953022814887
95.66039211553027
95.73075972906418
95.80062569543531
95.86998269667765
95.93882347332726
96.00714082748584
96.07492762579488
96.14217680232105
96.20888136135318
96.27503438011092
96.34062901136554
96.40565848597373
96.47011611532525
96.53399529370506
96.59728950057092
96.65999230274633
96.72209735652814
96.78359840970768
96.84448930350447
96.90476397441194
96.96441645595542
97.02344088036307
97.08183148015075
97.13958258962293
97.19668864629296
97.2531441922257
97.30894387530464
97.36408245042571
97.41855478062075
97.47235583811369
97.52548070531395
97.5779245757509
97.62968275495246
97.6807506612713
97.73112382666147
97.78079789740798
97.8297686348112
97.8780319158278
97.9255837336692
97.97242019835788
98.01853753724082
98.0639320954591
98.10860033637321
98.15253884194361
98.1957443130659
98.23821356986171
98.27994355192537
98.32093131852649
98.36117404876892
98.40066904170622
98.43941371641402
98.47740561201964
98.51464238769005
98.55112182257947
98.58684181573913
98.6218003859925
98.65599567177979
98.68942593097584
98.72208954068479
98.7539849970144
98.78511091483311
98.81546602751233
98.84504918665526
98.87385936181407
98.90189564019737
98.9291572263703
98.95564344194916
98.98135372529121
99.00628763118083
99.0304448305137
99.05382510997968
99.07642837174488
99.0982546331329
99.1193040263041
99.13957679793087
99.15907330886579
99.17779403379994
99.19573956090777
99.21291059147494
99.22930793950523
99.24493253130264
99.25978540502545
99.27386771020893
99.28718070725323
99.29972576687315
99.31150436950723
99.32251810468368
99.33276867034179
99.34225787210708
99.35098762251867
99.35895994020812
99.3661769490294
99.37264087714014
99.37835405603481
99.38331891953054
99.3875380027067
99.39101394079795
99.39374946803943
99.39574741646285
99.39701071464125
99.39754238637963
99.39734554934736
99.39642341364842
99.39477928032497
99.3924165397909
99.38933867019179
99.38554923568822
99.38105188465974
99.37585034782646
99.36994843628676
99.36335003947042
99.35605912300659
99.34807972650648
99.33941596125962
99.33007200784354
99.32005211364603
99.30936059029872
99.29800181102163
99.2859802078776
99.27330026893682
99.25996653535091
99.24598359833576
99.2313560960632
99.21608871046212
99.2001861639296
99.18365321595306
99.16649465964551
99.1487153181956
99.13032004123417
99.11131370111931
99.0917011891431
99.07148741166381
99.05067728616743
99.0292757372616
99.00728769260647
98.98471807878657
98.96157181712881
98.9378538194721
98.91356898389422
98.88872219040157
98.86331829658623
98.83736213325467
98.81085850003099
98.78381216093858
98.75622783996444
98.72811021661
98.69946392143409
98.67029353159235
98.64060356637727
98.6103984827616
98.57968267094914
98.54846044993674
98.5167360630921
98.48451367375363
98.4517973608592
98.41859111461117
98.38489883218593
98.35072431349654
98.31607125701676
98.28094325567413
98.24534379281836
98.20927623827033
98.17274384445848
98.13574974264812
98.09829693926982
98.06038831235294
98.02202660806955
97.983214437394
97.94395427288356
97.90424844558646
97.86409914208326
97.82350840166822
97.7824781136764
97.74101001496348
97.699105687545
97.65676655640124
97.61399388745275
97.57078878571082
97.52715219360556
97.48308488949368
97.4385874863479
97.39366043062972
97.34830400134734
97.30251830929961
97.25630329650795
97.20965873583788
97.1625842308112
97.115079215609
97.06714295526507
97.01877454605011
96.96997291604686
96.9207368259161
96.87106486985334
96.82095547673674
96.7704069114663
96.71941727649465
96.66798451354879
96.61610640554221
96.56378057867623
96.5110045047284
96.4577755035264
96.40409074560527
96.34994725504548
96.29534191248915
96.24027145833149
96.18473249608512
96.12872149591458
96.07223479833833
96.0152686180948
95.9578190481689
95.89988206397588
95.84145352769842
95.78252919277331
95.72310470852328
95.66317562493025
95.60273739754636
95.5417853925408
95.48031489187956
95.4183210986353
95.35579914242332
95.29274408495898
95.22915092573128
95.16501460778697
95.10033002362017
95.0350920211627
94.96929540987053
94.90293496690246
94.83600544338769
94.76850157077847
94.70041806728332
94.63174964437499
94.56249101336724
94.49263689205364
94.42218201140079
94.35112112228799
94.27944900228525
94.20716046246073
94.1342503542094
94.0607135760936
93.98654508068662
93.91173988140989
93.83629305935577
93.76019977008903
93.68345525042017
93.60605482514441
93.52799391374029
93.44926803702052
93.36987282372652
93.28980401705749
93.20905748112423
93.12762920731828
93.04551532058693
92.96271208560498
92.87921591283273
92.79502336445015
92.71013116015652
92.62453618282669
92.53823548401525
92.45122628930167
92.36350600346988
92.2750722155155
92.18592270347484
92.09605543906993
92.00546859216321
91.91416053501611
91.82212984634408
91.72937531516233
91.6358959444167
91.54169095439512
91.4467597859141
91.35110210327515
91.25471779698547
91.1576069862381
91.0597700211472
90.96120748473506
90.86192019466775
90.76190920473734
90.66117580608865
90.55972152818926
90.45754813954103
90.35465764813286
90.25105230163366
90.14673458732535
90.04170723177528
89.93597320024743
89.8295356958521
89.72239815843444
89.61456426320285
89.50603791909714
89.39682326689683
89.28692467707026
89.17634674736541
89.06509430014489
88.95317237946733
88.84058624791908
88.72734138320061
88.61344347447266
88.49889841846732
88.38371231536962
88.26789146447504
88.15144235962862
88.03437168445282
87.91668630737138
87.79839327643606
87.67949981396248
87.56001331098128
87.43994132151192
87.31929155666785
87.19807187860192
87.07629029430234
86.95395494924958
86.83107412094535
86.70765621232374
86.5837097450543
86.45924335274718
86.33426577406986
86.20878584578541
86.08281249572097
85.95635473567448
85.82942165426765
85.70202240975367
85.57416622278798
85.44586236917097
85.31712017257131
85.18794899723797
85.0583582407089
84.92835732652303
84.7979556969418
84.66716280568708
84.53598811070263
84.4044410669462
84.27253111921958
84.14026769504288
84.00766019757985
83.87471799861997
83.74145043162399
83.60786678483906
83.47397629448947
83.33978813804968
83.20531142760625
83.07055520331434
82.93552842695439
82.80023997559405
82.66469863536062
82.52891309532944
82.39289194153284
82.256643651095
82.12017658649674
81.9834989899741
81.84661897805503
81.70954453623867
81.5722835138209
81.43484361887064
81.29723241336089
81.15945730846019
81.02152555999041
80.88344426405669
80.74522035285449
80.60686059065776
80.46837156999229
80.32975970799757
80.19103124298064
80.05219223116464
79.9132485436347
79.77420586348282
79.6350696831532
79.49584530198953
79.35653782398602
79.21715215574461
79.07769300464152
78.93816487720603
78.79857207771381
78.65891870699598
78.51920866146459
78.37944563235438
78.2396331051802
78.09977435940955
77.95987246834984
77.8199302992502
77.67995051361648
77.53993556773862
77.3998877134298
77.25980899897645
77.11970127029925
76.97956617232406
76.83940515056095
76.6992194528893
76.55901013154717
76.41877804532267
76.27852386194441
76.13824806066789
75.99795093505402
75.85763259593621
75.71729297457246
75.57693182597866
75.43654873243878
75.29614310718779
75.15571419826273
75.01526109251682
74.87478271979109
74.73427785723783
74.5937451337901
74.45318303477075
74.31258990663497
74.17196396183937
74.03130328383128
73.89060583215115
73.7498694476406
73.60909185774875
73.46827068193028
73.32740343712845
73.18648754333555
73.04552032922317
72.90449903783446
72.76342083233004
72.62228280177982
72.48108196699326
72.33981528638105
72.19847966184022
72.05707194465526
71.91558894140758
71.77402741988578
71.63238411498878
71.49065573461326
71.34883896551774
71.20693047915528
71.06492693746621
70.92282499862391
70.78062132272667
70.63831257742946
70.49589544350941
70.35336662036035
70.21072283141193
70.06796082946953
69.92507740197156
69.7820693761618
69.63893362417359
69.49566706802288
69.35226668450609
69.20872950999858
69.06505264514969
68.92123325947038
68.77726859580996
68.63315597471812
68.48889279868835
68.34447655627825
68.19990482610301
68.05517528069821
67.91028569024819
67.76523392617683
67.6200179645982
67.4746358896251
67.32908589653378
67.1833662947831
67.03747551088597
66.89141209113026
66.74517470414716
66.5987621433247
66.45217332906552
66.30540731088806
66.15846326937148
66.0113405179446
65.86403850451964
65.71655681297196
65.56889516446657
65.42105341863183
65.27303157458121
65.12482977178465
64.97644829079113
64.82788755380344
64.67914812510597
64.53023071134649
64.38113616167303
64.23186546772658
64.08241976349072
63.93280032499856
63.78300856989849
63.6330460568798
63.482914484959416
63.33261569263086
63.182151656876464
63.031524492044035
62.88073644858914
62.72978991168471
62.57868739970004
62.42743156255121
62.27602517992553
62.12447115938206
61.97277253433045
61.820932461890685
61.66895422063625
61.51684120822348
61.364596938909486
61.21222504096103
61.059729253956235
60.90711342598128
60.75438151072406
60.60153756446688
60.44858574298077
60.295530298324266
60.14237557555022
59.98912600932398
59.83578612045655
59.68236051235597
59.528853867400535
59.37527094323702
59.221616569007274
59.067895641505636
58.91411312126997
58.76027402860934
58.60638343957152
58.45244648185395
58.298468330661656
58.14445420451586
57.990409361016596
57.836339092563385
57.68224872203809
57.52814359845428
57.374029092577416
57.219910592519966
57.06579349931508
56.91168322247239
56.757585175519694
56.60350477153389
56.449447418664874
56.29541851565608
56.14142344736513
55.98746758028818
55.833556258091846
55.67969479715691
55.52588848213878
55.37214256154942
55.21846224336587
55.06485269066996
54.91131901732296
54.75786628367927
54.6044994923431
54.451223583971846
54.29804343312974
54.14496384419589
53.99198954733037
53.839125194501996
53.68637535558138
53.53374451450343
53.381237065503676
53.22885730943271
53.076609450152816
52.92449759102037
52.77252573145772
52.62069776361851
52.46901746914982
52.31748851605418
52.16611445565472
52.01489871966645
51.86384461737667
51.712955332937426
51.562233922772336
51.4116833130996
51.261306297572716
51.11110553504066
50.96108354742868
50.81124271774113
50.661585288187815
50.512113358434966
50.3628288839814
50.21373367466041
50.06482939326819
49.91611755431976
49.76759952293302
49.619276513841875
49.47114959053963
49.3232196645536
49.175487494851474
49.027953687379494
48.880618694731965
48.73348281595199
48.58654619646316
48.43980882813199
48.2932705494608
48.14693104591086
48.0007898503554
47.85484634366273
47.709099755409426
47.56354916472375
47.41819350125925
47.2730315462986
47.12806193398765
46.98328315269984
46.838693546530145
46.69429131691768
46.55007452439482
46.40604109046094
46.26218879957869
46.11851530129089
45.975018112455835
45.831694619598885
45.688542081378124
45.545557631161635
45.40273827971392
45.260080917988624
45.117582320024916
44.97523914594532
44.83304794505275
44.69100515902507
44.54910712520554
44.407350079986784
44.26573016228549
44.12424341710455
43.982885799179044
43.84165317670279
43.70054133513169
43.55954598106037
43.418662746169005
43.27788719123738
43.13721481022334
42.99664103440229
42.85616123656469
42.71577073526829
42.575464799141976
42.43523865123786
42.295087473428175
42.15500641084328
42.01499057634749
41.87503505504913
41.73513490884114
41.5952851809683
41.455480900617665
41.31571708752899
41.175988756621116
41.03629092263055
40.896618604758494
40.75696683132242
40.617330644407396
40.477705104512275
40.33808529518553
40.19846632764569
40.058843345381035
39.91921152872334
39.779566099390934
39.63990232499634
39.500215523513816
39.36050106770233
39.220754389479794
39.080970984244345
38.94114641513886
38.80127631725537
38.66135640177623
38.52138246004898
38.38135036759206
38.24125608802865
38.10109567694593
37.96086528567695
37.820561165002
37.680179668766634
37.539717257413194
37.399170501422525
37.25853608466297
37.117810807643586
36.97699159066877
36.83607547689166
36.69505963526358
36.55394136337707
36.41271809020014
36.27138737869932
36.12994692834874
35.988394577522705
35.84672830576951
35.70494623596416
35.56304663633871
35.42102792238866
35.27888865865363
35.1366275603706
34.99424349499809
34.85173548360966
34.70910270215579
34.56634448259324
34.42346031388131
34.28044984284422
34.137312874898825
33.99404937464702
33.850659466332516
33.70714343416195
33.56350172249047
33.419734935872
33.275843838974204
33.13182935635849
32.98769257212542
32.84343472942579
32.699057229837486
32.55456163260843
32.409949653765814
32.26522316509247
32.120384192970995
31.975434917096017
31.830377669055544
31.6852149307824
31.539949332876976
31.394583652802257
31.24912081295199
31.103563878592784
30.957916055681185
30.812180688556598
30.666361257511003
30.5204613762366
30.374484789152916
30.228435368614953
30.082317112003977
29.936134138702897
29.789890686958557
29.643591110633395
29.49723987584926
29.350841557526167
29.204400835818998
29.057922492455415
28.9114114069784
28.764872552896943
28.618310993748363
28.471731879075744
28.325140440324073
28.17854198665864
28.03194190070897
27.885345634241894
27.73875870376778
27.59218668608394
27.445635213759623
27.29910997056691
27.152616686862153
27.006161134922813
26.859749124244836
26.713386496805434
26.567079122296168
26.42083289333137
26.274653720637065
26.12854752822553
25.982520248560338
25.836577817716762
25.690726170542195
25.544971235821226
25.39931893144997
25.25377515962451
25.108345802048134
24.96303671516212
24.81785372540496
24.672802624504712
24.527889164809196
24.38311905465862
24.238497953805407
24.09403146888597
23.949725148948982
23.805584481044217
23.661614885876258
23.51782171352725
23.37421023925297
23.23078565935641
23.087553087142975
22.944517548961397
22.80168398033437
22.659057222183073
22.51664201714957
22.374443006021217
22.232464724260872
22.090711598646642
21.949187944024864
21.80789796017988
21.66684572882415
21.526035210712003
21.385470242880505
21.245154536020895
21.105091671983534
20.96528510141889
20.82573814155663
20.686453974124905
20.547435643411692
20.408686054470085
20.270207971468952
20.132004016189995
19.99407666667196
19.856428256002715
19.719060971259808
19.581976852599695
19.445177792495656
19.308665535124135
19.172441675899137
19.036507661154275
18.90086478797201
18.76551420415967
18.630456908371652
18.495693750377324
18.36122543147378
18.22705250504276
18.093175377250926
17.959594307892726
17.82630941137492
17.693320657841664
17.560627874439017
17.42823074671734
17.296128820169805
17.164321501904972
17.032808062451274
16.9015876376913
16.770659230923478
16.64002171504844
16.509673834877326
16.379614209559342
16.24984133512576
16.120353587147157
15.991149223500548
15.862226387242819
15.733583109587093
15.6052173129786
15.477126814266473
15.34930932796765
15.221762469618955
15.094483759213507
14.967470624717523
14.840720405663506
14.714230356815593
14.587997651902883
14.46201938741652
14.336292586466273
14.210814202692589
14.085581124229975
13.960590177717506
13.835838132352208
13.711321703981
13.587037559226914
13.462982319645361
13.33915256590623
13.215544841997682
13.092155659447398
12.968981501557165
12.846018827646528
12.723264077301277
12.600713674622494
12.478364032472054
12.356211556710473
12.234252650423112
12.11248371813067
11.990901169979816
11.869501425909897
11.74828091979162
11.627236103533543
11.506363451152376
11.385659462803112
11.265120668765086
11.14474363338018
11.024524958939388
10.904461289514096
10.784549314728473
10.664785773469495
10.545167457531198
10.425691215189692
10.306353954705562
10.187152647750386
10.068084332754102
9.949146118170109
9.830335185655006
9.711648793159942
9.593084277930561
9.474639059412613
9.356310642060397
9.238096618045363
9.119994669862303
9.0020025728307
8.88411819748899
8.766339511879595
8.648664583722693
8.531091582476812
8.413618781284477
8.296244558801284
8.178967400906842
8.061785902296123
7.944698767949865
7.827704814482785
7.710802971368536
7.593992282040551
7.4772719048679885
7.360641114006091
7.2440993001204435
7.12764597098472
7.011280751951706
6.895003386297507
6.778813735439005
6.6627117790246935
6.546697614899062
6.4307714589408915
6.314933644775915
6.199184623364518
6.083524962465292
5.967955345975378
5.852476573148636
5.737089557692806
5.6217953267469705
5.506595019740793
5.3914898871370625
5.276481289059248
5.161570693805834
5.046759676253344
4.932049916150077
4.8174431963027455
4.7029414006582595
4.588546512283001
4.474260611242003
4.360085872380467
4.246024563010157
4.1320790405032355
4.018251749796178
3.9045452208064932
3.790962065765043
3.6775049764668415
3.564176721443213
3.4509801430582656
3.337918154532682
3.224993736897881
3.1122099358836457
2.9995698587423556
2.887076671013003
2.7747335932282273
2.662543897567648
2.550510904460861
2.4386379791435284
2.3269285281700496
2.2153859958863036
2.1040138608659817
1.9928156323140398
1.881794846440867
1.7709550628108095
1.6602998606687003
1.5498328352480408
1.439557594064495
1.3294777531983546
1.2195969335696688
1.1099187572097386
1.0004468435326976
0.8911848056108839
0.7821362464577176
0.6733047553217921
0.5646939039958758
0.4563072431445096
0.34814829865385966
0.24022056800747676
0.13252751669158425
0.025072574633488956
-0.08214086732332376
-0.18910946090388484
-0.29582990384273716
-0.4022989432777857
-0.5085133790936032
-0.6144700672108449
-0.7201659228184821
-0.8255979235456239
-0.9307631125697586
-1.0356586016583222
-1.1402815741405612
-1.2446292878067415
-1.3486990777318255
-1.4524883590208026
-1.5559946294729536
-1.6592154721624102
-1.7621485579324772
-1.8647916478012818
-1.9671425952764006
-2.0691993485761975
-2.1709599527557155
-2.2724225517350707
-2.3735853902283743
-2.474446815571332
-2.5750052794457887
-2.675259339499589
-2.775207660860274
-2.8748490175412473
-2.9741822937391578
-3.07320648502132
-3.1719206994020976
-3.2703241583072935
-3.3684161974257174
-3.4661962674472244
-3.5636639346866246
-3.660818881592957
-3.757660907143764
-3.8541899271241444
-3.9504059742904816
-4.046309198418874
-4.141899866238428
-4.2371783612496925
-4.332145183428653
-4.426800948816812
-4.521146388997952
-4.61518235046233
-4.708909793859115
-4.802329793137983
-4.895443534580896
-4.988252315725188
-5.080757544179198
-5.172960736331765
-5.2648635159570585
-5.3564676127163775
-5.447774860558659
-5.538787196021494
-5.6295066564345495
-5.719935378027393
-5.810075593943842
-5.899929632164977
-5.989499913343032
-6.0787889485484286
-6.167799336932305
-6.25653376330697
-6.3449949956467515
-6.433185882511823
-6.521109350397617
-6.608768401012549
-6.696166108486816
-6.78330561651501
-6.870190135435438
-6.956822939249046
-7.0432073625809535
-7.1293467975876466
-7.215244690812955
-7.300904539995922
-7.386329890833633
-7.471524333702138
-7.556491500338598
-7.641235060487777
-7.725758718516038
-7.810066209996028
-7.89416129826525
-7.97804777096182
-8.061729436540643
-8.14521012077339
-8.228493663235701
-8.311583913785126
-8.394484729033264
-8.477199968815496
-8.559733492661676
-8.642089156271089
-8.724270807994976
-8.80628228532995
-8.888127411425494
-8.969809991608784
-9.051333809929943
-9.132702625730943
-9.213920170241394
-9.294990143204416
-9.375916209535681
-9.45670199601875
-9.537351088039687
-9.617867026363955
-9.698253303958554
-9.778513362862286
-9.858650591107052
-9.938668319692967
-10.018569819620156
-10.09835829897992
-10.178036900107971
-10.25760869680231
-10.337076691608093
-10.416443813171856
-10.495712913667521
-10.574886766296732
-10.653968062865875
-10.7329594114421
-10.811863334090521
-10.890682264694593
-10.969418546861537
-11.048074431914674
-11.126652076974343
-11.20515354312902
-11.283580793698183
-11.361935692588352
-11.44022000274372
-11.5184353846927
-11.596583395191464
-11.674665485965653
-11.752683002551143
-11.830637183234591
-11.908529158094318
-11.986359948142159
-12.064130464566837
-12.141841508079345
-12.219493768360813
-12.297087823613147
-12.374624140212752
-12.452103072467686
-12.52952486247846
-12.606889640102558
-12.684197423022418
-12.761448116916592
-12.83864151573385
-12.915777302069893
-12.992855047646225
-13.069874213890595
-13.146834152618391
-13.223734106814172
-13.30057321151248
-13.377350494776985
-13.454064878776913
-13.530715180959655
-13.607300115318377
-13.683818293753344
-13.760268227525554
-13.836648328801427
-13.912956912287182
-13.989192196951418
-14.065352307834328
-14.141435277941806
-14.217439050222762
-14.293361479627801
-14.369200335247468
-14.444953302528104
-14.520617985563446
-14.596191909459916
-14.67167252277349
-14.747057200015844
-14.822343244227453
-14.897527889615146
-14.972608304251748
-15.047581592835426
-15.122444799506267
-15.197194910717599
-15.271828858159509
-15.34634352173201
-15.420735732565376
-15.49500227608523
-15.56913989511986
-15.643145293047084
-15.717015136977878
-15.790746060973945
-15.864334669296284
-15.937777539681733
-16.01107122664439
-16.08421226479875
-16.15719717220142
-16.230022453708273
-16.302684604344137
-16.3751801126823
-16.447505464231103
-16.51965714482488
-16.59163164401635
-16.66342545846756
-16.735035095336617
-16.806457075657352
-16.877687937709045
-16.94872424037317
-17.01956256647401
-17.09019952609967
-17.160631759899903
-17.230855942357355
-17.300868785028857
-17.370667039753304
-17.44024750182277
-17.509607013113456
-17.578742465172898
-17.64765080226002
-17.71632902433453
-17.784774189992266
-17.852983419343065
-17.920953896827672
-17.98868287397021
-18.056167672062845
-18.123405684779264
-18.190394380713848
-18.25713130584389
-18.323614085912332
-18.389840428728483
-18.45580812638439
-18.521515057384526
-18.5869591886866
-18.652138577651193
-18.71705137389825
-18.78169582106836
-18.846070258486954
-18.910173122729596
-18.97400294908676
-19.03755837292656
-19.100838130954152
-19.16384106236655
-19.226566109901803
-19.28901232078156
-19.351178847546215
-19.413064948782
-19.474669989739546
-19.535993442843598
-19.59703488809368
-19.657794013355392
-19.71827061454227
-19.778464595688384
-19.838375968911873
-19.898004854269868
-19.957351479505387
-20.016416179686882
-20.07519939674135
-20.133701678882215
-20.19192367993342
-20.249866158551395
-20.307529977346586
-20.364916101906385
-20.422025599721092
-20.478859639014768
-20.535419487483022
-20.59170651093991
-20.647722171876307
-20.703468027932114
-20.758945730284733
-20.814157021956174
-20.869103736041023
-20.92378779385724
-20.97821120302144
-21.032376055450168
-21.0862845252888
-21.139938866769665
-21.193341412000944
-21.246494568687876
-21.299400817788023
-21.352062711102587
-21.404482868805996
-21.456663976916115
-21.508608784707274
-21.5603201020685
-21.61180079680953
-21.663053791917246
-21.714082062765083
-21.764888634278048
-21.81547657805588
-21.865849009456767
-21.91600908464396
-21.965959997597466
-22.015704977093137
-22.06524728365163
-22.11459020645954
-22.163737060265206
-22.212691182251532
-22.261455928888054
-22.310034672764388
-22.35843079940723
-22.406647704083483
-22.454688788592435
-22.50255745804985
-22.550257117666987
-22.597791169527753
-22.645163009367323
-22.692376023355635
-22.73943358488914
-22.78633905139408
-22.833095761144605
-22.87970703009917
-22.926176148758614
-22.972506379049335
-23.018700951234834
-23.064763060858994
-23.110695865724537
-23.156502482909886
-23.2021859858272
-23.247749401324214
-23.293195706832464
-23.338527827564334
-23.383748633761556
-23.428860937997783
-23.473867492537877
-23.518770986756337
-23.563574044617283
-23.608279222218627
-23.652889005403196
-23.69740580743955
-23.74183196677508
-23.786169744864097
-23.830421324073555
-23.87458880566892
-23.918674207882773
-23.962679464068557
-24.006606420941793
-24.05045683691101
-24.094232380500372
-24.13793462886572
-24.1815650664057
-24.225125083469283
-24.268615975160987
-24.312038940244765
-24.355395080147407
-24.39868539806209
-24.441910798152737
-24.485072084859684
-24.528169962307278
-24.571205033814056
-24.61417780150605
-24.657088666033633
-24.69993792639251
-24.74272577984927
-24.78545232197199
-24.828117546766197
-24.870721346916316
-24.9132635141326
-24.95574373960314
-24.99816161455026
-25.040516630890284
-25.08280818199596
-25.125035563560903
-25.167197974565415
-25.209294518342876
-25.251324203745884
-25.29328594641105
-25.335178570120934
-25.377000808261545
-25.418751305373423
-25.460428618794413
-25.502031220392315
-25.5435574983858
-25.58500575925179
-25.626374229717346
-25.667661058833932
-25.708864320131813
-25.74998201385198
-25.791012069253004
-25.831952346990324
-25.872800641565522
-25.91355468384292
-25.954212143630816
-25.99477063232455
-26.03522770560848
-26.075580866213773
-26.115827566728928
-26.155965212460178
-26.195991164338796
-26.235902741872213
-26.27569722613571
-26.31537186280112
-26.354923865198902
-26.394350417409886
-26.43364867738301
-26.472815780075358
-26.51184884061083
-26.550744957454064
-26.58950121559598
-26.62811468974754
-26.666582447538126
-26.70490155271525
-26.743069068342315
-26.781082059990915
-26.818937598924457
-26.85663276526997
-26.894164651174968
-26.931530363946386
-26.968727029168626
-27.00575179379768
-27.042601829228225
-27.07927433433067
-27.115766538455055
-27.15207570439869
-27.188199131334407
-27.22413415769639
-27.259878164020186
-27.295428575733574
-27.33078286589494
-27.365938557875772
-27.40089322798385
-27.435644508023806
-27.47019008779187
-27.504527717501666
-27.538655210137897
-27.572570443734797
-27.606271363576347
-27.63975598431542
-27.67302239200952
-27.706068746070848
-27.738893281128462
-27.771494308800406
-27.803870219373856
-27.83601948339156
-27.867940653143272
-27.899632364061198
-27.93109333601887
-27.962322374533123
-27.993318371869115
-28.024080308048575
-28.05460725176149
-28.084898361181153
-28.1149528846829
-28.144770161467072
-28.174349622086872
-28.203690788881595
-28.232793276315554
-28.261656791223196
-28.290281132960978
-28.31866619346652
-28.34681195722566
-28.37471850114806
-28.402385994351953
-28.42981469785871
-28.457004964197743
-28.483957236922542
-28.51067205003877
-28.537150027345454
-28.563391881690272
-28.5893984141401
-28.61517051306796
-28.640709153157495
-28.66601539432613
-28.69109038056822
-28.715935338719582
-28.740551577144963
-28.76494048435034
-28.78910352752228
-28.813042250996567
-28.836758274658358
-28.860253292275893
-28.8835290697699
-28.906587443420953
-28.92943031801729
-28.9520596649456
-28.974477520227502
-28.996685982504196
-29.01868721097201
-29.040483423271233
-29.062076893330747
-29.083469949170983
-29.10466497066769
-29.12566438727898
-29.14647067573832
-29.167086357716407
-29.187513997454822
-29.207756199374295
-29.227815605660304
-29.247694893828616
-29.267396774273344
-29.286923987800087
-29.306279303146475
-29.325465514492315
-29.34448543896149
-29.363341914117704
-29.382037795456277
-29.400575953894354
-29.4189592732616
-29.43719064779352
-29.455272979629562
-29.473209176317987
-29.491002148329493
-29.508654806581653
-29.52617005997623
-29.543550812951473
-29.56079996305123
-29.577920398512752
-29.594914995875136
-29.611786617610584
-29.628538109780486
-29.645172299718404
-29.66169199374206
-29.67809997489615
-29.694399000727707
-29.71059180109591
-29.72668107601796
-29.74266949355259
-29.758559687722816
-29.77435425647976
-29.79005575970921
-29.805666717282683
-29.82118960715487
-29.836626863509444
-29.85198087495518
-29.867253982774052
-29.88244847922291
-29.897566605890198
-29.912610552108895
-29.9275824534267
-29.942484390134517
-29.957318385854045
-29.97208640618532
-29.986790357414655
-30.001432085283305
-30.016013373817422
-30.030535944219842
-30.045001453824106
-30.059411495111014
-30.07376759478813
-30.08807121293244
-30.102323742196454
-30.116526507078184
-30.130680763255377
-30.144787696984274
-30.158848424563296
-30.17286399186198
-30.186835373915493
-30.200763474584896
-30.214649126283454
-30.22849308976918
-30.242296054004008
-30.256058636079864
-30.269781381211708
-30.283464762797557
-30.29710918254539
-30.31071497066673
-30.324282386136638
-30.33781161701986
-30.351302780862845
-30.36475592515128
-30.378171027832558
-30.391547997902585
-30.404886676056257
-30.418186835400967
-30.431448182232423
-30.444670356872187
-30.457852934566482
-30.470995426445533
-30.484097280542663
-30.49715788287238
-30.51017655856659
-30.52315257306801
-30.536085133379707
-30.548973389369813
-30.561816435130133
-30.574613310387427
-30.58736300196599
-30.60006444529983
-30.612716525992532
-30.62531808142318
-30.637867902396515
-30.650364734835584
-30.662807281515306
-30.675194203835126
-30.687524123629224
-30.69979562501268
-30.712007256261924
-30.724157531727794
-30.736244933779684
-30.748267914779202
-30.76022489908163
-30.772114285063648
-30.783934447175536
-30.79568373801612
-30.807360490428263
-30.81896301961285
-30.830489625259187
-30.84193859368946
-30.85330820001462
-30.86459671029925
-30.875802383732857
-30.886923474805112
-30.897958235482403
-30.90890491738315
-30.9197617739492
-30.930527062610363
-30.941199046939342
-30.951775998794428
-30.96225620044765
-30.972637946696178
-30.98291954695466
-30.993099327326288
-31.00317563265062
-31.013146828526228
-31.023011303306273
-31.032767470065206
-31.042413768534825
-31.05194866700796
-31.061370664207995
-31.070678291122217
-31.07987011279695
-31.088944730092546
-31.097900781396216
-31.10673694429104
-31.115451937179667
-31.124044520861386
-31.13251350006126
-31.140857724910173
-31.14907609237454
-31.157167547634568
-31.165131085409964
-31.17296575123211
-31.180670642661706
-31.18824491045083
-31.195687759648248
-31.202998450646927
-31.21017630017263
-31.217220682212652
-31.224131028883928
-31.230906831239817
-31.23754764001478
-31.244053066306204
-31.250422782192825
-31.256656521288985
-31.262754079234465
-31.268715314119557
-31.274540146845364
-31.280228561419502
-31.28578060518728
-31.291196388998284
-31.296476087308545
-31.30161993821869
-31.306628243448237
-31.311501368246063
-31.31623974123712
-31.320843854205542
-31.325314261814377
-31.32965158126219
-31.333856491876837
-31.3379297346467
-31.34187211168986
-31.3456844856619
-31.349367779103112
-31.35292297372589
-31.35635110964298
-31.359653284537522
-31.36283065277575
-31.365884424463324
-31.36881586444627
-31.37162629125725
-31.374317076007934
-31.376889641228125
-31.379345459652534
-31.381686052956574
-31.38391299044263
-31.38602788767823
-31.388032405087777
-31.389928246499487
-31.391717157649303
-31.393400924643508
-31.394981372381515
-31.396460362940324
-31.397839793921655
-31.39912159676276
-31.400307735011772
-31.401400202568475
-31.402401021891386
-31.403312242172056
-31.404135937477484
-31.404874204861606
-31.40552916244686
-31.406102947476846
-31.406597714340812
-31.407015632571095
-31.407358884814293
-31.40762966477711
-31.407830175148028
-31.40796262549619
-31.408029230149076
-31.408032206050642
-31.40797377060195
-31.40785613948662
-31.407681524483472
-31.407452131268506
-31.407170157208462
-31.406837789148476
-31.40645720119621
-31.40603055250491
-31.405559985057685
-31.405047621455246
-31.404495562709336
-31.403905886044264
-31.40328064270863
-31.40262185579933
-31.401931518100177
-31.40121158993727
-31.40046399705323
-31.399690628502263
-31.39889333456798
-31.398073924706118
-31.397234165514384
-31.396375778731873
-31.395500439270613
-31.394609773281836
-31.393705356259396
-31.392788711183094
-31.39186130670455
-31.390924555378454
-31.389979811942105
-31.389028371645843
-31.388071468637115
-31.387110274401287
-31.386145896262313
-31.385179375946386
-31.38421168821167
-31.383243739547332
-31.382276366945028
-31.38131033674616
-31.38034634356807
-31.379385009312006
-31.37842688225557
-31.377472436232342
-31.376522069901018
-31.37557610610624
-31.37463479133307
-31.37369829525692
-31.372766710390426
-31.371840051828475
-31.37091825709233
-31.370001186073427
-31.369088621077044
-31.368180266965584
-31.36727575140107
-31.366374625186598
-31.36547636270608
-31.364580362461357
-31.363685947705353
-31.362792367170005
-31.361898795887715
-31.36100433610476
-31.360108018285064
-31.35920880220262
-31.35830557812081
-31.35739716805678
-31.356482327128663
-31.355559744983356
-31.354628047302572
-31.353685797384845
-31.352731497800864
-31.35176359211933
-31.350780466700673
-31.34978045255581
-31.3487618272669
-31.34772281696708
-31.346661598375977
-31.345576300888002
-31.344465008710348
-31.34332576304742
-31.342156564328423
-31.340955374474778
-31.339720119203935
-31.338448690366267
-31.337138948311736
-31.33578872428301
-31.33439582283187
-31.33295802425589
-31.33147308705215
-31.32993875038453
-31.328352736561772
-31.326712753523214
-31.325016497329205
-31.323261654653198
-31.321445905272487
-31.31956692455474
-31.317622385937614
-31.31560996339893
-31.313527333914852
-31.311372179903504
-31.309142191651336
-31.306835069719586
-31.304448527328322
-31.301980292715843
-31.299428111471332
-31.296789748838865
-31.294062991990973
-31.291245652269982
-31.288335567395382
-31.28533060363559
-31.282228657942387
-31.279027660046655
-31.275725574513917
-31.272320402758073
-31.268810185011706
-31.265193002251397
-31.26146697807666
-31.257630280541367
-31.25368112393669
-31.249617770524583
-31.24543853222092
-31.241141772227326
-31.236725906610918
-31.23218940583114
-31.227530796213035
-31.2227486613662
-31.217841643548798
-31.212808444976037
-31.207647829072375
-31.202358621666622
-31.19693971212887
-31.191390054448437
-31.185708668252193
-31.179894639762598
-31.173947122695143
-31.16786533909489
-31.161648580111905
-31.15529620671551
-31.148807650347397
-31.14218241351377
-31.13542007031693
-31.128520266926916
-31.121482721993903
-31.114307227001962
-31.106993646564593
-31.09954191866233
-31.091952054822784
-31.08422414024345
-31.0763583338575
-31.06835486834298
-31.060214050075714
-31.05193625902625
-31.04352194860131
-31.03497164543016
-31.026285949096078
-31.0174655318133
-31.008511138049997
-30.999423584097812
-30.99020375758859
-30.98085261695887
-30.97137119086294
-30.961760577534832
-30.952021944099656
-30.942156525834875
-30.93216562538241
-30.922050611912184
-30.911812920237523
-30.901454049882815
-30.89097556410387
-30.88037908886149
-30.869666311748816
-30.858838980872818
-30.847898903690194
-30.836847945797885
-30.825688029678574
-30.814421133401495
-30.80304928927903
-30.79157458247967
-30.77999914959797
-30.768325177182206
-30.756554900220365
-30.7446906005852
-30.732734605438864
-30.720689285597658
-30.708557053857263
-30.69634036327882
-30.684041705436087
-30.671663608623774
-30.659208636027344
-30.646679383854647
-30.634078479430073
-30.621408579252076
-30.608672367014876
-30.595872551595576
-30.58301186500792
-30.570093060324112
-30.557118909566285
-30.54409220156917
-30.53101573981577
-30.51789234024794
-30.50472482905367
-30.491516040432757
-30.478268814342627
-30.46498599422621
-30.451670424723503
-30.438324949368464
-30.424952408272944
-30.41155563579916
-30.398137458222422
-30.384700691385618
-30.371248138346957
-30.35778258702261
-30.344306807826012
-30.330823551305553
-30.31733554578248
-30.30384549499102
-30.290356075722553
-30.276869935475712
-30.26338969011452
-30.249917921536888
-30.236457175356076
-30.223009958597668
-30.209578737414784
-30.196165934824318
-30.18277392846714
-30.16940504839506
-30.156061574887485
-30.142745736300963
-30.1294597069551
-30.11620560505845
-30.10298549067816
-30.089801363757072
-30.076655162181975
-30.063548759906563
-30.05048396513244
-30.037462518551404
-30.024486091652005
-30.011556285092905
-29.998674627145345
-29.985842572206746
-29.973061499387267
-29.960332711170803
-29.94765743215167
-29.935036807848217
-29.922471903594424
-29.909963703510453
-29.897513109553
-29.88512094064627
-29.87278793189436
-29.860514733875743
-29.848301912020627
-29.836149946072037
-29.82405922963157
-29.812030069790904
-29.80006268684998
-29.788157214122645
-29.77631369783047
-29.764532097085077
-29.75281228395941
-29.741154043648475
-29.72955707471989
-29.71802098945447
-29.706545314277104
-29.69512949027789
-29.683772873823397
-29.672474737257897
-29.661234269694244
-29.65005057789413
-29.638922687237436
-29.62784954278042
-29.616830010402435
-29.605862878040693
-29.594946857012797
-29.584080583426395
-29.573262619675216
-29.562491456020535
-29.551765512256974
-29.54108313946112
-29.530442621821248
-29.519842178546565
-29.50927996585396
-29.49875407903026
-29.488262554568006
-29.477803372372545
-29.467374458038147
-29.456973685190814
-29.44659887789528
-29.436247813123668
-29.425918223282974
-29.415607798798458
-29.40531419074993
-29.39503501355777
-29.384767847715477
-29.374510242565158
-29.364259719112177
-29.354013772875284
-29.34376987676854
-29.333525484011155
-29.323278031061257
-29.31302494056954
-29.302763624348877
-29.29249148635612
-29.282205925682412
-29.271904339548264
-29.261584126299688
-29.251242688401625
-29.240877435424984
-29.23048578702356
-29.220065175897027
-29.209613050736046
-29.199126879146014
-29.188604150546077
-29.17804237903986
-29.167439106254484
-29.15679190414449
-29.146098377757234
-29.135356167956793
-29.124562954103546
-29.113716456686923
-29.10281443990906
-29.09185471421734
-29.080835138783847
-29.06975362392999
-29.05860813349475
-29.04739668714479
-29.03611736262446
-29.024768297943417
-29.013347693499647
-29.001853814135963
-28.990284991128085
-28.97863962410228
-28.96691618288083
-28.955113209253888
-28.943229318676295
-28.931263201888193
-28.919213626457868
-28.907079438245354
-28.894859562785435
-28.882553006588587
-28.87015885835843
-28.857676290124296
-28.845104558287865
-28.832443004582906
-28.81969105694734
-28.80684823030706
-28.793914127270803
-28.78088843873551
-28.767770944401555
-28.754561513197196
-28.741260103611644
-28.7278667639362
-28.714381632412888
-28.700804937290435
-28.687136996787395
-28.673378218962405
-28.659529101491366
-28.645590231351385
-28.63156228441151
-28.617446024930196
-28.603242304959487
-28.588952063655746
-28.574576326496903
-28.560116204406462
-28.545572892784385
-28.530947670444995
-28.516241898462347
-28.50145701892354
-28.48659455359084
-28.471656102473734
-28.45664334231211
-28.441558024972043
-28.426401975755542
-28.41117709162612
-28.395885339352194
-28.38052875357022
-28.365109434769554
-28.34962954720118
-28.334091316712207
-28.318497028507867
-28.302849024842775
-28.287149702643323
-28.271401511063065
-28.255606948973
-28.239768562388722
-28.223888941836496
-28.207970719660242
-28.19201656727157
-28.176029192345116
-28.160011335961574
-28.143965769701058
-28.127895292689747
-28.1118027286027
-28.09569092262584
-28.079562738380307
-28.063421054812725
-28.04726876305506
-28.03110876325812
-28.014943961402853
-27.9987772660939
-27.982611585339985
-27.96644982332575
-27.95029487717949
-27.93414963374102
-27.918016966333827
-27.90189973154543
-27.885800766019603
-27.869722883264107
-27.853668870477495
-27.83764148539837
-27.82164345318049
-27.805677463297005
-27.78974616647699
-27.773852171677593
-27.757998043095117
-27.742186297218186
-27.726419399926048
-27.71069976363532
-27.695029744498356
-27.67941163965611
-27.66384768454816
-27.648340050282656
-27.632890841068928
-27.617502091715522
-27.602175765196336
-27.586913750287607
-27.571717859278465
-27.556589825757754
-27.541531302479655
-27.526543859310408
-27.51162898125847
-27.49678806659
-27.4820224250316
-27.46733327606168
-27.452721747291804
-27.43818887293935
-27.423735592392575
-27.4093627488692
-27.395071088169374
-27.380861257524003
-27.36673380453928
-27.3526891762381
-27.33872771819935
-27.324849673795995
-27.311055183532943
-27.297344284485604
-27.283716909840393
-27.270172888538298
-27.256711945022573
-27.24333369909155
-27.23003766585734
-27.21682325581125
-27.20368977499686
-27.1906364252915
-27.177662304796655
-27.164766408337584
-27.151947628072605
-27.139204754212443
-27.126536475849832
-27.113941381899593
-27.101417962149014
-27.088964608418394
-27.076579615831633
-27.064261184196795
-27.05200741949625
-27.03981633548611
-27.0276858554044
-27.01561381378741
-27.003597958393385
-26.991635952232343
-26.97972537570041
-26.96786372881681
-26.956048433561307
-26.94427683630991
-26.932546210366212
-26.920853758585736
-26.90919661609064
-26.897571853072122
-26.885976477678014
-26.8744074389829
-26.86286163003811
-26.85133589099877
-26.83982701232489
-26.828331738053407
-26.816846769137552
-26.80536876684968
-26.793894356243438
-26.78242012967075
-26.770942650348953
-26.759458455973427
-26.747964062371036
-26.73645596718975
-26.724930653619648
-26.713384594140447
-26.701814254290863
-26.69021609645503
-26.678586583661254
-26.666922183388376
-26.65521937137518
-26.643474635428273
-26.631684479223704
-26.619845426097523
-26.60795402282076
-26.596006843354385
-26.584000492579914
-26.57193161000134
-26.559796873413855
-26.54759300253482
-26.53531676259257
-26.522964967868884
-26.510534485190984
-26.49802223736901
-26.48542520657514
-26.47274043766043
-26.45996504140572
-26.447096197703043
-26.434131158664254
-26.421067251653877
-26.407901882243006
-26.39463253708146
-26.38125678668538
-26.36777228813767
-26.354176787698858
-26.340468123325987
-26.326644227097002
-26.312703127538324
-26.29864295185345
-26.284461928050714
-26.270158386968372
-26.25573076419516
-26.241177601884967
-26.226497550464213
-26.211689370230655
-26.196751932842286
-26.18168422269525
-26.16648533818974
-26.151154492883077
-26.13569101652936
-26.120094356005207
-26.104364076120927
-26.08849986031677
-26.07250151124381
-26.056368951229242
-26.0401022226259
-26.023701488045898
-26.00716703047851
-25.990499253292338
-25.97369868012188
-25.95676595463885
-25.939701840208723
-25.92250721943324
-25.905183093579577
-25.887730581896985
-25.870150920821654
-25.852445463070662
-25.834615676625727
-25.816663143607823
-25.79858955904393
-25.78039672952738
-25.762086571773406
-25.743661111071585
-25.725122479637033
-25.70647291486244
-25.687714757472943
-25.668850449585957
-25.649882532678188
-25.63081364546178
-25.611646521671528
-25.592383987764883
-25.57302896053647
-25.553584444648514
-25.534053530078772
-25.514439389487556
-25.494745275505572
-25.47497451794444
-25.45513052093198
-25.43521675997436
-25.41523677894724
-25.39519418701837
-25.375092655504027
-25.354935914661915
-25.334727750423404
-25.314472001068275
-25.294172553845435
-25.27383334154316
-25.253458339012404
-25.23305155964666
-25.212617051821944
-25.192158895300558
-25.171681197602275
-25.15118809034663
-25.130683725569973
-25.110172272020996
-25.0896579114383
-25.06914483481355
-25.048637238643515
-25.028139321174272
-25.00765527864055
-24.98718930150317
-24.96674557068726
-24.94632825382387
-24.92594150149798
-24.905589443505498
-24.88527618512216
-24.865005803387383
-24.844782343406358
-24.8246098146738
-24.8044921874231
-24.784433389004498
-24.764437300295775
-24.74450775214921
-24.724648521878628
-24.704863329790463
-24.685155835762508
-24.66552963587386
-24.64598825908947
-24.62653516400251
-24.607173735637637
-24.587907282318092
-24.56873903259943
-24.54967213227282
-24.530709641440684
-24.51185453166754
-24.493109683208974
-24.474477882321384
-24.455961818655044
-24.437564082732923
-24.41928716351767
-24.4011334460689
-24.38310520929291
-24.365204623787026
-24.347433749780624
-24.32979453517469
-24.312288813681608
-24.294918303067238
-24.27768460349701
-24.260589195987723
-24.243633440966466
-24.226818576937962
-24.210145719261323
-24.19361585903717
-24.177229862105907
-24.160988468157957
-24.144892289956818
-24.12894181267588
-24.11313739334985
-24.09747926044155
-24.08196751352502
-24.066602123085648
-24.051382930437786
-24.03630964776018
-24.021381858249544
-24.006599016392432
-23.991960448355673
-23.97746535249563
-23.96311279998655
-23.94890173556836
-23.934830978414215
-23.92089922311779
-23.907105040800094
-23.89344688033542
-23.879923069696094
-23.866531817415467
-23.85327121416889
-23.84013923447218
-23.82713373849693
-23.81425247400161
-23.801493078376996
-23.788853080804234
-23.776329904523653
-23.76392086921216
-23.751623193466788
-23.739433997391945
-23.72735030528769
-23.71536904843605
-23.703487067982326
-23.69170111790827
-23.68000786809377
-23.66840390746363
-23.6568857472159
-23.64544982412811
-23.634092503937627
-23.622810084792025
-23.611598800765638
-23.600454825438096
-23.58937427553089
-23.57835321459793
-23.567387656766005
-23.55647357052108
-23.54560688253635
-23.53478348153816
-23.523999222206005
-23.513249929102944
-23.502531400632837
-23.491839413020973
-23.481169724314714
-23.47051807840045
-23.459880209033305
-23.449251843875988
-23.43862870854308
-23.42800653064724
-23.41738104384392
-23.406747991871118
-23.396103132580738
-23.385442241958277
-23.37476111812747
-23.364055585336747
-23.353321497924544
-23.342554744260312
-23.331751250658286
-23.320906985261146
-23.31001796189058
-23.29908024386178
-23.288089947758962
-23.277043247168947
-23.265936376369964
-23.254765633972553
-23.24352738650971
-23.23221807197349
-23.220834203295297
-23.209372371767174
-23.19782925040134
-23.186201597225036
-23.174486258507656
-23.162680171917017
-23.15078036960169
-23.138783981196084
-23.12668823674501
-23.11449046954452
-23.10218811889608
-23.089778732771364
-23.077259970384702
-23.064629604670202
-23.051885524660648
-23.039025737765442
-23.02604837194461
-23.012951677775803
-22.99973403041126
-22.986393931421603
-22.97293001052303
-22.95934102718458
-22.94562587211216
-22.93178356860632
-22.917813273790856
-22.903714279709632
-22.88948601428909
-22.875128042164178
-22.860640065365615
-22.846021923866672
-22.831273595987554
-22.81639519865577
-22.80138698752107
-22.786249356924074
-22.770982839717803
-22.755588106941374
-22.74006596734536
-22.72441736676852
-22.70864338736591
-22.692745246688744
-22.67672429661677
-22.660582022144112
-22.644320040019764
-22.62794009724415
-22.611444069423627
-22.59483395898509
-22.57811189325328
-22.56128012239371
-22.544341017224113
-22.527297066897333
-22.510150876459008
-22.492905164283385
-22.475562759390826
-22.45812659865065
-22.44059972387312
-22.422985278794485
-22.405286505959012
-22.387506743501874
-22.369649421836485
-22.351718060249894
-22.333716263409812
-22.315647717787144
-22.297516187998113
-22.279325513069992
-22.26107960263427
-22.24278243305112
-22.22443804346902
-22.20605053182355
-22.18762405077966
-22.169162803621802
-22.150671040096242
-22.132153052210114
-22.11361316999178
-22.095055757217025
-22.076485207105733
-22.057905937993624
-22.039322388983535
-22.0207390155805
-22.00216028531484
-21.983590673357536
-21.965034658132208
-21.946496716928277
-21.927981321520132
-21.90949293379718
-21.891036001409827
-21.87261495343655
-21.85423419607694
-21.835898108375556
-21.817611037981106
-21.799377296945504
-21.78120115756722
-21.763086848283404
-21.74503854961493
-21.72706039016843
-21.709156442699435
-21.691330720240597
-21.673587172298976
-21.655929681126462
-21.63836205806741
-21.620888039987346
-21.60351128578638
-21.586235373000886
-21.56906379449681
-21.551999955257752
-21.535047169270893
-21.51820865651369
-21.501487540044177
-21.484886843197398
-21.46840948689042
-21.45205828703821
-21.435835952082424
-21.41974508063505
-21.403788159238854
-21.387967560246363
-21.3722855398192
-21.35674423604966
-21.341345667206053
-21.326091730103155
-21.310984198599083
-21.29602472221971
-21.281214824911455
-21.266555903923244
-21.25204922881836
-21.237695940616913
-21.223497051069454
-21.20945344206198
-21.1955658651522
-21.18183494123677
-21.168261160348873
-21.15484488158536
-21.14158633316266
-21.128485612600638
-21.115542687033393
-21.102757393645884
-21.090129440235113
-21.077658405894606
-21.065343741820822
-21.05318477223987
-21.041180695453118
-21.02933058500035
-21.01763339093905
-21.006087941238075
-20.994692943284047
-20.98344698549864
-20.97234853906475
-20.96139595975954
-20.95058748989241
-20.939921260345965
-20.92939529271821
-20.919007501564135
-20.908755696735124
-20.89863758581428
-20.888650776645573
-20.87879277995459
-20.86906101205845
-20.859452797662396
-20.849965372740694
-20.840595887499386
-20.831341409418553
-20.822198926371765
-20.81316534982032
-20.804237518079457
-20.79541219965385
-20.78668609663948
-20.77805584818891
-20.769518034036633
-20.761069178081254
-20.75270575202121
-20.744424179040617
-20.73622083754172
-20.7280920649202
-20.720034161379612
-20.712043393781027
-20.70411599952406
-20.696248190455304
-20.68843615680036
-20.68067607111548
-20.6729640922547
-20.66529636934815
-20.657669045787042
-20.650078263210627
-20.642520165490634
-20.634990902708704
-20.62748663512262
-20.620003537117224
-20.612537801136067
-20.60508564158992
-20.597643298738387
-20.590207042540708
-20.582773176471914
-20.575338041300295
-20.567898018822046
-20.560449535548923
-20.552989066344917
-20.54551313800793
-20.53801833279287
-20.53050129187265
-20.522958718733616
-20.515387382501967
-20.507784121197783
-20.500145844913316
-20.4924695389122
-20.484752266646336
-20.476991172687388
-20.469183485569953
-20.461326520543604
-20.45341768223123
-20.445454467190853
-20.43743446637809
-20.42935536750637
-20.421214957302208
-20.413011123652847
-20.404741857643966
-20.396405255485103
-20.387999520320513
-20.37952296392306
-20.37097400826844
-20.36235118698722
-20.353653146692274
-20.344878648179055
-20.33602656749617
-20.327095896883982
-20.318085745579175
-20.308995340483484
-20.299824026695156
-20.29057126790179
-20.281236646633296
-20.271819864373903
-20.262320741532342
-20.252739217269585
-20.24307534918382
-20.23332931285251
-20.223501401231836
-20.21359202391367
-20.20360170624057
-20.19353108827932
-20.183380923653893
-20.173152078238765
-20.162845528713923
-20.15246236098327
-20.1420037684587
-20.131471050212532
-20.12086560900145
-20.11018894916527
-20.09944267440435
-20.088628485439564
-20.077748177558966
-20.066803638055525
-20.05579684356031
-20.044729857275662
-20.033604826112942
-20.022423977739642
-20.011189617540687
-19.99990412549878
-19.988569952998695
-19.977189619560512
-19.96576570950686
-19.954300868569256
-19.94279780043866
-19.931259263265652
-19.919688066115192
-19.908087065381046
-19.89645916116465
-19.884807293623062
-19.873134439290432
-19.861443607377375
-19.849737836052448
-19.838020188709557
-19.826293750225098
-19.81456162320874
-19.80282692425161
-19.791092780175667
-19.779362324287753
-19.76763869264193
-19.755925020313676
-19.744224437689446
-19.732540066775137
-19.720875017526915
-19.709232384207873
-19.697615241774038
-19.686026642293122
-19.674469611399395
