3.595895740931504
3.657521513613774
3.719832932541729
3.782835575242144
3.846534894810136
3.9109362132395296
3.976044714814822
4.041865439573716
4.108403276849118
4.175662958899388
4.243649054635566
4.312365963454136
4.3818179091838
4.452008934154544
4.522942893397135
4.594623448980965
4.667054064497947
4.740237999699969
4.814178305297163
4.888877817924071
4.964339155280493
5.040564711453594
5.117556652427605
5.1953169117872555
5.273847186620767
5.353148933627995
5.433223365439024
5.514071447148209
5.595693893068413
5.678091163709885
5.76126346298789
5.845210735662838
5.929932665016345
6.0154286707663545
6.101697907224151
6.188739261695759
6.27655135312989
6.365132531014277
6.454480874521893
6.544594191908142
6.635470020159739
6.7271056248957315
6.8194980005207775
6.912643870630537
7.006539688668707
7.101181638834935
7.196565637242498
7.292687333324315
7.389542111485453
7.487125093000016
7.585431138149893
7.684454848602563
7.784190570024819
7.8846323949290005
7.985774165748027
8.087609478135223
8.190131684484642
8.293333897667432
8.39720899497954
8.501749622295865
8.606948198425695
8.712796919664068
8.819287764533552
8.926412498710723
9.03416268013145
9.142529664268919
9.251504609578275
9.3610784831016
9.471242066226786
9.581985960593784
9.693300594141604
9.80517622728931
9.917602959244094
10.030570734429405
10.144069349026028
10.25808845761897
10.372617579943057
10.487646107720114
10.603163311580591
10.719158348062553
10.835620266680825
10.95253801705916
11.069900456118267
11.18769635531273
11.305914407909775
11.424543236303002
11.543571399354143
11.662987399756055
11.782779691410221
11.902936686812277
12.02344676443908
12.144298276130948
12.26547955446284
12.386978920098354
12.508784689120457
12.630885180333035
12.75326872252752
12.875923661708923
12.998838368275697
13.12200124414805
13.245400729839218
13.369025311464384
13.492863527682076
13.616903976563009
13.741135322381355
13.865546302323454
13.99012573310907
14.114862517520452
14.239745650834696
14.364764227155067
14.489907445637176
14.615164616606098
14.740525167560753
14.865978649061978
14.99151474050081
15.11712325574377
15.242794148652116
15.36851751847221
15.494283615094254
15.620082844176716
15.74590577213379
15.871743130983456
15.997585823053763
16.123424925545134
16.249251694946746
16.375057571305216
16.500834182343862
16.626573347430945
16.752267081395246
16.87790759818742
17.00348731438561
17.128998852543887
17.254435044382276
17.379788933817125
17.50505377983073
17.630223059179315
17.755290468938515
17.88024992888572
18.005095583718404
18.129821805107685
18.254423193586536
18.378894580272277
18.503231028423148
18.627427834828868
18.75148053103525
18.87538488440301
18.999136899001194
19.122732816335677
19.246169115913453
19.36944251564315
19.49254997207239
19.61548868046253
19.738256074701436
19.86084982705503
19.983267847758523
20.10550828444809
20.227569521434074
20.349450178817076
20.471149111448195
20.59266540773487
20.713998388293987
20.835147604454022
20.95611283660793
21.07689409241857
21.19749160487845
21.31790583022581
21.43813744571881
21.55818734726947
21.678056646939243
21.79774667029807
21.917258953649057
22.03659524112101
22.155757481631074
22.27474782571969
22.393568622259952
22.512222415043603
22.63071193924592
22.749040117772104
22.867210057488002
22.985225045337963
23.10308854435241
23.220804189547643
23.338375783720558
23.455807293141056
23.573102843144834
23.69026671362921
23.807303334454797
23.92421728075608
24.04101326816423
24.15769614794557
24.274270902058912
24.390742638135418
24.50711658438452
24.62339808442978
24.73959259207855
24.855705666029237
24.97174296452009
25.087710239923595
25.203613333290676
25.31945816884864
25.435250748456767
25.55099714602345
25.66670350188905
25.782376017178212
25.898020948125396
26.01364460037728
26.129253323275965
26.244853504126542
26.3604515624527
26.476053944243933
26.591667116198202
26.707297559963983
26.822951766385664
26.93863622975612
27.05435744208031
27.170121887353666
27.28593603585886
27.4018063384843
27.517739221067664
27.633741078767738
27.749818270467838
27.86597711321414
27.982223876692043
28.098564777743714
28.215005974929905
28.331553563139263
28.44821356824809
28.564991941833622
28.68189455594387
28.79892719792707
28.91609556532407
29.033405260826868
29.15086178730681
29.26847054291605
29.38623681626592
29.504165781685685
29.622262494565007
29.74053188678357
29.858978762231178
29.97760779242157
30.096423512203135
30.215430315569595
30.33463245157404
30.45403402034947
30.573638969238974
30.69345108903875
30.813474010357087
30.93371120009235
31.054165958032833
31.174841413581312
31.295740522607026
31.416866064427474
31.53822063892253
31.659806663783378
31.78162637189869
31.903681808880613
32.025974830733
32.1485071016644
32.27128009204839
32.39429507653376
32.51755313230678
32.64105513750753
32.764801769801586
32.88879350510829
33.01303061648643
33.13751317317865
33.26224103981592
33.3872138757835
33.51243113474901
33.63789206435318
33.7635957060635
33.88954089519042
34.01572626106589
34.142150227383084
34.26881101269608
34.39570663107783
34.52283489293491
34.65019340597759
34.7777795763442
34.905590609878644
35.03362351355979
35.16187509708145
35.29034197458121
35.41902056651615
35.54790710168333
35.67699761938285
35.806287971721524
35.93577382605502
36.065450667566544
36.1953138019798
36.325358358403825
36.455579292307185
36.58597138861867
36.716529264951895
36.847247374951245
36.978120011756424
37.10914131158275
37.240305257414
37.371605682804635
37.5030362757881
37.63459058288745
37.766262013225024
37.89804384272738
38.02992921842209
38.16191116282314
38.29398257840185
38.42613625214037
38.558364860164914
38.69066097245641
38.82301705763561
38.95542548781967
39.087878543547475
39.22036841877136
39.35288722591284
39.48542700098048
39.61797970874724
39.750537247984624
39.88309145675086
40.015634117730514
40.148156963622824
40.28065168257589
40.41310992366314
40.54552330239815
40.677883406283826
40.810181800391746
40.94241003296773
41.074559641059786
41.206622156164464
41.33858910988736
41.47045203961304
41.602202494179984
41.73383203955641
41.86533226451301
41.99669478628821
42.12791125624168
42.25897336549114
42.389872850528015
42.520601498807174
42.65115115430613
42.78151372304942
42.91168117859318
43.041645567464776
43.17139901455264
43.30093372844116
43.43024200668581
43.559316241023716
43.68814892251446
43.81673264660604
43.945060118121134
44.07312415615898
44.20091769890858
44.32843380836884
44.45566567497211
44.582606622107605
44.70925011054162
44.835589742731415
44.961619267029604
45.087332581775726
45.21272373927171
45.33778694963779
45.462516584545696
45.58690718082623
45.710953443948526
45.83465025136847
45.95799265574321
46.080975888008865
46.20359536031866
46.32584666883888
46.44772559639977
46.569228114998616
46.690350388152346
46.8110887730977
46.93143982283697
47.051400288027416
47.170967118713
47.290137465896684
47.40890868295167
47.52727832686997
47.645244159346696
47.76280414769837
47.87995646561375
47.99669949373645
48.113031820078724
48.2289522402662
48.34445975761371
48.45955358303291
48.574233134772435
48.68849803799127
48.80234812416597
48.915783430332276
49.028804198162504
49.14141087288027
49.25360410201506
49.36538473399901
49.47675381660821
49.58771259525048
49.69826251110186
49.80840519909418
49.91814248575599
50.02747638690943
50.13640910522571
50.244943027642364
50.35308072264479
50.46082493741511
50.56817859485159
50.6751447904619
50.78172678913393
50.88792802178722
50.993752081908156
51.09920272197172
51.20428384975253
51.30899952452785
51.41335395317503
51.51735148616609
51.62099661346275
51.72429396031493
51.827248282965066
51.92986446426085
52.03214750917932
52.13410254026525
52.235734792987564
52.337049611017115
52.438052441429996
52.53874882984042
52.63914441546775
52.739244926141744
52.83905617325053
52.93858404663559
53.0378345094386
53.13681359290502
53.23552739114883
53.33398205588299
53.43218379112012
53.530138847847816
53.62785351868326
53.72533413251109
53.822587049108854
53.91961865376374
54.016435351884304
54.11304356361098
54.20944971842932
54.3056602497897
54.401681589737
54.49752016355423
54.593182384424566
54.68867464811639
54.78400332769611
54.87917476827313
54.97419528178092
55.06907114179826
55.163808578414276
55.258413773141356
55.352892853880135
55.44725188994063
55.541496887123586
55.63563378286621
55.729668441455786
55.823606649314755
55.91745411036102
56.0112164414477
56.10489916788579
56.19850771905318
56.292047424093724
56.38552350771012
56.478941086054036
56.57230516271683
56.665620624824
56.75889223923669
56.85212464886389
56.94532236908932
57.038489784316276
57.13163114463392
57.22475056260745
57.31785201019428
57.41093931578805
57.50401616139228
57.59708607992601
57.69015245266424
57.78321850681598
57.87628731324289
57.969361784321926
58.06244467195503
58.1555385657289
58.24864589122708
58.34176890849627
58.434909710668556
58.5280702227412
58.62125220051572
58.71445722969812
58.80768672516191
58.90094193037586
58.99422391699809
59.08753358463823
59.18087166078916
59.27423870092943
59.367635088797414
59.46106103683806
59.55451658682287
59.64800161064383
59.74151581128169
59.835058723949174
59.92862971740911
60.02222799546658
60.11585259863446
60.209502405971335
60.30317613709073
60.396872354340616
60.49058946515217
60.584325724556976
60.678079237871515
60.771847963547515
60.86562971618636
60.959422169715225
61.05322286072206
61.14702919194579
61.24083843591748
61.334647738748146
61.428454124058796
61.52225449704853
61.61604564869638
61.7098242600923
61.803586906892725
61.89733006389597
61.991050109732306
62.084743331663084
62.17840593048303
62.27203402551985
62.365623659724896
62.45917080484899
62.55267136669696
62.646121190454814
62.73951606608379
62.832851733775534
62.92612388946228
63.019328190375724
63.11246026064865
63.20551569695372
63.298490074174005
63.39137895110063
63.48417787615276
63.57688239311601
63.669488046894216
63.76199038927005
63.85438498466918
63.94666741592293
64.03883329002404
64.1308782438699
64.22279794998802
64.31458812223865
64.4062445214888
64.49776296125258
64.5891393132918
64.68036951317042
64.7714495657563
64.86237555066349
64.95314362762836
65.0437500418132
65.13419112903044
65.22446332088104
65.31456314980055
65.40448725400698
65.49423238234486
65.58379539902022
65.67317328822126
65.7623631586191
65.8513622477427
65.94016792622288
66.02877770190001
66.11718922379065
66.20540028590788
66.29340883093015
66.38121295371332
66.46881090464149
66.55620109281222
66.6433820890527
66.7303526287634
66.81711161458543
66.90365811888762
66.98999138607019
67.07611083468123
67.16201605934248
67.2477068324805
67.3331831058602
67.41844501191832
67.50349286489512
67.58832716176306
67.67294858295185
67.75735799286969
67.84155644022093
67.92554515811975
68.00932556399931
68.09289925931654
68.176268029053
68.25943384101282
68.3423988449195
68.42516537131445
68.50773593026025
68.59011320985161
68.67230007453662
68.75429956325075
68.83611488736511
68.91774942845092
68.99920673586206
69.08049052413793
69.16160467022854
69.24255321054426
69.32334033783258
69.40397039788468
69.48444788607435
69.56477744373217
69.64496385435825
69.72501203967727
69.80492705553945
69.88471408767191
69.96437844728439
70.04392556653534
70.12336099386482
70.20269038920117
70.28191951904762
70.3610542514549
70.44010055088542
70.51906447297496
70.59795215919816
70.67676983144374
70.75552378650549
70.83422039049482
70.91286607318024
70.99146732225906
71.07003067756627
71.14856272522492
71.22707009174259
71.30555943805872
71.38403745354755
71.46251084998086
71.54098635545485
71.61947070828485
71.69797065087091
71.7764929235379
71.85504425835389
71.93363137293018
72.01226096420596
72.09093970222075
72.169674223879
72.24847112671257
72.32733696264775
72.40627823178347
72.48530137618782
72.56441277372024
72.64361873188734
72.72292548173967
72.80233917181677
72.88186586214802
72.96151151831573
73.04128200558814
73.1211830831298
73.2012203982966
73.2813994810228
73.36172573830704
73.44220444880393
73.5228407575266
73.60363967066537
73.68460605052799
73.7657446106062
73.84705991077375
73.92855635261994
74.0102381749232
74.09210944926942
74.17417407581947
74.25643577923007
74.3388981047316
74.42156441436659
74.50443788339295
74.58752149685576
74.67081804633143
74.75433012684802
74.83806013398454
74.92201026115289
75.0061824970654
75.09057862339179
75.17520021260893
75.26004862604552
75.34512501212484
75.43043030480848
75.51596522224426
75.60173026562151
75.68772571823658
75.77395164477113
75.86040789078513
75.94709408242565
76.03400962635223
76.12115370987917
76.20852530133445
76.29612315063352
76.38394579006578
76.47199153529093
76.56025848654278
76.64874453003821
76.73744733958856
76.82636437841003
76.91549290112968
77.00482995598256
77.09437238719667
77.18411683756162
77.27405975117571
77.36419737636592
77.45452576877389
77.54504079460193
77.63573813401283
77.72661328467765
77.81766156546539
77.90887812026719
78.0002579219483
78.0917957764203
78.18348632682634
78.27532405783299
78.36730330002214
78.45941823437735
78.5516628968596
78.64403118306743
78.73651685297679
78.82911353575591
78.92181473465004
79.01461383193075
79.10750409390377
79.20047867596926
79.29353062772813
79.38665289812897
79.47983834065107
79.57307971852012
79.66636970995282
79.75970091342694
79.85306585297448
79.9464569834955
80.03986669609
80.13328732340548
80.22671114499767
80.32013039270211
80.413537256014
80.50692388747322
80.60028240805158
80.69360491253858
80.78688347492229
80.8801101537617
80.97327699754713
81.06637605004447
81.15939935561867
81.25233896453186
81.3451869382112
81.43793535448206
81.53057631276157
81.6231019392079
81.71550439182043
81.80777586548605
81.89990859696773
81.99189486983208
82.08372701931226
82.17539743710255
82.26689857608231
82.3582229549671
82.44936316288407
82.54031186386975
82.63106180128919
82.72160580217518
82.81193678148644
82.90204774628351
82.99193179982079
83.08158214555452
83.17099209106651
83.26015505190252
83.34906455532426
83.43771424397367
83.52609787944799
83.61420934578426
83.70204265285166
83.7895919396501
83.87685147751414
83.96381567322167
84.05047907200684
84.13683636047641
84.22288236942869
84.30861207657311
84.39402060914823
84.47910324643452
84.56385542215865
84.64827272678541
84.7323509096933
84.81608588123014
84.89947371464471
84.98251064789063
85.06519308529867
85.14751759911347
85.22948093089097
85.31107999275297
85.39231186849541
85.47317381454762
85.55366326077852
85.63377781114569
85.71351524418309
85.79287351332367
85.87185074705484
85.95044524890407
86.0286554972531
86.10648014497848
86.18391801891799
86.26096811916317
86.33762961817875
86.41390185975136
86.48978435777097
86.56527679484917
86.64037902077835
86.71509105083622
86.78941306394005
86.86334540065603
86.93688856106984
87.01004320252376
87.0828101372259
87.1551903297369
87.22718489433997
87.29879509230032
87.3700223290184
87.44086815108197
87.51133424322164
87.58142242517418
87.65113464845864
87.72047299306995
87.78943966409405
87.85803698824905
87.92626741035745
87.99413348975371
88.0616378966307
88.12878340832854
88.1955729055686
88.26200936863573
88.32809587351151
88.3938355879611
88.45923176757672
88.52428775178122
88.58900695979433
88.65339288656524
88.71744909867515
88.78117923021351
88.84458697863134
88.90767610057422
88.97045040769738
89.03291376246499
89.09507007393482
89.1569232935294
89.21847741079465
89.27973644914753
89.34070446161421
89.40138552655979
89.46178374341046
89.5219032283678
89.58174811011553
89.64132252551836
89.70063061531322
89.7596765197927
89.81846437448199
89.87699830580912
89.93528242676835
89.99332083257592
90.05111759631812
90.10867676459155
90.16600235313477
90.22309834245173
90.2799686734272
90.33661724293357
90.39304789942808
90.44926443854045
90.50527059865009
90.56107005645207
90.61666642251144
90.67206323680567
90.72726396425456
90.78227199023728
90.83709061609703
90.8917230546334
90.94617242558171
91.00044175107892
91.0545339511168
91.1084518389823
91.16219811668644
91.21577537038296
91.26918606577975
91.32243254354533
91.3755170147134
91.42844155608894
91.48120810566
91.53381845801981
91.58627425980454
91.63857700515199
91.69072803118739
91.74272851354304
91.79457946191916
91.84628171569362
91.89783593958906
91.9492426194057
92.00050205782917
92.05161437032119
92.10257948110073
92.15339711922273
92.20406681476092
92.2545878951008
92.30495948134862
92.35518048486185
92.40524960390539
92.45516532043834
92.50492589703535
92.5545293739469
92.60397356630287
92.65325606146277
92.70237421651584
92.7513251559337
92.80010576937897
92.84871270967287
92.89714239092493
92.94539098682796
92.99345442912133
93.04132840622626
93.08900836205643
93.13648949500859
93.18376675713895
93.23083485353263
93.27768824187396
93.324321132226
93.37072748702641
93.41690102130755
93.46283520314839
93.50852325436503
93.55395815144672
93.5991326267434
93.64403916991111
93.68867002962074
93.73301721553455
93.77707250055502
93.82082742334941
93.86427329115176
93.90740118284359
93.95020195231345
93.99266623209584
94.03478443728974
94.07654676975616
94.1179432225932
94.15896358488678
94.19959744673471
94.23983420454121
94.27966306657854
94.31907305881256
94.35805303098843
94.39659166297221
94.43467747134454
94.47229881624216
94.50944390844333
94.54610081669213
94.58225747525611
94.61790169171283
94.65302115496056
94.68760344344909
94.72163603362569
94.75510630859057
94.78800156695647
94.8203090319058
94.8520158604392
94.88310915280849
94.91357596212626
94.94340330414477
94.97257816719659
95.00108752228978
95.02891833334884
95.05605756759265
95.08249220603984
95.10820925413152
95.13319575246051
95.15743878759572
95.18092550298918
95.20364310995247
95.22557889868888
95.24672024936747
95.26705464322431
95.2865696736771
95.3052530574392
95.32309264561839
95.34007643478601
95.35619257800256
95.3714293957856
95.38577538700515
95.39921923969196
95.41174984174422
95.4233562915186
95.43402790829187
95.44375424257949
95.45252508629797
95.46033048275838
95.4671607364789
95.47300642280523
95.47785839732815
95.48170780508731
95.48454608955076
95.48636500136077
95.487156606836
95.48691329622075
95.48562779167214
95.4832931549774
95.47990279499386
95.4754504748043
95.46993031858092
95.46333681815106
95.45566483925707
95.44690962750231
95.43706681397607
95.42613242055013
95.41410286483956
95.40097496482129
95.38674594310346
95.37141343083893
95.35497547127677
95.33743052294672
95.31877746247079
95.29901558699652
95.27814461624604
95.25616469417656
95.23307639024853
95.20888070029963
95.18357904702378
95.15717328005547
95.12966567565951
95.10105893602685
95.07135618817682
95.04056098246627
95.00867729070518
94.97570950387836
94.94166242947227
94.90654128840737
94.87035171157669
94.83309973599154
94.79479180053573
94.75543474133093
94.71503578671633
94.6736025518473
94.63114303291837
94.58766560101668
94.54317899561244
94.49769231769386
94.45121502255432
94.4037569122408
94.35532812767298
94.30593914044374
94.25560074431161
94.2043240463965
94.15212045809159
94.09900168570385
94.04497972083533
93.9900668305176
93.93427554711224
93.87761865798899
93.82010919499425
93.76176042372146
93.70258583259607
93.64259912178687
93.58181419195584
93.52024513285919
93.45790621181213
93.39481186203004
93.3309766708583
93.26641536790275
93.2011428130724
93.13517398454682
93.0685239666797
93.00120793785088
92.93324115827902
92.86463895780757
92.79541672367729
92.72558988829933
92.655173917044
92.5841842960596
92.51263652013556
92.44054608062304
92.36792845342534
92.29479908706973
92.22117339087201
92.14706672320521
92.07249437988382
91.99747158267591
91.92201346795575
91.846135075508
91.76985133749388
91.69317706758856
91.61612695029878
91.53871553046842
91.4609572029804
91.38286620266278
91.304456594408
91.22574226351314
91.14673690625004
91.06745402067342
90.98790689767502
90.90810861229072
90.82807201526762
90.74780972489717
90.6673341191196
90.5866573279051
90.50579122591594
90.42474742545247
90.34353726968564
90.26217182617873
90.18066188069955
90.09901793132477
90.01725018283688
89.93536854141453
89.85338260961728
89.77130168166585
89.68913473901912
89.60689044624863
89.52457714721086
89.44220286151884
89.35977528131289
89.2773017683302
89.19478935127157
89.11224472346399
89.02967424081695
88.94708392007138
88.86447943733984
88.78186612693563
88.69924898048876
88.61663264634674
88.53402142925668
88.45141929032596
88.36882984725835
88.28625637486269
88.20370180583191
88.12116873179016
88.03865940460572
87.95617573796905
87.87371930923474
87.79129136152598
87.70889280609903
87.62652422496525
87.54418587376655
87.46187768489973
87.37959927088413
87.29734992796843
87.21512863997295
87.13293408236451
87.05076462656076
86.96861834446055
86.8864930131963
86.80438612010336
86.72229486790174
86.64021618008566
86.55814670651661
86.4760828292158
86.39402066835193
86.31195608841917
86.2298847046011
86.14780188931753
86.06570277894981
85.9835822807412
85.90143507986774
85.81925564667485
85.73703824407416
85.65477693509366
85.57246559057491
85.49009789701064
85.40766736451657
85.32516733493016
85.24259099002917
85.1599313598615
85.0771813311784
84.99433365596303
84.91138096004647
84.82831575180307
84.74513043091815
84.66181729722041
84.57836855957089
84.49477634479888
84.41103270667634
84.32712963492315
84.24305906423444
84.15881288332173
84.07438294396013
83.98976107003341
83.90493906656809
83.81990872874769
83.73466185089842
83.64919023543746
83.56348570177431
83.47754009515518
83.39134529543958
83.30489322579967
83.21817586133398
83.13118523758749
83.04391345897068
82.95635270707078
82.86849524884929
82.78033344471987
82.691859756501
82.60306675523793
82.51394712888873
82.42449368986934
82.33469938245184
82.2445572900101
82.15406064210754
82.06320282142279
81.97197737050793
81.88037799837251
81.78839858688728
81.6960331970016
81.6032760747688
81.51012165717349
81.41656457775467
81.32259967201968
81.22822198264429
81.13342676445448
81.0382094891854
80.94256585001322
80.84649176585616
80.74998338544104
80.65303709113071
80.55564950250765
80.45781747970953
80.35953812651324
80.26080879316417
80.16162707894863
80.06199083450768
79.96189816389129
79.86134742635112
79.76033723787098
79.65886647243438
79.55693426302831
79.45454000238395
79.3516833434554
79.24836419963786
79.14458274472734
79.04033941262433
78.93563489678398
78.83047014941575
78.72484638043508
78.61876505616985
78.5122278978242
78.40523687970276
78.29779422719841
78.18990241454875
78.08156416236531
77.97278243493983
77.86356043733153
77.75390161223876
77.64380963665891
77.53328841834033
77.42234209203068
77.31097501552696
77.19919176553262
77.08699713332655
76.97439612024979
76.86139393301548
76.7479959788478
76.63420786045637
76.52003537085281
76.40548448801596
76.29056136941162
76.17527234637166
76.05962391833722
75.94362274697161
75.82727565014747
75.71058959581373
75.59357169574739
75.47622919919533
75.35856948641182
75.24060006209763
75.12232854874739
75.00376267991257
74.8849102933877
74.76577932432777
74.64637779830424
74.52671382430778
74.40679558770388
74.28663134314799
74.1662294074654
74.04559815250128
73.92474599794606
73.80368140414198
73.68241286487758
73.5609489001766
73.4392980490879
73.31746886248318
73.19546989586952
73.07330970222377
72.95099682485643
72.82853979031252
72.7059471013177
72.58322722977819
72.46038860984261
72.33743963103412
72.21438863145984
72.09124389110475
71.96801362521622
71.84470597778564
71.7213290151334
71.59789071960303
71.47439898336974
71.35086160236882
71.22728627034861
71.10368057305347
70.98005198254192
70.85640785164527
70.73275540857185
70.60910175166214
70.48545384429974
70.36181850998241
70.23820242755755
70.1146121266263
69.99105398311985
69.86753421505159
69.7440588784491
69.62063386346938
69.49726489070014
69.37395750764989
69.25071708542993
69.12754881563029
69.00445770739185
68.88144858467723
68.75852608374356
68.63569465082008
68.51295853999278
68.39032181129704
68.26778832901886
68.14536176020437
68.02304557337726
67.90084303746329
67.77875722092148
67.65679099108257
67.53494701369635
67.41322775268867
67.29163547012934
67.17017222641164
67.0488398806441
66.92764009125483
66.80657431680845
66.68564381703538
66.56484965407265
66.44419269391437
66.32367360807052
66.20329287543176
66.08305078433874
65.96294743485315
65.84298274122783
65.72315643457317
65.60346806571691
65.4839170082539
65.36450246178184
65.2452234553184
65.12607885089527
65.00706734732516
64.88818748413762
64.76943764567993
64.65081606537875
64.53232083015818
64.41394988500996
64.29570103771026
64.17757196367721
64.05956021096237
63.941663205369125
63.82387825568945
63.70620255905014
63.58863320635878
63.471167187840464
63.35380139865576
63.236532644590895
63.119357647810986
63.00227305266712
62.885275431547804
62.76836129076501
62.651527076465335
62.53476918055694
62.41808394664313
62.301467675953724
62.184916633266006
62.06842705280733
61.95199514413199
61.835617097965134
61.719289092006626
61.6030072966876
61.48676788087247
61.37056701749922
61.254400889151874
61.138265693559596
61.022157649016755
60.90607299971888
60.79000802100942
60.67395902453203
60.55792236328338
60.44189443656174
60.32587169480675
60.20985064432617
60.093827851905786
59.97779994929945
59.861763637596624
59.74571569146477
59.629652963264135
59.51357238703255
59.39747098233758
59.28134585799299
59.16519421563666
59.04901335316694
58.932800668035014
58.81655366039095
58.70026993608113
58.58394720949522
58.467583306261275
58.35117616578784
58.234723843651715
58.11822451382934
58.00167647077031
57.88507813131175
57.768428036432475
57.65172485284622
57.5349673744329
57.41815452350689
57.301285351921955
57.18435904201251
57.06737490737097
56.950332393461075
56.833231078067705
56.716070671583644
56.598851017133846
56.48157209053803
56.36423400011258
56.24683698631334
56.12938142122131
56.011867807873344
55.894296779439756
55.77666909825116
55.658985654676215
55.54124746585241
55.42345567427181
55.30561154622366
55.187716470095964
55.069771954538865
54.95177962649264
54.83374122908312
54.71565861938741
54.59753376607286
54.47936874691233
54.36116574617979
54.24292705192967
54.12465505316346
54.00635223688739
53.88802118506465
53.76966457146586
53.651285158421395
53.532885793479245
53.414469405971836
53.2960390034956
53.17759766830728
53.05914855364103
52.94069487995046
52.822239931079885
52.70378705036888
52.58533963669442
52.4669011404547
52.3484750594987
52.230064935005494
52.111674347317724
51.99330691173407
51.87496627426515
51.75665610735723
51.63838010558783
51.52014198133804
51.40194546044643
51.283794277849324
51.16569217321296
51.04764288656236
50.929650153911666
50.81171770290115
50.6938492484461
50.57604848840265
50.45831909925505
50.34066473182958
50.223089007040414
50.10559551167307
49.9881877942106
49.8708693607071
49.75364367071227
49.63651413325078
49.5194841028595
49.402556875686166
49.285735685652575
49.1690237006864
49.052424019025516
48.93593966559876
48.819573588486655
48.70332865546458
48.58720765063088
48.471213271122274
48.35534812391966
48.239614722747824
48.12401548507318
48.008552729204034
47.89322867149786
47.77804542367976
47.663004990276406
47.54810926616925
47.43336003427025
47.31875896332359
47.20430760583643
47.09000739614173
46.975859648595176
46.861865555908295
46.748026187619004
46.63434248870111
46.52081527831392
46.40744524869318
46.29423296418416
46.18117886041783
46.0682832436306
45.95554629012854
45.84296804589626
45.730548426351035
45.618287216242756
45.50618406970015
45.39423851042361
45.28244993202501
45.1708175985136
45.05934064492741
44.948018078108966
44.83684877762423
44.725831496822856
44.61496486403738
44.504247383918916
44.39367743890646
44.28325329082717
44.17297308262474
44.062834840213306
43.952836474453626
43.84297578324871
43.73325045375598
43.62365806471352
43.514196088878094
43.40486189557228
43.295652753337805
43.18656583269237
43.07759820898704
42.96874686536128
42.860008695792516
42.7513805082377
42.642859027864034
42.53444090036575
42.42612269536423
42.31790090988787
42.20977197192806
42.10173224406694
41.99377802717234
41.885905564155934
41.778111043790176
41.670390604580035
41.56274033868485
41.455156295885814
41.347634487594995
41.240170890901275
41.132761452649355
41.02540209354779
40.918088712302016
40.81081718976818
40.70358339312363
40.596383180049735
40.489212402922554
40.382066913007314
40.2749425646526
40.167835219480104
40.06074075056565
39.953655046607274
39.84657401607617
39.73949359134601
39.632409732796326
39.52531843288542
39.41821572018883
39.31109766339963
39.203960375286805
39.09680001660821
38.98961279997464
38.88239499366132
38.77514292536314
38.66785298588958
38.56052163279635
38.45314539395066
38.34572087102738
38.23824474293316
38.130713769155605
38.02312479303437
37.91547474495168
37.80776064543933
37.69997960819866
37.592128843030096
37.484205658668785
37.37620746552331
37.268131778314725
37.15997621861298
37.05173851726754
36.94341651672912
36.8350081732601
36.72651155903092
36.617924864100736
36.50924639828006
36.40047459287346
36.29160800230034
36.182645305591684
36.07358530776049
35.96442694104423
35.85516926601793
35.745811472576754
35.63635288078701
35.52679294160476
35.41713123746133
35.307367482715115
35.19750152396936
35.08753334025514
34.977463043079275
34.86729087633686
34.75701721608877
34.646642570204136
34.536167577868156
34.425593008955644
34.314919763271206
34.20414886965719
34.09328148497076
33.9823188929314
33.871262502839954
33.76011384817042
33.64887458503591
33.53754649053059
33.42613146094942
33.31463150988793
33.20304876622379
33.091385471982164
32.97964398008716
32.86782675200217
32.755936355262094
32.64397546090012
32.531946840771916
32.41985336477975
32.30769799799972
32.19548379771518
32.08321391035968
31.97089156837273
31.858520086971815
31.74610286084458
31.633643360764943
31.521145130137278
31.40861178147218
31.29604699279738
31.183454504007294
31.07083811315504
30.958201672690755
30.845549085650237
30.732884301797913
30.620211313728294
30.50753415293052
30.394856885820634
30.282183609746074
30.169518448966972
30.0568655506187
29.944229080660126
29.83161321981196
29.719022159489654
29.606460097735393
29.49393123515351
29.381439770853675
29.268989898406303
29.156585801814614
29.04423165150773
28.93193160035905
28.81968977973405
28.707510295571453
28.595397224501834
28.483354610007392
28.371386458626414
28.25949673620583
28.147689364205217
28.035968216055704
27.924337113577433
27.812799823459255
27.701360053804063
27.590021450743148
27.478787595122846
27.367661999266552
27.256648103814776
27.145749274645915
27.03496879988038
26.924309886970555
26.81377565987888
26.703369156346362
26.593093325253655
26.482951024076876
26.372945016440273
26.263077969767554
26.153352453033538
26.04377093461773
25.93433578026148
25.825049251130228
25.71591350198216
25.606930579444427
25.498102420398116
25.38943085047345
25.280917582656603
25.172564216009278
25.064372234501974
24.95634300596194
24.848477781136893
24.74077769287561
24.63324375542635
24.525876863853767
24.418677793575
24.311647200015187
24.204785618382573
24.098093463563288
23.9915710301357
23.88521849250378
23.779035905148984
23.673023202999953
23.56718020191934
23.46150659930714
23.356001974819744
23.250665791203712
23.14549739524315
23.040496018819734
22.935660780084415
22.830990684739838
22.72648462743262
22.62214139325456
22.51795965935144
22.41393799663802
22.310074871617722
22.206368648305805
22.10281759025448
21.999419862678444
21.896173534678972
21.79307658156454
21.690126887265695
21.587322246841712
21.484660369076625
21.38213887916216
21.27975532146498
21.17750716237565
21.07539179323665
20.973406533346594
20.871548633037794
20.769815276824165
20.668203586616375
20.566710625000827
20.465333398578863
20.36406886136264
20.2629139182239
20.161865428392176
20.06092020899895
19.960075038664556
19.859326661124115
19.75867178888906
19.658107106940477
19.55762927645044
19.457234938527435
19.356920717981822
19.2566832271073
19.156519069474182
19.056424843730394
18.95639714740606
18.85643258071759
18.756527750367024
18.656679273332582
18.556883780646228
18.457137921154082
18.35743836525567
18.257781808617803
18.15816497585899
18.058584624200527
17.95903754708035
17.85952057772584
17.76003059268188
17.660564515290396
17.561119319117473
17.461692031324226
17.362279735977843
17.26287957729938
17.1634887628448
17.064104566615804
16.96472433209683
16.8653454752148
16.76596548721834
16.666581937473314
16.567192476171574
16.46779483694994
16.368386839416306
16.268966391580054
16.16953149218408
16.070080232935883
15.970610800635173
15.871121479195908
15.771610651560652
15.672076801505286
15.57251851533225
15.47293448345073
15.373323501842478
15.273684473412061
15.174016409220599
15.07431842960213
14.974589765161966
14.874829757656443
14.775037860753626
14.675213640674626
14.575356776715337
14.475467061648557
14.375544402006552
14.275588818244158
14.1756004447826
14.075579529934398
13.975526435709707
13.87544163750449
13.775325723670942
13.675179394970694
13.575003463911566
13.474798853968702
13.374566598691183
13.274307840695323
13.174023830546028
13.073715925527644
12.973385588305696
12.873034385481041
12.772663986038019
12.67227615968833
12.57187277511239
12.471455798100044
12.371027289592595
12.270589403628142
12.170144385192293
12.069694567976304
11.969242372044738
11.868790301414752
11.768340941549344
11.667896956766885
11.567461087569388
11.467036147891879
11.366625022275432
11.26623066296658
11.165856086945938
11.065504372889139
10.965178658063211
10.864882135161496
10.764618049080285
10.66438969364063
10.56420040825877
10.46405357456861
10.363952612999654
10.263900979313945
10.16390216110568
10.063959674267265
9.964077059425575
9.864257878352275
9.76450571035201
9.664824148632276
9.565216796658742
9.465687264499845
9.366239165164412
9.266876110936149
9.167601709708844
9.068419561326177
8.96933325392999
8.870346360320783
8.771462434334156
8.672685007236888
8.57401758414627
8.475463640476386
8.37702661841503
8.278709923434945
8.18051692084299
8.08245093237074
7.984515232810054
7.886713046697053
7.78904754504797
7.691521842150244
7.594138992412118
7.496901987274056
7.399813752185166
7.302877143647824
7.2060949463335975
7.1094698702734975
7.013004548125576
6.916701532522797
6.820563293503991
6.724592216030596
6.6287905975918475
6.533160645900966
6.437704476684803
6.342424111569331
6.247321476063265
6.152398397641976
6.05765660393383
5.963097721010905
5.868723271785989
5.774534674517653
5.680533241425081
5.586720177414215
5.493096578916627
5.399663432842472
5.3064216156487225
5.213371892523723
5.120514916688917
5.027851228818362
4.9353812565765605
4.843105314275033
4.751023602647881
4.659136208746493
4.567443105953394
4.475944154115126
4.384639099793855
4.293527576637266
4.202609105866165
4.111883096879086
4.021348847973047
3.9310055471794865
3.8408522732142263
3.750887996540205
3.6611115805416126
3.571521782807964
3.482117256526558
3.392896551981654
3.303858118158598
3.2150003044510385
3.1263213624693047
3.0378194479479066
2.9494926227500455
2.8613388569669373
2.7733560311096412
2.6855419383909713
2.597894287095004
2.510410703031644
2.423088732073628
2.3359258427732796
2.2489194290562837
2.1620668129896683
2.0753652476211486
1.988811919886935
1.9024039535850736
1.8161384124113569
1.7300123030548078
1.6440225783496978
1.5581661404810019
1.47243984424015
1.3868405003278856
1.3013648787010086
1.2160097119597566
1.1307716987725376
1.0456475073347016
0.960633778858016
0.875727131087487
0.7909241618421505
0.7062214525764401
0.6216155719587217
0.5371030794635852
0.4526805289744702
0.36834447239321877
0.2840914632531437
0.19991806033221152
0.11582083126294944
0.03179635613570314
-0.05215876890811106
-0.13604792809609437
-0.2198744824616059
-0.30364176630043993
-0.38735308365069676
-0.4710117047990739
-0.5546208628167699
-0.6381837501281626
-0.7217035151153879
-0.8051832587619046
-0.8886260313380907
-0.9720348291318619
-1.0554125912272592
-1.138762196333914
-1.2220864596702457
-1.305388129903192
-1.3886698861472315
-1.471934335025391
-1.5551840077948886
-1.6384213575400022
-1.7216487564346965
-1.8048684930774912
-1.8880827699009959
-1.9712937006584736
-2.054503307989708
-2.1377135210683647
-2.220926173332964
-2.304143000303526
-2.3873656374858765
-2.470595618365529
-2.5538343724929757
-2.6370832236621564
-2.7203433881837897
-2.8036159732551704
-2.8869019754279512
-2.970202279175362
-3.053517655560251
-3.1368487610052735
-3.220196136166452
-3.3035602049112343
-3.386941273402107
-3.4703395292867176
-3.5537550409953864
-3.637187757146758
-3.7206375060622494
-3.8041039953898768
-3.887586811837945
-3.971085421019002
-4.054599167404369
-4.138127274389455
-4.2216688444699395
-4.305222859528837
-4.388788181234379
-4.47236355154857
-4.555947593346177
-4.6395388111438205
-4.723135591938698
-4.8067362061564
-4.8903388087071695
-4.973941440149857
-5.057542027962689
-5.141138387919852
-5.224728225572768
-5.308309137834932
-5.391878614669032
-5.475434040875022
-5.558972697977695
-5.642491766212246
-5.72598832660625
-5.809459363156344
-5.892901765097791
-5.976312329265001
-6.059687762541005
-6.143024684393803
-6.226319629497427
-6.309569050435537
-6.392769320485303
-6.475916736479223
-6.559007521742454
-6.642037829103162
-6.725003743973357
-6.807901287497568
-6.890726419766612
-6.973475043093554
-7.0561430053489405
-7.138726103352266
-7.221220086316618
-7.303620659343314
-7.385923486963333
-7.4681241967222345
-7.550218382805204
-7.632201609698802
-7.714069415886021
-7.795817317571169
-7.877440812431153
-7.958935383389714
-8.040296502411131
-8.121519634309877
-8.202600240572728
-8.283533783189704
-8.364315728490133
-8.444941550980126
-8.525406737177754
-8.605706789442344
-8.685837229794174
-8.765793603720866
-8.845571483966667
-8.925166474300825
-9.004574213261224
-9.08379037786957
-9.162810687314314
-9.24163090659746
-9.320246850141581
-9.398654385353504
-9.476849436141189
-9.554827986380312
-9.632586083327038
-9.710119840973487
-9.787425443342439
-9.864499147717876
-9.941337287808093
-10.017936276838125
-10.094292610568314
-10.170402870235971
-10.246263725417176
-10.321871936805831
-10.397224358907106
-10.472317942642531
-10.547149737864144
-10.621716895775206
-10.696016671255078
-10.77004642508595
-10.843803626079177
-10.9172858530991
-10.990490796982298
-11.06341626235047
-11.136060169315142
-11.208420555072548
-11.280495575387164
-11.35228350596249
-11.423782743697814
-11.494991807829777
-11.56590934095749
-11.636534109950091
-11.70686500673581
-11.776901048971723
-11.84664138059351
-11.916085272244544
-11.985232121583607
-12.054081453470772
-12.122632920030995
-12.190886300595212
-12.258841501518974
-12.326498555878858
-12.393857623046985
-12.46091898814406
-12.527683061371393
-12.59415037722252
-12.660321593575249
-12.726197490665173
-12.791778969941875
-12.85706705280906
-12.922062879250051
-12.986767706340162
-13.0511829066475
-13.115309966523757
-13.17915048428657
-13.242706168295047
-13.3059788349203
-13.368970406413002
-13.431682908670272
-13.494118468904293
-13.556279313215132
-13.618167764070225
-13.679786237693182
-13.741137241364672
-13.802223370638348
-13.863047306474858
-13.923611812297143
-13.983919730970232
-14.043973981708652
-14.103777556914642
-14.1633335189504
-14.222644996847555
-14.281715182957162
-14.340547329543602
-14.399144745325819
-14.457510791969588
-14.51564888053459
-14.573562467880242
-14.631255053034343
-14.688730173528432
-14.745991401703767
-14.8030423409917
-14.85988662217226
-14.916527899614826
-14.972969847504864
-15.029216156060777
-15.08527052774506
-15.141136673473987
-15.19681830882994
-15.25231915028035
-15.307642911407235
-15.362793299151328
-15.417774010074787
-15.4725887266464
-15.52724111355321
-15.58173481404247
-15.63607344629775
-15.690260599852984
-15.74429983204815
-15.798194664530222
-15.851948579802958
-15.905565017829113
-15.959047372688639
-16.012398989296365
-16.065623160182675
-16.11872312234052
-16.171702054141882
-16.224563072326738
-16.277309229067548
-16.329943509112205
-16.382468827008108
-16.434888024409855
-16.487203867472868
-16.539419044335016
-16.591536162688367
-16.643557747443037
-16.69548623848514
-16.74732398853082
-16.799073261078046
-16.85073622845813
-16.902314969988847
-16.953811470231013
-17.00522761735021
-17.05656520158541
-17.10782591382613
-17.159011344299696
-17.210122981369945
-17.261162210448386
-17.312130313018766
-17.363028465775837
-17.413857739878775
-17.46461910031965
-17.51531340540731
-17.56594140636673
-17.61650374705385
-17.667000963786105
-17.717433485288947
-17.76780163275863
-17.818105620041376
-17.868345553929043
-17.91852143457113
-17.96863315600255
-18.01868050678662
-18.06866317077269
-18.11858072796774
-18.16843265552113
-18.21821832882152
-18.267937022704686
-18.317587912770833
-18.367170076809785
-18.41668249633217
-18.46612405820464
-18.51549355638717
-18.56478969377042
-18.614011084110956
-18.663156254062102
-18.71222364529828
-18.761211616730606
-18.810118446811344
-18.858942335924723
-18.90768140886135
-18.956333717373525
-19.004897242808568
-19.053369898817152
-19.101749534133518
-19.15003393542426
-19.198220830202217
-19.246307889801926
-19.294292732413
-19.342172926167535
-19.389945992277603
-19.437609408218634
-19.48516061095458
-19.532597000200752
-19.579915941720373
-19.627114770650877
-19.67419079485603
-19.721141298299816
-19.767963544438263
-19.81465477962553
-19.861212236530665
-19.907633137561394
-19.95391469829136
-20.000054130887182
-20.046048647531652
-20.09189546383931
-20.137591802260605
-20.183134895470804
-20.228521989739793
-20.273750348278984
-20.318817254561854
-20.363720015614522
-20.40845596527277
-20.45302246740224
-20.497416919078805
-20.54163675372627
-20.58567944420867
-20.629542505874443
-20.673223499549895
-20.716720034479383
-20.760029771209904
-20.803150424417684
-20.846079765674606
-20.888815626152283
-20.931355899261522
-20.973698543224916
-21.015841583580485
-21.057783115613947
-21.09952130671707
-21.141054398669443
-21.182380709841144
-21.2234986373135
-21.264406658915167
-21.305103335170603
-21.34558731115846
-21.38585731827755
-21.425912175918548
-21.465750793039952
-21.50537216964708
-21.544775398172767
-21.583959664758687
-21.62292425043635
-21.661668532206654
-21.700191984017017
-21.738494177635154
-21.776574783418944
-21.814433570981983
-21.852070409754766
-21.889485269441458
-21.926678220372175
-21.96364943375071
-22.000399181797555
-22.036927837788063
-22.073235875985866
-22.10932387147188
-22.145192499869246
-22.18084253696464
-22.216274858226406
-22.251490438219925
-22.28649034992069
-22.321275763925662
-22.355847947563667
-22.390208263905926
-22.4243581706779
-22.458299219073616
-22.49203305247392
-22.52556140507003
-22.558886100393813
-22.592009049756207
-22.624932250595215
-22.657657784734944
-22.690187816557376
-22.722524591088707
-22.754670432002122
-22.786627739539007
-22.8183989883506
-22.849986725262177
-22.881393566961783
-22.91262219761581
-22.943675366413665
-22.974555885044033
-23.00526662510496
-23.035810515450187
-23.066190539474043
-23.0964097323371
-23.1264711781351
-23.156378007013622
-23.18613339223095
-23.215740547171556
-23.245202722312833
-23.274523202147726
-23.303705302066085
-23.332752365197315
-23.361667759217035
-23.390454873120383
-23.41911711396495
-23.447657903586396
-23.4760806752901
-23.504388870522185
-23.532585935523237
-23.56067531796797
-23.58866046359416
-23.616544812824152
-23.644331797382286
-23.672024836911454
-23.69962733559212
-23.72714267876706
-23.754574229575077
-23.781925325596895
-23.8091992755164
-23.83639935580039
-23.86352880740018
-23.8905908324787
-23.917588591166556
-23.94452519835051
-23.971403720497968
-23.998227172520934
-24.024998514683098
-24.051720649553552
-24.078396419010865
-24.10502860130112
-24.131619908153375
-24.158172981955897
-24.184690392996412
-24.21117463676971
-24.237628131355944
-24.264053214872558
-24.290452143002494
-24.316827086601062
-24.34318012938378
-24.3695132656977
-24.395828398378892
-24.42212733669869
-24.448411794401363
-24.47468338783558
-24.500943634181606
-24.527193949775988
-24.553435648535366
-24.57966994048105
-24.605897930366023
-24.63212061640594
-24.658338889115452
-24.684553530251076
-24.71076521186178
-24.73697449544836
-24.763181831232725
-24.789387557538173
-24.815591900281884
-24.841794972580754
-24.867996774471475
-24.894197192745633
-24.92039600090042
-24.94659285920555
-24.97278731488664
-24.998978802425295
-25.02516664397582
-25.05135004989857
-25.077528119409617
-25.10369984134611
-25.129864095046468
-25.156019651344376
-25.18216517367544
-25.208299219295167
-25.234420240606976
-25.260526586598996
-25.286616504388586
-25.312688140873217
-25.338739544486298
-25.364768667056534
-25.390773365769302
-25.416751405228506
-25.44270045961697
-25.46861811495314
-25.49450187144181
-25.520349145916253
-25.546157274369317
-25.571923514570454
-25.597645048765553
-25.62331898645625
-25.648942367255255
-25.674512163814608
-25.700025284823806
-25.725478578074682
-25.750868833590072
-25.776192786813066
-25.80144712185368
-25.82662847478964
-25.851733437017952
-25.876758558653915
-25.901700351974323
-25.92655529490126
-25.95131983452266
-25.975990390645716
-26.000563359379054
-26.025035116739684
-26.04940202228077
-26.07366042273635
-26.09780665567889
-26.121837053185782
-26.145747945510845
-26.16953566475696
-26.19319654854591
-26.216726943681817
-26.240123209804647
-26.26338172303026
-26.286498879573752
-26.30947109935293
-26.332294829568678
-26.354966548259096
-26.3774827678247
-26.399840038522097
-26.42203495192349
-26.444064144339404
-26.46592430020213
-26.487612155407287
-26.509124500610834
-26.530458184478743
-26.55161011688652
-26.57257727206591
-26.59335669169648
-26.613945487939684
-26.63434084641302
-26.654540029102048
-26.674540377208142
-26.69433931392977
-26.713934347174995
-26.733323072202875
-26.752503174191457
-26.77147243073001
-26.79022871423332
-26.808769994275888
-26.827094339843892
-26.84519992150258
-26.863085013476688
-26.880747995641354
-26.89818735542097
-26.91540168959339
-26.93238970599695
-26.949150225137753
-26.965682181694955
-26.98198462592178
-26.998056724940124
-27.013897763926604
-27.029507147187996
-27.044884399124314
-27.060029165077722
-27.074941212065752
-27.089620429397613
-27.104066829172424
-27.118280546658227
-27.132261840550612
-27.146011093109806
-27.15952881017502
-27.172815621055193
-27.18587227829535
-27.198699657318045
-27.211298755939723
-27.22367069376189
-27.23581671143718
-27.247738169810575
-27.25943654893608
-27.270913446969317
-27.282170578936743
-27.29320977538235
-27.304032980892956
-27.31464225250359
-27.3250397579845
-27.335227774011216
-27.3452086842192
-27.35498497714478
-27.364559244054405
-27.373934176664434
-27.383112564753603
-27.392097293670716
-27.400891341740206
-27.409497777568404
-27.417919757253387
-27.426160521501558
-27.434223392654374
-27.44211177162883
-27.44982913477544
-27.457379030657407
-27.464765076754517
-27.47199095609558
-27.479060413823234
-27.485977253695253
-27.492745334526617
-27.499368566576763
-27.50585090788651
-27.512196360569035
-27.518408967059443
-27.524492806327814
-27.530451990060513
-27.53629065881468
-27.54201297815079
-27.547623134748147
-27.553125332508085
-27.55852378864982
-27.563822729803586
-27.56902638810568
-27.574138997300036
-27.57916478885083
-27.58410798807058
-27.588972810268228
-27.59376345692142
-27.598484111877053
-27.60313893758389
-27.60773207136104
-27.612267621706064
-27.61674966464643
-27.62118224013805
-27.625569348514613
-27.62991494699126
-27.6342229462261
-27.638497206942855
-27.64274153661763
-27.6469596862327
-27.65115534710007
-27.65533214775756
-27.659493650940146
-27.66364335062924
-27.667784669182804
-27.67192095454875
-27.67605547756393
-27.68019142934109
-27.68433191874608
-27.688479969967556
-27.692638520181344
-27.696810417311735
-27.700998417891878
-27.705205185025175
-27.70943328644945
-27.71368519270548
-27.717963275411574
-27.722269805645805
-27.726606952437248
-27.730976781367513
-27.735381253283844
-27.739822223124758
-27.74430143885898
-27.748820540538485
-27.75338105946629
-27.75798441747933
-27.762631926346852
-27.767324787284462
-27.772064090584006
-27.776850815359165
-27.781685829406552
-27.7865698891821
-27.791503639892323
-27.796487615700027
-27.80152224004409
-27.806607826072575
-27.811744577188204
-27.81693258770481
-27.82217184361333
-27.827462223455665
-27.832803499304315
-27.8381953378459
-27.84363730156637
-27.84912885003568
-27.854669341289547
-27.860258033306007
-27.865894085574507
-27.871576560755454
-27.877304426428065
-27.88307655692439
-27.888891735247295
-27.894748655070213
-27.900645922816476
-27.9065820598159
-27.912555504536112
-27.918564614886105
-27.924607670589392
-27.930682875623955
-27.936788360726023
-27.942922185954625
-27.949082343313602
-27.955266759427996
-27.961473298271624
-27.967699763942743
-27.973943903484706
-27.980203409748707
-27.9864759242957
-27.992759040334203
-27.999050305690854
-28.005347225810578
-28.01164726678341
-28.017947858394717
-28.02424639719551
-28.03054024958949
-28.036826754933298
-28.043103228646327
-28.049366965326566
-28.055615241868832
-28.06184532058195
-28.068054452301464
-28.074239879494495
-28.080398839353347
-28.086528566874545
-28.092626297920177
-28.098689272258653
-28.10471473658187
-28.110699947495803
-28.116642174481726
-28.122538702825253
-28.128386836510444
-28.134183901076184
-28.139927246432038
-28.14561424963098
-28.151242317596726
-28.156808889803344
-28.162311440904986
-28.167747483313306
-28.173114569720283
-28.178410295564262
-28.1836323014371
-28.188778275430437
-28.19384595541929
-28.198833131281347
-28.20373764705043
-28.20855740300287
-28.21329035767569
-28.21793452981551
-28.222488000257343
-28.226948913732556
-28.231315480605318
-28.23558597853706
-28.239758754078437
-28.24383222418838
-28.24780487767974
-28.25167527659086
-28.25544205748237
-28.259103932658306
-28.262659691310787
-28.266108200587453
-28.269448406580764
-28.27267933523852
-28.275800093194974
-28.27880986852209
-28.281707931400902
-28.28449363471283
-28.28716641455115
-28.28972579065298
-28.292171366752044
-28.294502830852778
-28.296719955426326
-28.298822597529224
-28.300810698845524
-28.302684285653143
-28.304443468715377
-28.306088443098403
-28.307619487915574
-28.30903696599934
-28.310341323501447
-28.311533089422127
-28.31261287506912
-28.313581373447263
-28.314439358579577
-28.315187684760772
-28.31582728574419
-28.31635917386332
-28.316784439089204
-28.317104248025302
-28.317319842841343
-28.31743254014809
-28.31744372981497
-28.31735487373227
-28.31716750451939
-28.316883224180557
-28.316503702709568
-28.316030676644786
-28.315465947575817
-28.31481138060319
-28.31406890275248
-28.313240501344282
-28.312328222321312
-28.31133416853423
-28.3102604979877
-28.309109422048024
-28.307883203613656
-28.306584155249553
-28.30521463728654
-28.303777055886783
-28.302273861076216
-28.300707544744668
-28.29908063861454
-28.297395712178925
-28.29565537061005
-28.29386225263879
-28.292019028405875
-28.290128397285557
-28.28819308568275
-28.2862158448048
-28.28419944840887
-28.28214669052595
-28.28006038316262
-28.277943353981655
-28.275798443962756
-28.273628505045068
-28.271436397753277
-28.269224988809142
-28.266997148730226
-28.264755749417716
-28.262503661735266
-28.260243753080925
-28.257978884954195
-28.255711910520073
-28.25344567217179
-28.251182999093924
-28.24892670482758
-28.24667958483924
-28.244444414095124
-28.24222394464287
-28.240020903202502
-28.237837988768927
-28.235677870228113
-28.23354318398931
-28.23143653163562
-28.229360477595304
-28.22731754683603
-28.225310222584636
-28.22334094407493
-28.221412104326117
-28.219526047954655
-28.217685069022377
-28.215891408923635
-28.214147254314195
-28.2124547350847
-28.21081592238168
-28.209232826679123
-28.20770739590365
-28.206241513616117
-28.20483699725248
-28.203495596426546
-28.202218991296927
-28.201008791000657
-28.199866532155806
-28.19879367743526
-28.197791614213468
-28.196861653287993
-28.196005027677483
-28.19522289149752
-28.194516318915543
-28.193886303186172
-28.193333755768105
-28.19285950552354
-28.19246429800067
-28.19214879479959
-28.19191357302186
-28.191759124803706
-28.19168585693269
-28.19169409054761
-28.191784060921332
-28.19195591732598
-28.192209722979907
-28.19254545507557
-28.192963004887257
-28.19346217795727
-28.194042694359165
-28.194704189036496
-28.195446212215284
-28.196268229888386
-28.19716962436983
-28.198149694916918
-28.199207658417986
-28.200342650143806
-28.20155372456038
-28.202839856201205
-28.20419994059692
-28.20563279526031
-28.207137160724937
-28.208711701635632
-28.210355007889074
-28.212065595822548
-28.213841909449297
-28.215682321738637
-28.2175851359393
-28.219548586944693
-28.221570842698878
-28.223650005642195
-28.22578411419546
-28.22797114428168
-28.230209010884277
-28.23249556964093
-28.23482861847229
-28.237205899244923
-28.2396250994676
-28.242083854020375
-28.244579746916042
-28.24711031309361
-28.24967304024359
-28.252265370664684
-28.254884703151628
-28.257528394913958
-28.26019376352532
-28.262878088902834
-28.265578615316013
-28.26829255342464
-28.271017082345093
-28.27374935174448
-28.276486483961957
-28.27922557615663
-28.281963702481573
-28.284697916283402
-28.287425252326653
-28.29014272904193
-28.29284735079686
-28.295536110188532
-28.29820599035612
-28.300853967312275
-28.303477012291648
-28.306072094114693
-28.308636181565088
-28.311166245779173
-28.31365926264574
-28.316112215214684
-28.318522096112996
-28.320885909966602
-28.323200675826325
-28.325463429596066
-28.32767122646133
-28.32982114331629
-28.3319102811874
-28.333935767651365
-28.33589475924516
-28.337784443865882
-28.339602043158276
-28.341344814888014
-28.343010055298617
-28.344595101449794
-28.346097333534924
-28.34751417717531
-28.348843105688683
-28.350081642329467
-28.351227362498246
-28.35227789591799
-28.35323092877449
-28.354084205818634
-28.35483553242805
-28.35548277662586
-28.356023871054173
-28.356456814899996
-28.356779675770934
-28.356990591518308
-28.357087772005183
-28.357069500816987
-28.35693413691227
-28.356680116211134
-28.356305953118902
-28.355810241982464
-28.355191658476922
-28.354448960920234
-28.353580991513592
-28.352586677505524
-28.3514650322776
-28.350215156349588
-28.348836238302066
-28.34732755561448
-28.34568847541676
-28.3439184551528
-28.34201704315417
-28.33998387912261
-28.33781869451978
-28.335521312862948
-28.33309164992546
-28.330529713840928
-28.327835605110362
-28.325009516511653
-28.32205173291116
-28.31896263097728
-28.31574267879581
-28.312392435386933
-28.30891255012373
-28.30530376205224
-28.30156689911312
-28.29770287726496
-28.293712699509662
-28.289597454820417
-28.28535831697304
-28.280996543281425
-28.27651347323792
-28.271910527059283
-28.267189204139335
-28.262351081409356
-28.25739781160761
-28.252331121459726
-28.24715280977197
-28.241864745439706
-28.23646886537359
-28.230967172346148
-28.225361732761435
-28.219654674350245
-28.213848183793893
-28.207944504279403
-28.201945932989027
-28.1958548185273
-28.189673558288867
-28.18340459577005
-28.177050417827253
-28.170613551885488
-28.164096563100493
-28.157502051477998
-28.15083264895359
-28.144091016437024
-28.13727984082471
-28.13040183198408
-28.12345971971377
-28.116456250683832
-28.109394185360294
-28.102276294918347
-28.095105358148267
-28.08788415835827
-28.080615480278347
-28.073302106968846
-28.065946816737615
-28.058552380069337
-28.05112155657057
-28.043657091934115
-28.036161714926358
-28.028638134401184
-28.021089036343916
-28.013517080948823
-28.005924899733635
-27.998315092694476
-27.99069022550453
-27.983052826759724
-27.97540538527435
-27.967750347429252
-27.960090114575173
-27.95242704049361
-27.944763428917646
-27.937101531115225
-27.929443543537225
-27.92179160553264
-27.914147797132962
-27.906514136907766
-27.898892579893193
-27.89128501559501
-27.883693266067617
-27.876119084070275
-27.868564151302174
-27.861030076718215
-27.853518394927143
-27.846030564673505
-27.83856796740512
-27.8311319059277
-27.823723603148018
-27.816344200907032
-27.808994758904166
-27.80167625371394
-27.794389577895974
-27.787135539199117
-27.7799148598605
-27.772728176000218
-27.76557603711223
-27.758458905652166
-27.751377156722643
-27.744331077856547
-27.737320868898795
-27.73034664198696
-27.723408421631152
-27.716506144893547
-27.709639661667328
-27.702808735054763
-27.69601304184383
-27.689252173082853
-27.682525634752214
-27.6758328485322
-27.66917315266571
-27.662545802914284
-27.655949973605747
-27.64938475877165
-27.64284917337233
-27.636342154607323
-27.629862563308823
-27.623409185415742
-27.61698073352591
-27.61057584852421
-27.604193101284384
-27.59783099444235
-27.591487964238812
-27.585162382428653
-27.578852558254457
-27.572556740481478
-27.566273119491346
-27.559999829431863
-27.553734950420225
-27.5474765107972
-27.541222489430087
-27.534970818062337
-27.528719383707685
-27.522466031086598
-27.516208565103003
-27.50994475335884
-27.503672328704116
-27.49738899181995
-27.491092413832266
-27.484780238953793
-27.478450087152087
-27.472099556841446
-27.46572622759655
-27.45932766288559
-27.452901412820754
-27.446445016924233
-27.439956006907412
-27.433431909461067
-27.42687024905425
-27.420268550739653
-27.413624342963235
-27.406935160376097
-27.400198546646696
-27.393412057271437
-27.386573262381606
-27.379679749544554
-27.37272912655698
-27.365719024228245
-27.358647099151487
-27.351511036460412
-27.344308552569974
-27.337037397898914
-27.329695359572103
-27.322280264100275
-27.314789980035076
-27.30722242059713
-27.299575546274557
-27.29184736738927
-27.284035946628368
-27.276139401537794
-27.268155906975384
-27.260083697520603
-27.251921069838378
-27.243666384994274
-27.235318070718368
-27.22687462361529
-27.21833461131803
-27.20969667458309
-27.20095952932471
-27.19212196858584
-27.183182864443527
-27.174141169846397
-27.164995920381788
-27.15574623597013
-27.146391322484565
-27.13693047329375
-27.127363070726037
-27.117688587453305
-27.107906587792602
-27.098016728924254
-27.08801876202506
-27.0779125333155
-27.067697985019866
-27.057375156238297
-27.046944183729753
-27.036405302605065
-27.025758846929396
-27.015005250233603
-27.00414504593414
-26.993178867661218
-26.98210744949481
-26.970931626108158
-26.959652332818425
-26.948270605544113
-26.936787580669037
-26.925204494812593
-26.913522684506123
-26.901743585774998
-26.889868733626063
-26.877899761440123
-26.8658384002691
-26.853686478037506
-26.84144591864794
-26.82911874099037
-26.81670705785493
-26.804213074747825
-26.791639088610058
-26.778987486438783
-26.766260743811333
-26.75346142331205
-26.740592172862197
-26.727655723953436
-26.714654889785383
-26.701592563307916
-26.688471715169047
-26.675295391569282
-26.66206671202355
-26.648788867031957
-26.635465115660853
-26.622098783035714
-26.608693257747465
-26.595251989173907
-26.58177848471789
-26.56827630696401
-26.554749070755662
-26.541200440194444
-26.527634125563793
-26.514053880179063
-26.50046349716655
-26.486866806174106
-26.473267670016014
-26.45966998125499
-26.44607765872422
-26.4324946439925
-26.418924897775497
-26.405372396296258
-26.391841127598042
-26.37833508781287
-26.364858277389203
-26.35141469728208
-26.33800834510913
-26.324643211275543
-26.311323275071203
-26.298052500743466
-26.28483483354944
-26.271674195791775
-26.258574482842107
-26.245539559156242
-26.23257325428537
-26.219679358887674
-26.206861620744945
-26.19412374078894
-26.18146936914229
-26.168902101178674
-26.1564254736069
-26.144042960583874
-26.131757969861468
-26.11957383897237
-26.107493831459806
-26.09552113315607
-26.083658848514688
-26.071909997001228
-26.06027750954786
-26.048764225076724
-26.037372887097035
-26.026106140380705
-26.014966527721242
-26.003956486780794
-25.993078347029922
-25.982334326784553
-25.971726530344398
-25.961256945236954
-25.95092743957113
-25.94073975950434
-25.930695526826838
-25.920796236666945
-25.911043255320436
-25.901437818207484
-25.89198102796044
-25.882673852645524
-25.873517124121037
-25.864511536534422
-25.855657644960274
-25.846955864181297
-25.838406467614192
-25.83000958638212
-25.821765208535226
-25.813673178420597
-25.80573319620279
-25.797944817535747
-25.790307453386415
-25.78282037001031
-25.775482689078924
-25.768293387958746
-25.76125130014128
-25.754355115823127
-25.747603382635017
-25.740994506518287
-25.73452675274714
-25.72819824709489
-25.722006977142424
-25.7159507937269
-25.710027412528685
-25.704234415794385
-25.698569254193952
-25.693029248809463
-25.687611593253077
-25.68231335591147
-25.677131482313992
-25.67206279762183
-25.66710400923557
-25.66225170951847
-25.65750237863281
-25.652852387486515
-25.648298000786948
-25.643835380198563
-25.639460587601175
-25.635169588445617
-25.63095825520355
-25.626822370908283
-25.6227576327835
-25.618759655956577
-25.614823977253135
-25.610946059069757
-25.607121293321793
-25.603345005463122
-25.59961245857431
-25.59591885751541
-25.592259353139692
-25.588629046564446
-25.58502299349524
-25.581436208599794
-25.577863669927464
-25.57430032337029
-25.570741087161448
-25.56718085640679
-25.56361450764521
-25.56003690343331
-25.5564428969499
-25.55282733661559
-25.54918507072281
-25.545510952071535
-25.541799842605908
-25.538046618046902
-25.534246172516074
-25.530393423145394
-25.526483314668265
-25.52251082398686
-25.518470964710698
-25.514358791661376
-25.510169405338612
-25.50589795634269
-25.501539649748562
-25.497089749427115
-25.492543582309363
-25.48789654258945
-25.48314409586231
-25.478281783191843
-25.47330522510543
-25.468210125510776
-25.46299227553089
-25.45764755725335
-25.45217194739001
-25.446561520843797
-25.440812454179476
-25.43492102899557
-25.428883635194804
-25.42269677415035
-25.416357061765634
-25.409861231425563
-25.403206136837266
-25.396388754758615
-25.38940618761273
-25.382255665986772
-25.37493455101352
-25.367440336634356
-25.359770651742277
-25.35192326220385
-25.34389607275912
-25.335687128798522
-25.327294618015795
-25.318716871935973
-25.309952367317546
-25.300999727427833
-25.29185772319087
-25.282525274207327
-25.273001449646156
-25.26328546900754
-25.253376702756892
-25.24327467282964
-25.232979053006513
-25.222489669159383
-25.211806499367608
-25.200929673905105
-25.1898594750983
-25.17859633705512
-25.16714084526523
-25.155493736071456
-25.14365589601237
-25.131628361036086
-25.119412315585144
-25.107009091552378
-25.094420167107664
-25.08164716539533
-25.06869185310213
-25.055556138895888
-25.04224207173501
-25.028751839049214
-25.01508776479215
-25.001252307366848
-24.98724805742517
-24.973077735542624
-24.958744189770265
-24.944250393065737
-24.929599440605692
-24.914794546981987
-24.89983904328445
-24.884736374073036
-24.869490094242416
-24.854103865782285
-24.83858145443687
-24.822926726267518
-24.80714364412244
-24.79123626401789
-24.775208731435036
-24.759065277536813
-24.742810215308843
-24.72644793562835
-24.70998290326488
-24.69341965281688
-24.67676278458824
-24.660016960408846
-24.643186899403013
-24.626277373709904
-24.609293204159847
-24.592239255910464
-24.575120434046703
-24.55794167914896
-24.540707962833572
-24.523424283269883
-24.506095660678277
-24.48872713281343
-24.47132375043676
-24.45389057278205
-24.43643266301853
-24.418955083715694
-24.401462892314264
-24.38396113660746
-24.36645485023694
-24.348949048207736
-24.331448722426636
-24.313958837268494
-24.296484325174752
-24.279030082288493
-24.261600964130302
-24.244201781319354
-24.226837295344062
-24.2095122143867
-24.19223118920626
-24.17499880908388
-24.15781959783498
-24.140698009892212
-24.123638426463337
-24.106645151768184
-24.089722409358803
-24.072874338526635
-24.056104990800282
-24.039418326537447
-24.022818211614254
-24.006308414215045
-23.989892601725547
-23.973574337732448
-23.957357079132112
-23.94124417335114
-23.925238855681346
-23.90934424673127
-23.893563349996118
-23.87789904954794
-23.862354107847512
-23.84693116367932
-23.831632730210988
-23.81646119317863
-23.80141880919935
-23.78650770421213
-23.771729872048173
-23.757087173131726
-23.742581333312376
-23.728213942829814
-23.71398645541176
-23.699900187505126
-23.685956317640336
-23.67215588592855
-23.65849979369141
-23.644988803222947
-23.63162353768313
-23.6184044811222
-23.60533197863511
-23.59240623664498
-23.579627323314657
-23.566995169085107
-23.55450956733937
-23.542170175190723
-23.529976514393514
-23.517927972375208
-23.50602380338812
-23.4942631297795
-23.48264494337845
-23.471168106998096
-23.459831356051343
-23.448633300278534
-23.437572425585433
-23.426647095989825
-23.415855555674842
-23.405195931147052
-23.39466623349735
-23.38426436076269
-23.3739881003868
-23.363835131777808
-23.353803028960716
-23.34388926332277
-23.334091206449774
-23.3244061330516
-23.31483122397491
-23.30536356930104
-23.296000171526476
-23.28673794882322
-23.277573738376123
-23.268504299793978
-23.259526318591004
-23.250636409735268
-23.241831121260777
-23.23310693793984
-23.224460285012373
-23.215887531968708
-23.20738499638232
-23.19894894778891
-23.190575611608057
-23.1822611731039
-23.17400178138148
-23.165793553415245
-23.157632578106035
-23.149514920362822
-23.14143662520532
-23.133393721883767
-23.125382228012132
-23.117398153711083
-23.10943750575716
-23.101496291734254
-23.093570524183594
-23.08565622474835
-23.077749428308994
-23.069846187105572
-23.06194257484326
-23.054034690777616
-23.04611866377603
-23.03819065635169
-23.030246868666087
-23.022283542495945
-23.0142969651608
-23.00628347340727
-22.99823945724616
-22.9901613637383
-22.9820457007251
-22.97388904049983
-22.9656880234155
-22.95743936142542
-22.949139841552455
-22.94078632928272
-22.932375771879567
-22.923905201613895
-22.915371738906817
-22.906772595381103
-22.898105076817973
-22.889366586015957
-22.880554625548502
-22.87166680041712
-22.862700820596803
-22.85365450347054
-22.84452577614967
-22.83531267767707
-22.826013361110444
-22.81662609548336
-22.807149267642036
-22.797581383955976
-22.78792107190053
-22.778167081509583
-22.768318286696786
-22.758373686443736
-22.748332405853535
-22.738193697068187
-22.727956940048262
-22.717621643213437
-22.70718744394272
-22.69665410893329
-22.686021534417268
-22.675289746235837
-22.664458899770853
-22.653529279734034
-22.64250129981419
-22.63137550218305
-22.620152556860337
-22.608833260938713
-22.597418537669302
-22.58590943540877
-22.57430712642908
-22.562612905591084
-22.55082818888319
-22.538954511826535
-22.526993527748193
-22.514947005924018
-22.502816829592962
-22.4906049938452
-22.47831360338641
-22.465944870180707
-22.45350111097484
-22.440984744706654
-22.428398289800683
-22.415744361354044
-22.40302566821579
-22.390245009963095
-22.37740527377808
-22.364509431229365
-22.351560534962587
-22.338561715304238
-22.32551617678321
-22.31242719457454
-22.299298110869657
-22.286132331177512
-22.27293332056071
-22.259704599810405
-22.246449741563694
-22.233172366367214
-22.21987613869065
-22.206564762893905
-22.193241979151693
-22.179911559339487
-22.166577302884562
-22.153243032585905
-22.13991259040675
-22.12658983324387
-22.113278628677605
-22.09998285070678
-22.086706375472502
-22.07345307697487
-22.06022682278656
-22.04703146976742
-22.0338708597843
-22.020748815440598
-22.00766913582008
-21.994635592249736
-21.981651924086222
-21.968721834530626
-21.955848986476397
-21.943036998395442
-21.930289440267572
-21.917609829558344
-21.905001627250485
-21.892468233933883
-21.880012985959056
-21.86763915165902
-21.85534992764444
-21.84314843517653
-21.831037716621992
-21.819020731994286
-21.80710035558532
-21.795279372691525
-21.78356047643807
-21.771946264704823
-21.760439237157456
-21.749041792386762
-21.737756225159004
-21.72658472377971
-21.715529367573325
-21.704592124480925
-21.69377484877812
-21.683079278914974
-21.67250703547957
-21.662059619286893
-21.651738409594785
-21.641544662448506
-21.631479509155167
-21.621543954889045
-21.61173887742886
-21.602065026027912
-21.59252302041811
-21.583113349948473
-21.573836372858647
-21.564692315687875
-21.55568127281968
-21.54680320616252
-21.538057944966436
-21.529445185775398
-21.520964492515002
-21.51261529671522
-21.50439689786786
-21.49630846391828
-21.48834903189093
-21.48051750864793
-21.47281267177966
-21.465233170626203
-21.457777527428544
-21.450444138608514
-21.44323127617643
-21.436137089265326
-21.429159605790726
-21.4222967342349
-21.41554626555431
-21.40890587520867
-21.402373125310202
-21.395945466891373
-21.389620242289492
-21.383394687646142
-21.3772659355191
-21.371231017604156
-21.365286867564077
-21.35943032396177
-21.35365813329444
-21.347966953125574
-21.342353355311484
-21.336813829319123
-21.33134478563188
-21.325942559240058
-21.320603413212336
-21.315323542344554
-21.31009907688205
-21.30492608631179
-21.299800583220257
-21.29471852721296
-21.289675828891244
-21.284668353881795
-21.279691926914307
-21.274742335942744
-21.26981533630565
-21.26490665492106
-21.260011994511228
-21.25512703785243
-21.25024745204477
-21.24536889279697
-21.240487008721043
-21.23559744563168
-21.230695850845404
-21.225777877474922
-21.22083918871429
-21.215875462110755
-21.210882393819002
-21.20585570283374
-21.200791135196635
-21.195684468173692
-21.190531514399265
-21.18532812598293
-21.18007019857556
-21.174753675390843
-21.169374551178446
-21.163928876145018
-21.158412759819452
-21.15282237485898
-21.14715396079286
-21.14140382770047
-21.135568359820848
-21.129644019090744
-21.123627348608164
-21.117514976018537
-21.111303616820646
-21.104990077589644
-21.098571259114618
-21.092044159447976
-21.08540587686421
-21.078653612725372
-21.071784674250647
-21.06479647718741
-21.057686548381167
-21.05045252824176
-21.043092173103343
-21.03560335747569
-21.027984076184293
-21.020232446396687
-21.012346709532675
-21.004325233056033
-20.996166512145617
-20.98786917124387
-20.97943196548074
-20.970853781971055
-20.96213364098345
-20.953270696979285
-20.944264239520077
-20.935113694041842
-20.92581862249507
-20.916378723849174
-20.906793834460597
-20.89706392830369
-20.88718911706395
-20.877169650093133
-20.86700591422625
-20.856698433460775
-20.846247868498647
-20.835655016151872
-20.824920808612585
-20.814046312588726
-20.803032728306516
-20.791881388381267
-20.7805937565583
-20.76917142632588
-20.75761611940204
-20.745929684097444
-20.734114093556524
-20.72217144387933
-20.71010395212654
-20.697913954210133
-20.685603902672153
-20.673176364354145
-20.66063401795979
-20.64797965151349
-20.635216159717583
-20.6223465412108
-20.609373895730794
-20.59630142118375
-20.583132410624454
-20.569870249150465
-20.55651841071413
-20.543080454856277
-20.529560023365274
-20.51596083686523
-20.502286691336717
-20.488541454573472
-20.474729062578525
-20.460853515903274
-20.446918875932802
-20.432929261120655
-20.418888843176212
-20.404801843207657
-20.390672527823746
-20.376505205197454
-20.362304221094753
-20.348073954871673
-20.33381881544259
-20.31954323722278
-20.30525167604805
-20.290948605074227
-20.276638510659332
-20.262325888231636
-20.248015238146856
-20.233711061537782
-20.219417856160028
-20.205140112237338
-20.190882308310144
-20.176648907091256
-20.162444351332518
-20.148273059706504
-20.1341394227074
-20.120047798575264
-20.106002509247965
-20.092007836344955
-20.07806801718693
-20.06418724085561
-20.050369644297867
-20.036619308478386
-20.02294025458503
-20.009336440291072
-19.995811756078332
-19.98237002162515
-19.969014982262856
-19.95575030550433
-19.942579577648196
-19.929506300461988
-19.91653388794743
-19.9036656631908
-19.89090485530145
-19.878254596441344
-19.8657179189481
-19.853297752553665
-19.84099692170063
-19.828818142958262
-19.816764022540504
-19.804837053927947
-19.79303961559581
-19.7813739688497
-19.769842255770932
-19.758446497272935
-19.747188591270124
-19.73607031096072
-19.72509330322479
-19.714259087138664
-19.70356905260693
-19.6930244591128
-19.68262643458778
-19.672375974401326
-19.66227394047096
-19.65232106049354
-19.64251792729818
-19.632864998321345
-19.62336259520459
-19.614010903515272
-19.604809972590836
-19.595759715507093
-19.586859909170933
-19.578110194537892
-19.569510076955147
-19.56105892663036
-19.55275597922671
-19.544600336584274
-19.53659096756764
-19.528726709039695
-19.5210062669616
-19.513428217618788
-19.505991008972423
-19.498692962135586
-19.491532272973366
-19.484507013825755
-19.47761513535216
-19.47085446849605
-19.46422272656799
-19.457717507445018
-19.45133629588424
-19.44507646594824
-19.43893528353974
-19.432909909042824
-19.42699740006808
-19.421194714298995
-19.415498712436577
-19.409906161239068
-19.40441373665354
-19.39901802703614
-19.39371553645771
-19.388502688091567
-19.383375827679945
-19.378331227075595
-19.37336508785481
-19.36847354499793
-19.363652670633204
-19.358898477840032
-19.35420692450737
-19.349573917243166
-19.34499531533061
-19.340466934727207
-19.335984552102534
-19.331543908910394
-19.327140715490945
-19.322770655198415
-19.318429388550076
-19.314112557392097
-19.309815789078048
-19.305534700655844
-19.301264903058897
-19.29700200529712
-19.292741618643564
-19.28847936081232
-19.284210860123327
-19.27993175964969
-19.27563772134309
-19.271324430132868
-19.266987597994305
-19.262622967981887
-19.258226318223198
-19.253793465869226
-19.249320270997035
-19.24480264046102
-19.240236531689224
-19.235617956421354
-19.23094298438514
-19.22620774690765
-19.22140844045845
-19.216541330121462
-19.21160275299255
-19.206589121499977
-19.201496926644896
-19.19632274115921
-19.191063222578297
-19.185715116226223
-19.1802752581111
-19.174740577728333
-19.16910810076988
-19.163374951737612
-19.15753835645899
-19.151595644503235
-19.14554425149618
