2.3458574284553917
2.387034787575007
2.428776337976703
2.4710710671887703
2.5139078585965966
2.5572755010616075
2.6011626985892358
2.645558080037675
2.690450208859156
2.735827592865485
2.781678694009584
2.827991938174761
2.874755724963481
2.921958437477425
2.9695884520806395
3.017634148137621
3.066083917718214
3.1149261752612687
3.1641493671890593
3.213741981464546
3.2636925570836355
3.313989693494693
3.3646220599375627
3.415578404694425
3.4668475642449366
3.5184184723181926
3.5702801688341745
3.6224218087274394
3.6748326706459
3.727502165517647
3.7804198449788964
3.833575409656304
3.8869587172970195
3.940559790739961
3.9943688257219923
4.048376198512828
4.102572473372686
4.156948409826873
4.211494969751621
4.26620332426568
4.3210648604223065
4.376071187696538
4.431214144262793
4.486485803058059
4.541878477626143
4.5973847277386115
4.652997364788272
4.708709456951153
4.76451433411321
4.820405592558141
4.876377099412994
4.932422996848391
4.988537706030453
5.0447159308217
5.100952661228473
5.157243176592557
5.213583048524937
5.269968143579872
5.326394625667695
5.382858958204998
5.439357906001007
5.495888536879242
5.552448223033829
5.609034642120137
5.665645778079638
5.722279921699071
5.778935670904221
5.835611930788789
5.892307913379124
5.94902313713575
6.005757426192925
6.062510909337651
6.11928401872984
6.176077488365605
6.2328923522858
6.2897299425321895
6.346591886853829
6.403480106166441
6.460396811767794
6.517344502312306
6.57432596054833
6.631344249821774
6.688402710349957
6.745504955269683
6.802654866463828
6.859856590170845
6.917114532381834
6.974433354029923
7.0318179659768605
7.089273523801862
7.1468054223979305
7.204419290381052
7.26212098431776
7.319916582776748
7.377812380210351
7.4358148806718205
7.493930791374482
7.552167016099042
7.610530648455489
7.669028965006165
7.727669418256613
7.78645962952088
7.845407381668014
7.904520611756599
7.9638074035641795
8.02327598001848
8.082934695537409
8.142792028284878
8.202856572349566
8.26313702985365
8.323642202998549
8.384380986054616
8.445362357301875
8.506595370928835
8.5680891488964
8.629852872773876
8.691895775554089
8.754227133454537
8.816856257711475
8.87979248637384
8.943045176103812
9.006623693990708
9.070537409384952
9.134795685758773
9.19940787260028
9.264383297347512
9.329731257368996
9.395461011997355
9.461581774622424
9.528102704850248
9.595032900734275
9.662381391084958
9.730157127863857
9.798368978668131
9.86702571931131
9.936136026506087
10.005708470654877
10.075751508753566
10.14627347741381
10.217282586008974
10.288786909948724
10.360794384087084
10.43331279626855
10.506349781016807
10.57991281337047
10.654009202870142
10.728646087700895
10.803830428994203
10.87956900529318
10.955868407184669
11.032735032101643
11.110175079299
11.188194545005631
11.266799217755509
11.345994673900368
11.42578627330646
11.506179155237493
11.5871782344255
11.668788197331358
11.751013498596597
11.833858357687879
11.91732675573528
12.001422432565285
12.086148883929162
12.171509358927317
12.257506857630169
12.344144128896113
12.431423668386879
12.519347716780468
12.607918258181636
12.697137018729716
12.78700546540345
12.8775248050223
12.968695983443592
13.060519684954809
13.15299633186032
13.246126084261688
13.339908840030459
13.434344234972327
13.529431643181383
13.625170177583016
13.721558690663826
13.81859577538684
13.916279766290288
14.014608740768098
14.113580520529881
14.213192673238199
14.313442514320657
14.414327108954172
14.515843274218629
14.617987581417044
14.720756358559289
14.824145693006363
14.928151434272285
15.032769196980615
15.13799436397253
15.243822089563386
15.350247302944602
15.457264711727753
15.56486880562776
15.673053860282003
15.781813941202026
15.89114290785441
16.0010344178672
16.111481931358124
16.222478715380884
16.334017848485612
16.446092225389474
16.55869456175348
16.671817399061535
16.785453109597665
16.89959390151719
17.014231824007595
17.129358772534772
17.24496649417017
17.361046592994242
17.47759053557168
17.594589656494108
17.712035163985817
17.829918145568016
17.948229573777326
18.06696031193417
18.186101119956792
18.305642660216538
18.4255755034301
18.545890134584273
18.6665769588888
18.78762630775275
18.909028444779967
19.030773571779253
19.152851834784705
19.275253330081675
19.39796811023384
19.520986190107003
19.644297552885256
19.767892156075128
19.89175993749364
20.015890821236148
20.140274723620074
20.26490155910062
20.38976124615453
20.514843713128013
20.6401389040449
20.765636784371363
20.891327346733473
21.017200616584088
21.143246657815407
21.269455578313625
21.395817535452068
21.522322741519304
21.6489614690787
21.775724056256053
21.90260091195205
22.02958252097639
22.15665944910066
22.283822348027204
22.411061960271585
22.538369123955935
22.665734777510583
22.7931499642815
22.920605837041254
23.048093662401275
23.17560482512349
23.30313083232935
23.430663317604264
23.55819404499554
23.685714912902093
23.81321795785437
23.9406953581829
24.068139437573684
24.195542668509013
24.32289767559244
24.450197238756754
24.577434296353754
24.704601948124758
24.831693458050875
24.958702257082063
25.08562194574402
25.212446296622073
25.339169256721092
25.465784949700904
25.592287677986562
25.718671924753053
25.84493235578408
25.971063821204737
26.097061357087867
26.222920186933905
26.34863572302403
26.474203567646487
26.59961951419591
26.7248795481455
26.84997984789185
26.974916785472306
27.099686927154625
27.224287033898907
27.34871406169187
27.472965161753613
27.597037680617426
27.720929160083266
27.84463733704552
27.968160143195682
28.091495704600753
28.21464234115779
28.337598565925042
28.460363084330336
28.582934793257746
28.70531278001368
28.827496321173836
28.949484881312284
29.071278111613847
29.192875848370758
29.314278111364754
29.43548510213571
29.556497202137876
29.67731497078492
29.797939143385236
29.91837062896903
30.038610508008674
30.15866003003393
30.278520611143705
30.39819383141605
30.517681432218353
30.63698531341976
30.75610753050802
30.87505029161264
30.993815954436318
31.112407023096726
31.23082614488067
31.349076106912808
31.467159832741093
31.585080378841045
31.70284093104099
31.820444800870554
31.937895421834675
32.055196345615066
32.17235123820118
32.28936387595298
32.40623814159827
32.52297802016745
32.63958759486861
32.75607104290649
32.87243263124862
32.98867671234209
33.10480771978431
33.22083016395059
33.336748627580775
33.452567761327415
33.56829227926765
33.68392695438136
33.799476613998294
33.91494613521728
34.03034044030029
34.14566449204405
34.2609232891315
34.37612186146585
34.4912652654897
34.60635857949201
34.721406898905414
34.83641533159694
34.95138899315488
35.06633300217483
35.181252475547964
35.29615252375463
35.41103824616657
35.52591472636094
35.64078702744927
35.75566018742466
35.870539214530076
35.98542908265079
36.100334726733585
36.21526103823572
36.3302128606069
36.445194984807834
36.560212144868636
36.67526901349057
36.79037019769461
36.90552023452036
37.02072358677875
37.135984638861565
37.25130769261076
37.36669696325017
37.4821565753825
37.59769055905465
37.71330284589501
37.828997265326244
37.94477754085718
38.06064728645728
38.176610003016975
38.29266907489696
38.40882776656949
38.525089219354385
38.64145644825251
38.75793233887876
38.87451964449721
38.99122098316107
39.10803883496018
39.224975539378676
39.342033292765194
39.459214145918025
39.576520001787316
39.69395261329643
39.8115135812844
39.92920435257125
40.04702621814809
40.16498031149419
40.28306760702267
40.40128891865683
40.51964489853899
40.63813603587378
40.75676265590719
40.87552491904294
40.99442282009702
41.11345618769159
41.232624683789346
41.3519278033692
41.47136487424397
41.59093505702052
41.71063734520303
41.8304705654401
41.95043337791632
42.07052427688851
42.19074159136617
42.31108348593566
42.43154796172795
42.55213285752868
42.67283585102971
42.79365446022067
42.91458604491917
43.035627808438264
43.15677679939016
43.27802991362499
43.399383896303775
43.52083534410461
43.64238070756123
43.76401629353272
43.88573826780264
44.00754265780533
44.12942535547761
44.2513821202338
44.37340858206231
44.49550024474108
44.61765248916957
44.73986057681513
44.86211965327128
44.984424751924834
45.10677079772863
45.229152611076344
45.351564911776094
45.474002323119
45.59645937603863
45.71893051335717
45.84141009411422
45.96389239797423
46.086371629709326
46.20884192375399
46.33129734882822
46.45373191262603
46.576139566565125
46.69851421059388
46.82084969805128
46.943139840575775
47.06537841305862
47.18755915863698
47.30967579372156
47.43172201305378
47.553691494787465
47.67557790559021
47.797374905759334
47.919076154347465
48.04067531429337
48.162166057553804
48.28354207023176
48.40479705769627
48.5259247496889
48.64691890541246
48.76777331859779
48.88848182254435
49.00903829513106
49.129436663793456
49.249670910462896
49.36973507646343
49.48962326736216
49.609329657768455
49.72884849607681
49.84817410914832
49.96730090692563
50.0862233869762
50.20493613895985
50.32343384901686
50.44171130407336
50.55976339606128
50.677585126049856
50.79517160828585
50.912518074139605
51.02961987595359
51.146472490789854
51.263071524073105
51.37941271312656
51.49549193059824
51.611305187775606
51.72684863778648
51.842118578684115
51.957111456414175
52.07182386766147
52.186252562574175
52.300394447363324
52.414246586774944
52.52780620643251
52.64107069504753
52.75403760649563
52.86670466175566
52.97906975070897
53.09113093379621
53.20288644352901
53.31433468585426
53.42547424136906
53.53630386638493
53.64682249383965
53.757029234055224
53.86692337534096
53.97650438444124
54.085771906827475
54.19472576683411
54.30336596763853
54.41169269108475
54.51970629735173
54.62740732446697
54.73479648766654
54.84187467860234
54.94864296439706
55.055102586547626
55.161254959677386
55.26710167013774
55.37264447445963
55.4778852976556
55.58282623137372
55.687469531905
55.79181761804616
55.89587306882006
55.99963862105587
56.10311716683119
56.20631175077809
56.30922556725536
56.4118619573895
56.514224405987385
56.61631653832378
56.71814211680654
56.8197050375227
56.92100932666883
57.02205913686938
57.12285874338723
57.22341254023038
57.323725036159004
57.42380085059719
57.523644709453805
57.62326144085782
57.722655970813065
57.82183331877721
57.92079859316928
58.01955698680993
58.11811377229853
58.21647429733113
58.314643979963506
58.41262830382348
58.51043281327705
58.60806310855284
58.70552484082961
58.802823707291424
58.899965446154994
58.99695583167383
59.09380066912408
59.190505789776836
59.287077045861594
59.38352030552582
59.47984144779511
59.5760463575385
59.67214092044427
59.768131018011424
59.86402252256185
59.95982129227796
60.055533166270756
60.15116395968344
60.24671945883555
60.34220541641256
60.43762754670528
60.53299152090299
60.62830296244349
60.72356744242334
60.81879047507133
60.91397751328825
61.00913394425633
61.10426508512186
61.1993761787542
61.29447238958446
61.38955879952764
61.484640403991854
61.579722107977695
61.67480872227001
61.769904959724705
61.86501543165307
61.960144644305714
62.05529699545848
62.150476771102646
62.24568814224192
62.34093516179881
62.43622176163289
62.53155174967303
62.62692880716632
62.722356486046166
62.817838206421456
62.91337725418934
63.008976778773885
63.10463979099289
63.20036916105515
63.296167616689544
63.392037741406895
63.48798197289527
63.58400260154893
63.6801017691307
63.77628146756716
63.872543537875615
63.96888966922164
64.06532139810479
64.16184010767073
64.25844702714731
64.35514323140312
64.45192964062748
64.54880702013081
64.64577598026436
64.74283697645897
64.83999030938223
64.93723612521403
65.0345744160404
65.13200502036493
65.22952762373795
65.32714175950296
65.42484680966014
65.52264200584624
65.62052643043044
65.7184990177253
65.81655855531197
65.91470368547844
66.01293290676949
66.1112445756471
66.20963690825988
66.30810798231983
66.40665573908404
66.50527798543874
66.60397239608369
66.70273651581476
66.8015677619021
66.9004634265616
66.99942067951656
67.09843657064687
67.19750803272251
67.29663188421836
67.39580483220738
67.49502347533036
67.59428430684028
67.69358371771983
67.79291799987112
67.89228334937587
67.99167586982395
68.09109157570816
68.1905263958833
68.28997617708734
68.38943668752262
68.4889036204948
68.58837259810758
68.68783917501156
68.78729884220542
68.88674703088748
68.98617911635495
69.08559042194872
69.18497622304199
69.28433175107227
69.38365219761727
69.48293271851492
69.58216843802802
69.68135445305371
69.78048583737792
69.87955764597497
69.97856491935296
70.0775026879444
70.17636597654133
70.27514980877437
70.3738492116346
70.4724592200363
70.57097488141854
70.66939126038388
70.76770344337156
70.86590654336199
70.9639957046091
71.06196610739785
71.15981297282413
71.25753156759534
71.355117208849
71.45256526898773
71.54987118052937
71.64703044097128
71.74403861766787
71.8408913527198
71.93758436787296
72.03411346942478
72.13047455313479
72.2266636091356
72.32267672683965
72.41851009983647
72.51416003077544
72.60962293622858
72.7048953515273
72.79997393556654
72.89485547556866
72.98953689180033
73.0840152422351
73.1782877271551
73.2723516936849
73.36620464025137
73.45984422096288
73.55326824990155
73.64647470532137
73.73946173374569
73.83222765395774
73.92477096087694
74.01709032931305
74.10918461759033
74.20105287103328
74.29269432530666
74.38410840960259
74.4752947496672
74.56625317065843
74.65698369982735
74.74748656901485
74.8377622169564
74.92781129138834
75.01763465094947
75.10723336687155
75.19660872445158
75.28576222429999
75.37469558335974
75.4634107356919
75.55190983302438
75.64019524506168
75.72826955955335
75.81613558211902
75.90379633582776
75.99125506053085
76.07851521194615
76.16558046049383
76.25245468988291
76.33914199544935
76.42564668224654
76.51197326288977
76.598126455156
76.68411117934008
76.76993255536885
76.85559589967542
76.94110672183544
77.02647072096849
77.1116937819074
77.19678197113817
77.28174153251288
77.36657888273791
77.45130060663857
77.53591345220158
77.62042432539576
77.70484028477128
77.78916853583766
77.87341642522094
77.95759143460108
78.04170117443036
78.12575337743417
78.20975589189638
78.29371667473048
78.37764378433734
78.46154537325184
78.54542968058091
78.62930502423579
78.71317979296167
78.79706243816814
78.88096146556369
78.96488542659834
79.04884290971971
79.13284253144853
79.21689292728125
79.30100274242783
79.38518062239403
79.46943520341812
79.55377510277195
79.63820890893679
79.7227451716643
79.80739239193348
79.89215901181431
79.9770534042501
80.06208386277102
80.14725859115343
80.23258569303958
80.31807316153252
80.40372886878014
80.4895605555623
80.57557582089633
80.66178211167583
80.74818671235845
80.83479673471707
80.92161910766912
81.00866056719802
81.09592764638045
81.18342666553154
81.27116372247984
81.35914468298323
81.44737517129839
81.53586056091602
81.62460596547372
81.71361622985897
81.80289592151483
81.89244932196026
81.98228041853666
82.07239289639152
82.16279013070867
82.25347517919396
82.34445077482438
82.43571931886957
82.52728287419357
82.6191431588454
82.71130153994578
82.80375902787704
82.89651627078227
82.98957354937919
83.0829307720944
83.17658747052347
83.27054279522154
83.36479551182957
83.45934399754127
83.55418623791671
83.64931982404879
83.74474195008848
83.84044941113335
83.93643860148266
84.03270551326158
84.12924573541635
84.22605445308214
84.32312644732495
84.42045609525893
84.51803737053977
84.61586384423366
84.7139286860613
84.81222466601672
84.91074415636034
85.00947913398544
85.10842118315723
85.20756149862324
85.30689088909229
85.4063997810798
85.50607822311643
85.60591589031775
85.70590208931115
85.8060257635161
85.90627549877318
86.00663952931687
86.10710574408618
86.20766169336649
86.30829459575533
86.4089913454461
86.50973851982313
86.61052238736112
86.7113289158218
86.81214378074002
86.91295237419159
87.01373981383493
87.11449095221859
87.21519038634754
87.31582246750064
87.41637131129106
87.51682080796216
87.6171546329101
87.71735625742427
87.81740895963638
87.91729583566824
88.01699981096907
88.11650365183378
88.2157899770941
88.31484126997496
88.41363989010834
88.5121680856955
88.61040800580791
88.70834171281648
88.80595119493897
88.90321837889529
89.00012514265971
89.09665332829921
89.19278475488544
89.28850123146752
89.38378457009263
89.47861659886108
89.57297917500203
89.66685419795577
89.76022362244838
89.85306947154491
89.94537384966814
90.0371189555692
90.1282870952367
90.21886069473122
90.30882231293207
90.39815465418359
90.48684058082823
90.57486312561376
90.66220550396166
90.74885112608466
90.83478360894206
90.91998678802257
91.00444472894513
91.0881417388682
91.17106237769745
91.25319146908247
91.33451411119403
91.41501568727448
91.49468187595333
91.5734986613205
91.6514523427495
91.72852954446283
91.80471722483263
91.88000268540962
91.95437357967351
92.02781792149811
92.10032409332437
92.1718808540346
92.242477346521
92.31210310494247
92.38074806166445
92.44840255387645
92.51505732988163
92.58070355505377
92.64533281745706
92.70893713312397
92.77150895098792
92.83304115746806
92.89352708070383
92.95296049443742
93.01133562154222
93.06864713719573
93.12489017169558
93.18006031291792
93.23415360841805
93.28716656717437
93.33909616097695
93.38993982546263
93.43969546079812
93.48836143201298
93.53593656898452
93.58242016607674
93.6278119814368
93.67211223595255
93.71532161187427
93.75744125110428
93.79847275315863
93.83841817280516
93.87728001738252
93.91506124380452
93.95176525525424
93.98739589757336
94.02195745535185
94.05545464772273
94.08789262386573
94.11927695822463
94.14961364544273
94.17890909502044
94.20717012569763
94.23440395956207
94.26061821588517
94.28582090468532
94.31002042001816
94.33322553299317
94.35544538451651
94.37668947776078
94.39696767036159
94.41629016634212
94.43466750776619
94.45211056612229
94.46863053344097
94.4842389131488
94.49894751066219
94.51276842372576
94.5257140324994
94.53779698939942
94.5490302086989
94.55942685589261
94.56900033683368
94.57776428664758
94.5857325584303
94.592919211738
94.59933850087586
94.60500486299358
94.60993290599671
94.61413739628253
94.61763324631042
94.62043550201744
94.62255933009007
94.62402000510403
94.62483289654412
94.62501345571499
94.62457720255483
94.62353971236413
94.6219166024608
94.61972351877202
94.61697612237353
94.61369007598714
94.60988103044755
94.6055646111491
94.60075640448426
94.59547194428555
94.58972669828333
94.58353605459146
94.57691530823351
94.56987964772324
94.56244414171405
94.55462372573217
94.5464331890083
94.53788716142193
94.52900010057223
94.51978627898879
94.51025977149502
94.50043444273703
94.49032393489026
94.47994165555595
94.46930076585984
94.45841416876517
94.44729449761333
94.4359541049052
94.42440505133511
94.41265909508816
94.400727681412
94.38862193247412
94.37635263751515
94.36393024330796
94.35136484493212
94.33866617687222
94.32584360444874
94.31290611559037
94.29986231295602
94.28672040641443
94.2734882058888
94.26017311457288
94.24678212252441
94.23332180064115
94.21979829502477
94.20621732173738
94.19258416195574
94.17890365752778
94.16518020693657
94.15141776167611
94.13761982304477
94.1237894393608
94.10992920360418
94.09604125148924
94.08212725997278
94.06818844620098
94.05422556689696
94.04023891819072
94.0262283358921
94.01219319620607
93.99813241688942
93.98404445884769
93.96992732817041
93.95577857860287
93.94159531445173
93.92737419392104
93.91311143287574
93.89880280902987
93.88444366655648
93.87002892111576
93.85555306529847
93.84101017448035
93.82639391308368
93.81169754124102
93.7969139218556
93.78203552805218
93.7670544510118
93.75196240818406
93.73675075186924
93.72141047816268
93.70593223625116
93.69030633805102
93.67452276817738
93.6585711942326
93.64244097740146
93.62612118334067
93.60960059334917
93.59286771580713
93.57591079787056
93.55871783740923
93.5412765951757
93.52357460719344
93.50559919735173
93.48733749019499
93.46877642389467
93.44990276339246
93.43070311370337
93.41116393336637
93.3912715480298
93.37101216415857
93.3503718828494
93.32933671374025
93.30789258899887
93.28602537737532
93.26372089830187
93.24096493602434
93.21774325374923
93.19404160778986
93.16984576169493
93.14514150034385
93.11991464399254
93.09415106225474
93.0678366880043
93.04095753118376
93.01349969250343
92.98544937701597
92.9567929075511
92.92751673799516
92.89760746640017
92.8670518479086
92.83583680748056
92.80394945241044
92.77137708461991
92.73810721271506
92.70412756379453
92.66942609499567
92.63399100476515
92.59781074384198
92.56087402594225
92.52316983813539
92.48468745090217
92.44541642786571
92.40534663518626
92.36446825061164
92.32277177217513
92.28024802653299
92.23688817693407
92.19268373081552
92.14762654701967
92.10170884262759
92.05492319940576
92.00726256986324
91.95872028291595
91.90929004915532
91.85896596571823
91.80774252075494
91.75561459749295
91.70257747789563
91.64862684591438
91.59375879033294
91.53796980720247
91.48125680186573
91.42361709056959
91.36504840166529
91.30554887639644
91.24511706927697
91.18375194806086
91.1214528933065
91.05821969753995
90.99405256402216
90.92895210512498
90.86291934032116
90.79595569379276
90.72806299166226
90.65924345885085
90.58949971556947
90.51883477344805
90.44725203131046
90.37475527060295
90.30134865048379
90.22703670258161
90.15182432543034
90.07571677858849
89.9987196764521
89.92083898177067
89.84208099887543
89.76245236662875
89.68196005110327
89.60061133800026
89.51841382481702
89.43537541277318
89.35150429850525
89.26680896553923
89.18129817555099
89.09498095942435
89.00786660811652
88.91996466334014
88.83128490807088
88.74183735689054
88.65163224617585
88.56068002414362
88.4689913407632
88.37657703754702
88.28344813723085
88.18961583335512
88.09509147975906
87.9998865799986
87.90401277669925
87.8074818408552
87.71030566108654
87.61249623286689
87.51406564773312
87.41502608248824
87.31538978840912
87.21516908046942
87.11437632658783
87.0130239369114
86.91112435314392
86.80869003792964
86.70573346430285
86.60226710521454
86.49830342314704
86.39385485982802
86.28893382605463
86.18355269163749
86.0777237754744
85.97145933576257
85.86477156035698
85.75767255728113
85.65017434539709
85.54228884524196
85.4340278700364
85.32540311687069
85.21642615807366
85.10710843277002
84.99746123863122
84.88749572382585
84.77722287917595
84.66665353052599
84.55579833133095
84.44466775547039
84.33327209029505
84.22162142991147
84.10972566870964
83.99759449513795
83.88523738572906
83.77266359938152
83.65988217190203
83.54690191081339
83.43373139043204
83.32037894721906
83.20685267540851
83.09316042291731
82.97930978753958
82.86530811342935
82.75116248787502
82.63687973836805
82.52246642996816
82.4079288629673
82.29327307085451
82.1785048185835
82.06362960114426
81.948652642439
81.83357889446118
81.71841303677614
81.60315947630271
81.48782234739438
81.3724055122186
81.25691256143237
81.14134681515269
81.02571132421905
80.91000887174447
80.79424197495074
80.67841288728322
80.56252360080099
80.44657584883804
80.33057110893104
80.21451060600893
80.09839531583825
79.9822259687181
79.86600305341776
79.74972682134975
79.63339729097137
79.5170142524075
79.4005772722879
79.2840856987917
79.16753866689098
79.05093510378535
78.93427373451945
78.81755308777494
78.70077150182848
78.58392713066743
78.46701795025555
78.35004176494132
78.23299621400085
78.11587877830729
77.99868678711832
77.88141742497348
77.76406773869266
77.64663464446639
77.52911493502867
77.41150528690352
77.29380226771602
77.1760023435589
77.05810188640564
76.94009718156141
76.82198443514446
76.70375978158992
76.58541929116878
76.46695897751404
76.34837480514723
76.229662696998
76.11081854190964
75.99183820212222
75.87271752072543
75.75345232907303
75.63403845415094
75.5144717258898
75.39474798441286
75.27486308720923
75.15481291622241
75.0345933848442
74.91420044480488
74.79363009295146
74.67287837790566
74.5519414065944
74.43081535064637
74.30949645264884
74.1879810322584
74.06626549215964
73.94434632386601
73.82222011335712
73.69988354654699
73.57733341457858
73.45456661893935
73.3315801763929
73.20837122372201
73.08493702227874
72.96127496233748
72.83738256724712
72.71325749737821
72.58889755386167
72.46430068211544
72.33946497515603
72.21438867669235
72.08907018399987
71.96350805057318
71.83770098855535
71.71164787094204
71.5853477335591
71.45879977681233
71.33200336720898
71.20495803865077
71.07766349349839
70.95011960340747
70.8223264099359
70.69428412492272
70.56599313063936
70.43745397971423
70.30866739483207
70.17963426820967
70.05035566085058
69.92083280158158
69.79106708587403
69.66106007445421
69.53081349170702
69.4003292238774
69.26960931707436
69.1386559750822
69.00747155698376
68.87605857459981
68.7444196897495
68.61255771133618
68.48047559226289
68.34817642618292
68.21566344409108
68.08294001076182
67.95000962104068
67.81687589599544
67.68354257893365
67.55001353129312
67.41629272841185
67.28238425518343
67.1482923016029
67.01402115820808
66.87957521142214
66.74495893880264
66.6101769042031
66.47523375285259
66.34013420635976
66.20488305764779
66.06948516582683
65.93394545101192
65.79826888909393
65.66246050647202
65.52652537475556
65.39046860544396
65.25429534459214
65.11801076747035
64.98162007322597
64.84512847955514
64.70854121739106
64.57186352561527
64.43510064579797
64.29825781697357
64.16134027045777
64.02435322471197
63.88730188026031
63.75019141466336
63.613026977552494
63.47581368572892
63.338556618331864
63.2012608120809
63.06393125659761
62.926572889811354
62.78919059345381
62.65178918864652
62.51437343158503
62.376948009322945
62.239517535658905
62.102086547129915
61.96465949911462
61.82724076204956
61.68983461776153
61.55244525591862
61.41507677060323
61.277733157010026
61.14041830827224
61.003136012418814
60.86588994946546
60.7286836886424
60.5915206857613
60.4544042807241
60.31733769517566
60.18032403030232
60.04336626477751
59.9064672528552
59.769629722611704
59.63285627433591
59.4961493790682
59.35951137728843
59.22294447775336
59.08645075648435
58.95003215590539
58.81369048413195
58.677427414411355
58.54124448471477
58.40514309748137
58.269124519515074
58.13318988203356
57.997340180869415
57.861576276823044
57.72589889616724
57.590308631303074
57.454805941566924
57.31939115418812
57.18406446539678
57.04882594168112
56.91367552119312
56.77861301530084
56.64363811028557
56.508750369181435
56.373949233755305
56.23923402662508
56.104603953514136
55.97005810563946
55.83559546223041
55.701214893175184
55.566915161791776
55.43269492771993
55.298552749930714
55.16448708985001
55.03049631459186
54.89657870029731
54.762732435574435
54.62895562503479
54.495246292922104
54.36160238682862
54.22802178149476
54.09450228268696
53.9610416311487
53.827637506619396
53.69428753191579
53.56098927707018
53.42774026351981
53.29453796834218
53.16137982853121
53.028263245309056
52.89518558846884
52.7621442007429
52.629136402190845
52.49615949460189
52.36321076590621
52.23028749459029
52.097386954111066
51.964506417303305
51.83164316077494
51.69879446928433
51.565957640093465
51.433129987291515
51.30030884608305
51.16749157703514
51.03467557027789
50.901858249653564
50.769037076809454
50.636209555229
50.50337323419551
50.37052571268275
50.237664643167065
50.10478773535549
49.97189275982457
49.838977551564696
49.70604001342478
49.573078119452575
49.44008991812568
49.30707353546886
49.17402717805338
49.0409491358747
48.90783778510534
48.77469159072017
48.64150910899154
48.508288989852396
48.37502997912501
48.2417309206139
48.10839075806147
47.975008536964744
47.84158340625104
47.70811461981064
47.57460153788467
47.441043628307035
47.307440467599385
47.17379174191863
47.04009724785684
46.90635689309338
46.772570696898676
46.63873879048922
46.50486141723375
46.370938932711084
46.236971804620026
46.102960612542546
45.96890604756189
45.83480891173744
45.700670117438705
45.5664906865409
45.4322717494849
45.29801454420445
45.163720414923404
45.02939081082562
44.89502728460073
44.76063149086875
44.62620518448634
44.491750218738304
44.35726854341809
44.22276220280125
44.08823333351565
43.953684162311355
43.8191170037335
43.68453425770141
43.54993840699691
43.41533201466486
43.280717721328834
43.14609824242458
43.01147636535389
42.87685494656093
42.74223690853304
42.607625236728175
42.473022976431444
42.33843322954291
42.203859151299774
42.06930394693685
41.93477086828956
41.80026321034411
41.665784307739
41.53133753122218
41.39692628406813
41.26255399845941
41.12822413183717
40.993940163225844
40.8597055895374
40.72552392185993
40.59139868173567
40.45733339743323
40.32333160021871
40.189396820629455
40.05553258475432
39.921742410523976
39.788029804015316
39.65439825577386
39.52085123715853
39.387392196713286
39.25402455656957
39.12075170888301
38.98757701230762
38.85450378851056
38.72153531873045
38.588674840382005
38.45592554371064
38.32329056850035
38.1907730008382
38.05837586993881
37.926102145031855
37.79395473231586
37.661936471980766
37.53005013530168
37.39829842180592
37.26668395651561
37.135209287268225
37.003876882117595
36.87268912681793
36.74164832239359
36.61075668279682
36.480016332656135
36.349429305117496
36.21899753978056
36.088722880732234
35.95860707467938
35.828651769182244
35.69885851098999
35.56922874447949
35.43976381019862
35.31046494351536
35.18133327337372
35.05236982115732
34.923575499661204
34.79495111217164
34.66649735165395
34.53821480004836
34.410103927673894
34.28216509274056
34.15439854096996
34.02680440532452
33.899382705845305
33.77213334959807
33.64505613072745
33.51815073061899
33.39141671816886
33.26485355016122
33.13846057175353
33.01223701706938
32.88618200989869
32.760294564504605
32.63457358653669
32.509017874049576
32.38362611862651
32.25839690660705
32.13332872041802
32.008419940007016
31.883668844377283
31.75907361322278
31.63463232866165
31.510342977065942
31.386203450985487
31.262211551163755
31.138364988643627
31.01466138696058
30.891098284420945
30.767673136462673
30.644383318095958
30.521226126421062
30.3981987832207
30.275298437624038
30.152522168839432
30.029866988952598
29.907329845786826
29.78490762582195
29.662597157168683
29.54039521259495
29.418298512600874
29.296303728538877
29.17440748577565
29.052606366892693
28.93089691492236
28.809275636616153
28.687739005742007
28.566283466407416
28.444905436405296
28.323601310579537
28.202367464207327
28.08120025639522
27.960096033485968
27.839051132473145
27.71806188442062
27.597124617883793
27.4762356623296
27.35539135155244
27.23458802708319
27.113822041588516
26.993089762257735
26.872387574174635
26.75171188367136
26.631059121661504
26.510425746949632
26.389808249514683
26.269203153765172
26.148607021763862
26.028016456419632
25.907428104644303
25.78683866047205
25.666244868138982
25.54564352512073
25.425031485125793
25.304405661042487
25.18376302783755
25.063100625404353
24.942415561358693
24.82170501378004
24.700966233896185
24.580196548709342
24.459393363561833
24.33855416463938
24.21767652140993
24.096758088996143
23.97579661047958
23.854789919134692
23.733735940590652
23.612632694919217
23.491478298646783
23.37027096668878
23.24900901420459
23.127690858371423
23.006315020075917
22.8848801255222
22.76338490775531
22.64182820809863
22.52020897750431
22.39852627781569
22.276779282940975
22.15496727993745
22.03308967000562
21.911145969392702
21.78913581020468
21.667058941126253
21.544915228047852
21.42270465459897
21.300427322586994
21.178083452340683
21.05567338295777
20.933197572456017
20.810656597827126
20.688051154993055
20.56538205866415
20.442650242098644
20.31985675676311
20.197002771893587
20.074089573957004
19.9511185660125
19.828091266972482
19.70500931076325
19.5818744453849
19.458688531870312
19.335453543143135
19.21217156277527
19.08884478364445
18.965475506492854
18.842066138387825
18.718619191085907
18.595137279301497
18.471623118881283
18.348079524885875
18.22450940957995
18.100915780332343
17.977301737427666
17.853670471791105
17.730025262628175
17.606369474981463
17.482706557206495
17.359040038368885
17.235373525564977
17.111710701168317
16.988055320004374
16.86441120645591
16.74078225150134
16.617172409688433
16.493585696045653
16.37002618293361
16.24649799683909
16.123005315114177
15.999552362663017
15.876143408578848
15.75278276273415
15.629474772326752
15.506223818384903
15.383034312234193
15.259910691929184
15.136857418652573
15.013878973084891
14.89097985174775
14.768164563323712
14.645437624955893
14.522803558530502
14.40026688694562
14.277832130369621
14.155503802492548
14.033286406773756
13.911184432689227
13.7892023519821
13.667344614919985
13.545615646562682
13.424019843044007
13.302561567871308
13.18124514824622
13.060074871410265
12.93905498101887
12.818189673547336
12.69748309473229
12.576939336052162
12.456562431250246
12.33635635290406
12.216325009044692
12.096472239829932
11.976801814275017
11.857317427044645
11.738022695310061
11.618921155674835
11.500016261172869
11.381311378342085
11.262809784377163
11.144514664364573
11.02642910860312
10.908556110013215
10.790898561637981
10.673459254239113
10.556240873990411
10.439246000271687
10.32247710356548
10.205936543458881
10.08962656675259
9.973549305679333
9.857706776233604
9.742100876614506
9.626733385783215
9.511605962136645
9.396720142298793
9.282077340031183
9.167678845263655
9.053525823246627
8.939619313825796
8.825960230840034
8.712549361643228
8.599387366750678
8.486474779610463
8.373812006500096
8.261399326548649
8.149236891884435
8.03732472790827
7.925662733692235
7.8142506825037605
7.703088222454723
7.592174877275055
7.481510047210191
7.371093010041539
7.260922922229062
7.150998820174938
7.041319621607127
6.931884127081557
6.822691021601546
6.713738876352938
6.605026150553268
6.496551193413207
6.388312246208353
6.280307444459413
6.172534820218725
6.064992304460953
5.957677729575638
5.850588831959152
5.743723254703483
5.6370785503791305
5.530652183909354
5.424441535532857
5.318443903851922
5.212656508962958
5.107076495666391
5.001700936752733
4.896526836361594
4.791551133410279
4.686770705088582
4.582182370416339
4.477782893860228
4.37356898900626
4.269537322284301
4.165684516740872
4.062007155856382
3.9585017874029274
3.855164927338695
3.7519930637350387
3.6489826607322082
3.5461301625197192
3.443431997337309
3.340884581492402
3.2384843233899847
3.136227627570749
3.03411089875337
2.9321305458767326
2.8302829861379424
2.7285646490219415
2.626971980318562
2.5255014461228598
2.4241495368146104
2.322912771012866
2.2217876995014954
2.1207709091216733
2.019859026627322
1.9190487224995256
1.8183367147159795
1.717719772471554
1.617194719846095
1.516758439415605
1.4164078758030005
1.3161400391646785
1.2159520086091846
1.1158409355443377
1.0158040469492393
0.9158386485676739
0.8159421280194885
0.7161119578266206
0.6163456983505409
0.5166410006379701
0.4169956091718293
0.31740736452447715
0.21787420591040205
0.11839417363564736
0.018965411441363687
-0.0804138312609995
-0.17974519726523253
-0.27903021955888346
-0.37827031942688066
-0.47746680467225977
-0.5766208679558672
-0.6757335852567833
-0.7748059144550775
-0.8738386940383738
-0.9728326419335773
-1.071788354464977
-1.1707063054398006
-1.2695868453621701
-1.368430200776253
-1.467236473739283
-1.5660056414249806
-1.6647375558577653
-1.7634319437780126
-1.8620884066384686
-1.9607064207317857
-2.0592853374490105
-2.157824383668733
-2.25632266227647
-2.3547791528137316
-2.4531927122560666
-2.551562075919266
-2.64988585849275
-2.7481625551990327
-2.8463905430780465
-2.9445680823949507
-3.0426933181699343
-3.140764281828417
-3.2387788929699184
-3.3367349612537467
-3.4346301883995456
-3.53246217030058
-3.6302283992475113
-3.7279262662603125
-3.8255530635258643
-3.9231059869386633
-4.020582138741977
-4.11797853026666
-4.215292084764733
-4.312519640334705
-4.409657952935549
-4.506703699486155
-4.6036534810470116
-4.700503826080741
-4.797251193788039
-4.893891977515484
-4.990422508231615
-5.086839058067658
-5.183137843919181
-5.279315031104941
-5.375366737079139
-5.471289035193257
-5.567077958503587
-5.662729503620503
-5.7582396345955535
-5.853604286842404
-5.94881937108758
-6.043880777346885
-6.138784378923333
-6.2335260364224325
-6.328101601780702
-6.422506922303271
-6.516737844706442
-6.610790219161069
-6.70465990333262
-6.79834276641372
-6.891834693144988
-6.985131587819909
-7.078229378269535
-7.171124019822879
-7.263811499238957
-7.356287838606479
-7.44854909920728
-7.540591385339614
-7.632410848097518
-7.724003689102457
-7.815366164183512
-7.906494587002418
-7.997385332619783
-8.088034840998963
-8.17843962044405
-8.268596250968505
-8.35850138759106
-8.448151763555556
-8.53754419347146
-8.626675576371836
-8.715542898685575
-8.804143237120748
-8.892473761455996
-8.98053173723698
-9.068314528375055
-9.155819599645412
-9.243044519082233
-9.329986960268585
-9.416644704518902
-9.503015642951965
-9.589097778452485
-9.674889227519587
-9.760388222000644
-9.845593110709077
-9.93050236092485
-10.015114559776508
-10.099428415503697
-10.183442758599215
-10.26715654282984
-10.350568846135179
-10.43367887140403
-10.516485947127894
-10.59898952793127
-10.681189194978476
-10.76308465625674
-10.844675746735508
-10.925962428402006
-11.00694479017324
-11.087623047684692
-11.167997542956092
-11.248068743934686
-11.327837243916568
-11.40730376084675
-11.486469136498817
-11.565334335535146
-11.643900444448894
-11.722168670389015
-11.800140339869634
-11.877816897365115
-11.95519990379227
-12.032291034881148
-12.109092079435932
-12.18560493748749
-12.261831618339137
-12.3377742385074
-12.413435019559692
-12.488816285851009
-12.563920462161882
-12.638750071239777
-12.71330773124624
-12.78759615311227
-12.861618137804522
-12.935376573505062
-13.008874432707382
-13.082114769231561
-13.155100715161518
-13.22783547770731
-13.300322335995526
-13.372564637790896
-13.444565796152341
-13.516329286026798
-13.587858640784216
-13.659157448697254
-13.730229349369207
-13.801078030113725
-13.871707222290024
-13.9421206975973
-14.012322264332123
-14.08231576361251
-14.152105065572282
-14.221694065529288
-14.291086680130942
-14.360286843480562
-14.429298503247917
-14.498125616767508
-14.566772147128189
-14.635242059257903
-14.703539316007278
-14.771667874235773
-14.839631680904246
-14.907434669177858
-14.975080754543283
-15.042573830944148
-15.109917766938564
-15.177116401882541
-15.2441735421431
-15.311092957344739
-15.3778783766529
-15.444533485098047
-15.511061919944012
-15.577467267104254
-15.643753057609587
-15.709922764130809
-15.775979797559529
-15.841927503650453
-15.907769159728247
-15.973507971461956
-16.039147069709998
-16.104689507438763
-16.170138256717934
-16.235496205795542
-16.300766156255776
-16.365950820262455
-16.431052817890986
-16.49607467455158
-16.561018818506298
-16.625887578482505
-16.69068318138504
-16.75540775010934
-16.820063301457836
-16.8846517441617
-16.949174877009895
-17.01363438708724
-17.078031848123192
-17.142368718952827
-17.206646342091364
-17.27086594242336
-17.33502862600749
-17.399135378997745
-17.463187066681673
-17.52718443263611
-17.591128098000727
-17.65501856086971
-17.718856195801724
-17.78264125344828
-17.846373860300506
-17.910054018554295
-17.973681606093553
-18.037256376591447
-18.100777959729417
-18.16424586153372
-18.22765946482929
-18.291018029810605
-18.35432069472896
-18.417566476695445
-18.480754272598748
-18.543882860136808
-18.60695089896122
-18.669956931933104
-18.732899386489084
-18.795776576115887
-18.858586701931902
-18.921327854373835
-18.98399801498676
-19.046595058315894
-19.109116753898583
-19.171560768354745
-19.23392466757415
-19.296205918998886
-19.35840189399918
-19.420509870340602
-19.482527034740606
-19.544450485512336
-19.60627723529354
-19.668004213858218
-19.72962827100836
-19.791146179543126
-19.8525546383026
-19.91385027528296
-19.975029650820126
-20.03608926083897
-20.0970255401652
-20.157834865896724
-20.218513560831305
-20.27905789694706
-20.33946409893236
-20.399728347761602
-20.45984678431339
-20.5198155130278
-20.57963060559917
-20.6392881047012
-20.69878402774109
-20.75811437063957
-20.817275111633773
-20.876262215099654
-20.935071635390596
-20.99369932068897
-21.052141216867636
-21.110393271358202
-21.168451437022735
-21.2263116760257
-21.283969963703054
-21.341422292425516
-21.39866467545262
-21.455693150774305
-21.51250378493675
-21.569092676849134
-21.625455961568132
-21.681589814056604
-21.737490452912947
-21.793154144067852
-21.84857720444513
-21.903756005583187
-21.958686977213585
-22.013366610793025
-22.06779146298508
-22.121958159088205
-22.17586339640651
-22.229503947559845
-22.282876663729677
-22.33597847783751
-22.38880640765286
-22.44135755882787
-22.49362912785592
-22.54561840495158
-22.59732277684922
-22.648739729517654
-22.699866850788155
-22.750701832893398
-22.80124247491476
-22.851486685135214
-22.901432483295352
-22.951078002749924
-23.00042149252262
-23.049461319256565
-23.09819596905801
-23.146624049230965
-23.194744289900697
-23.24255554552424
-23.290056796286294
-23.337247149378854
-23.384125840163065
-23.430692233211843
-23.476945823232157
-23.522886235865982
-23.568513228368957
-23.61382669016571
-23.658826643280932
-23.70351324264543
-23.747886776276303
-23.791947665330625
-23.835696464031898
-23.879133859468865
-23.922260671266358
-23.965077851127987
-24.00758648225043
-24.0497877786094
-24.091683084117463
-24.133273871653685
-24.174561741964894
-24.215548422438772
-24.25623576574891
-24.29662574837222
-24.336720468979294
-24.376522146698292
-24.416033119253157
-24.455255840977017
-24.49419288070159
-24.532846919523607
-24.571220748449704
-24.60931726592146
-24.647139475222517
-24.684690481769806
-24.721973490291404
-24.758991801893487
-24.79574881101904
-24.83224800230137
-24.868492947315715
-24.904487301232322
-24.94023479937458
-24.975739253685916
-25.011004549109472
-25.04603463988464
-25.080833545764577
-25.11540534815903
-25.149754186207005
-25.18388425278387
-25.21779979044736
-25.251505087326976
-25.28500447296149
-25.31830231408925
-25.351403010396428
-25.384310990228347
-25.417030706269134
-25.449566631194916
-25.48192325330594
-25.514105072142986
-25.546116594093423
-25.577962327992044
-25.609646780721892
-25.6411744528201
-25.672549834093548
-25.703777399249066
-25.73486160354297
-25.765806878455027
-25.796617627391687
-25.82729822142345
-25.857852995061155
-25.888286242075782
-25.91860221136655
-25.948805102881796
-25.97889906359696
-26.00888818355411
-26.038776491967116
-26.068567953396684
-26.09826646399903
-26.127875847851886
-26.1573998533617
-26.18684214975561
-26.21620632366181
-26.245495875781717
-26.274714217657067
-26.303864668534874
-26.332950452332955
-26.36197469470905
-26.390940420236507
-26.41985054968932
-26.448707897439352
-26.4775151689684
-26.50627495849783
-26.534989746738336
-26.563661898761996
-26.592293661998855
-26.62088716436016
-26.6494444124901
-26.677967290147922
-26.70645755672182
-26.73491684587619
-26.763346664333216
-26.79174839078941
-26.82012327496766
-26.848472436805043
-26.876796865776857
-26.905097420357055
-26.933374827615115
-26.961629682949013
-26.989862449953836
-27.01807346042553
-27.046262914499398
-27.07443088092295
-27.102577297462705
-27.130701971444456
-27.15880458042618
-27.186884673002698
-27.21494166974104
-27.242974864245344
-27.270983424349414
-27.298966393434757
-27.326922691871875
-27.35485111858269
-27.38275035272166
-27.410618955473
-27.438455371961386
-27.46625793327353
-27.494024858588194
-27.521754257412358
-27.549444131921422
-27.577092379401353
-27.604696794790346
-27.632255073317754
-27.659764813238002
-27.687223518657095
-27.714628602449256
-27.741977389261184
-27.769267118601295
-27.796494948011247
-27.823657956317096
-27.850753146957306
-27.877777451384578
-27.904727732538408
-27.931600788385158
-27.95839335552215
-27.98510211284226
-28.011723685255237
-28.038254647462043
-28.06469152777841
-28.09103081200387
-28.117268947332196
-28.143402346299002
-28.169427390762156
-28.19534043591081
-28.221137814298647
-28.2468158398968
-28.27237081216207
-28.297799020115765
-28.323096746428593
-28.34826027150716
-28.373285877577576
-28.398169852761658
-28.422908495141417
-28.44749811680727
-28.471935047885342
-28.49621564053935
-28.520336272943116
-28.544293353219718
-28.568083323343462
-28.591702663000994
-28.615147893408185
-28.63841558107955
-28.66150234154707
-28.684404843025526
-28.70711981002173
-28.729644026885317
-28.7519743412987
-28.774107667703838
-28.796040990663435
-28.817771368154233
-28.83929593479018
-28.860611904973005
-28.881716575967737
-28.90260733090056
-28.923281641676844
-28.943737071817047
-28.963971279208117
-28.98398201876821
-29.003767145022515
-29.02332461458831
-29.042652488567278
-29.061748934843187
-29.080612230282945
-29.09924076283894
-29.11763303355081
-29.135787658444933
-29.15370337032973
-29.17137902048517
-29.188813580244407
-29.206006142465462
-29.222955922890996
-29.23966226139438
-29.256124623110246
-29.272342599447732
-29.288315908984707
-29.304044398241665
-29.319528042334063
-29.334766945501933
-29.349761341515652
-29.364511593956898
-29.37901819637394
-29.393281772310523
-29.407303075207544
-29.421082988176884
-29.434622523646873
-29.447922822879057
-29.46098515535612
-29.473810918040833
-29.486401634506272
-29.498758953937504
-29.510884650004947
-29.52278061960964
-29.534448881500815
-29.545891574766436
-29.557110957197516
-29.56810940352721
-29.578889403545922
-29.589453560093908
-29.599804586933054
-29.60994530649949
-29.619878647538762
-29.629607642625494
-29.639135425569997
-29.648465228714365
-29.65760038012092
-29.66654430065588
-29.675300500971296
-29.683872578388467
-29.69226421368611
-29.70047916779682
-29.708521278415382
-29.716394456522657
-29.724102682828907
-29.73165000414027
-29.739040529652065
-29.746278427172903
-29.753367919283583
-29.760313279435017
-29.76711882798957
-29.773788928210557
-29.780327982204618
-29.786740426821886
-29.793030729519096
-29.799203384190655
-29.805262906972494
-29.81121383202366
-29.81706070729063
-29.82280809025942
-29.828460543700878
-29.834022631414364
-29.839498913975255
-29.844893944491297
-29.850212264372992
-29.8554583991231
-29.860636854150208
-29.865752110611332
-29.87080862128871
-29.875810806505818
-29.880763050087772
-29.885669695371142
-29.890535041268087
-29.895363338389522
-29.90015878523183
-29.904925524431484
-29.909667639091616
-29.914389149184352
-29.91909400803268
-29.92378609887586
-29.928469231522165
-29.93314713909262
-29.937823474859123
-29.942501809180406
-29.947185626538833
-29.951878322681033
-29.956583201865065
-29.961303474216287
-29.966042253193983
-29.97080255317075
-29.975587287126523
-29.9803992644592
-29.9852411889135
-29.99011565662959
-29.995025154312962
-29.99997205752654
-30.00495862910605
-30.009987017699324
-30.015059256430323
-30.020177261688378
-30.025342832043027
-30.030557647284514
-30.03582326758978
-30.041141132813568
-30.046512561904212
-30.051938752443636
-30.05742078031098
-30.062959599469128
-30.068556041873098
-30.074210817498983
-30.07992451449191
-30.085697599431473
-30.091530417713148
-30.09742319404423
-30.10337603305253
-30.10938892000623
-30.115461721642976
-30.121594187106286
-30.12778594898713
-30.134036524468844
-30.14034531657315
-30.146711615505144
-30.15313460009519
-30.159613339335653
-30.166146794010206
-30.17273381841331
-30.17937316215721
-30.18606347206354
-30.192803294136315
-30.199591075613018
-30.206425167090277
-30.213303824720544
-30.220225212476198
-30.227187404477366
-30.234188387379493
-30.24122606281661
-30.24829824989634
-30.255402687742578
-30.262537038081764
-30.26969888786876
-30.276885751948658
-30.28409507575127
-30.29132423801541
-30.298570553540163
-30.305831275960447
-30.313103600544327
-30.320384667009808
-30.327671562358848
-30.33496132372655
-30.342250941243595
-30.349537360910364
-30.356817487481397
-30.36408818735892
-30.371346291494337
-30.378588598296563
-30.38581187654616
-30.393012868314333
-30.400188291885872
-30.40733484468497
-30.41444920620312
-30.42152804092827
-30.42856800127443
-30.43556573051102
-30.44251786569122
-30.449421040578688
-30.456271888571667
-30.463067045623593
-30.469803153159138
-30.476476860984338
-30.483084830189643
-30.48962373604461
-30.49609027088282
-30.502481146975487
-30.508793099391927
-30.515022888845056
-30.521167304519924
-30.527223166883164
-30.533187330471197
-30.53905668665475
-30.54482816637712
-30.550498742863528
-30.55606543429899
-30.561525306472124
-30.566875475382393
-30.572113109808033
-30.57723543383189
-30.582239729322158
-30.58712333836498
-30.591883665645884
-30.596518180777043
-30.601024420567303
-30.605399991232122
-30.60964257054052
-30.613749909896274
-30.617719836350506
-30.621550254542786
-30.625239148567903
-30.628784583765583
-30.632184708430646
-30.635437755441632
-30.638542043806087
-30.6414959801207
-30.644298059944692
-30.646946869084804
-30.6494410847905
-30.65177947685841
-30.653960908645264
-30.655984337988787
-30.657848818036218
-30.659553497980387
-30.6610976237035
-30.662480538328868
-30.66370168268087
-30.66476059565345
-30.665656914487545
-30.666390374957803
-30.666960811469085
-30.667368157063198
-30.667612443336555
-30.667693800269536
-30.667612455968385
-30.667368736320572
-30.666963064564516
-30.6663959607743
-30.665668041259995
-30.664780017884244
-30.663732697295774
-30.66252698008073
-30.661163859832858
-30.659644422143646
-30.65796984351353
-30.656141390185315
-30.654160416900954
-30.652028365582726
-30.649746763940033
-30.647317224003007
-30.644741440584017
-30.64202118966826
-30.63915832673455
-30.63615478500758
-30.633012573643004
-30.62973377584682
-30.62632054693059
-30.622775112304016
-30.619099765406236
-30.61529686557721
-30.61136883587078
-30.60731816081081
-30.60314738409149
-30.59885910622315
-30.59445598212473
-30.589940718664298
-30.585316072149073
-30.58058484576684
-30.57574988698055
-30.570814084878226
-30.565780367480205
-30.560651699005877
-30.55543107710206
-30.550121530035245
-30.544726113850135
-30.539247909497067
-30.533690019931147
-30.528055567185977
-30.522347689425022
-30.51656953797384
-30.510724274336372
-30.504815067198237
-30.498845089419845
-30.492817515022082
-30.486735516167514
-30.480602260139975
-30.474420906325477
-30.468194603197375
-30.461926485309007
-30.455619670296855
-30.44927725589737
-30.442902316980494
-30.436497902602767
-30.430067033083034
-30.42361269710365
-30.4171378488402
-30.41064540512282
-30.404138242632243
-30.39761919513363
-30.391091050751086
-30.384556549285733
-30.37801837958024
-30.37147917693254
-30.364941520561118
-30.358407931124376
-30.351880868296362
-30.345362728401298
-30.338855842109282
-30.332362472195157
-30.325884811362343
-30.319424980133405
-30.312985024808896
-30.30656691549619
-30.300172544209985
-30.29380372304597
-30.287462182428854
-30.28114956943567
-30.27486744619536
-30.268617288365917
-30.262400483690115
-30.25621833063086
-30.250072037087065
-30.243962719190947
-30.23789140018765
-30.23185900939818
-30.225866381266556
-30.219914254492252
-30.214003271249098
-30.20813397649202
-30.202306817352977
-30.196522142627472
-30.190780202353196
-30.18508114748188
-30.179425029645856
-30.173811801020562
-30.168241314283947
-30.162713322673554
-30.157227480141856
-30.151783341610113
-30.146380363320915
-30.141017903289267
-30.135695221851748
-30.13041148231322
-30.12516575169063
-30.119957001553544
-30.11478410896079
-30.109645857492538
-30.104540938377127
-30.09946795171184
-30.094425407776452
-30.089411728438346
-30.084425248647715
-30.079464218021183
-30.074526802512235
-30.069611086166685
-30.064715072961246
-30.05983668872302
-30.054973783127746
-30.05012413177472
-30.04528543833636
-30.04045533678008
-30.035631393660292
-30.03081111047832
-30.025991926108116
-30.021171219285872
-30.016346311161453
-30.01151446790963
-30.006672903399146
-30.00181878191746
-29.996949220949187
-29.992061294006117
-29.987152033506828
-29.98221843370383
-29.97725745365646
-29.97226602024754
-29.96724103124198
-29.962179358385168
-29.957077850539104
-29.951933336853937
-29.946742629972487
-29.94150252926526
-29.93620982409332
-29.930861297096254
-29.925453727502326
-29.91998389445767
-29.914448580371225
-29.90884457427212
-29.903168675176072
-29.897417695457374
-29.891588464222803
-29.885677830683886
-29.879682667523905
-29.8735998742559
-29.867426380567803
-29.86115914965067
-29.854795181505732
-29.848331516225908
-29.84176523724737
-29.83509347456687
-29.82831340792087
-29.82142226992242
-29.814417349152034
-29.807295993198675
-29.800055611647036
-29.792693679007566
-29.78520773758562
-29.777595400286355
-29.769854353352383
-29.761982359030878
-29.75397725816695
-29.745836972720337
-29.737559508202633
-29.729142956032558
-29.720585495806898
-29.711885397484917
-29.703041023484086
-29.694050830685097
-29.68491337234421
-29.675627299911195
-29.66619136475124
-29.65660441976932
-29.646865420935665
-29.636973428710615
-29.62692760936711
-29.616727236208884
-29.60637169068256
-29.595860463382092
-29.585193154944402
-29.574369476835283
-29.563389252024688
-29.552252415550566
-29.540959014970593
-29.529509210701274
-29.517903276243896
-29.506141598297045
-29.494224676755532
-29.48215312459571
-29.46992766764718
-29.457549144251356
-29.445018504807376
-29.43233681120581
-29.419505236150695
-29.406525062370587
-29.393397681719257
-29.38012459416658
-29.366707406680412
-29.353147832000197
-29.339447687303057
-29.32560889276312
-29.311633470004843
-29.2975235404513
-29.283281323568737
-29.26890913500879
-29.25440938464994
-29.23978457453976
-29.225037296740034
-29.21017023107664
-29.19518614279648
-29.18008788013362
-29.16487837178699
-29.149560624312194
-29.13413771942991
-29.11861281125369
-29.102989123440075
-29.087269946263866
-29.071458633621695
-29.05555859996702
-29.039573317180192
-29.023506311377282
-29.007361159661606
-28.99114148682188
-28.974850961981367
-28.958493295202352
-28.942072234050393
-28.925591560122605
-28.90905508554429
-28.892466649438155
-28.87583011437028
-28.85914936277684
-28.842428293375555
-28.825670817565772
-28.808880855821094
-28.792062334078715
-28.77521918012952
-28.758355320013074
-28.741474674421234
-28.724581155113846
-28.707678661350094
-28.690771076338827
-28.67386226371128
-28.656956064019518
-28.640056291264024
-28.623166729453665
-28.606291129201317
-28.589433204358308
-28.572596628690725
-28.55578503260057
-28.5390019998944
-28.52225106460202
-28.505535707847688
-28.488859354775858
-28.472225371533458
-28.455637062310533
-28.439097666441118
-28.422610355566153
-28.406178230860238
-28.389804320324178
-28.373491576144975
-28.357242872124633
-28.341061001179245
-28.3249486729101
-28.308908511248493
-28.29294305217576
-28.27705474151981
-28.261245932829357
-28.24551888532719
-28.22987576194348
-28.214318627430377
-28.19884944655897
-28.18347008239971
-28.168182294687856
-28.15298773827539
-28.13788796167106
-28.12288440567008
-28.10797840207528
-28.093171172511266
-28.0784638273332
-28.06385736463182
-28.049352669336518
-28.03495051241808
-28.020651550192614
-28.006456323728177
-27.992365258355765
-27.978378663286154
-27.964496731333984
-27.95071953875041
-27.937047045165347
-27.92347909364003
-27.910015410830315
-27.896655607261128
-27.883399177712253
-27.870245501715463
-27.85719384416294
-27.844243356026826
-27.83139307518977
-27.818641927386413
-27.8059887272556
-27.793432179502876
-27.78097088017262
-27.768603318028884
-27.75632787604383
-27.74414283299271
-27.732046365154165
-27.720036548114482
-27.70811135867402
-27.69626867685412
-27.684506288002584
-27.672821884995813
-27.661213070535524
-27.64967735953769
-27.63821218161138
-27.626814883625116
-27.615482732358288
-27.604212917235287
-27.593002553139854
-27.581848683306845
-27.570748282288406
-27.559698258991375
-27.548695459782664
-27.537736671659246
-27.526818625479365
-27.515937999251435
-27.50509142147709
-27.494275474544537
-27.483486698168463
-27.472721592872745
-27.461976623512157
-27.45124822282932
-27.44053279504331
-27.42982671946652
-27.419126354146158
-27.40842803952674
-27.397728102129605
-27.387022858245246
-27.37630861763418
-27.365581687232208
-27.354838374855774
-27.34407499290299
-27.33328786204609
-27.322473314911065
-27.311627699740086
-27.300747384032604
-27.289828758161036
-27.278868238957273
-27.267862273266417
-27.256807341464338
-27.24569996093561
-27.234536689508673
-27.22331412884506
-27.21202892777984
-27.20067778561048
-27.189257455331585
-27.17776474681301
-27.16619652991892
-27.15454973756539
-27.142821368714408
-27.131008491301998
-27.119108245098232
-27.10711784449711
-27.09503458123413
-27.08285582702939
-27.070579036154356
-27.058201747920293
-27.045721589086583
-27.033136276187037
-27.0204436177722
-27.0076415165656
-26.994727971532114
-26.981701079856776
-26.96855903883241
-26.95530014765464
-26.941922809122843
-26.92842553124575
-26.91480692875038
-26.901065724493066
-26.887200750771314
-26.873210950535338
-26.859095378497898
-26.844853202141195
-26.83048370261966
-26.815986275557464
-26.801360431739653
-26.786605797695955
-26.771722116176562
-26.756709246519534
-26.74156716490964
-26.726295964528333
-26.71089585559463
-26.695367165296744
-26.679710337614665
-26.66392593303385
-26.648014628150204
-26.63197721516647
-26.615814601280047
-26.599527807962655
-26.58311797013226
-26.56658633521769
-26.549934262116263
-26.53316322004471
-26.51627478728363
-26.499270649815852
-26.48215259985903
-26.46492253429329
-26.447582452984673
-26.430134457005348
-26.412580746751896
-26.394923619962892
-26.377165469637387
-26.359308781856125
-26.341356133507272
-26.32331018991854
-26.30517370239758
-26.286949505682653
-26.268640515305858
-26.25024972487139
-26.231780203251443
-26.213235091702355
-26.194617600903737
-26.175931007923364
-26.157178653110886
-26.138363936923607
-26.119490316687543
-26.100561303296868
-26.081580457854724
-26.062551388258637
-26.04347774573389
-26.02436322131822
-26.005211542301108
-25.986026468621414
-25.96681178922722
-25.947571318401682
-25.928308892058848
-25.909028364013377
-25.889733602228286
-25.870428485044865
-25.85111689739892
-25.831802727027647
-25.812489860671345
-25.79318218027424
-25.773883559188643
-25.754597858386855
-25.73532892268531
-25.716080576985316
-25.696856622534906
-25.67766083321632
-25.658496951863437
-25.63936868661315
-25.620279707294596
-25.601233641860112
-25.582234072861716
-25.56328453397679
-25.544388506586408
-25.525549416409625
-25.506770630197046
-25.48805545248694
-25.46940712242712
-25.45082881066559
-25.43232361631282
-25.41389456397834
-25.395544600884072
-25.37727659405683
-25.35909332760243
-25.340997500064127
-25.322991721867986
-25.305078512857584
-25.287260299920483
-25.269539414708866
-25.251918091456893
-25.234398464897218
-25.2169825682792
-25.199672331491307
-25.182469579290334
-25.165376029639752
-25.14839329215942
-25.13152286668872
-25.114766141964985
-25.098124394419123
-25.08159878709005
-25.065190368659295
-25.048900072607147
-25.032728716491498
-25.016677001350295
-25.000745511228295
-24.984934712828526
-24.969244955288637
-24.95367647008225
-24.93822937104502
-24.922903654524752
-24.90769919965492
-24.89261576875048
-24.877653007824613
-24.862810447224767
-24.848087502386328
-24.833483474702113
-24.818997552505884
-24.80462881216797
-24.790376219301002
-24.776238630073657
-24.762214792630054
-24.7483033486128
-24.734502834787428
-24.720811684765742
-24.707228230825642
-24.693750705825003
-24.680377245207403
-24.66710588909742
-24.653934584483572
-24.640861187486983
-24.627883465713857
-24.61499910068968
-24.602205690372976
-24.589500751746407
-24.576881723482977
-24.564345968685238
-24.551890777695142
-24.539513370972223
-24.527210902037744
-24.514980460482228
-24.502819075033436
-24.490723716681934
-24.478691301861254
-24.466718695679525
-24.45480271519954
-24.442940132764015
-24.431127679362724
-24.41936204803826
-24.407639897327122
-24.395957854733034
-24.384312520229535
-24.37270046978903
-24.36111825893547
-24.349562426317952
-24.338029497302436
-24.326515987578567
-24.3150184067785
-24.303533262104327
-24.292057061960765
-24.28058631958972
-24.26911755670331
-24.257647307111814
-24.24617212034291
-24.23468856524865
-24.223193233596408
-24.211682743640115
-24.200153743668142
-24.188602915523962
-24.177026978095444
-24.165422690768526
-24.153786856840572
-24.142116326888885
-24.130408002090054
-24.118658837486084
-24.1068658451935
-24.0950260975515
-24.083136730205428
-24.071194945122034
-24.059198013533223
-24.047143278805112
-24.035028159229274
-24.022850150733223
-24.0106068295073
-23.998295854545194
-23.985914970095468
-23.97346200802146
-23.9609348900669
-23.948331630024445
-23.935650335804286
-23.922889211399752
-23.91004655874723
-23.897120779477934
-23.884110376559125
-23.871013955822395
-23.857830227376713
-23.84455800690414
-23.83119621683655
-23.817743887412053
-23.804200157610257
-23.790564275965483
-23.77683560125759
-23.763013603079987
-23.749097862284874
-23.735088071305984
-23.720984034359066
-23.706785667520723
-23.692492998686436
-23.678106167409045
-23.663625424619244
-23.649051132229705
-23.634383762624385
-23.619623898034764
-23.604772229804883
-23.589829557547052
-23.57479678819006
-23.559674934921777
-23.544465116027812
-23.52916855362783
-23.513786572311165
-23.4983205976735
-23.482772154756635
-23.46714286639322
-23.451434451458415
-23.43564872303033
-23.419787586461002
-23.403853037359728
-23.387847159490537
-23.3717721225858
-23.3556301800778
-23.339423666750026
-23.323154996309928
-23.306826658884933
-23.290441218443522
-23.274001310143223
-23.257509637607388
-23.240968970132784
-23.224382139830098
-23.20775203869944
-23.1910816156432
-23.174373873418872
-23.15763186553447
-23.14085869308944
-23.124057501564252
-23.107231477561967
-23.090383845505485
-23.073517864294004
-23.05663682392229
-23.039744042066403
-23.022842860639386
-23.005936642320265
-22.989028767059537
-22.972122628564094
-22.955221630764285
-22.938329184265953
-22.92144870279033
-22.90458359960455
-22.88773728394567
-22.87091315744108
-22.85411461052847
-22.83734501887828
-22.82060773982188
-22.80390610878844
-22.78724343575361
-22.77062300170313
-22.754048055114552
-22.7375218084605
-22.721047434736775
-22.704628064018763
-22.68826678004966
-22.671966616864168
-22.655730555451456
-22.639561520461072
-22.623462376955857
-22.607435927215917
-22.591484907597888
-22.57561198545376
-22.55981975611367
-22.544110739936954
-22.52848737943573
-22.512952036475312
-22.497506989555703
-22.48215443117796
-22.466896465299143
-22.451735104879717
-22.436672269527136
-22.42170978323928
-22.406849372251386
-22.39209266298984
-22.37744118013576
-22.36289634480103
-22.348459472819073
-22.33413177315269
-22.31991434642093
-22.30580818354686
-22.291814164527963
-22.277933057330543
-22.26416551690933
-22.25051208435339
-22.236973186159233
-22.223549133631977
-22.21024012241533
-22.197046232151095
-22.18396742626886
-22.171003551906335
-22.1581543399606
-22.145419405270342
-22.132798246928854
-22.120290248727468
-22.107894679728883
-22.095610694969775
-22.08343733629196
-22.071373533301124
-22.059418104451918
-22.047569758258287
-22.035827094627688
-22.02418860631759
-22.01265268051237
-22.001217600518583
-21.9898815475765
-21.978642602785737
-21.967498749142475
-21.95644787368577
-21.945487769750496
-21.934616139324174
-21.92383059550512
-21.913128665059286
-21.90250779107306
-21.89196533569911
-21.881498582992332
-21.871104741832692
-21.86078094893146
-21.85052427191742
-21.840331712499488
-21.830200209702024
-21.820126643169072
-21.81010783653384
-21.80014056084975
-21.79022153807922
-21.780347444636316
-21.77051491497944
-21.76072054525009
-21.750960896953796
-21.74123250067934
-21.731531859852435
-21.721855454519908
-21.712199745160586
-21.702561176518838
-21.692936181456712
-21.683321184820453
-21.67371260731697
-21.664106869395862
-21.65450039513261
-21.64488961610824
-21.635270975280587
-21.625640930842064
-21.615995960058836
-21.606332563086436
-21.59664726675693
-21.586936628332875
-21.577197239223334
-21.56742572865708
-21.55761876730845
-21.547773070871454
-21.537885403578098
-21.527952581657058
-21.51797147672887
-21.507939019133982
-21.497852201190295
-21.487708080377313
-21.477503782443943
-21.467236504437192
-21.45690351764919
-21.446502170480226
-21.43602989121568
-21.42548419071478
-21.41486266500912
-21.404162997808907
-21.39338296291511
-21.382520426535603
-21.37157334950349
-21.360539789395812
-21.34941790255102
-21.338205945983344
-21.326902279192506
-21.31550536586739
-21.304013775482115
-21.29242618478305
-21.280741379165146
-21.26895825393599
-21.257075815466163
-21.245093182224632
-21.23300958569804
-21.220824371192844
-21.20853699851936
-21.196147042556827
-21.18365419369864
-21.171058258176924
-21.158359158265636
-21.145556932361682
-21.132651734943646
-21.11964383640797
-21.10653362278263
-21.093321595318724
-21.080008369960733
-21.066594676696507
-21.05308135878816
-21.0394693718852
-21.025759783021226
-21.011953769495687
-20.998052617642525
-20.984057721487385
-20.969970581295353
-20.955792802011484
-20.941526091596568
-20.927172259260555
-20.91273321359618
-20.898210960615568
-20.883607601692756
-20.868925331415436
-20.854166435349338
-20.83933328771887
-20.824428349007587
-20.809454163482183
-20.7944133566436
-20.77930863260904
-20.76414277142892
-20.748918626342554
-20.733639120976687
-20.71830724649079
-20.702926058673324
-20.687498674992707
-20.672028271606745
-20.65651808033375
-20.640971385588795
-20.62539152128836
-20.609781867726504
-20.594145848425747
-20.578486926965674
-20.562808603791787
-20.547114413007
-20.53140791914803
-20.51569271394866
-20.499972413091946
-20.4842506529534
-20.468531087337063
-20.452817384206277
-20.43711322241115
-20.421422288414767
-20.405748273020244
-20.39009486810057
-20.37446576333307
-20.358864642940468
-20.34329518244065
-20.327761045407307
-20.31226588024348
-20.29681331696998
-20.281406964030744
-20.26605040511712
-20.250747196012988
-20.235500861462505
-20.220314892062596
-20.205192741182238
-20.190137821910874
-20.175153504038413
-20.160243111069214
-20.14540991727248
-20.13065714477171
-20.115987960675774
-20.101405474254143
-20.08691273415858
-20.072512725693663
-20.058208368138345
-20.044002512120592
-20.02989793704709
-20.015897348589938
-20.00200337623219
-19.98821857087396
-19.974545402500844
-19.96098625791607
-19.947543438538084
-19.9342191582654
-19.92101554141059
-19.9079346207052
-19.89497833537724
-19.88214852930293
-19.869446949234096
-19.85687524310257
-19.844434958402992
-19.832127540655314
-19.81995433194829
-19.80791656956513
-19.79601538469266
-19.784251801215056
-19.77262673459328
-19.76114099083143
-19.74979526553154
-19.738590143038444
-19.727526095676218
-19.716603483077854
-19.705822551609778
-19.695183433892858
-19.684686148421413
-19.674330599281696
-19.6641165759713
-19.65404375332097
-19.644111691520273
-19.63431983624816
-19.62466751890927
-19.615153956976776
-19.60577825444245
-19.596539402374624
-19.587436279584615
-19.57846765340179
-19.569632180557395
-19.56092840817681
-19.552354774880033
-19.54390961198988
-19.535591144847277
-19.527397494232734
-19.519326677892852
-19.51137661217081
-19.503545113739452
-19.49582990143563
-19.488228598194187
-19.480738733079622
-19.473357743413292
-19.466082976993764
-19.45891169440768
-19.451841071428166
-19.444868201497943
-19.437990098294083
-19.431203698371466
-19.42450586388171
-19.417893385364298
-19.41136298460663
-19.40491131756963
-19.39853497737565
-19.392230497355346
-19.385994354150146
-19.379822970866773
-19.373712720280455
-19.36765992808333
-19.36166087617477
-19.355711805990186
-19.349808921864824
-19.343948394429024
-19.33812636403164
-19.332338944188454
-19.326582225052423
-19.320852276902688
-19.315145153649187
-19.30945689634976
-19.303783536736663
-19.29812110074943
-19.292465612071144
-19.286813095665085
-19.281159581308803
-19.27550110712244
-19.26983372308823
-19.26415349455812
-19.258456505746384
-19.252738863204204
-19.246996699273186
-19.2412261755149
-19.23542348611358
-19.229584861249098
-19.223706570437347
-19.21778492583505
-19.211816285506078
-19.205797056646507
-19.199723698765755
-19.19359272682127
-19.187400714304292
-19.181144296274457
-19.17482017234099
-19.168425109588416
-19.161955945444678
-19.15540959048977
-19.148783031203042
-19.142073332647417
-19.13527764108898
-19.128393186550316
-19.121417285296022
-19.114347342248838
-19.107180853334743
-19.099915407755052
-19.092548690183467
-19.08507848288588
-19.077502667760687
-19.069819228297295
-19.062026251450565
-19.054121929428963
-19.046104561394234
-19.037972555070386
-19.0297244282597
-19.021358810263482
-19.01287444320548
-19.00427018325593
-18.995545001754298
-18.98669798622888
-18.977728341311494
-18.968635389545657
-18.959418572086836
-18.950077449293733
