7.579580948926789
7.629183348316452
7.6794726384902745
7.730454653265007
7.782135087945833
7.834519492222563
7.887613263132268
7.94142163809776
7.995949688051314
8.051202310652979
8.107184223612723
8.163899958125644
8.22135385242932
8.279550045492277
8.338492470842445
8.398184850544416
8.458630689334042
8.519833268918743
8.581795642451745
8.644520629188314
8.70801080933191
8.772268519077869
8.837295845862053
8.903094623821682
8.969666429475284
9.03701257762849
9.105134117511968
9.174031829157581
9.243706220018549
9.314157521839139
9.385385687779152
9.45739038979814
9.530171016303987
9.603726670070108
9.678056166425284
9.753158031719828
9.829030502071554
9.905671522394691
9.98307874571453
10.06124953277037
10.140180951908954
10.219869779270178
10.300312499266576
10.381505305357717
10.463444101120427
10.546124501615406
10.629541835050516
10.713691144740663
10.798567191363743
10.884164455511877
10.970477140536659
11.057499175686743
11.145224219535862
11.233645663698994
11.322756636834116
11.412550008926631
11.503018395853191
11.594154164221468
11.685949436482066
11.77839609630853
11.871485794241199
11.965209953590294
12.059559776593437
12.15452625082249
12.25010015583431
12.346272070059577
12.443032377923508
12.54037127719203
12.638278786536597
12.736744753310498
12.835758861529223
12.935310640047259
13.035389470923345
13.135984597965955
13.237085135450398
13.338680076998768
13.440758304613778
13.543308597857232
13.646319643163665
13.749780043279628
13.853678326818894
13.958002957923783
14.06274234602269
14.167884855673721
14.27341881648417
14.379332533095411
14.485614295222621
14.592252387738814
14.699235100792555
14.806550739948781
14.914187636342055
15.022134156831505
15.13037871414678
15.23890977701442
15.347715880254194
15.456785634834924
15.566107737879387
15.675670982607764
15.785464268209221
15.895476609631185
16.005697147276006
16.11611515659474
16.226720057567984
16.337501424063817
16.448448993063096
16.559552673742203
16.67080255640353
16.7821889212441
16.89370224695284
17.00533321912707
17.11707273849891
17.228911928962564
17.340842145393726
17.452854981252433
17.56494227596095
17.677096122048603
17.789308872055734
17.901573145189026
18.01388183372088
18.126228109125798
18.238605427947014
18.351007537386955
18.46342848061529
18.575862601788668
18.68830455077669
18.800749287589095
18.913192086499574
19.02562853986208
19.13805456161586
19.250466390475708
19.36286059280434
19.475234065164017
19.587584036544882
19.69990807026801
19.812204065561417
19.92447025880728
20.03670522445916
20.148907875628513
20.261077464339824
20.373213581453943
20.48531615625979
20.59738545573476
20.709422083474756
20.8214269782952
20.933401412504885
21.045346989854558
21.157265643162653
21.269159631620973
21.381031537783297
21.49288426424017
21.604721029983136
21.716545366462082
21.828361113339934
21.940172413949323
22.051983710456213
22.16379973873582
22.275625522966422
22.387466369946893
22.499327863144075
22.61121585647639
22.723136467840547
22.835096072388342
22.94710129556056
23.059159005885153
23.17127630754722
23.283460532738236
23.39571923379221
23.508060175116828
23.62049132492765
23.733020846793572
23.845657091001776
23.958408585750327
24.07128402817684
24.18429227523179
24.29744233440521
24.410743354316022
24.52420461517323
24.637835519118365
24.751645580458867
24.865644415802247
24.97984173410094
25.094247326617985
25.208871056823625
25.323722850232684
25.438812684192555
25.554150577631617
25.669746580777996
25.785610764858745
25.901753211789156
26.018184003861936
26.134913213446115
26.251950892705455
26.36930706334599
26.486991706402055
26.605014752070336
26.723386069601478
26.842115457258878
26.961212632353643
27.080687221364748
27.200548750153338
27.32080663427997
27.441470169433536
27.56254852198041
27.684050719641885
27.805985642308155
27.928362012996825
28.051188388963606
28.17447315297279
28.298224504734986
28.422450452519495
28.547158804948523
28.672357162980163
28.798052912087044
28.92425321463749
29.050965002485597
29.1781949697765
29.305949565972483
29.434234989105832
29.56305717926414
29.692421812313786
29.822334293867033
29.952799753497846
30.083823039211058
30.21540871216924
30.347561041681377
30.48028400045728
30.61358126013132
30.747456187058752
30.881911838387616
31.01695095840889
31.152575975187396
31.288788997475386
31.425591811910376
31.56298588049844
31.700972338383902
31.839551991906173
31.978725316944516
32.118492457551355
32.25885322487454
32.39980709636839
32.541353215293015
32.68349039050142
32.82621709651343
32.969531473875264
33.11343132980315
33.25791413910926
33.40297704540811
33.548616862600994
33.69483007663575
33.841612847538784
33.98896101171613
34.13687008452059
34.285335263081556
34.43435142939433
34.5839131536651
34.73401469790736
34.884650019785376
35.03581277670006
35.18749633011269
35.33969375010171
35.492397820148405
35.645601042146815
35.799295641633286
35.95347357323056
36.1081265263012
36.26324593080455
36.41882296335116
36.574848553448035
36.73131338992842
36.88820792755941
37.045522393821116
37.20324679585103
37.361370927547156
37.5198843768233
37.67877653300984
37.83803659439302
37.997653575885906
38.15761631682413
38.31791348887934
38.47853360408298
38.639465022953274
38.80069596271834
38.96221450562842
39.12400860735004
39.286066105435104
39.448374727857406
39.610922101610065
39.77369576135742
39.936683158135445
40.099871668094174
40.26324860127607
40.42680121042394
40.59051669981181
40.754382234092525
40.91838494715585
41.082511950990686
41.246750344544694
41.41108722257462
41.57550968448089
41.74000484311972
41.90455983358606
42.06916182196022
42.23379801401143
42.39845566385162
42.56312208253229
42.72778464657671
42.892430806439904
43.05704809488867
43.221624135294235
43.38614664982981
43.55060346756579
43.714982532455515
43.87927191120492
44.04345980101983
44.207534537224554
44.37148460074588
44.53529862545634
44.69896540537059
44.862473901689334
45.02581324968538
45.188972765426804
45.35194195233158
45.514710507547655
45.677268328153225
45.83960551717133
46.001712389393624
46.16357947700881
46.32519753503142
46.48655754652704
46.64765072763022
46.80846853235188
46.96900265717302
47.12924504542208
47.289187891433485
47.44882364448502
47.60814501251134
47.76714496559147
47.925816739207974
48.08415383727585
48.242150034938575
48.39979938112937
48.557096200895465
48.71403509748361
48.8706109541853
49.026818935940206
49.18265449069698
49.33811335053141
49.49319153252164
49.647885339380956
49.802191359848415
49.95610646883838
50.10962782734938
50.26275288213284
50.415479365122074
50.56780529262263
50.71972896426504
50.87124896172181
51.02236414719075
51.17307366164707
51.323376922866856
51.4732736232252
51.622763727272144
51.77184746908975
51.92052534943352
52.06879813266184
52.21666684345715
52.364132763343235
52.511197427003054
52.65786261840114
52.80413036671561
52.95000294208509
53.09548285117623
53.240572832577556
53.385275852024876
53.52959509746367
53.673533973954285
53.81709609842577
53.96028529428444
54.10310558588308
54.24556119285669
54.387656524330545
54.52939617300641
54.6707849091329
54.81182767436511
54.95252957551927
55.09289587822773
55.23293200049975
55.372643506193164
55.51203609840193
55.651115612764535
55.78988801069827
55.92835937256505
56.06653589077471
56.204423862831774
56.34202968433179
56.47935984191359
56.616420906174184
56.75321952455282
56.8897624141906
57.026056354772024
57.16210818135487
57.297924777195234
57.43351306657455
57.56888000763472
57.70403258522724
57.83897780378162
57.97372268019829
58.10827423677169
58.24263949414886
58.37682546432909
58.510839143710186
58.644687506187424
58.778377496310604
58.91191602250495
59.04530995036122
59.1785660960005
59.31169121951904
59.44469201851836
59.57757512172633
59.710347082715366
59.843014373724195
59.97558337958974
60.10806039179527
60.2404516026404
60.37276309953858
60.50500085944724
60.6371707434352
60.76927849139201
60.90132971688404
61.03332990216199
61.165284393324605
61.29719839564319
61.429076969051266
61.56092502380329
61.692747316306225
61.824548445126766
61.95633284717712
62.08810479408169
62.21986838872715
62.35162756199776
62.483386069697644
62.61514748966175
62.74691521905709
62.87869247187598
63.01048227662261
63.14228747419361
63.27411071595321
63.405954462003024
63.53782097964563
63.669712342040896
63.80163042705363
63.93357691629115
64.06555329432928
64.19756084812525
64.32960066661667
64.46167364050592
64.59378046222974
64.72592162611323
64.85809742870742
64.9903079693096
65.1225531506653
65.25483267985142
65.38714606934009
65.51949263824396
65.65187151374336
65.78428163269577
65.91672174342774
66.04919040770825
66.181686002902
66.3142067243008
66.44675058763126
66.57931543173648
66.71189892142918
66.84449855051226
66.97711164496339
67.10973536628053
67.24236671498586
67.37500253428591
67.50763951388463
67.64027419394615
67.77290296920405
67.9055220932134
68.03812768274197
68.17071572229607
68.30328206877648
68.4358224562596
68.56833250089831
68.70080770593661
68.83324346683106
68.96563507647183
69.09797773049583
69.23026653268472
69.36249650044091
69.494662570335
69.62675960371827
69.75878239239377
69.89072566433893
70.02258408947344
70.15435228546644
70.28602482357726
70.41759623452415
70.54906101437544
70.68041363045714
70.81164852727105
70.94276013241748
71.07374286251653
71.20459112912138
71.33529934461669
71.46586192809443
71.59627331120018
71.72652794394227
71.85662030045623
71.98654488471661
72.11629623618907
72.24586893541536
72.37525760952448
72.50445693766332
72.63346165634036
72.76226656467631
72.89086652955504
73.019256490669
73.14743146545399
73.27538655390819
73.403116943291
73.5306179126978
73.65788483750677
73.78491319369377
73.91169856201233
74.03823663203562
74.16452320605802
74.29055420285479
74.41632566129832
74.54183374382981
74.66707473978559
74.79204506857732
74.91674128272544
75.04116007074444
75.16529825987844
75.28915281868488
75.41272085946444
75.53599964053431
75.65898656834223
75.7816791994196
75.90407524217254
76.02617255850917
76.14796916530211
76.26946323568573
76.39065310018849
76.51153724770107
76.63211432628167
76.75238314379952
76.87234266841845
76.99199202892235
77.11133051488501
77.23035757668661
77.34907282537925
77.46747603240361
77.58556712915866
77.70334620642596
77.82081351365012
77.93796945807695
78.05481460375118
78.17134967037576
78.2875755320341
78.40349321577695
78.51910390007536
78.63440891314131
78.74940973111892
78.86410797614916
78.97850541431056
79.0926039534388
79.20640564082815
79.31991266081705
79.43312733226001
79.54605210588873
79.65868956156577
79.77104240543518
79.88311346697445
79.99490569595173
80.10642215929226
80.21766603785704
80.32864062313604
80.43934931385763
80.54979561251548
80.65998312181432
80.76991554103654
80.87959666233144
80.98903036692957
81.09822062128592
81.20717147315554
81.31588704760509
81.42437154296385
81.53262922671854
81.64066443135653
81.74848155016298
81.85608503297749
81.96347938191604
82.070669147064
82.17765892214561
82.28445334017465
82.39105706909038
82.49747480738301
82.60371127971268
82.7097712325259
82.81565942967381
82.92138064803623
83.0269396731536
83.1323412948683
83.2375903029756
83.34269148288547
83.4476496112951
83.55246945187218
83.65715575094862
83.76171323322546
83.86614659748989
83.97046051234497
84.07465961195317
84.17874849179452
84.28273170444152
84.38661375535276
84.49039909868759
84.59409213314359
84.69769719781846
84.80121856809808
84.90466045157143
85.00802698397331
85.11132222515585
85.21455015508923
85.31771466989267
85.42081957789617
85.5238685957338
85.6268653444705
85.72981334576559
85.83271601807724
85.93557667291213
86.03839851112616
86.14118461928206
86.24393796606932
86.34666139879164
86.44935763992703
86.55202928376629
86.65467879313452
86.75730849620187
86.85992058338901
86.96251710437379
87.06509996520471
87.16767092552767
87.27023159593229
87.3727834354237
87.4753277490254
87.57786568551752
87.68039823531412
87.78292622848257
87.8854503329086
87.98797105260952
88.09048872619839
88.19300352550216
88.29551545433664
88.3980243474406
88.50052986957202
88.60303151476866
88.70552860577483
88.80802029363691
88.91050555747076
89.01298320440334
89.11545186969137
89.21791001701958
89.32035593898082
89.42278775774027
89.52520342588527
89.6276007274629
89.72997727920723
89.8323305319591
89.93465777228074
90.03695612426647
90.13922255155059
90.24145385951398
90.34364669769015
90.44579756237012
90.5479027994045
90.64995860720059
90.75196103991154
90.85390601081305
90.95578929586237
91.05760653743415
91.15935324822841
91.26102481534532
91.36261650452242
91.46412346452952
91.5655407317172
91.66686323471563
91.76808579928061
91.86920315328351
91.97020993184199
92.07110068258763
92.17186987106632
92.27251188626727
92.37302104627682
92.47339160405309
92.57361775331722
92.67369363455683
92.77361334113758
92.8733709255188
92.97296040556901
93.07237577097615
93.17161098974535
93.27066001477604
93.36951679050983
93.4681752596396
93.56662936987053
93.66487308072331
93.76290037036895
93.86070524248512
93.95828173312387
94.05562391758
94.15272591724855
94.2495819064591
94.3461861192757
94.44253285625226
94.53861649113313
94.63443147748947
94.72997235528217
94.82523375734323
94.92021041576848
95.01489716821462
95.10928896409374
95.2033808706598
95.29716807898151
95.39064590979538
95.4838098192321
95.57665540440954
95.66917840888507
95.76137472796054
95.85324041383254
95.94477168058168
96.03596490899477
96.12681665121445
96.21732363521076
96.30748276906823
96.3972911450816
96.48674604365343
96.57584493698747
96.66458549257257
96.75296557645359
96.84098325628591
96.92863680416977
97.01592469926064
97.10284563015242
97.18939849702988
97.27558241358693
97.36139670870674
97.44684092789912
97.5319148344909
97.61661841056518
97.70095185764642
97.78491559712931
97.86851027044877
97.95173673898846
98.03459608372582
98.11708960461094
98.19921881967825
98.28098546389042
98.36239148771533
98.44343905543751
98.52413054320611
98.60446853682303
98.68445582927488
98.76409541801324
98.84339050198723
98.92234447843173
99.00096093941401
99.07924366814261
99.15719663504164
99.23482399359413
99.3121300759572
99.38911938835274
99.46579660623824
99.54216656926285
99.61823427601557
99.69400487857278
99.7694836768532
99.84467611278903
99.919587764323
99.99422433924035
100.0685916688448
100.14269570148763
100.21654249595899
100.29013821475148
100.3634891172051
100.43660155254274
100.50948195280573
100.58213682569856
100.65457274735142
100.72679635500963
100.798814339658
100.87063343858772
100.9422604279121
101.01370211503813
101.08496533110115
101.15605692337026
101.22698374763256
101.29775266056463
101.36837051209936
101.43884413779658
101.50918035122577
101.57938593636918
101.64946764005258
101.7194321644104
101.78928615939292
101.85903621532263
101.9286888555071
101.99825052891542
102.06772760292704
102.13712635616177
102.20645297139974
102.27571352860018
102.34491399802782
102.41406023349639
102.48315796573824
102.55221279590971
102.62123018924085
102.69021546883907
102.75917380965682
102.82811023263393
102.89702959902404
102.96593660491276
103.03483577593572
103.10373146220336
103.1726278334392
103.24152887433756
103.31043838014595
103.37935995247669
103.4482969953521
103.51725271148693
103.58623009881232
103.65523194724533
103.72426083570797
103.79331912939794
103.8624089773114
103.93153231001695
104.00069083767885
104.06988604832843
104.13911920638229
104.20839135140493
104.27770329711375
104.3470556306243
104.41644871193243
104.48588267362884
104.5553574208407
104.62487263139467
104.69442775619522
104.76402201981391
104.8336544212846
104.9033237350997
104.97302851240083
105.04276708235777
105.11253755372915
105.18233781659733
105.25216554426883
105.32201819533195
105.39189301586241
105.46178704176911
105.53169710127138
105.60161981749927
105.6715516112087
105.74148870360345
105.81142711925706
105.88136268912653
105.95129105365088
106.0212076659274
106.09110779495863
106.16098652896339
106.23083877874585
106.30065928111621
106.37044260235739
106.44018314173165
106.50987513502041
106.57951265809008
106.6490896304778
106.71859981899006
106.78803684130837
106.85739416959716
106.92666513411034
106.99584292679451
107.06492060488681
107.13389109450593
107.2027471942336
107.27148157868344
107.34008680205436
107.40855530166577
107.47687940147254
107.54505131555804
107.61306315160361
107.68090691433251
107.74857450892686
107.81605774441668
107.88334833704032
107.95043791357652
108.01731801464807
108.0839800979965
108.1504155417288
108.21661564753735
108.28257164389395
108.34827468921814
108.41371587501969
108.47888622901546
108.54377671822105
108.6083782520166
108.67268168518574
108.73667782092632
108.80035741383249
108.86371117284834
108.92672976419355
108.98940381426125
109.0517239124885
109.11368061419994
109.17526444342391
109.23646589568094
109.29727544074538
109.3576835253821
109.41768057605944
109.47725700164122
109.53640319606055
109.59510954097792
109.65336640842614
109.71116416344447
109.76849316670419
109.82534377712867
109.8817063545097
109.93757126212225
109.9929288693402
110.0477695542568
110.10208370631281
110.15586172893657
110.20909404219972
110.2617710854926
110.31388332022337
110.36542123254517
110.41637533611518
110.46673617488923
110.51649432595482
110.5656404024036
110.61416505624405
110.66205898135595
110.70931291648836
110.75591764830293
110.80186401446477
110.8471429067828
110.89174527440164
110.93566212704755
110.97888453833062
111.02140364910454
111.06321067088518
111.10429688932916
111.1446536677744
111.18427245084425
111.22314476811599
111.26126223785471
111.29861657081327
111.3351995740999
111.37100315511421
111.40601932555151
111.44024020547468
111.47365802745165
111.50626514075614
111.5380540156273
111.56901724758362
111.59914756178662
111.62843781744803
111.65688101227366
111.684470286937
111.71119892957566
111.73706038030369
111.76204823573235
111.78615625349235
111.80937835674982
111.83170863870888
111.8531413670934
111.87367098860105
111.89329213332306
111.91199961912335
111.92978845597023
111.94665385021327
111.96259120879861
111.9775961434149
111.99166447456255
112.00479223553899
112.01697567633303
112.0282112674229
112.03849570347168
112.04782590691482
112.05619903143499
112.06361246532016
112.0700638347014
112.07555100666663
112.08007209224708
112.08362544927185
112.08620968508662
112.08782365913193
112.08846648537578
112.08813753459482
112.08683643649864
112.08456308169026
112.08131762345592
112.07710047937702
112.0719123327574
112.06575413385805
112.05862710093267
112.05053272105876
112.0414727507597
112.0314492164131
112.02046441444101
112.00852091127764
111.99562154311083
111.98176941539442
111.96696790212924
111.95122064491069
111.93453155174156
111.91690479560988
111.89834481283391
111.87885630117786
111.85844421774188
111.8371137766293
111.81487044639483
111.79171994727643
111.76766824821279
111.74272156364874
111.71688635013028
111.69016930268937
111.6625773510191
111.63411765543948
111.60479760265436
111.57462480130006
111.54360707728826
111.51175246894572
111.47906922195364
111.44556578408935
111.41125079977326
111.37613310442384
111.3402217186241
111.30352584210368
111.26605484754157
111.22781827419465
111.18882582135825
111.1490873416642
111.10861283422196
111.06741243760803
111.02549642270799
110.98287518541463
110.93955923918497
110.89555920745875
110.85088581594141
110.80554988475535
110.75956232046349
110.7129341079708
110.66567630231111
110.61780002032651
110.5693164322472
110.52023675318037
110.47057223451588
110.42033415525862
110.36953381329715
110.31818251661889
110.2662915744811
110.21387228854837
110.16093594400684
110.10749380066488
110.05355708404943
109.99913697650595
109.94424460831009
109.8888910487991
109.83308729753195
109.77684427548614
109.7201728162987
109.66308365755854
109.60558743215812
109.54769465971263
109.48941573805631
109.43076093482397
109.37174037912574
109.31236405332344
109.25264178491851
109.1925832385616
109.13219790819345
109.07149510932582
109.0104839714712
108.94917343072949
108.8875722225399
108.8256888746066
108.76353170000503
108.7011087904758
108.63842800991323
108.5754969880562
108.51232311438865
108.44891353225658
108.3852751332082
108.32141455156373
108.25733815922239
108.19305206071441
108.12856208850631
108.06387379856652
107.9989924661979
107.9339230821441
107.86867034897509
107.80323867775789
107.7376321850164
107.67185468998397
107.60590971215296
107.53980046912451
107.47352987476128
107.40710053764528
107.3405147598422
107.27377453597316
107.20688155259538
107.13983718789243
107.07264251167518
107.00529828569367
106.93780496425924
106.87016269517639
106.8023713209827
106.73443038049399
106.6663391106508
106.5980964486615
106.52970103443747
106.46115121331647
106.3924450390692
106.32358027718439
106.25455440842833
106.1853646326741
106.11600787299605
106.04648078002444
105.9767797365549
105.90690086240735
105.83684001952913
105.76659281733733
105.69615461829467
105.62552054371379
105.55468547978451
105.48364408381822
105.4123907907037
105.34091981956836
105.26922518063846
105.19730068229167
105.12513993829596
105.0527363752288
104.98008324006987
104.90717360795959
104.83400039011538
104.76055634189704
104.6868340710126
104.61282604585513
104.53852460396156
104.46392196058453
104.38901021736827
104.31378137111967
104.23822732266486
104.16233988578138
104.08611079619693
104.00953172064472
103.93259426596713
103.85528998825926
103.777610402044
103.69954698946977
103.62109120952114
103.54223450723288
103.46296832289732
103.38328410125456
103.30317330065446
103.2226274021794
103.14163791871698
103.0601964039742
102.97829446142424
102.89592375317801
102.81307600877261
102.7297430338686
102.64591671884756
102.56158904730177
102.47675210440735
102.39139808517297
102.30551930255643
102.2191081954416
102.1321573364666
102.04465943969518
101.95660736812414
101.86799414102023
101.77881294108073
101.68905712141208
101.59872021232212
101.5077959279219
101.41627817253305
101.3241610468969
101.23143885418045
101.13810610577463
101.04415752688026
100.94958806187803
100.85439287947831
100.7585673776462
100.66210718829772
100.5650081817635
100.46726647101575
100.36887841565344
100.26984062564195
100.17014996480377
100.0698035540568
99.9687987743976
99.8671332696279
99.76480494882325
99.66181198854262
99.55815283477834
99.4538262046464
99.3488310878178
99.24316674769197
99.13683272231405
99.02982882503777
98.92215514493539
98.81381204695576
98.70480017183154
98.59512043573686
98.48477402969665
98.37376241875022
98.26208734087338
98.14975080566447
98.03675509279847
97.92310275025332
97.80879659231235
97.69383969734625
97.57823540537814
97.46198731543464
97.345099282686
97.22757541537763
97.10942007155589
96.99063785559056
96.87123361449702
96.75121243406184
96.63057963477664
96.50934076758497
96.38750160944815
96.26506815873577
96.14204663044646
96.01844345126327
95.89426525444813
95.76951887457975
95.64421134213947
95.51834987795044
95.39194188747561
95.26499495498015
95.13751683756382
95.00951545906881
94.88099890386971
94.75197541055196
94.62245336548473
94.49244129629348
94.36194786523653
94.23098186248946
94.09955219934183
93.96766790131007
93.8353381011698
93.70257203191217
93.56937901962944
93.43576847633564
93.30174989272793
93.16733283089435
93.03252691697334
92.89734183377097
92.76178731334291
92.62587312954851
92.4896090905843
92.35300503150417
92.2160708067337
92.07881628258555
91.94125132978242
91.80338581599382
91.66522959839325
91.52679251624296
91.38808438351442
91.2491149815536
91.10989405179943
90.97043128856387
90.83073633188087
90.69081876043197
90.55068808455599
90.4103537393496
90.2698250778659
90.12911136441778
89.98822176799285
89.84716535578616
89.70595108685598
89.56458780590799
89.42308423721295
89.28144897866298
89.13969049597188
88.9978171170244
88.85583702637916
88.7137582599288
88.5715886997209
88.42933606894405
88.2870079270831
88.1446116652487
88.00215450168628
87.85964347746926
87.71708545238153
87.574487100993
87.43185490893188
87.28919516935616
87.14651397962734
87.00381723818907
86.86111064165253
86.71839968209109
86.57568964454661
86.43298560474987
86.29029242705734
86.14761476260627
86.00495704769013
85.86232350235763
85.71971812923935
85.57714471260589
85.43460681766202
85.29210779008177
85.1496507557873
85.00723862097423
84.8648740723854
84.7225595778351
84.58029738698427
84.43808953236599
84.29593783065933
84.15384388420954
84.01180908279228
83.86983460561838
83.72792142357467
83.58607030169593
83.44428180186127
83.30255628570875
83.160893917763
83.01929466877026
82.87775831923567
82.73628446315864
82.59487251196207
82.45352169861141
82.3122310819194
82.17099955103137
82.02982583008529
81.88870848304086
81.74764591867083
81.60663639570814
81.46567802814226
81.32476879065698
81.18390652420075
81.04308894168113
80.90231363377367
80.7615780748367
80.62087962892335
80.4802155558825
80.33958301754078
80.19897908395794
80.05840073974761
79.91784489045537
79.77730836898544
79.6367879420678
79.49628031675658
79.35578214695019
79.21529003992336
79.07480056286235
78.93431024939477
78.79381560610508
78.65331311902659
78.5127992601019
78.37227049360521
78.23172328252016
78.09115409486772
77.95055940997891
77.8099357247075
77.66927955957813
77.52858746486488
77.38785602659489
77.24708187247059
77.10626167770438
76.96539217075856
76.82447013898407
76.68349243415169
76.54245597786924
76.40135776687892
76.26019487822948
76.1189644743177
75.97766380779349
75.8362902263237
75.6948411772109
75.553314211863
75.41170699010964
75.27001728436217
75.12824298361382
74.98638209727626
74.8444327588481
74.70239322941048
74.5602619009451
74.41803729947027
74.27571808799054
74.13330306925606
73.99079118832778
73.8481815349445
73.70547334568835
73.56266600594574
73.41975905166112
73.27675217088108
73.13364520508776
72.99043815032041
72.84713115808518
72.70372453605296
72.56021874854599
72.41661441681373
72.27291231909925
72.12911339049793
71.98521872261034
71.84122956299126
71.69714731439666
71.5529735338302
71.40870993139112
71.2643583689258
71.11992085848527
70.97539956059126
70.8307967823136
70.68611497516207
70.5413567327966
70.3965247885601
70.25162201283877
70.10665141025515
69.96161611669925
69.81651939620292
69.67136463766224
69.52615535141182
69.38089516565502
69.23558782275312
69.09023717537683
68.94484718252339
68.79942190540292
68.65396550319802
68.50848222870103
68.3629764238339
68.2174525150562
68.07191500866683
67.92636848600618
67.78081759856495
67.63526706300608
67.48972165610546
67.34418620961712
67.19866560506857
67.05316476849116
66.90768866509079
66.76224229386416
66.61683068216614
66.47145888023401
66.32613195567505
66.18085498792361
66.03563306267414
65.89047126629701
65.74537468024401
65.60034837545025
65.45539740673995
65.31052680724359
65.1657415828341
65.02104670658869
64.87644711328304
64.73194769392441
64.58755329033042
64.44326868975926
64.29909861959729
64.15504774210936
64.01112064925823
63.867321857598796
63.72365580325291
63.58012683697004
63.436739219279474
63.29349711574102
63.150404592301044
63.00746561076042
62.86468402436097
62.722063573496854
62.57960788155711
62.43732045090499
62.295204658998756
62.15326375465824
62.01150085448185
61.86991893941822
61.72852085149676
61.58730929072109
61.446286812129095
61.30545582302354
61.16481858037624
61.02437718840874
60.88413359635191
60.74408959638671
60.60424682176809
60.4646067451342
60.32517067700277
60.1859397644562
60.04691499001617
59.90809717070842
59.76948695731854
59.631084833839125
59.492891117108755
59.35490595664295
59.21712933465734
59.07956106628281
58.94220079997224
58.80504801809816
58.668102037740155
58.53136201166076
58.39482692946821
58.258495618964574
58.122366747677646
57.98643882457408
57.8507102019512
57.71517907750503
57.57984349657171
57.4447013545393
57.3097503994261
57.174988234622454
57.04041232179197
56.90601998392834
56.771808408563636
56.637774651124126
56.503915638429426
56.370228172330606
56.23670893348277
56.103354485248026
55.97016127772469
55.83712565189803
55.704243843908166
55.571511989430924
55.43892612816695
55.30648220843427
55.1741760918589
55.042003558157035
54.90996031000202
54.77804197796894
54.64624412555008
54.514562254234704
54.38299180864658
54.25152818173268
54.12016671999612
53.98890272876616
53.857731477498305
53.72664820509789
53.59564812526065
53.46472643182369
53.33387830412056
53.20309891233438
53.07238342284313
52.941727003550845
52.81112482919843
52.68057208664839
52.5500639801375
52.41959573649165
52.28916261029712
52.15875988902297
52.02838289808914
51.898027005875115
51.7676876286639
51.63736023551598
51.50704035306739
51.37672357024632
51.246405542902544
51.11608199834421
50.985748739776675
50.855401650638605
50.72503669883092
50.5946499408344
50.46423752571131
50.33379569898675
50.20332080640519
50.07280929755761
49.9422577293747
49.81166276948197
49.68102119941288
49.550329917676535
49.419585942676676
49.288786415479635
49.15792860242912
49.02700989760551
48.89602782512729
48.7649800412929
48.63386433656136
48.502678637370515
48.371421007791845
48.24008965102124
48.108682910706
47.97719927210833
47.84563736310546
47.71399595502661
47.58227396332709
47.4504704480996
47.31858461442281
47.18661581254785
47.054563537924174
46.92242743106656
46.7902072772653
46.6579030061416
46.52551469105013
46.39304254833084
46.260486936412434
46.12784835477018
45.99512744274077
45.86232497819671
45.7294418760828
45.59647918681762
45.46343809456303
45.33031991536464
45.19712609516645
45.063858207703134
44.93051795227322
44.79710715139649
44.66362774835838
44.530081804644595
44.39647149726957
44.262799116002526
44.12906706049451
43.9952778373105
43.861434056870074
43.72753843030065
43.59359376620679
43.45960296735884
43.3255690273045
43.191495026907454
43.0573841308176
42.92323958387734
42.78906470746764
42.654862895798
42.52063761214375
42.38639238503415
42.25213080439513
42.117856517651
41.983573225789904
41.849284679398195
41.71499467466852
41.58070704938622
41.44642567889811
41.31215447206769
41.177897367221206
41.04365832808857
40.909441339743765
40.77525040454948
40.64108953811048
40.5069627652402
40.372874115944526
40.23882762142598
40.104827310112015
39.97087720371077
39.83698131329784
39.70314363543697
39.56936814833774
39.435658808052786
39.302019544717616
39.168454258836114
39.03496681761511
38.90156105135123
38.76824074987355
38.635009659045586
38.50187147733056
38.36882985242335
38.23588837795297
38.10305059025894
37.97031996524493
37.837699915313245
37.70519378638375
37.57280485500099
37.4405363255325
37.308391327461386
37.17637291277592
37.04448405345872
36.912727639077985
36.781106474483096
36.64962327760665
36.518280677375174
36.38708121173039
36.256027325762716
36.12512136995849
35.99436559856247
35.86376216805701
35.733313135759545
35.60302045853973
35.472885991657506
35.342911487723285
35.21309859578159
35.083448860518985
34.953963721596864
34.824644513109114
34.69549246316458
34.56650869359404
34.437694219781484
34.309049950619304
34.180576688586875
34.05227512995145
33.924145865089706
33.796189378928425
33.66840605150252
33.540796158628886
33.41335987269445
33.28609726355648
33.15900829955239
33.03209284861605
32.905350679497325
32.77878146308151
32.65238477380549
32.52616009116749
32.40010680132791
32.27422419879842
32.14851148821636
32.022967786200965
31.897592123288366
31.772383445941657
31.647340618632725
31.52246242599226
31.397747575024297
31.273194697382067
31.148802351702145
31.02456902599421
30.90049314008364
30.776573048104225
30.65280704103843
30.52919334930264
30.40573014537507
30.282415546463834
30.159247617212895
30.036224372443296
29.9133437799273
29.790603763193058
29.66800220435739
29.54553694698414
29.423205798965608
29.301006535424488
29.178936901633968
29.056994615953563
28.93517737277802
28.813482845496686
28.69190868946044
28.570452544953334
28.449112040166348
28.327884794170906
28.20676841988982
28.08576052706355
27.964858725209385
27.844060626570954
27.72336384905549
27.602766019156352
27.482264774858383
27.361857768523922
27.241542669757056
27.121317168243795
27.00117897656577
26.88112583298494
26.76115550419701
26.641265788051186
26.521454516233774
26.401719556913292
26.282058817344762
26.162470246431013
26.04295183723866
25.9235016294665
25.804117711864194
25.684798224599206
25.565541361569956
25.44634537266299
25.327208565952244
25.20812930983831
25.089106035125578
24.9701372370352
24.85122147715205
24.732357385303967
24.61354366137169
24.49477907702777
24.376062477402908
24.257392782678206
24.13876898960194
24.020190172929823
23.901655486787654
23.783164165955206
23.664715527070165
23.546308969751088
23.427943977638243
23.309620119351415
23.19133704936379
23.07309450879091
22.954892326094004
22.836730417697076
22.71860878851722
22.600527532407785
22.48248683251386
22.36448696153933
22.246528281924828
22.128611245936117
22.010736395662622
21.89290436292588
21.775115869097835
21.657371724828995
21.53967282968647
21.42202017170213
21.30441482683098
21.18685795831975
21.06935081598583
20.951894735406867
20.834491137021487
20.71714152514143
20.599847486875333
20.48261069096479
20.365432886533412
20.248315901750104
20.131261642408003
20.014272090420672
19.89734930223697
19.78049540717593
19.663712605683184
19.547003167510763
19.430369429822047
19.313813795223563
19.197338729725328
19.0809467606317
18.964640474364796
18.848422514222655
18.73229557807455
18.616262415995784
18.500325827844343
18.384488660781678
18.268753806740058
18.15312419983892
18.03760281375279
17.922192659033506
17.806896780389415
17.6917182539243
17.576660184338568
17.461725702095652
17.34691796055664
17.232240133086098
17.117695410131947
17.003286996282245
16.8890181073017
16.774891967150896
16.660911804991176
16.547080852177988
16.433402339245436
16.31987949288485
16.206515532920406
16.093313669284655
15.980277098996993
15.867409003147998
15.754712543892538
15.642190861454509
15.529847071146065
15.417684260404313
15.305705485848405
15.19391377035994
15.08231210018961
14.970903422092986
14.859690640498325
14.74867661470918
14.637864156144499
14.527256025618836
14.416854930665092
14.30666352290218
14.19668439544993
14.08692008039362
13.97737304630031
13.868045695789158
13.75894036315797
13.65005931206816
13.541404733290413
13.432978742513193
13.324783378216146
13.216820599610436
13.10909228464795
13.001600228101244
12.894346139716026
12.787331642437954
12.680558270715514
12.574027468880592
12.46774058960826
12.361698892457174
12.255903542491968
12.150355608988978
12.04505606422659
11.940005782361442
11.835205538391765
11.730656007209065
11.626357762739348
11.522311277174937
11.418516920297877
11.314974958895705
11.21168555627037
11.108648771840919
11.005864560840465
10.903332774107724
10.8010531579734
10.699025354241556
10.597248900266052
10.49572322912202
10.394447669872433
10.293421447929658
10.192643685511724
10.092113402192792
9.991829515547307
9.891790841887255
9.791996097091879
9.692443897529198
9.593132761068741
9.494061108184663
9.395227263148424
9.296629455310192
9.198265820468027
9.100134402323805
9.00223315402478
8.904559939789502
8.80711253661668
8.709888636075556
8.61288584617625
8.516101693318548
8.419533624317594
8.323179008504894
8.22703513990296
8.131099239471858
8.035368457425946
7.939839875618957
7.844510509995657
7.749377313108211
7.654437176695337
7.559686934322192
7.465123364078961
7.370743191336016
7.276543091553447
7.182519693142614
7.088669580377389
6.994989296352689
6.9014753459879365
6.80812419907306
6.714932293354611
6.62189603765952
6.529011815053958
6.436275986034832
6.343684891751397
6.251234857254447
6.158922194770485
6.066743206998199
5.974694190424474
5.882771438657124
5.790971245771517
5.699289909668267
5.607723735439138
5.516269038738308
5.424922149156139
5.333679413592563
5.242537199627165
5.151491898882958
5.060539930380862
4.969677743881873
4.878901823213893
4.788208689580122
4.69759490484592
4.6070570748010535
4.516591852394276
4.426195940937178
4.3358660972742635
4.245599134916216
4.155391927133327
4.065241410006102
3.975144585430101
3.8850985240720526
3.795100368274347
3.705147334904978
3.61523671815005
3.5253658922460103
3.4355323141488
3.345733526137162
3.255967158347426
3.1662309312371395
3.076522657974946
2.986840246754196
2.897181703027848
2.8075451316622457
2.717928739007441
2.6283308348817838
2.5387498344685646
2.449184260122582
2.359632743084585
2.2700940251016415
2.1805669599515367
2.0910505148693455
2.001543771874419
1.9120459289960974
1.8225563013965351
1.7330743223891467
1.6435995443512537
1.5541316395296003
1.464670400737501
1.375215741942509
1.2857676987435773
1.1963264287368003
1.1068922117689157
1.0174654500778733
0.9280466683198945
0.8386365134825495
0.7492357546834907
0.6598452828545938
0.5704661103113675
0.4810993702076103
0.39174631587540554
0.3024083200506644
0.21308687398453577
0.12378358644111745
0.03450018258202416
-0.05476149726151806
-0.14399949892826366
-0.23321175587732354
-0.322396090748309
-0.41155021703011396
-0.500671740837092
-0.5897581627912754
-0.6788068800091736
-0.7678151881915776
-0.8567802838146952
-0.9456992664208328
-1.034569141006737
-1.123386820507605
-1.2121491283746624
-1.3008528012441034
-1.3894944916950915
-1.4780707710944094
-1.5665781325252432
-1.6550129937974947
-1.7433717005369276
-1.8316505293503695
-1.9198456910640973
-2.00795333403244
-2.095969547513555
-2.1838903651092485
-2.271711768265658
-2.3594296898315608
-2.44704001767098
-2.534538598326696
-2.6219212407312202
-2.7091837199617346
-2.7963217810354615
-2.883331142741869
-2.9702075015080664
-3.056946535293686
-3.14354390751151
-3.229995270970022
-3.3162962718340268
-3.402442553599443
-3.4884297610783794
-3.574253544390591
-3.6599095629574103
-3.7453934894942704
-3.8307010139979503
-3.915827847724673
-4.000769727155186
-4.085522417942945
-4.170081718841532
-4.254443465607436
-4.338603534874358
-4.422557847995146
-4.506302374847482
-4.589833137599385
-4.6731462144306875
-4.756237743206594
-4.839103925099476
-4.921741028155079
-5.004145390799356
-5.086313425282182
-5.1682416210542685
-5.249926548073671
-5.33136486003839
-5.412553297541562
-5.493488691145826
-5.574167964373499
-5.654588136609375
-5.7347463259129645
-5.814639751737139
-5.8942657375502625
-5.973621713359029
-6.052705218129261
-6.131513902102
-6.210045529002315
-6.288297978138274
-6.366269246387674
-6.443957450070187
-6.5213608267028045
-6.598477736636533
-6.675306664572454
-6.751846220955408
-6.8280951432436945
-6.904052297053278
-6.979716677175128
-7.055087408464447
-7.130163746600674
-7.204945078717296
-7.279430923900579
-7.353620933556566
-7.427514891645845
-7.501112714785779
-7.574414452220057
-7.647420285655509
-7.720130528966297
-7.79254562776563
-7.864666158845299
-7.936492829483424
-8.008026476620987
-8.07926806590783
-8.15021869061881
-8.220879570441124
-8.291252050133888
-8.361337598061365
-8.431137804601233
-8.500654380429493
-8.569889154683635
-8.638844073005911
-8.707521195468678
-8.775922694383913
-8.844050851999219
-8.911908058082679
-8.979496807398979
-9.046819697079235
-9.113879423887097
-9.180678781383916
-9.247220656995891
-9.313508028986263
-9.379543963335763
-9.445331610534645
-9.510874202289763
-9.57617504815024
-9.641237532055335
-9.706065108808211
-9.770661300479468
-9.835029692744236
-9.899173931156703
-9.963097717366061
-10.026804805278026
-10.090298997166023
-10.153584139736104
-10.216664120149668
-10.279542862008208
-10.342224321304352
-10.404712482343465
-10.467011353640126
-10.529124963793786
-10.591057357347845
-10.652812590636438
-10.714394727623196
-10.775807835736353
-10.837055981704532
-10.898143227397535
-10.959073625676576
-11.01985121625827
-11.080480021596495
-11.140964042786118
-11.201307255492463
-11.261513605910391
-11.321587006756996
-11.38153133330206
-11.441350419440393
-11.501048053809964
-11.560627975959616
-11.620093872570163
-11.679449373732506
-11.738698049286324
-11.797843405222732
-11.856888880154411
-11.91583784185661
-11.974693583882381
-12.033459322255322
-12.09213819224318
-12.150733245215504
-12.209247445588401
-12.267683667859286
-12.326044693734287
-12.384333209351025
-12.442551802599523
-12.500702960544016
-12.558789066948348
-12.6168123999075
-12.674775129587685
-12.732679316077336
-12.79052690735122
-12.84831973734964
-12.906059524174436
-12.9637478684035
-13.02138625152534
-13.078976034495241
-13.136518456414365
-13.194014633333154
-13.251465557180111
-13.30887209481699
-13.366234987221304
-13.423554848796982
-13.48083216681404
-13.538067300977929
-13.595260483129053
-13.652411817072718
-13.709521278539697
-13.766588715277479
-13.823613847272085
-13.880596267100245
-13.937535440411608
-13.994430706540614
-14.051281279247435
-14.108086247587268
-14.164844576907145
-14.221555109969403
-14.278216568200806
-14.334827553066065
-14.391386547564382
-14.447891917847388
-14.504341914956685
-14.560734676679063
-14.61706822951743
-14.67334049077546
-14.72954927075378
-14.785692275055483
-14.84176710699859
-14.897771270132896
-14.953702170858481
-15.009557121143136
-15.065333341335933
-15.121027963074116
-15.176638032280525
-15.232160512248615
-15.287592286812089
-15.342930163596126
-15.39817087734706
-15.453311093337266
-15.508347410842052
-15.56327636668519
-15.618094438849614
-15.672798050149769
-15.727383571961957
-15.78184732800897
-15.836185598195277
-15.890394622488818
-15.944470604845526
-15.998409717172455
-16.052208103325487
-16.105861883137326
-16.15936715647164
-16.212720007299104
-16.265916507791182
-16.318952722427518
-16.371824712112875
-16.424528538299576
-16.47706026711132
-16.529415973464474
-16.581591745182898
-16.633583687102465
-16.68538792516147
-16.737000610473096
-16.788417923375953
-16.83963607745877
-16.890651323555396
-16.94145995370618
-16.992058305081876
-17.042442763866084
-17.092609769092142
-17.142555816430438
-17.192277461922195
-17.241771325656025
-17.291034095383473
-17.34006253006998
-17.388853463377863
-17.437403807077878
-17.48571055438574
-17.533770783220355
-17.58158165938068
-17.629140439638327
-17.67644447474317
-17.72349121233936
-17.770278199788955
-17.81680308690043
-17.86306362855928
-17.909057687257906
-17.95478323552187
-18.000238358229705
-18.045421254823378
-18.090330241406672
-18.134963752728833
-18.179320344050932
-18.22339869289267
-18.267197600657493
-18.310715994133982
-18.35395292687154
-18.3969075804287
-18.439579265492522
-18.48196742286765
-18.52407162433374
-18.565891573370347
-18.607427105748595
-18.648678189988996
-18.689644927685176
-18.730327553693368
-18.77072643618777
-18.810842076581874
-18.85067510931597
-18.890226301511117
-18.929496552489976
-18.968486893164933
-19.007198485294165
-19.045632620606252
-19.083790719794106
-19.12167433137898
-19.159285130445365
-19.19662491724767
-19.233695615689722
-19.27049927167823
-19.307038051351665
-19.34331423918601
-19.379330235979236
-19.415088556716423
-19.45059182831778
-19.485842787272045
-19.520844277157718
-19.55559924605458
-19.59011074384838
-19.624381919431695
-19.658416017804083
-19.692216377074967
-19.725786425372714
-19.75912967766342
-19.79224973248284
-19.825150268584817
-19.857835041509556
-19.890307880075166
-19.92257268279604
-19.954633414231804
-19.98649410127032
-20.018158829348376
-20.049631738613893
-20.08091702003369
-20.112018911450804
-20.142941693595333
-20.173689686052967
-20.20426724319509
-20.23467875007438
-20.26492861828973
-20.29502128182432
-20.324961192860513
-20.35475281757556
-20.38440063192229
-20.413909117399157
-20.44328275681397
-20.472526030046026
-20.501643409811493
-20.53063935743694
-20.559518318645814
-20.588284719362633
-20.616942961539763
-20.645497419011548
-20.673952433380578
-20.702312309941078
-20.730581313644166
-20.75876366510954
-20.786863536688116
-20.814885048580123
-20.8428322650131
-20.87070919048395
-20.898519766068972
-20.926267865805556
-20.95395729314913
-20.98159177750901
-21.009174970866667
-21.03671044447981
-21.06420168567547
-21.091652094735366
-21.11906498187679
-21.14644356433206
-21.173790963529513
-21.201110202379056
-21.22840420266496
-21.255675782548536
-21.282927654183368
-21.31016242144571
-21.337382577782193
-21.36459050417679
-21.391788467238825
-21.418978617413558
-21.446162987316626
-21.473343490193486
-21.500521918504603
-21.527699942637042
-21.55487910974307
-21.582060842706255
-21.609246439235307
-21.636437071085822
-21.66363378341032
-21.69083749423683
-21.718048994076298
-21.74526894565861
-21.772497883796945
-21.79973621537971
-21.82698421948902
-21.854242047644874
-21.88150972417415
-21.908787146703418
-21.936074086774482
-21.9633701905816
-21.990674979829294
-22.01798785270978
-22.045308084998908
-22.072634831269426
-22.09996712622032
-22.12730388612087
-22.15464391036815
-22.181985883156614
-22.209328375258224
-22.236669845911393
-22.264008644816812
-22.291343014238294
-22.318671091206426
-22.345990909822603
-22.373300403660778
-22.400597408264275
-22.427879663734984
-22.455144817412247
-22.48239042663872
-22.5096139616106
-22.536812808309808
-22.563984271515725
-22.59112557789408
-22.618233879160417
-22.645306255315692
-22.672339717951022
-22.699331213618652
-22.726277627266033
-22.753175785729955
-22.78002246128756
-22.806814375260988
-22.83354820167219
-22.860220570944424
-22.886828073646658
-22.913367264277102
-22.939834665082063
-22.966226769906175
-22.992540048069973
-23.018770948270404
-23.044915902499586
-23.070971329976945
-23.09693364108981
-23.122799241337592
-23.14856453527486
-23.174225930448475
-23.199779841324162
-23.22522269319791
-23.25055092608739
-23.27576099859863
-23.300849391763226
-23.325812612841194
-23.350647199084765
-23.37534972145838
-23.39991678831061
-23.424345048993846
-23.448631197428032
-23.472771975604733
-23.496764177027874
-23.520604650087538
-23.54429030136348
-23.567818098855216
-23.5911850751358
-23.61438833042664
-23.637425035590898
-23.660292435043264
-23.682987849573866
-23.705508679084378
-23.727852405234277
-23.750016593995273
-23.77199889811195
-23.79379705946673
-23.815408911347536
-23.836832380616816
-23.858065489780618
-23.879106358956395
-23.899953207738324
-23.920604356958993
-23.94105823034622
-23.961313356073592
-23.981368368203537
-24.001222008021646
-24.02087312526115
-24.040320679216396
-24.05956373974468
-24.078601488155815
-24.097433217988883
-24.116058335675607
-24.134476361089927
-24.1526869279833
-24.17068978430527
-24.188484792409103
-24.206071929142443
-24.22345128582319
-24.24062306810089
-24.25758759570417
-24.27434530207464
-24.290896733888022
-24.30724255046326
-24.32338352306039
-24.339320534067813
-24.355054576079855
-24.37058675086553
-24.38591826822955
-24.40105044476653
-24.415984702509665
-24.43072256747502
-24.445265668102795
-24.45961573359705
-24.47377459216563
-24.487744169162003
-24.501526485130658
-24.515123653757744
-24.52853787972882
-24.541771456495642
-24.554826763954313
-24.56770626603714
-24.58041250822055
-24.592948114951415
-24.605315786994343
-24.617518298702723
-24.629558495216347
-24.64143928958865
-24.6531636598466
-24.66473464598636
-24.676155346907823
-24.687428917291104
-24.69855856441828
-24.709547544943835
-24.720399161617397
-24.731116759962593
-24.741703724915656
-24.752163477427363
-24.76249947103199
-24.7727151883872
-24.782814137788822
-24.792799849664593
-24.802675873051076
-24.812445772058144
-24.822113122325394
-24.831681507474972
-24.841154515565368
-24.85053573555064
-24.85982875374936
-24.86903715032739
-24.878164495798504
-24.887214347546834
-24.896190246374946
-24.905095713080986
-24.913934245068422
-24.92270931299206
-24.93142435744389
-24.94008278568214
-24.94868796840652
-24.957243236583
-24.96575187832116
-24.974217135807184
-24.982642202295384
-24.99103021916088
-24.999384273015696
-25.007707392890556
-25.016002547484394
-25.0242726424836
-25.03252051795332
-25.040748945803248
-25.048960627330192
-25.057158190839434
-25.065344189346863
-25.073521098363788
-25.081691313766246
-25.089857149750916
-25.098020836879616
-25.106184520214303
-25.114350257544462
-25.122520017708442
-25.13069567901005
-25.138879027731637
-25.14707175674474
-25.155275464219248
-25.16349165243196
-25.171721726675063
-25.17996699426519
-25.188228663653664
-25.196507843638503
-25.204805542678972
-25.213122668313478
-25.22146002668126
-25.229818322148223
-25.238198157037008
-25.246600031461075
-25.255024343262424
-25.263471388052327
-25.271941359354546
-25.28043434885041
-25.288950346724963
-25.297489242113247
-25.30605082364588
-25.31463478009312
-25.323240701106332
-25.33186807805558
-25.340516304962026
-25.349184679523834
-25.35787240423409
-25.36657858758912
-25.37530224538546
-25.384042302103612
-25.39279759237684
-25.401566862543152
-25.41034877227904
-25.419141896313736
-25.427944726222737
-25.4367556722994
-25.445573065503456
-25.45439515948539
-25.463220132685482
-25.472046090506243
-25.480871067557192
-25.489693029970514
-25.49850987778618
-25.507319447405084
-25.516119514108656
-25.52490779464316
-25.533681949866835
-25.542439587457952
-25.55117826468157
-25.55989549121256
-25.56858873201222
-25.577255410255564
-25.58589291030626
-25.59449858073592
-25.603069737384633
-25.61160366645959
-25.620097627668716
-25.62854885738597
-25.636954571844715
-25.645311970355383
-25.653618238543547
-25.661870551604412
-25.670066077569775
-25.678201980583484
-25.68627542418145
-25.694283574571987
-25.702223603912476
-25.710092693578165
-25.717888037419048
-25.725606845000787
-25.733246344825577
-25.74080378752905
-25.748276449049516
-25.75566163376593
-25.7629566776011
-25.770158951086874
-25.777265862388166
-25.784274860282668
-25.79118343709303
-25.79798913156836
-25.804689531711976
-25.8112822775521
-25.81776506385248
-25.824135642759703
-25.83039182638399
-25.836531489310463
-25.84255257103789
-25.84845307834215
-25.85423108756189
-25.859884746803917
-25.865412278065836
-25.87081197927319
-25.876082226228764
-25.881221474472145
-25.886228261047737
-25.89110120617963
-25.895839014851763
-25.900440478292044
-25.90490447535885
-25.90922997382859
-25.9134160315833
-25.917461797697374
-25.921366513422473
-25.925129513069667
-25.928750224788306
-25.93222817124104
-25.93556297017466
-25.93875433488657
-25.94180207458678
-25.944706094655462
-25.947466396796134
-25.950083079084525
-25.952556335913588
-25.954886457835077
-25.957073831298207
-25.959118938286085
-25.961022355850677
-25.962784755547407
-25.964406902770467
-25.96588965598983
-25.96723396589096
-25.968440874418068
-25.969511513721873
-25.970447105012912
-25.97124895732202
-25.971918466169573
-25.972457112145126
-25.972866459399345
-25.973148154049856
-25.97330392250277
-25.973335569691844
-25.97324497723736
-25.973034101526853
-25.97270497171988
-25.9722596876793
-25.97170041783139
-25.971029396957167
-25.9702489239171
-25.969361359311197
-25.96836912307643
-25.96727469202347
-25.966080597314832
-25.964789421886994
-25.963403797819158
-25.96192640365152
-25.96035996165597
-25.958707235062466
-25.95697102524412
-25.955154168864087
-25.9532595349873
-25.9512900221599
-25.949248555459466
-25.947138083519153
-25.94496157552877
-25.94272201821605
-25.94042241281122
-25.938065771997888
-25.935655116853386
-25.933193473781873
-25.93068387144365
-25.92812933768437
-25.925532896467903
-25.922897564816456
-25.920226349761354
-25.917522245307968
-25.914788229418182
-25.91202726101395
-25.90924227700538
-25.90643618934698
-25.903611882126032
-25.900772208686963
-25.89791998879551
-25.895058005846384
-25.892189004117885
-25.889315686077058
-25.88644070973871
-25.88356668608174
-25.880696176526303
-25.87783169047501
-25.87497568292122
-25.872130552127235
-25.86929863737493
-25.866482216791443
-25.86368350525237
-25.86090465236453
-25.858147740530203
-25.855414783094805
-25.85270772257991
-25.850028429003547
-25.847378698289535
-25.84476025076754
-25.842174729765222
-25.839623700293973
-25.837108647829442
-25.834630977188144
-25.83219201150118
-25.829792991285704
-25.82743507361454
-25.825119331384176
-25.822846752681247
-25.82061824024746
-25.818434611042594
-25.81629659590533
-25.81420483931143
-25.812159899228647
-25.810162247067638
-25.808212267727896
-25.806310259737614
-25.804456435486117
-25.80265092154727
-25.80089375909222
-25.799184904389506
-25.797524229390717
-25.795911522400047
-25.79434648882608
-25.792828752014003
-25.791357854156416
-25.789933257280552
-25.78855434430983
-25.787220420197457
-25.785930713130057
-25.784684375799173
-25.783480486738483
-25.782318051724445
-25.781196005237916
-25.780113211984258
-25.779068468469433
-25.77806050462962
-25.777087985511628
-25.77614951300137
-25.77524362759823
-25.774368810233256
-25.773523484129385
-25.77270601670179
-25.771914721496728
-25.77114786016719
-25.770403644483537
-25.769680238377077
-25.76897576001474
-25.768288283903047
-25.767615843019513
-25.7669564309694
-25.76630800416595
-25.765668484032176
-25.765035759222542
-25.764407687862814
-25.763782099806605
-25.763156798907005
-25.76252956530152
-25.76189815770863
-25.761260315734404
-25.76061376218749
-25.759956205400613
-25.759285341556904
-25.75859885701945
-25.75789443066256
-25.757169736202968
-25.756422444529306
-25.75565022602808
-25.754850752904247
-25.754021701494622
-25.753160754572292
-25.75226560364007
-25.751333951211024
-25.75036351307415
-25.749352020543256
-25.748297222686887
-25.747196888537047
-25.746048809274725
-25.744850800390196
-25.743600703816185
-25.742296390031925
-25.74093576013638
-25.739516747888985
-25.738037321716035
-25.73649548668118
-25.734889286418166
-25.733216805024256
-25.731476168912536
-25.729665548621625
-25.727783160581225
-25.725827268831807
-25.723796186696575
-25.721688278403946
-25.71950196065876
-25.7172357041606
-25.714888035067844
-25.712457536406163
-25.709942849420145
-25.707342674866794
-25.704655774249915
-25.701880970994495
-25.699017151560383
-25.696063266494434
-25.693018331420063
-25.689881427963115
-25.68665170461307
-25.683328377518848
-25.6799107312184
-25.67639811930141
-25.67278996500451
-25.66908576173867
-25.665285073548745
-25.661387535505185
-25.657392854027847
-25.653300807142045
-25.64911124466707
-25.644824088337316
-25.640439331856243
-25.635957040883312
-25.631377352954217
-25.626700477334623
-25.621926694807684
-25.617056357395626
-25.612089888015532
-25.607027780069302
-25.601870596967615
-25.5966189715881
-25.591273605667965
-25.58583526913145
-25.580304799352604
-25.574683100353866
-25.568971141941034
-25.563169958775262
-25.557280649382733
-25.551304375102717
-25.545242358974946
-25.53909588456733
-25.532866294745332
-25.526554990384426
-25.520163429027292
-25.513693123487627
-25.507145640402626
-25.50052259873567
-25.493825668230812
-25.48705656782056
-25.48021706398825
-25.47330896908602
-25.466334139609387
-25.459294474429328
-25.45219191298264
-25.445028433421584
-25.437806050723907
-25.430526814764562
-25.423192808350393
-25.41580614521925
-25.40836896800505
-25.40088344617027
-25.393351773907394
-25.385776168010718
-25.378158865719737
-25.370502122535466
-25.362808210010964
-25.3550794135173
-25.347318029986095
-25.33952636563026
-25.331706733644577
-25.323861451887918
-25.31599284054877
-25.308103219795864
-25.300194907415825
-25.292270216439814
-25.28433145276136
-25.276380912747836
-25.268420880848392
-25.260453627201283
-25.252481405243625
-25.244506449326902
-25.23653097234148
-25.228557163353454
-25.22058718525744
-25.212623172448982
-25.20466722852026
-25.19672142398272
-25.188787794020154
-25.180868336275775
-25.172965008676666
-25.165079727299226
-25.15721436427901
-25.149370745768604
-25.141550649947018
-25.13375580508392
-25.125987887661918
-25.11824852056017
-25.110539271302255
-25.102861650371036
-25.09521710959285
-25.087607040593436
-25.08003277332801
-25.072495574687533
-25.064996647183047
-25.057537127709846
-25.050118086392924
-25.042740525515082
-25.03540537852876
-25.028113509152544
-25.02086571055275
-25.01366270461048
-25.006505141274257
-24.999393597998274
-24.99232857926574
-24.9853105161969
-24.978339766241074
-24.97141661295208
-24.964541265846318
-24.957713860342746
-24.9509344577838
-24.944203045536366
-24.937519537171763
-24.930883772723572
-24.924295519022163
-24.917754470104793
-24.911260247700195
-24.90481240178661
-24.8984104112219
-24.892053684444388
-24.885741560243186
-24.87947330859674
-24.87324813157812
-24.86706516432565
-24.860923476077428
-24.854822071268384
-24.848759890688566
-24.8427358127017
-24.836748654523173
-24.8307971735569
-24.82488006879066
-24.818995982249643
-24.813143500508115
-24.807321156258947
-24.801527429940617
-24.795760751420968
-24.790019501736705
-24.784302014887626
-24.77860657968446
-24.772931441649003
-24.767274804965293
-24.761634834480585
-24.75600965775467
-24.75039736715578
-24.74479602200088
-24.73920365073837
-24.73361825317127
-24.72803780271897
-24.72246024871583
-24.716883518744876
-24.71130552100467
-24.705724146707293
-24.70013727250517
-24.694542762944334
-24.688938472941683
-24.683322250284103
-24.67769193814709
-24.67204537763052
-24.666380410309184
-24.6606948807954
-24.6549866393112
-24.649253544267534
-24.64349346484786
-24.637704283593134
-24.631883898984878
-24.62603022802315
-24.620141208796294
-24.61421480303937
-24.60824899867833
-24.60224181235679
-24.596191291942315
-24.590095519009278
-24.5839526112953
-24.577760725128396
-24.571518057821972
-24.565222850034584
-24.558873388091396
-24.552468006264146
-24.546005089006396
-24.539483073141067
-24.532900449997467
-24.526255767495027
-24.519547632170852
-24.512774711148406
-24.50593573404475
-24.49902949481375
-24.492054853522657
-24.48501073805954
-24.477896145769304
-24.470710145016337
-24.463451876671908
-24.45612055552436
-24.44871547161031
-24.441235991465046
-24.433681559290303
-24.426051698037465
-24.418346010404175
-24.410564179742376
-24.40270597087604
-24.394771230826986
-24.386759889447543
-24.378671959959004
-24.37050753939516
-24.362266808949865
-24.353950034227548
-24.345557565395804
-24.337089837239315
-24.328547369114286
-24.319930764802645
-24.31124071226534
-24.302477983294292
-24.293643433062694
-24.284737999573363
-24.27576270300502
-24.266718644956676
-24.257607007590046
-24.248429052670126
-24.23918612050391
-24.229879628777432
-24.220511071291746
-24.21108201659876
-24.201594106537975
-24.192049054675373
-24.182448644646136
-24.172794728403083
-24.16308922437303
-24.153334115523784
-24.143531447344508
-24.133683325742616
-24.123791914860412
-24.113859434814934
-24.103888159364452
-24.09388041350521
-24.083838571002126
-24.073765051857173
-24.063662319719263
-24.053532879239548
-24.043379273376125
-24.033204080652062
-24.023009912370547
-24.012799409790993
-24.00257524126993
-23.992340099370544
-23.982096697944762
-23.97184776919189
-23.961596060697723
-23.95134433245817
-23.94109535389139
-23.930851900842462
-23.920616752584344
-23.910392688818852
-23.900182486681267
-23.88998891775227
-23.879814745080857
-23.86966272022172
-23.85953558029069
-23.849436045041863
-23.83936681396988
-23.829330563440827
-23.819329943855045
-23.80936757684517
-23.799446052512586
-23.789567926705693
-23.779735718342998
-23.769951906783938
-23.760218929250264
-23.750539178300862
-23.74091499936295
-23.73134868832269
-23.72184248917798
-23.712398591755935
-23.703019129497243
-23.693706177309757
-23.684461749493458
-23.67528779773871
-23.666186209199587
-23.657158804643892
-23.6482073366815
-23.63933348807236
-23.630538870115366
-23.621825021119285
-23.61319340495657
-23.604645409700673
-23.596182346347568
-23.587805447621967
-23.57951586686857
-23.571314677028674
-23.5632028697025
-23.55518135429744
-23.547250957262428
-23.539412421408763
-23.531666405317786
-23.524013482835862
-23.516454142656947
-23.508988787992728
-23.501617736330154
-23.494341219276087
-23.487159382488947
-23.48007228569727
-23.473079902804976
-23.466182122083204
-23.459378746448657
-23.452669493828374
-23.446053997610385
-23.439531807179655
-23.43310238853882
-23.426765125013098
-23.420519318038707
-23.41436418803422
-23.40829887535417
-23.402322441324166
-23.39643386935662
-23.39063206614602
-23.384915862942727
-23.379284016904215
-23.37373521252254
-23.368268063126997
-23.36288111246082
-23.357572836330426
-23.35234164432577
-23.347185881610066
-23.34210383077697
-23.33709371377281
-23.33215369388133
-23.327281877768364
-23.32247631758377
-23.317735013118003
-23.31305591401047
-23.308436922007125
-23.303875893264568
-23.299370640697752
-23.294918936368667
-23.290518513913035
-23.286167071002176
-23.28186227183729
-23.277601749673458
-23.273383109370705
-23.269203929969215
-23.265061767285736
-23.260954156528207
-23.256878614925505
-23.2528326443693
-23.248813734065116
-23.244819363189883
-23.24084700355322
-23.236894122259933
-23.23295818437108
-23.22903665556114
-23.225127004769
-23.22122670684049
-23.21733324516017
-23.213444114269883
-23.209556822471505
-23.20566889441124
-23.20177787364286
-23.197881325167224
-23.19397683794542
-23.190062027383128
-23.186134537783566
-23.182192044766673
-23.178232257652063
-23.174252921803536
-23.170251820932968
-23.166226779361317
-23.16217566423432
-23.15809638769047
-23.153986908978958
-23.14984523652543
-23.1456694299438
-23.14145760199235
-23.13720792047254
-23.132918610069076
-23.128587954129834
-23.124214296384586
-23.119796042601614
-23.115331662181312
-23.110819689686046
-23.106258726305406
-23.101647441255913
-23.096984573114007
-23.092268931081314
-23.087499396181265
-23.082674922386126
-23.077794537673718
-23.072857345013226
-23.067862523279466
-23.06280932809522
-23.057697092601295
-23.052525228153762
-23.04729322494756
-23.042000652565513
-23.03664716045187
-23.031232478309356
-23.025756416419078
-23.02021886588269
-23.014619798786207
-23.008959268284904
-23.003237408608918
-22.99745443498889
-22.991610643501126
-22.985706410831703
-22.979742193959133
-22.973718529755466
-22.96763603450588
-22.961495403346923
-22.955297409623704
-22.94904290416647
-22.942732814487293
-22.93636814389773
-22.9299499705483
-22.923479446390665
-22.91695779606345
-22.910386315702816
-22.903766371678863
-22.897099399259126
-22.89038690120048
-22.88363044627055
-22.87683166769994
-22.869992261566573
-22.86311398511392
-22.856198655004725
-22.849248145512114
-22.842264386649866
-22.835249362243637
-22.82820510794479
-22.821133709188807
-22.814037299100185
-22.806918056345715
-22.799778202938107
-22.792620001991843
-22.78544575543338
-22.778257801667813
-22.771058513204387
-22.763850294243262
-22.756635578226017
-22.74941682535256
-22.742196520067285
-22.734977168517435
-22.727761295986443
-22.72055144430475
-22.71335016924066
-22.706160037873577
-22.698983625952042
-22.6918235152388
-22.684682290845235
-22.677562538557584
-22.67046684215696
-22.663397780735256
-22.656357926009026
-22.649349839633476
-22.64237607051901
-22.635439152152674
-22.62854159992678
-22.621685908477208
-22.61487454903396
-22.608109966786532
-22.601394578266525
-22.594730768750157
-22.58812088968337
-22.58156725613218
-22.575072144260805
-22.568637788840352
-22.56226638079095
-22.55596006476036
-22.549720936741767
-22.543551041733327
-22.537452371442004
-22.531426862033886
-22.52547639193283
-22.519602779669373
-22.513807781781754
-22.508093090770803
-22.502460333110424
-22.4969110673154
-22.49144678206817
-22.486068894406277
-22.480778747972142
-22.4755776113269
-22.470466676329767
-22.465447056584697
-22.460519785956325
-22.455685817157036
-22.450946020407077
-22.446301182169595
-22.441752003962467
-22.437299101248744
-22.432943002407473
-22.42868414778683
-22.424522888841427
-22.420459487355703
-22.41649411475517
-22.412626851507373
-22.408857686614272
-22.405186517197865
-22.401613148180378
-22.398137292060103
-22.394758568783846
-22.391476505716685
-22.38829053770964
-22.385200007265656
-22.3822041648039
-22.3793021690221
-22.376493087356426
-22.37377589653794
-22.371149483244682
-22.368612644848287
-22.36616409025392
-22.363802440832405
-22.361526231443367
-22.359333911548237
-22.357223846411717
-22.355194318390108
-22.353243528304734
-22.35136959689861
-22.349570566374457
-22.34784440201192
-22.346188993861848
-22.344602158515375
-22.343081640945275
-22.341625116417152
-22.34023019246816
-22.338894410950918
-22.33761525014042
-22.336390126901694
-22.33521639891602
-22.334091366963737
-22.333012277261464
-22.331976323851496
-22.330980651040864
-22.330022355887554
-22.329098490731486
-22.32820606576782
-22.327342051660043
-22.3265033821903
-22.325686956944185
-22.324889644027213
-22.32410828281029
-22.323339686701832
-22.322580645943976
-22.32182793043025
-22.321078292541944
-22.32032847000018
-22.319575188730585
-22.318815165737607
-22.318045111985743
-22.31726173528479
-22.31646174317648
-22.315641845819744
-22.31479875887199
-22.313929206363515
-22.31302992356233
-22.31209765982671
-22.311129181442727
-22.310121274444146
-22.30907074741204
-22.307974434251594
-22.30682919694387
-22.30563192827059
-22.30437955450977
-22.303069038100023
-22.30169738027165
-22.3002616236427
-22.298758854778374
-22.297186206712087
-22.295540861426606
-22.293820052293842
-22.292021066471694
-22.290141247256276
-22.288177996388033
-22.286128776310353
-22.283991112379358
-22.28176259502361
-22.279440881852583
-22.27702369971262
-22.274508846689134
-22.271894194053818
-22.269177688155782
-22.266357352255273
-22.263431288298467
-22.260397678631836
-22.257254787654677
-22.254000963408647
-22.2506346391033
-22.247154334576823
-22.243558657691114
-22.239846305660382
-22.236016066312477
-22.232066819282227
-22.227997537135952
-22.22380728642624
-22.219495228676198
-22.215060621292356
-22.21050281840552
-22.2058212716389
-22.201015530802767
-22.196085244514894
-22.191030160746028
-22.185850127289758
-22.180545092156354
-22.175115103890096
-22.169560311809892
-22.163880966172986
-22.158077418261673
-22.152150120392907
-22.146099625850344
-22.139926588738565
-22.133631763759258
-22.12721600590901
-22.120680270098365
-22.114025610691858
-22.107253180968588
-22.100364232503
-22.09336011446577
-22.08624227284476
-22.07901224958626
-22.071671681656785
-22.064222300025495
-22.0566659285676
-22.04900448288932
-22.041239969074827
-22.03337448235543
-22.025410205701395
-22.01734940833673
-22.009194444177144
-22.00094775019129
-21.9926118446857
-21.98418932551373
-21.975682868209066
-21.967095224044545
-21.958429218017006
-21.94968774675913
-21.940873776379267
-21.931990340230545
-21.92304053661046
-21.914027526392506
-21.90495453059147
-21.895824827863994
-21.886641751945792
-21.877408689026982
-21.868129075067163
-21.85880639305221
-21.849444170194904
-21.840045975081797
-21.830615414768648
-21.82115613182707
-21.811671801345387
-21.802166127886796
-21.792642842408174
-21.783105699142954
-21.773558472451516
-21.764004953642726
-21.754448947770257
-21.744894270407215
-21.735344744402752
-21.725804196624367
-21.716276454689435
-21.706765343689497
-21.697274682910844
-21.687808282554855
-21.67836994046145
-21.668963438839242
-21.65959254100595
-21.65026098814262
-21.640972496064975
-21.631730752015258
-21.622539411477803
-21.613402095021385
-21.60432238517116
-21.59530382331282
-21.586349906631554
-21.577464085088323
-21.56864975843571
-21.559910273275378
-21.55124892015901
-21.54266893073462
-21.53417347493972
-21.525765658242918
-21.517448518935353
-21.509225025473242
-21.50109807387294
-21.49307048515989
-21.485145002872585
-21.477324290622775
-21.46961092971337
-21.462007416815382
-21.45451616170537
-21.447139485065023
-21.439879616344612
-21.432738691692364
-21.425718751952004
-21.418821740730905
-21.412049502541024
-21.40540378101467
-21.398886217196846
-21.392498347915804
-21.386241604233348
-21.380117309976427
-21.374126680351438
-21.368270820642962
-21.36255072499857
-21.35696727530116
-21.35152124013051
-21.346213273815707
-21.341043915580272
-21.33601358878174
-21.33112260024727
-21.326371139706836
-21.321759279325434
-21.31728697333564
-21.312954057771734
-21.308760250306634
-21.304705150192873
-21.30078823830847
-21.297008877308357
-21.29336631188191
-21.28985966911698
-21.286487958970795
-21.28325007484814
-21.280144794286926
-21.277170779751245
-21.27432657953183
-21.271610628753606
-21.269021250489843
-21.266556656982303
-21.264214950966576
-21.261994127101573
-21.259892073502144
-21.25790657337349
-21.256035306745773
-21.25427585230726
-21.252625689334096
-21.251082199714844
-21.249642670067928
-21.24830429394997
-21.24706417415281
-21.24591932508703
-21.244866675249895
-21.243903069775357
-21.24302527306368
-21.242229971488328
-21.24151377617774
-21.240873225869436
-21.240304789833814
-21.239804870864916
-21.23936980833524
-21.238995881311794
-21.238679311730678
-21.238416267627358
-21.238202866419854
-21.23803517824193
-21.23790922932328
-21.237821005414062
-21.237766455251105
-21.23774149406306
-21.23774200711189
-21.237763853267708
-21.237802868613997
-21.237854870080398
-21.23791565909984
-21.237981025286942
-21.2380467501345
-21.238108610724893
-21.238162383453144
-21.2382038477583
-21.238228789859633
-21.238233006494355
-21.238212308653644
-21.238162525313683
-21.23807950715836
-21.237959130290236
-21.237797299926214
-21.237589954074522
-21.237333067189653
-21.2370226538021
-21.236654772119593
-21.236225527596716
-21.235731076470003
-21.235167629255372
-21.234531454204657
-21.23381888071789
-21.23302630270807
-21.232150181914974
-21.23118705116464
-21.23013351757085
-21.228986265675147
-21.227742060521834
-21.22639775066439
-21.22495027109973
-21.223396646126915
-21.221733992126744
-21.219959520258882
-21.218070539073537
-21.216064457034733
-21.213938784952333
-21.211691138319893
-21.209319239555683
-21.206820920144295
-21.204194122676157
-21.20143690278239
-21.198547430962478
-21.195523994302263
-21.192364998080095
-21.189068967259217
-21.185634547864694
-21.18206050824294
-21.17834574020206
-21.174489260031137
-21.17049020939656
-21.166347856113745
-21.162061594792945
-21.15763094735793
-21.153055563436354
-21.148335220621178
-21.14346982460266
-21.138459409170494
-21.133304136085698
-21.12800429482222
-21.122560302178513
-21.11697270175965
-21.111242163330488
-21.10536948204053
-21.099355577521308
-21.093201492857204
-21.086908393430786
-21.08047756564393
-21.073910415516007
-21.067208467160395
-21.060373361140545
-21.053406852707138
-21.046310809918065
-21.039087211643146
-21.0317381454558
-21.024265805414114
