8.416114493851278
8.482661074156855
8.549825025935778
8.617609092763344
8.686015898545461
8.75504794525485
8.824707610739585
8.894997146605675
8.965918676175207
9.037474192521493
9.109665556582534
9.182494495354094
9.255962600163715
9.330071325027015
9.404821985087532
9.480215755141282
9.556253668247091
9.63293661442368
9.710265339434425
9.78824044366051
9.866862381063127
9.946131458235298
10.026047833543897
10.106611516362376
10.187822366394627
10.269680093090315
10.352184255151911
10.435334260133558
10.51912936413187
10.603568671568796
10.688651135066523
10.774375555414325
10.860740581627185
10.947744711096025
11.035386289829464
11.123663512786923
11.212574424302677
11.302116918600296
11.392288740396841
11.483087485596092
11.574510602070026
11.666555390527597
11.759219005469767
11.852498456229732
11.946390608097325
12.040892183526559
12.135999763425128
12.231709788524563
12.32801856082977
12.424922245146599
12.522416870686081
12.620498332743775
12.71916239445255
12.818404688607114
12.918220719558487
13.018605865176635
13.119555378879353
13.221064391725589
13.323127914571257
13.425740840285654
13.52889794602639
13.632593895570622
13.736823241700208
13.841580428638508
13.94685979453665
14.05265557400712
14.158961900702367
14.265772809936054
14.373082241344607
14.48088404158665
14.589171967077906
14.697939686758918
14.807180784893067
14.916888763892349
15.027057047168574
15.137678982007648
15.248747842464757
15.360256832278315
15.47219908780051
15.584567680942278
15.697355622130495
15.810555863275248
15.924161300745233
16.038164778349376
16.15255909032286
16.267336984315715
16.382491164382184
16.498014293969245
16.613898998902638
16.730137870368917
16.846723467892172
16.963648322303907
17.08090493870456
17.198485799414893
17.31638336691566
17.43459008677405
17.55309839055556
17.67190069871988
17.790989423499568
17.910356971760294
18.02999574784171
18.14989815637817
18.27005660509863
18.39046350760484
18.511111286127008
18.631992374256388
18.753099219654377
18.874424286737867
18.995960059340508
19.117699043349877
19.239633769320523
19.361756795062682
19.48406070820632
19.60653812874039
19.72918171152704
19.851984148790642
19.974938172581453
20.098036557213838
20.221272121679043
20.34463773203245
20.468126303755295
20.591730804090698
20.715444254354022
20.83925973221758
20.963170373969742
21.087169376748417
21.211250000748716
21.335405571404863
21.45962948154653
21.583915193529833
21.70825624134315
21.832646232688006
21.95707885103539
22.081547857657768
22.206047093636954
22.330570481848103
22.45511202892013
22.57966582717282
22.70422605653076
22.828786986414233
22.953342977607353
23.077888484103685
23.202418054929787
23.326926335946958
23.45140807163137
23.575858106832648
23.700271388510664
23.82464296745008
23.94896799995201
24.07324174950194
24.197459588413107
24.321616999444256
24.4457095773905
24.569733030646045
24.693683182737583
24.81755597382705
24.941347462182545
25.065053825615973
25.188671362886126
25.312196495065663
25.435625766870842
25.55895584795259
25.682183534147626
25.805305748688355
25.928319543370137
26.051222099674607
26.174010729847783
26.296682877931932
26.419236120750117
26.54166816884221
26.663976867351
26.7861601968569
26.908216274159788
27.03014335300613
27.151939824759744
27.273604219014253
27.395135204145383
27.51653158780126
27.637792317328937
27.758916480135206
27.87990330397988
28.000752157199624
28.121462548860645
28.242034128838664
28.362466687824647
28.482760157254855
28.602914609163744
28.722930255958342
28.84280745011287
28.96254668378228
29.082148588333183
29.201613933790526
29.320943628198535
29.440138716894438
29.55920038169367
29.678129939985354
29.796928843736936
29.915598678407093
30.034141161765834
30.152558142620993
30.270851599450427
30.38902363893931
30.50707649442197
30.625012524227774
30.742834209930724
30.860544154502637
30.978145080369877
31.095639827373795
31.21303135063517
31.330322718322982
31.44751710932818
31.564617810843266
31.68162821584881
31.798551820507818
31.915392221468785
32.03215311307856
32.14883828450616
32.2654516167788
32.38199707973087
32.49847872886745
32.614900702143316
32.73126721665902
32.847582565275374
32.96385111314849
33.08007729418715
33.196265607434285
33.3124206133747
33.42854693017081
33.54464922982824
33.66073223429267
33.776800711479794
33.8928594712403
34.0089133612624
34.124967262915234
34.241026087036445
34.357094769667114
34.47317826773728
34.58928155470544
34.705409616155514
34.821567445354894
34.93776003877712
35.05399239159333
35.17026949313691
35.286596322346206
35.402977843190364
35.51941900008281
35.6359247132876
35.7524998743232
35.86914934136873
35.985877934677454
36.102690432002156
36.2195915640369
36.33658600987891
36.45367839251474
36.570873274334865
36.68817515268125
36.805588455432144
36.923117536628524
37.04076667214633
37.158540055418655
37.276441793211745
37.39447590145858
37.51264630115375
37.63095681431392
37.74941116000812
37.8680129504626
37.986765687244514
38.10567275752905
38.22473743045438
38.34396285356891
38.46335204937466
38.582907911970466
38.70263320379823
38.82253055249575
38.94260244785934
39.06285123891943
39.183279131132316
39.303888183691335
39.42468030696015
39.54565726003123
39.66682064841243
39.78817192184429
39.909712372250716
40.031443131825405
40.153365171255736
40.27547929808558
40.397786155218206
40.52028621956024
40.64297980080759
40.76586704037394
40.8889479104627
41.01222221328292
41.13568958040984
41.259349472290104
41.383201177891905
41.5072438144998
41.631476327653886
41.755897491233426
41.88050590768573
42.005300008400965
42.130278054233585
42.25543813617081
42.3807781761481
42.50629592801123
42.63198897862439
42.75785474912418
42.883890496319665
43.010093314239086
43.13646013582324
43.26298773476576
43.3896727275001
43.51651157533256
43.64350058672016
43.77063591969158
43.897913584409245
44.02532944587045
44.15287922674553
44.28055851035156
44.4083627437601
44.53628724103793
44.66432718661883
44.79247763880442
44.92073353339185
45.04908968742529
45.17754080306832
45.30608147159341
45.43470617748499
45.56340930265247
45.692185130749685
45.82102785159747
45.94993156570546
46.078890288888715
46.20789795697459
46.336948430595385
46.46603550006182
46.595152890312704
46.72429426593584
46.85345323625506
46.98262336047833
47.11179815290183
47.24097108816534
47.37013560655362
47.49928511933837
47.628413014155285
47.757512660410725
47.886577414711894
48.01560062631421
48.14457564257924
48.27349581443622
48.402354501840705
48.53114507922419
48.659860940928475
48.78849550661875
48.917042226669714
49.045494587519165
49.173846116983164
49.30209038952638
49.430221031481445
49.55823172621076
49.68611621920417
49.81386832310705
49.94148192267375
50.06895097964213
50.19626953752408
50.32343172630738
50.45043176706401
50.57726397646031
50.70392277116441
50.830402672146086
50.956698308864254
51.08280442333763
51.20871587409449
51.3344276399974
51.45993482393864
51.585232656402255
51.710316498888474
51.83518184719601
51.95982433455818
52.084239734628866
52.208423964315514
52.33237308645671
52.45608331234202
52.57955100407135
52.702772676750854
52.82574500052222
52.94846480242229
53.07092906807027
53.19313494318017
53.31507973489637
53.43676091295005
53.558176110635216
53.679323125603744
53.80019992047882
53.920804623286486
54.04113552770544
54.16119109313555
54.28096994458556
54.40047087238016
54.51969283168673
54.63863494186304
54.75729648562818
54.87567690805874
54.99377581541258
55.111592973782386
55.22912830758175
55.34638189786758
55.46335398050288
55.58004494416419
55.69645532819808
55.81258582033089
55.92843725423594
56.04401060696241
56.15930699623063
56.2743276775985
56.38907404150424
56.50354761019028
56.61775003451302
56.73168309064343
56.84534867666392
56.958748809066975
57.07188561916129
57.184761349391096
57.297378349574245
57.409739073064515
57.521846072843374
57.63370199754641
57.745309587430114
57.85667167028478
57.96779115729939
58.07867103888444
58.189314380459194
58.299724318209115
58.40990405481952
58.51985685519148
58.629586042145576
58.739094992119455
58.84838713086513
58.9574659291524
59.066334898484946
59.17499758683554
59.28345757440676
59.391718469423814
59.49978390396499
59.60765752983534
59.71534301448887
59.82284403700468
59.93016428412236
60.03730744634155
60.144277214090245
60.251077273966054
60.35771130505399
60.4641829753243
60.570495938113346
60.67665382869027
60.78266026091158
60.888518823965946
60.99423307921135
61.09980655710659
61.20524275423928
61.3105451304517
61.4157171060662
61.52076205921149
61.62568332325132
61.73048418431658
61.835167878942045
61.93973759180851
62.04419645359086
62.148547538912496
62.252793864406655
62.35693838688489
62.46098400161263
62.56493354069163
62.66878977154873
62.77255539553032
62.876233046601484
62.97982529014858
63.08333462188368
63.18676346684934
63.29011417852273
63.39338903801841
63.49659025338973
63.59971995902844
63.70278021516224
63.80577300744965
63.908700246670655
64.01156376851092
64.11436533343668
64.21710662665747
64.31978925817445
64.42241476291194
64.5249846009301
64.62750015771677
64.72996274455636
64.83237359897328
64.93473388524762
65.03704469500065
65.13930704784713
65.24152189211213
65.34369010560931
65.44581249647729
65.5478898040709
65.64992269990398
65.75191178863986
65.85385760912561
65.95576063546588
66.05762127813324
66.15943988511259
66.26121674307723
66.36295207859433
66.46464605935756
66.56629879544431
66.66791034059469
66.76948069350982
66.87100979916698
66.97249755014974
67.07394378799182
67.17534830453411
67.27671084329444
67.37803110084934
67.47930872822673
67.5805433323082
67.68173447723944
67.7828816858468
67.88398444105798
67.98504218732415
68.08605433204087
68.18702024696563
68.2879392696293
68.38881070473792
68.48963382556212
68.5904078753124
68.69113206849818
68.79180559226972
68.892427607743
68.9929972513089
69.0935136359284
69.19397585241519
69.29438297070773
69.39473404113279
69.49502809566322
69.59526414917185
69.6954412006843
69.79555823463353
69.89561422211888
69.99560812217136
70.09553888302709
70.19540544341045
70.29520673382804
70.39494167787366
70.49460919354415
70.59420819456484
70.69373759172295
70.79319629420725
70.89258321095345
70.99189725199501
71.09113732981946
71.19030236073077
71.28939126621897
71.38840297433735
71.4873364210875
71.58619055181289
71.68496432260152
71.78365670169781
71.88226667092427
71.9807932271121
72.07923538353994
72.17759217137912
72.27586264114389
72.37404586414353
72.47214093393269
72.57014696775583
72.66806310798155
72.7658885235236
72.86362241124506
72.9612639973425
73.0588125387069
73.15626732425837
73.25362767625121
73.35089295154627
73.44806254284825
73.54513587990633
73.6421124306759
73.73899170243979
73.83577324288765
73.93245664115241
74.02904152880265
74.1255275807903
74.22191451635231
74.31820209986532
74.41439014165294
74.51047849874558
74.60646707559258
74.70235582472625
74.79814474737677
74.8938338940363
74.98942336497154
75.08491331068385
75.18030393231717
75.27559548201279
75.3707882632095
75.46588263088753
75.56087899175392
75.6557778043676
75.75057957920203
75.84528487864358
75.93989431692407
76.03440855998653
76.1288283252845
76.22315438151529
76.31738754828743
76.41152869572292
76.50557874399496
76.5995386628019
76.69340947077782
76.78719223483924
76.88088806946857
76.97449813593502
77.068023641454
77.16146583828638
77.25482602277904
77.34810553434792
77.44130575440394
77.53442810522299
77.62747404876094
77.7204450854151
77.81334275273284
77.90616862406816
77.99892430718566
78.09161144281174
78.18423170313255
78.27678679023731
78.36927843450471
78.46170839292981
78.55407844738919
78.64639040284293
78.73864608547204
78.83084734075008
78.9229960314485
79.01509403557485
79.10714324424258
79.19914555947172
79.29110289191952
79.38301715854139
79.47489028018332
79.56672417910634
79.65852077644455
79.75028198959795
79.8420097295617
79.9337058981939
80.02537238542548
80.11701106641566
80.20862379865785
80.30021241904102
80.39177874087112
80.4833245508572
80.57485160606653
80.66636163085307
80.75785631376446
80.84933730443173
80.94080621044633
81.03226459422909
81.12371396989543
81.21515580012077
81.30659149301083
81.39802239898152
81.48944980765326
81.58087494476443
81.67229896910895
81.76372296950215
81.85514796177868
81.94657488582571
82.03800460265505
82.12943789151767
82.22087544706334
82.31231787654882
82.40376569709734
82.49521933301172
82.58667911314409
82.67814526832443
82.76961792885048
82.8610971220413
82.95258276985656
83.04407468658313
83.1355725765902
83.22707603215461
83.31858453135736
83.41009743605342
83.50161398991678
83.59313331656277
83.68465441775014
83.77617617166605
83.86769733129834
83.9592165229004
84.05073224455417
84.14224286483748
84.23374662160187
84.32524162086598
84.41672583582987
84.50819710601466
84.5996531365323
84.69109149748986
84.78250962353307
84.87390481353292
84.96527423041913
85.05661490116357
85.147923716916
85.23919743329417
85.33043267083143
85.4216259155845
85.51277351990358
85.60387170336729
85.69491655388447
85.78590402896407
85.87682995715454
85.96769003965403
86.05847985209186
86.14919484648112
86.23983035334277
86.33038158400063
86.42084363304707
86.51121148097866
86.60147999700109
86.69164394200254
86.78169797169528
86.87163663992612
86.96145440215616
87.05114561910932
87.14070456058948
87.23012540946604
87.31940226582753
87.4085291513029
87.49750001354948
87.5863087309059
87.67494911720644
87.76341492675351
87.85169985944356
87.93979756604051
88.02770165359084
88.1154056909744
88.20290321458515
88.29018773413532
88.37725273857632
88.46409170212985
88.55069809042163
88.63706536670941
88.7231869981963
88.80905646242013
88.89466725370971
88.9800128896992
89.06508691789156
89.14988292226246
89.23439452989578
89.31861541764135
89.40253931878544
89.48616002972346
89.56947141662465
89.6524674220774
89.73514207170467
89.81748948073823
89.89950386054056
89.98117952506402
90.06251089723628
90.14349251526176
90.22411903882892
90.30438525521367
90.3842860852684
90.46381658928613
90.54297197273013
90.62174759182005
90.70013895896648
90.77814174804678
90.85575179951593
90.93296512534596
91.00977791378773
91.08618653394774
91.16218754017245
91.23777767623335
91.31295387930732
91.38771328374776
91.46205322464198
91.53597124114947
91.60946507961705
91.68253269646732
91.75517226085753
91.82738215710629
91.89916098688616
91.97050757118224
92.04142095201748
92.11190039394604
92.18194538531544
92.25155563929799
92.32073109469287
92.38947191650074
92.45777849627281
92.52565145223777
92.59309162921001
92.66010009828257
92.72667815630781
92.79282732516823
92.85854935083934
92.9238462022462
92.98872006991486
93.05317336441921
93.11720871462354
93.18082896572186
93.24403717707493
93.30683661984553
93.36923077443124
93.43122332769407
93.49281816998577
93.55401939196885
93.61483128123281
93.67525831870502
93.73530517485598
93.7949767056996
93.8542779485896
93.91321411781315
93.97179059998179
94.03001294922059
94.08788688215681
94.1454182727082
94.20261314667188
94.25947767611423
94.31601817356263
94.37224108600061
94.42815298866846
94.48376057867144
94.53907066839896
94.59409017875875
94.64882613223098
94.70328564574926
94.7574759234143
94.81140424904665
94.86507797858452
94.91850453233407
94.97169138707933
95.02464606805962
95.07737614082238
95.1298892029604
95.18219287574256
95.2342947956471
95.28620260580637
95.33792394737203
95.3894664508107
95.44083772713999
95.49204535911566
95.5430968923812
95.59399982659149
95.6447616065225
95.69538961317973
95.74589115491848
95.79627345858854
95.84654366071506
95.89670879872757
95.94677580224904
95.9967514844558
96.04664253351974
96.09645550414349
96.14619680920033
96.19587271149045
96.24548931562505
96.29505256004883
96.34456820921129
96.39404184589763
96.44347886373045
96.49288445985316
96.5422636278065
96.59162115060894
96.64096159405096
96.69028930021216
96.73960838120934
96.78892271318398
96.83823593053751
96.88755142042226
96.93687231749391
96.98620149893009
97.03554157971905
97.08489490822285
97.13426356201921
97.18364934402575
97.23305377890881
97.28247810977848
97.33192329516987
97.38139000631065
97.4308786246736
97.48038923981244
97.52992164747889
97.57947534801758
97.62904954503665
97.67864314435292
97.72825475321031
97.77788267976916
97.8275249328633
97.87717922202182
97.92684295775314
97.97651325208824
98.0261869193804
98.07586047735845
98.12553014843058
98.17519186123423
98.22484125242863
98.2744736687265
98.3240841691611
98.37366752758567
98.42321823540135
98.47273050450985
98.52219827048634
98.57161519596855
98.62097467425826
98.67026983313065
98.71949353884634
98.76863840036253
98.81769677373882
98.86666076673316
98.91552224358372
98.9642728299732
99.01290391817247
99.06140667236025
99.10977203411494
99.1579907280751
99.20605326776467
99.25394996157979
99.30167091893361
99.34920605655486
99.39654510493597
99.44367761492708
99.49059296447251
99.53728036548534
99.58372887085625
99.62992738159244
99.67586465408215
99.72152930748109
99.76690983121739
99.81199459261143
99.85677184460712
99.90122973361122
99.94535630743655
99.98913952334487
100.0325672561845
100.07562730661868
100.11830740943935
100.16059524196044
100.20247843248342
100.24394456882828
100.28498120692348
100.32557587944848
100.36571610452222
100.40538939443104
100.44458326439053
100.48328524133547
100.52148287273246
100.55916373540981
100.59631544439924
100.63292566178404
100.66898210554699
100.70447255841007
100.7393848766577
100.77370699893423
100.8074269550069
100.84053287448431
100.87301299548061
100.90485567321467
100.93604938853376
100.96658275635103
100.9964445339866
101.02562362940203
101.05410910931958
101.08189020721692
101.1089563311882
101.13529707166263
101.16090220897159
101.18576172075562
101.20986578920393
101.23320480811911
101.2557693898003
101.27755037173925
101.29853882312328
101.31872605114016
101.33810360708013
101.35666329223021
101.37439716355583
101.39129753916437
101.40735700354615
101.422568412588
101.43692489835392
101.45041987362696
101.46304703620636
101.47480037295405
101.48567416358536
101.49566298419994
101.504761710549
101.51296552103496
101.52026989943953
101.52667063737725
101.53216383647178
101.53674591025218
101.54041358576704
101.54316390491543
101.54499422549382
101.54590222195962
101.54588588591274
101.5449435262975
101.54307376932819
101.5402755581416
101.53654815218088
101.53189112631411
101.52630436969194
101.51978808434875
101.51234278355138
101.50396928989925
101.49466873317837
101.48444254797104
101.47329247102263
101.46122053836766
101.44822908221713
101.43432072761081
101.41949838883758
101.40376526562702
101.3871248391159
101.36958086759316
101.35113738202628
101.33179868137287
101.31156932768076
101.2904541409807
101.26845819397633
101.24558680653692
101.22184554000009
101.1972401912918
101.1717767868723
101.14546157651691
101.11830102694054
101.0903018152753
101.06147082241122
101.03181512621106
101.00134199461021
100.97005887861334
100.93797340519777
100.9050933701329
100.87142673072466
100.83698159849425
100.80176623180088
100.76578902841797
100.72905851807181
100.69158335495146
100.65337231019825
100.61443426438322
100.57477819998039
100.5344131938435
100.49334840969422
100.45159309062964
100.40915655165801
100.36604817227177
100.32227738906667
100.27785368841487
100.23278659920013
100.18708568562315
100.14076054008453
100.0938207761528
100.04627602162415
99.99813591167943
99.94941008214455
99.90010816286004
99.85023977116505
99.79981450550163
99.74884193914382
99.69733161405516
99.64529303487798
99.59273566305713
99.53966891110106
99.48610213698164
99.43204463867467
99.37750564884455
99.32249432967667
99.2670197678603
99.21109096972425
99.15471685652649
99.09790625989883
99.04066791744715
98.98301046850732
98.9249424500576
98.86647229278806
98.80760831732728
98.74835873062632
98.68873162250016
98.62873496232721
98.56837659590765
98.50766424248134
98.4466054919073
98.3852078020055
98.32347849606249
98.26142476050241
98.19905364272411
98.1363720491059
98.07338674317812
98.0101043439633
97.94653132448316
97.88267401043068
97.81853857900508
97.75413105790695
97.68945732449147
97.62452310507747
97.55933397440954
97.4938953552715
97.42821251825019
97.362290581648
97.29613451154223
97.2297491219892
97.16313907537125
97.09630888288444
97.0292629051632
96.96200535303882
96.89454028842982
96.82687162536155
96.75900313111282
96.69093842748777
96.62268099220984
96.55423416043578
96.48560112638796
96.41678494510364
96.34778853429924
96.27861467634654
96.20926602035689
96.1397450843694
96.07005425763845
96.00019580301597
95.93017185942307
95.85998444440503
95.78963545676316
95.71912667925716
95.6484597813714
95.57763632213977
95.50665775302292
95.43552542083165
95.36424057069058
95.29280434903768
95.22121780665424
95.14948190172032
95.07759750289057
95.00556539238602
94.93338626909843
94.86106075170386
94.78858938178172
94.71597262693587
94.64321088391483
94.57030448172901
94.49725368476135
94.42405869586815
94.35071965946594
94.27723666460025
94.20360974799263
94.12983889706135
94.05592405291229
93.98186511329668
93.90766193553286
93.83331433938945
93.75882210992738
93.68418500029854
93.60940273449891
93.53447501007365
93.45940150077267
93.38418185915536
93.30881571914408
93.23330269852617
93.15764240140395
93.0818344205915
93.00587833995796
92.9297737367172
92.8535201836642
92.77711725135855
92.70056451025464
92.62386153277741
92.54700789534188
92.470003180315
92.39284697791906
92.31553888807484
92.23807852218276
92.1604655048407
92.08269947549597
92.00478009002852
91.9267070222625
91.84847996540411
91.77009863340326
91.69156276223661
91.61287211110952
91.53402646357522
91.45502562856966
91.37586944136164
91.29655776441807
91.21709048818495
91.13746753178525
91.05768884363424
90.97775440197282
90.89766421531786
90.81741832282913
90.73701679459114
90.65645973180804
90.57574726690862
90.49487956355986
90.41385681658701
90.33267925179885
90.25134712571665
90.16986072520618
90.08822036701307
90.00642639720277
89.92447919050667
89.84237914957683
89.76012670415369
89.67772231015138
89.5951664486661
89.51245962491353
89.42960236710044
89.34659522523671
89.26343876989304
89.18013359090892
89.09668029605442
89.01307950964875
88.92933187113832
88.84543803363661
88.76139866242832
88.67721443344047
88.59288603168287
88.50841414966047
88.42379948576084
88.33904274262014
88.25414462547124
88.16910584047801
88.0839270930592
87.99860908620545
87.91315251879283
87.8275580838963
87.74182646710723
87.65595834485875
87.56995438276353
87.48381523396792
87.39754153752575
87.31113391679357
87.22459297784873
87.13791930793231
87.05111347391882
86.96417602081534
86.87710747029259
86.78990831925047
86.70257903842163
86.61512007101716
86.52753183141898
86.43981470392374
86.35196904154272
86.26399516486175
86.1758933609649
86.0876638824251
85.99930694636443
85.91082273358747
85.82221138778995
85.73347301484422
85.64460768216328
85.55561541814394
85.46649621168878
85.37725001180594
85.28787672728642
85.19837622645765
85.10874833701236
85.01899284591094
84.9291094993563
84.83909800283801
84.74895802124378
84.65868917903526
84.56829106048599
84.47776320997957
84.38710513236674
84.29631629337905
84.20539612009804
84.11434400148028
84.02315928893836
83.93184129697875
83.84038930389727
83.74880255253231
83.65708025107392
83.56522157392737
83.47322566263006
83.38109162681997
83.28881854525343
83.19640546686924
83.10385141189624
83.01115537300211
82.91831631648154
82.82533318348271
82.7322048912705
82.63893033452473
82.54550838667205
82.45193790124972
82.35821771330006
82.26434664079488
82.1703234860895
82.07614703740614
81.98181607034599
81.88732934943005
81.79268562966911
81.69788365816191
81.602922175721
81.50779991852596
81.41251561980278
81.3170680115278
81.22145582615506
81.12567779836603
81.02973266684101
80.93361917605158
80.83733607807277
80.74088213441495
80.64425611787395
80.54745681439827
80.4504830249716
80.3533335675089
80.2560072787645
80.15850301625026
80.06081966016119
79.96295611530546
79.86491131303579
79.76668421317844
79.66827380595554
79.56967911389596
79.47089919372887
79.37193313825524
79.2727800781921
79.17343918398397
79.07390966757724
78.97419078415349
78.874281833817
78.77418216323143
78.67389116720175
78.5734082901971
78.47273302781103
78.3718649281552
78.27080359318278
78.16954867993807
78.06809990172938
77.96645702922272
77.86461989145629
77.7625883767755
77.66036243368943
77.55794207164966
77.45532736175241
77.3525184373643
77.2495154946723
77.14631879315797
77.04292865599652
76.9393454703812
76.83556968777438
76.73160182408637
76.62744245978385
76.52309223992901
76.41855187415078
76.31382213654942
76.20890386553558
76.10379796360539
75.99850539705434
75.89302719563224
75.7873644521413
75.68151832197961
75.57549002263247
75.46928083311442
75.36289209336528
75.25632520360315
75.14958162363902
75.04266287215646
74.93557052595995
74.8283062191949
74.72087164254194
74.61326854238709
74.50549871996859
74.39756403050112
74.2894663822785
74.18120773575609
74.07279010261325
73.96421554479687
73.85548617354564
73.74660414839573
73.63757167616794
73.52839100993643
73.4190644479792
73.30959433271099
73.19998304960008
73.0902330260708
72.98034673039355
72.87032667056418
72.76017539317492
72.64989548227722
72.53948955823729
72.42896027658402
72.31831032684865
72.20754243139505
72.09665934423943
71.98566384985777
71.87455876197983
71.76334692236772
71.65203119957819
71.54061448770763
71.42909970511933
71.31748979315246
71.2057877148123
71.09399645344179
70.98211901137434
70.87015840856857
70.75811768122601
70.64599988039272
70.53380807054653
70.42154532817149
70.30921474032046
70.19681940316657
70.08436242054422
69.97184690248004
69.85927596371461
69.74665272221479
69.63398029767667
69.5212618100194
69.4085003778696
69.29569911703688
69.18286113898138
69.06998954927462
68.9570874460544
68.84415791847528
68.73120404515566
68.61822889262237
68.50523551375318
68.39222694621765
68.27920621091675
68.16617631042266
68.05314022742061
67.94010092315472
67.82706133587845
67.71402437931084
67.6009929410987
67.48796988128544
67.37495803078747
67.26196018987906
67.14897912668692
67.0360175756951
66.92307823626044
66.81016377113866
66.69727680502086
66.58441992308116
66.47159566953661
66.35880654622048
66.2460550111702
66.13334347723156
66.02067431068104
65.90804982986873
65.79547230388357
65.68294395124246
65.57046693860445
65.45804337951074
65.34567533315135
65.23336480315947
65.12111373643444
65.00892402199412
64.8967974898574
64.78473590995735
64.67274099108623
64.56081437987363
64.44895765979855
64.33717235023595
64.22545990553816
64.11382171415168
64.0022590977707
63.8907733105297
63.779365538236945
63.668036897650595
63.55678843579885
63.445621129345554
63.33453588400293
63.22353353399318
63.11261484156107
63.00178049653918
62.89103111596715
62.780367243766406
62.669789350471305
62.559297833017396
62.4488930145872
62.33857514451408
62.2283443982444
62.11820087735866
62.008144609652035
61.89817554927514
61.7882935769362
61.67849850016613
61.56879005364787
61.45916789961158
61.34963162829738
61.24018075848702
61.13081473810579
61.021532944895945
60.91233468716289
60.80321920459526
60.694185669159914
60.585233186072436
60.47636079484281
60.36756747039593
60.258852124266106
60.1502136058646
60.04165070381922
59.93316214738562
59.82474660792983
59.7164027004815
59.608128985356906
59.49992396985042
59.39178610999321
59.28371381237773
59.17570543604646
59.067759294443334
58.95987365742624
58.85204675333901
58.744276771141614
58.63656186259752
58.528900144516825
58.42128970105355
58.31372858605479
58.20621482545917
58.09874641974196
57.99132134640408
57.88393756250204
57.77659300721561
57.669285604449755
57.5620132654673
57.45477389154874
57.34756537667616
57.240385610238235
57.133232479753104
57.026103873605756
56.91899768379695
56.81191180870004
56.70484415582185
56.59779264456406
56.49075520898142
56.38372980053335
56.27671439082493
56.169706974333586
56.06270557111869
55.955708229511195
55.848713028780274
55.74171808177382
55.634721537529764
55.52772158385553
55.42071644987279
55.313704408524664
55.20668377904226
55.09965292936746
54.992610278529376
54.8855542989722
54.778483518832466
54.67139652416343
54.564291961103734
54.45716853798747
54.35002502739225
54.24286026812224
54.13567316712296
54.0284627013245
53.92122791941064
53.81396794351146
53.706681970817854
53.5993692751165
53.49202920824372
53.38466120145678
53.277264766721274
53.16983949791309
53.06238507193321
52.954901249733965
52.84738787725588
52.73984488627447
52.6322722951564
52.524670209524984
52.417038822834066
52.309378416849206
52.20168936203499
52.09397211784739
51.986227232930055
51.878455345213474
51.77065718191563
51.662833559442795
51.55498538318927
51.447113647235035
51.339219433940464
51.23130391343734
51.12336834301568
51.01541406640599
50.90744251295701
50.79945519670958
50.69145371536775
50.58343974916841
50.47541505965041
50.36738148832416
50.25934095524281
50.15129545747635
50.0432470674902
49.9351979314298
49.82715026731296
49.719106363131516
49.61106857486425
49.503039324403346
49.39502109739669
49.28701644100829
49.17902796159888
49.07105832232878
48.963110240685126
48.85518648593552
48.74728987651088
48.63942327731996
48.53158959699874
48.42379178509793
48.31603282921253
48.208315752056876
48.10064360848787
47.99301948247858
47.885446484044444
47.77792774612458
47.670466421420706
47.563065679195965
47.45572870203613
47.34845868257559
47.24125882019086
47.13413231766497
47.027082377825586
46.9201122001599
46.8132249774091
46.70642389214526
46.59971211333362
46.49309279288337
46.38656906219051
46.280144028676254
46.17382077232451
46.06760234222207
45.961491753105335
45.85549198191738
45.74960596437869
45.64383659157498
45.5381867065651
45.432659101012845
45.32725651184698
45.22198161795369
45.11683703690561
45.01182532173134
44.90694895772951
44.80221035933202
44.697611867020825
44.59315574430205
44.488844174741175
44.38467925906291
44.28066301231944
44.176797361130625
44.07308414099997
43.969525093710196
43.86612186480202
43.76287600113941
43.659788948564746
43.556862049646305
43.45409654152045
43.35149355383104
43.24905410676886
43.1467791092139
43.044669356983015
42.94272553118552
42.84094819668898
42.739337800696696
42.63789467143855
42.536619016976296
42.43551092412438
42.334570357486975
42.233797158611914
42.133191045262585
42.03275161080856
41.932478323736035
41.832370527279096
41.73242743917248
41.63264815152658
41.533031630825604
41.43357671804986
41.33428212892292
41.23514645428432
41.1361681605878
41.037345590524836
40.93867696377262
40.84016037786532
40.74179380918693
40.6435751140838
40.54550203009458
40.44757217729577
40.34978305976128
40.25213206713428
40.15461647630925
40.05723345322186
39.959980054744015
39.86285323068099
39.76584982586777
39.66896658236143
39.57220014172693
39.47554704741403
39.379003747223315
39.282566595858974
39.18623185756595
39.08999570884864
38.993854241268444
38.897803464317256
38.801839308363775
38.70595762766961
38.6101542034726
38.514424747134534
38.4187649033507
38.32317025341872
38.22763631856425
38.13215856332029
38.03673239895694
37.941353186957954
37.84601624254039
37.75071683821342
37.65545020737268
37.56021154792627
37.464996025948565
37.36979877935802
37.27461492161525
37.179439545437575
37.08426772652571
36.98909452729835
36.89391500063057
36.79872419359263
36.70351715118555
36.608288920070194
36.51303455228678
36.41774910896178
36.32242766399933
36.22706530775495
36.131657150689115
36.03619832699818
35.940683998220074
35.84510935681181
35.74946962969597
35.653760081773335
35.55797601939913
35.46211279382022
35.36616580457042
35.270130502821424
35.17400239468726
35.07777704448058
34.981450077918915
34.885017185279004
34.788474124496965
34.69181672421244
34.595040886754624
34.49814259106816
34.40111789557679
34.30396294098264
34.20667395299907
34.109247245015325
34.01167922069166
33.91396637648302
33.81610530408972
33.71809269283341
33.61992533195672
33.521600112845135
33.423114031169575
33.32446418894841
33.225647796527824
33.12666217447935
33.027504755413645
32.928173085709744
32.82866482715909
32.72897775852314
32.629109777003094
32.529058899619905
32.428823264502874
32.3284011320849
32.227790886202506
32.126991035098705
32.026000212327
31.924817177555376
31.823440817269265
31.721870145373252
31.620104303691413
31.5181425623661
31.415984320155154
31.313629104627687
31.21107657225857
31.10832650842172
31.005378827282403
30.902233571588926
30.79889091236409
30.695351148497043
30.591614706236147
30.487682138583512
30.383554124591672
30.279231468562887
30.174715099151474
30.070006068369636
29.965105550497398
29.860014840897364
29.754735354735473
29.64926862560897
29.543616304083045
29.437780156137947
29.331762061528238
29.22556401205587
29.11918810975901
29.01263656501872
28.90591169458555
28.799015919528028
28.691951763105077
28.58472184856448
28.477328896869704
28.369775724357492
28.262065240328592
28.154200444573785
28.046184424837218
27.93802035421931
27.829711488521532
27.721261163535367
27.612672792278012
27.503949862177144
27.395095932207234
27.28611462997973
27.177009648789586
27.067784744620788
26.958443733113175
26.848990486492912
26.739428930468907
26.629763041097565
26.519996841618454
26.41013439926346
26.300179822041944
26.190137255504457
26.080010879487478
25.969804904841684
25.85952357014625
25.749171138411782
25.63875189377427
25.52827013818262
25.41773018808243
25.307136371098437
25.1964930227181
25.085804482978972
24.975075093162815
24.864309192499515
24.75351111488362
24.642685185606293
24.531835718105636
24.420967010738277
24.31008334357531
24.199188975225407
24.088288139687673
23.977385043236833
23.866483861343305
23.755588735630845
23.64470377087428
23.533833032039688
23.422980541369036
23.312150275511264
23.201346162701576
23.0905720799906
22.979831850525265
22.86912924088292
22.75846795846032
22.647851648918863
22.53728389368776
22.42676820752668
22.31630803614941
22.205906753910188
22.09556766155443
21.985293984035753
21.87508886840114
21.764955381746077
21.654896509241112
21.54491515223087
21.435014126406728
21.325196160054062
21.215463892375098
21.10581987188796
20.99626655490259
20.886806304074256
20.77744138703561
20.668173975108044
20.559006142092965
20.44993986314365
20.340977013718355
20.232119368615297
20.12336860109023
20.014726282056994
19.906193879371227
19.797772757197617
19.689464175460966
19.58126928938146
19.473189149094573
19.365224699356084
19.257376779332596
19.14964612247767
19.042033356493654
18.934539003379378
18.8271634795639
18.71990709612627
18.6127700591012
18.505752469870476
18.398854325639935
18.292075520002005
18.18541584358356
18.078874984778626
17.97245253056551
17.866147967407844
17.759960682239214
17.653889963530904
17.54793500244249
17.44209489405471
17.336368638683993
17.230755143278046
17.125253222891914
17.019861602243964
16.91457891735095
16.80940371724114
16.70433446574438
16.599369543357966
16.49450724918708
16.389745802958586
16.285083347106806
16.18051794892997
16.07604760281573
15.97167023253412
15.867383693596306
15.763185775677439
15.65907420510197
15.555046647389585
15.451100709859741
15.347233944292833
15.243443849645937
15.1397278748209
15.036083421482582
14.932507846924858
14.828998466981995
14.725552558982919
14.622167364745856
14.518840093610656
14.415567925505961
14.31234801404839
14.209177489670886
14.10605346277716
14.00297302691927
13.899933261995505
13.79693123746569
13.693964015581036
13.591028654625523
13.488122212165752
13.385241748306147
13.28238432894641
13.17954702903818
13.07672693583783
12.973921152152531
12.87112679957656
12.768341021714763
12.665560987390224
12.562783893833187
12.46000696984821
12.357227478956647
12.254442722511584
12.151650042782393
12.048846826006056
11.946030505402504
11.843198564151109
11.740348538325577
11.637478019784593
11.534584659015534
11.431666167928567
11.328720322598668
11.225744965953153
11.122738010402285
11.019697440410663
10.916621315007188
10.81350777023145
10.7103550215143
10.607161365990446
10.503925184740918
10.40064494496317
10.297319202066697
10.193946601692184
10.090525881652292
9.987055873792224
9.883535505768458
9.779963802744142
9.6763398889997
9.572662989457207
9.46893243111716
9.365147644406214
9.26130816443446
9.15741363216078
9.053463795464877
8.949458510124627
8.84539774069747
8.741281561304723
8.637110156317823
8.532883820945553
8.42860296172142
8.324268096890446
8.219879856694693
8.115438983556789
8.010946332160895
7.90640286943066
7.801809674403702
7.697167938002247
7.5924789626997455
7.487744162083347
7.382965060312174
7.278143291471509
7.17328059882307
7.068378833951684
6.963439955808781
6.858466029653201
6.753459225889926
6.6484218188074555
6.543356185214605
6.438264802977569
6.333150249458191
6.228015199854459
6.122862425444386
6.017694791734454
5.912515256513932
5.8073268678164816
5.702132761790612
5.596936160480613
5.491740369519749
5.386548775737569
5.281364844683348
5.176192118067741
5.0710342111247915
4.965894809896556
4.860777668442645
4.755686605977126
4.65062550393531
4.545598302972987
4.440608999900697
4.33566164455567
4.230760336614156
4.125909222346933
4.021112491320919
3.9163743730498464
3.81169913359704
3.7070910721333887
3.602554517453652
3.4980938244542665
3.393713370575878
3.289417552213866
3.1852107811001567
3.0810974806596465
2.9770820823445865
2.8731690219502815
2.769362735915506
2.6656676576110794
2.5620882136200915
2.458628820013279
2.355293878623102
2.2520877733200715
2.1490148662948756
2.046079494349854
1.9432859652033867
1.8406385538107446
1.738141498704942
1.6357989983610988
1.5336152075878275
1.4315942339491292
1.3297401342202535
1.2280569108809654
1.1265485086496458
1.0252188110616272
0.924071637095119
0.8231107378480457
0.722339793269075
0.62176240894606
0.5213821129550731
0.4212023527731684
0.3212264922579547
0.22145780869701004
0.12189948993011751
0.02255463154723313
-0.07657376583496518
-0.1754827992151711
-0.27416966576548313
-0.37263166530275027
-0.4708662026706798
-0.5688707900302397
-0.666643049055975
-0.764180713035948
-0.8614816288731
-0.9585437589859302
-1.0553651831064872
-1.1519440999737676
-1.248278828920728
-1.3443678113532183
-1.4402096121192498
-1.535802920767121
-1.6311465526910316
-1.7262394501629306
-1.8210806832494504
-1.9156694506128784
-2.010005080195236
-2.104087029784645
-2.1979148874632943
-2.2914883719364223
-2.384807332741836
-2.477871750339619
-2.570681736081808
-2.6632375320619692
-2.7555395108446947
-2.847588175075152
-2.93938415696892
-3.0309282176824937
-3.1222212465649837
-3.2132642602916275
-3.3040584018798294
-3.394604939588534
-3.4849052657018595
-3.574960895198041
-3.664773464304817
-3.7543447289424834
-3.843676563055953
-3.9327709568372766
-4.021630014840173
-4.1102559539882
-4.19865110147834
-4.2868178925818725
-4.3747588683444825
-4.462476673187681
-4.549974052413661
-4.637253849615772
-4.724319003996844
-4.811172547597641
-4.897817602437881
-4.984257377572346
-5.070495166064715
-5.156534341881815
-5.242378356711106
-5.328030736704277
-5.413495079149917
-5.498775049078262
-5.58387437580113
-5.668796849390269
-5.7535463170973955
-5.83812667971931
-5.922541887911458
-6.00679593845348
-6.090892870470236
-6.174836761611859
-6.258631724196379
-6.342281901318488
-6.425791462928105
-6.509164601882399
-6.592405529974928
-6.675518473945561
-6.758507671474834
-6.841377367166383
-6.924131808521128
-7.006775241906897
-7.0893119085272325
-7.171746040393064
-7.254081856300911
-7.336323557821193
-7.418475325300254
-7.500541313879677
-7.582525649536469
-7.664432425147771
-7.746265696583697
-7.8280294788319065
-7.909727742157548
-7.991364408302068
-8.072943346724392
-8.154468370888026
-8.235943234597542
-8.317371628387853
-8.398757175969628
-8.480103430734133
-8.5614138723207
-8.64269190325004
-8.723940845626487
-8.80516393791219
-8.886364331776258
-8.967545089021792
-9.048709178593734
-9.129859473670352
-9.210998748841108
-9.292129677373582
-9.373254828572046
-9.454376665230201
-9.535497541180534
-9.616619698942646
-9.697745267472857
-9.778876260017373
-9.860014572071254
-9.941161979445372
-10.022320136443444
-10.103490574151
-10.184674698837913
-10.265873790475982
-10.347089001372842
-10.428321354923318
-10.509571744479308
-10.590840932339168
-10.672129548857475
-10.753438091675894
-10.834766925075888
-10.91611627945385
-10.997486250919115
-11.078876801015149
-11.160287756564067
-11.241718809634541
-11.32316951763304
-11.404639303518216
-11.486127456138284
-11.567633130691185
-11.649155349307073
-11.730693001752664
-11.812244846256968
-11.893809510457894
-11.97538549246911
-12.056971162066484
-12.13856476199336
-12.220164409383864
-12.301768097303205
-12.383373696403705
-12.464978956695173
-12.546581509428176
-12.628178869088767
-12.709768435503175
-12.791347496050957
-12.872913227985062
-12.95446270085716
-13.035992879046471
-13.117500624390287
-13.198982698914106
-13.280435767659183
-13.361856401605264
-13.443241080686404
-13.524586196897685
-13.605888057490445
-13.687142888253545
-13.768346836878024
-13.849495976402409
-13.930586308735855
-14.011613768256211
-14.092574225480078
-14.17346349080178
-14.25427731829808
-14.335011409595424
-14.415661417796303
-14.49622295146118
-14.576691578642526
-14.657062830967392
-14.737332207764881
-14.817495180234703
-14.897547195652978
-14.97748368161132
-15.057300050285294
-15.136991702728228
-15.216554033186288
-15.295982433430655
-15.375272297102587
-15.454419024066997
-15.533418024770274
-15.612264724597996
-15.69095456822814
-15.769483023975331
-15.847845588121748
-15.926037789230213
-16.00405519243488
-16.08189340370483
-16.159548074075765
-16.23701490384517
-16.314289646726444
-16.391368113957505
-16.468246178359543
-16.54491977834156
-16.621384921846364
-16.697637690233798
-16.77367424209701
-16.849490817007485
-16.925083739184636
-17.000449421085996
-17.075584366914292
-17.15048517603777
-17.22514854632025
-17.29957127735758
-17.373750273617098
-17.447682547476795
-17.521365222161105
-17.594795534570263
-17.66797083800031
-17.740888604750833
-17.813546428617652
-17.885942027268012
-17.958073244495903
-18.02993805235543
-18.101534553170165
-18.172860981416488
-18.24391570547898
-18.314697229276117
-18.385204193754657
-18.455435378251064
-18.525389701718307
-18.595066223816485
-18.66446414586586
-18.733582811661076
-18.80242170814547
-18.870980465944495
-18.939258859757285
-19.007256808605785
-19.074974375941153
-19.142411769607392
-19.20956934166226
-19.27644758805549
-19.343047148164217
-19.409368804185632
-19.47541348038716
-19.541182242214617
-19.606676295258907
-19.671896984082068
-19.73684579090353
-19.801524334147658
-19.86593436685392
-19.93007777495113
-19.993956575397235
-20.05757291418645
-20.12092906422548
-20.18402742308065
-20.246870510597986
-20.309460966398333
-20.371801547249916
-20.433895124321012
-20.495744680315553
-20.557353306494676
-20.61872419958742
-20.679860658593828
-20.74076608148373
-20.801443961794764
-20.861897885133477
-20.922131525583257
-20.982148642022754
-21.04195307435855
-21.10154873967618
-21.160939628313788
-21.220129799862793
-21.279123379099833
-21.33792455185419
-21.396537560814853
-21.454966701281496
-21.513216316863538
-21.571290795131507
-21.629194563224747
-21.68693208341948
-21.744507848661375
-21.80192637806697
-21.859192212398472
-21.916309909516503
-21.973284039815628
-22.03011918164744
-22.086819916735767
-22.1433908255887
-22.19983648291178
-22.256161453026568
-22.31237028529863
-22.368467509578853
-22.42445763166204
-22.480345128766988
-22.5361344450421
-22.591829987100645
-22.647436119589848
-22.702957160798
-22.75839737830372
-22.813760984671482
-22.869052133197634
-22.924274913711052
-22.9794333484329
-23.03453138789964
-23.08957290695357
-23.144561700804807
-23.199501481168646
-23.254395872482114
-23.309248408203437
-23.36406252719805
-23.418841570214504
-23.473588776453504
-23.528307280233314
-23.583000107754906
-23.63767017397017
-23.692320279556576
-23.7469531080016
-23.801571222800156
-23.856177064768183
-23.910772949475437
-23.965361064800327
-24.019943468609476
-24.07452208656442
-24.12909871005774
-24.18367499428097
-24.238252456426572
-24.292832474026135
-24.34741628342695
-24.40200497840885
-24.456599508943125
-24.51120068009504
-24.56580915107156
-24.62042543441586
-24.675049895350153
-24.729682751268225
-24.784324071379213
-24.83897377650393
-24.893631639025013
-24.94829728299197
-25.002970184382004
-25.05764967151708
-25.112334925637494
-25.16702498163212
-25.221718728925108
-25.2764149125187
-25.33111213419144
-25.38580885385073
-25.44050339103836
-25.495193926587287
-25.549878504427564
-25.604555033539096
-25.659221290048688
-25.713874919468278
-25.76851343907097
-25.823134240401
-25.877734591913732
-25.932311641741475
-25.986862420580987
-26.041383844698228
-26.09587271904567
-26.150325740487684
-26.20473950112989
-26.259110491748228
-26.31343510531343
-26.36770964060659
-26.421930305921506
-26.47609322284947
-26.53019443014196
-26.584229887646472
-26.638195480310884
-26.692087022251997
-26.74590026088387
-26.79963088110142
-26.85327450951459
-26.906826718728354
-26.960283031663778
-27.01363892591536
-27.066889838140014
-27.120031168473417
-27.173058284969528
-27.22596652805919
-27.278751215023703
-27.33140764447944
-27.383931100869404
-27.436316858957667
-27.488560188322793
-27.54065635784613
-27.592600640190682
-27.644388316266202
-27.69601467967604
-27.7474750411412
-27.798764732896984
-27.849879113057312
-27.900813569941903
-27.951563526361554
-28.002124443856985
-28.05249182688678
-28.102661226960038
-28.152628246709412
-28.20238854390016
-28.251937835371283
-28.301271900904883
-28.350386587019987
-28.399277810687327
-28.447941562961578
-28.49637391252799
-28.544571009160453
-28.592529087088455
-28.64024446827054
-28.687713565572242
-28.73493288584641
-28.781899032914314
-28.82860871044608
-28.875058724738924
-28.921245987391874
-28.967167517875684
-29.012820445996798
-29.058202014254054
-29.10330958008692
-29.1481406180142
-29.192692721662386
-29.236963605683005
-29.280951107558597
-29.324653189296843
-29.36806793901258
-29.411193572397142
-29.454028434074278
-29.49657099884195
-29.538819872799227
-29.5807737943575
-29.622431635135175
-29.663792400735137
-29.704855231404512
-29.745619402576583
-29.786084325294528
-29.826249546516753
-29.866114749303822
-29.905679752886986
-29.944944512618353
-29.983909119802778
-30.02257380141157
-30.060938919678254
-30.09900497157648
-30.136772588180268
-30.174242533906952
-30.211415705643166
-30.24829313175397
-30.284875970975467
-30.321165511191285
-30.357163168093454
-30.392870483728338
-30.428289124928604
-30.46342088163224
-30.498267665090033
-30.532831505963237
-30.567114552313235
-30.60111906748535
-30.634847427888907
-30.668302120675612
-30.701485741318415
-30.734400991093032
-30.76705067446455
-30.79943769638161
-30.831565059480887
-30.8634358612047
-30.895053290834632
-30.926420626444333
-30.957541231774833
-30.98841855303565
-31.019056115635046
-31.049457520842772
-31.07962644238868
-31.10956662300095
-31.139281870888006
-31.168776056167907
-31.19805310724906
-31.22711700716585
-31.25597178987295
-31.284621536501824
-31.313070371582974
-31.34132245923707
-31.369381999338238
-31.39725322365269
-31.424940391956063
-31.452447788133078
-31.479779716263415
-31.506940496697958
-31.533934462129714
-31.560765953663783
-31.587439316890944
-31.613958897969333
-31.640329039718644
-31.666554077731355
-31.692638336505333
-31.718586125601867
-31.744401735833073
-31.77008943548234
-31.79565346656154
-31.821098041108577
-31.84642733752876
-31.87164549698347
-31.896756619829212
-31.921764762109866
-31.946673932104922
-31.971488086936326
-31.996211129236322
-32.020846903878244
-32.04539919477228
-32.069871721728056
-32.094268137386116
-32.11859202422048
-32.14284689161426
-32.167036173010565
-32.19116322314114
-32.215231315334684
-32.23924363890692
-32.263203296633954
-32.28711330231054
-32.31097657839468
-32.33479595374008
-32.358574161417785
-32.38231383662848
-32.40601751470641
-32.42968762921647
-32.45332651014562
-32.47693638219025
-32.50051936314038
-32.524077462362335
-32.54761257938146
-32.57112650256665
-32.594620907918745
-32.618097357964366
-32.64155730075627
-32.66500206898113
-32.688432879175714
-32.71185083105218
-32.73525690693294
-32.758651971295485
-32.7820367704274
-32.80541193219148
-32.82877796590089
-32.852135262304394
-32.87548409368163
-32.898824614048074
-32.92215685946889
-32.945480748480925
-32.96879608262163
-32.99210254706379
-33.01539971135481
-33.03868703025916
-33.06196384470275
-33.08522938281812
-33.10848276108914
-33.131722985593974
-33.154948953344906
-33.178159453724
-33.2013531700132
-33.224528681017496
-33.24768446277972
-33.27081889038522
-33.29393023985438
-33.31701669012097
-33.34007632509384
-33.363107135799574
-33.38610702260366
-33.409073797507524
-33.4320051865189
-33.4548988320928
-33.47775229564048
-33.50056306010328
-33.52332853258839
-33.54604604706362
-33.56871286710845
-33.591326188718035
-33.6138831431573
-33.636380799862714
-33.658816169389304
-33.68118620640082
-33.703487812700594
-33.72571784030101
-33.74787309452939
-33.76995033716867
-33.79194628963132
-33.81385763616476
-33.835681027086714
-33.85741308204866
-33.87905039332589
-33.90058952913234
-33.92202703695859
-33.943359446931034
-33.96458327518997
-33.9856950272843
-34.006691201580516
-34.027568292683505
-34.048322794866415
-34.06895120550707
-34.08945002852813
-34.10981577783776
-34.13004498076783
-34.15013418150665
-34.17007994452326
-34.189878857980155
-34.2095275371317
-34.229022627705326
-34.24836080926281
-34.267538798538745
-34.286553352753124
-34.305401272895274
-34.32407940697602
-34.34258465324519
-34.360913963371736
-34.37906434558369
-34.39703286776507
-34.41481666050698
-34.43241292011039
-34.449818911537655
-34.467031971309844
-34.48404951034667
-34.50086901674582
-34.51748805849821
-34.53390428613586
-34.55011543530873
-34.56611932928741
-34.581913881387955
-34.59749709731546
-34.61286707742267
-34.628022018880195
-34.642960217755
-34.65768007099394
-34.672180078309346
-34.686458843963756
-34.70051507845165
-34.714347600076
-34.72795533641784
-34.741337325697266
-34.75449271802416
-34.767420776537115
-34.780120878428995
-34.79259251585808
-34.80483529674388
-34.81684894544686
-34.82863330333141
-34.84018832921135
-34.85151409967745
-34.86261080930644
-34.87347877075104
-34.88411841471089
-34.89453028978421
-34.904715062200076
-34.91467351543145
-34.9244065496892
-34.93391518129739
-34.943200541950496
-34.95226387785312
-34.9611065487427
-34.969730026795965
-34.97813589541972
-34.9863258479266
-34.99430168609701
-35.00206531862842
-35.009618759473604
-35.01696412606976
-35.02410363746089
-35.03103961231586
-35.03777446684479
-35.044310712616614
-35.05065095428018
-35.056797887191074
-35.06275429494645
-35.068523046829974
-35.07410709516933
-35.07950947260867
-35.08473328929848
-35.089781730005605
-35.09465805114605
-35.099365577743136
-35.1039077003141
-35.10828787168766
-35.11250960375532
-35.11657646415927
-35.12049207291961
-35.12426009900401
-35.12788425684307
-35.13136830279485
-35.13471603156257
-35.137931272569354
-35.141017886294385
-35.1439797605749
-35.1468208068784
-35.14954495654923
-35.15215615703392
-35.15465836808966
-35.15705555798008
-35.15935169966287
-35.161550766973626
-35.16365673081038
-35.1656735553234
-35.16760519411452
-35.16945558645012
-35.171228653492115
-35.172928294550964
-35.174558383364634
-35.1761227644077
-35.177625249234616
-35.179069612860935
-35.18045959018628
-35.181798872463
-35.18309110381478
-35.18433987780936
-35.18554873408886
-35.186721155061385
-35.18786056265714
-35.18897031515281
-35.19005370406763
-35.19111395113482
-35.19215420535131
-35.193177540109055
-35.19418695041083
-35.19518535017398
-35.19617556962539
-35.19716035279101
-35.19814235508313
-35.19912414098844
-35.200108181859896
-35.20109685381551
-35.20209243574653
-35.20309710743687
-35.204112947794734
-35.20514193319753
-35.20618593595061
-35.20724672286037
-35.20832595392228
-35.209425181123954
-35.210545847363285
-35.211689285481505
-35.212856717411064
-35.21404925343791
-35.215267891577874
-35.21651351706681
-35.217786901964026
-35.21908870486846
-35.220419470747125
-35.22177963087518
-35.22316950288678
-35.22458929093569
-35.226039085964835
-35.22751886608405
-35.22902849705509
-35.230567732883465
-35.23213621651656
-35.233733480647864
-35.23535894862665
-35.23701193547209
-35.238691648990944
-35.240397190997676
-35.242127558635794
-35.24388164579876
-35.245658244648446
-35.24745604722927
-35.249273647176274
-35.25110954151575
-35.25296213255684
-35.25482972987255
-35.256710552368425
-35.25860273043657
-35.26050430819294
-35.26241324579576
-35.264327421843184
-35.2662446358483
-35.268162610789666
-35.27007899573568
-35.27199136854126
-35.27389723861496
-35.275794049754786
-35.27767918305097
-35.279549959853576
-35.281403644803056
-35.283237448921575
-35.28504853276281
-35.28683400961797
-35.28859094877567
-35.29031637883288
-35.29200729105464
-35.29366064278026
-35.295273360873416
-35.29684234521364
-35.29836447222653
-35.29983659844999
-35.301255564133506
-35.30261819686758
-35.30392131524059
-35.30516173252028
-35.30633626035672
-35.30744171250371
-35.30847490855542
-35.30943267769482
-35.31031186245031
-35.31110932245685
-35.31182193821747
-35.31244661486097
-35.312980285891804
-35.31341991692825
-35.313762509424926
-35.31400510437596
-35.31414478599465
-35.314178685365626
-35.31410398406536
-35.3139179177469
-35.31361777968488
-35.31320092427689
-35.312664770497186
-35.3120068052985
-35.31122458695746
-35.31031574835931
-35.30927800021795
-35.30810913422733
-35.30680702614047
-35.305369638772454
-35.30379502492378
-35.30208133022035
-35.30022679586626
-35.29822976130527
-35.296088666786666
-35.29380205583096
-35.29136857759131
-35.28878698910638
-35.28605615744096
-35.283175061710615
-35.28014279498709
-35.27695856608134
-35.273621701201
-35.27013164547939
-35.266487964372836
-35.262690344923534
-35.2587385968852
-35.2546326537092
-35.250372573389065
-35.2459585391616
-35.24139086006287
-35.23666997133788
-35.23179643470301
-35.22677093846065
-35.22159429746595
-35.21626745294552
-35.21079147216873
-35.20516754797169
-35.199396998134354
-35.19348126461038
-35.1874219126095
-35.18122062953231
-35.17487922375731
-35.1683996232807
-35.161783874209426
-35.15503413910822
-35.14815269520151
-35.141141932431346
-35.13400435137229
-35.12674256100494
-35.11935927634969
-35.11185731596269
-35.10423959929606
-35.09650914392481
-35.08866906264317
-35.080722560433664
-35.07267293131245
-35.06452355505482
-35.056277893805
-35.04793948857437
-35.039511955632435
-35.030998982794785
-35.02240432561243
-35.01373180346721
-35.00498529557794
-34.99616873692199
-34.98728611407748
-34.97834146099129
-34.96933885467817
-34.96028241085631
-34.95117627952496
-34.94202464048996
-34.93283169884299
-34.92360168040071
-34.91433882711013
-34.90504739242667
-34.89573163667146
-34.886395822374624
-34.87704420961157
-34.867681051339304
-34.85831058873961
-34.848937046575855
-34.83956462856989
-34.830197512805654
-34.820839847165644
-34.81149574480628
-34.80216927967757
-34.7928644820924
-34.78358533435045
-34.774335766421245
-34.76511965168976
-34.755940802768066
-34.74680296737648
-34.73770982429721
-34.72866497940322
-34.719671961764845
-34.710734219836525
-34.701855117725984
-34.69303793154836
-34.68428584586752
-34.675601950226564
-34.66698923576945
-34.65845059195567
-34.64998880337038
-34.64160654663243
-34.63330638740263
-34.62509077749405
-34.616962052086194
-34.60892242704483
-34.60097399634998
-34.593118729634455
-34.58535846983557
-34.57769493096231
-34.5701296959806
-34.562664214819165
-34.55529980249855
-34.5480376373859
-34.54087875957799
-34.533824069415004
-34.52687432612748
-34.520030146618865
-34.51329200438579
-34.50666022857831
-34.500135003201876
-34.493716366462934
-34.48740421025997
-34.4811982798218
-34.47509817349487
-34.469103342680796
-34.4632130919253
-34.45742657915969
-34.451742816095646
-34.446160668773985
-34.440678858267916
-34.43529596154116
-34.43001041246089
-34.42482050296542
-34.41972438438626
-34.41472006892391
-34.40980543127651
-34.40497821042007
-34.400236011538794
-34.39557630810353
-34.3909964440962
-34.38649363637765
-34.3820649771956
-34.377707436829354
-34.37341786636719
-34.36919300061194
-34.365029461110026
-34.36092375929863
-34.356872299765854
-34.35287138361869
-34.34891721195376
-34.34500588942561
-34.34113342790758
-34.33729575024054
-34.33348869406453
-34.329708015728244
-34.32594939427136
-34.32220843547421
-34.318480675969425
-34.314761587410004
-34.3110465806881
-34.307331010198794
-34.30361017814326
-34.29987933886591
-34.29613370322093
-34.29236844296392
-34.28857869516432
-34.284759566634506
-34.28090613837148
-34.27701347000763
-34.273076604267345
-34.26909057142623
-34.265050393769826
-34.26095109004851
-34.25678767992517
-34.2525551884124
-34.24824865029635
-34.24386311454404
-34.239393648691276
-34.23483534320828
-34.23018331584054
-34.22543271592203
-34.22057872865806
-34.21561657937499
-34.21054153773374
-34.205348921904
-34.200034102696144
-34.19459250764819
-34.18901962506529
-34.18331100800932
-34.17746227823593
-34.17146913007635
-34.1653273342612
-34.15903274168331
-34.152581287096915
-34.14596899275025
-34.139191971949025
-34.13224643254838
-34.12512868037086
-34.117835122548136
-34.11036227078389
-34.102706744535645
-34.094865274114134
-34.08683470369859
-34.078611994266815
-34.07019422643864
-34.06157860323142
-34.05276245272605
-34.043743230641745
-34.034518522817926
-34.02508604760188
-34.01544365814103
-34.00558934457879
-33.995521236152705
-33.985237603193376
-33.97473685902255
-33.96401756174904
-33.953078415960725
-33.94191827431077
-33.930536138996295
-33.91893116312766
-33.9071026519866
-33.89505006417112
-33.8827730126249
-33.870271265548574
-33.857544747190325
-33.844593538513145
-33.83141787773598
-33.81801816074613
-33.80439494138039
-33.79054893157274
-33.776481001366214
-33.7621921787869
-33.747683649577986
-33.732956756792525
-33.7180130002431
-33.702854035806915
-33.68748167458488
-33.67189788191336
-33.6561047762276
-33.64010462777593
-33.623899857184135
-33.60749303386904
-33.59088687430067
-33.57408424011242
-33.55708813605889
-33.53990170782122
-33.52252823965994
-33.50497115191552
-33.487233998357446
-33.46932046338252
-33.45123435906378
-33.432979622051896
-33.414560310331574
-33.395980599835745
-33.37724478092036
-33.35835725470286
-33.339322529267854
-33.32014521574387
-33.30083002425544
-33.281381759754986
-33.26180531773962
-33.24210567985801
-33.22228790941306
-33.20235714676664
-33.18231860465243
-33.16217756340341
-33.141939366099784
-33.121609413643505
-33.10119315976544
-33.08069610597129
-33.06012379643226
-33.03948181282629
-33.01877576913636
-32.99801130641182
-32.977194087499434
-32.956329791750896
-32.935424109713345
-32.91448273780977
-32.89351137301636
-32.87251570754412
-32.85150142353162
-32.83047418775558
-32.80943964636551
-32.78840341964874
-32.76737109683133
-32.74634823092068
-32.72534033359502
-32.70435287014541
-32.683391254475474
-32.66246084416402
-32.64156693559524
-32.62071475916144
-32.59990947454269
-32.57915616606763
-32.55845983815913
-32.537825410868685
-32.517257715502936
-32.49676149034592
-32.476341376480164
-32.45600191371001
-32.435747536590114
-32.415582570562165
-32.39551122820278
-32.37553760558522
-32.355665678757916
-32.33589930034286
-32.31624219625685
-32.2966979625583
-32.277270062422204
-32.25796182324562
-32.23877643388529
-32.21971694202891
-32.20078625170147
-32.18198712090803
-32.16332215941405
-32.14479382666438
-32.12640442984208
-32.10815612206825
-32.09005090074426
-32.07209060603749
-32.05427691951145
-32.036611362900956
-32.019095297033246
-32.001729920896125
-31.984516270854233
-31.967455220014514
-31.95054747774195
-31.9337935893265
-31.917193935802274
-31.900748733919684
-31.88445803627137
-31.868321731572635
-31.85233954509708
-31.836511039267904
-31.82083561440554
-31.80531250963203
-31.789940803932396
-31.774719417372992
-31.75964711247677
-31.744722495755113
-31.72994401939566
-31.7153099831056
-31.700818536109935
-31.686467679304215
-31.672255267560857
-31.658179012187972
-31.644236483539473
-31.63042511377496
-31.616742199767614
-31.603184906157836
-31.58975026855002
-31.576435196849374
-31.563236478735504
-31.55015078326916
-31.537174664628523
-31.52430456597132
-31.511536823418524
-31.498867670155377
-31.486293240645225
-31.473809574951346
-31.461412623161905
-31.449098249913092
-31.43686223900552
-31.424700298109016
-31.412608063550906
-31.400581105182695
-31.388614931319793
-31.37670499374896
-31.36484669279791
-31.3530353824615
-31.341266375578343
-31.329534949051933
-31.31783634910984
-31.3061657965945
-31.294518492278954
-31.28288962220087
-31.271274363007947
-31.259667887307884
-31.24806536901589
-31.23646198869274
-31.224852938866164
-31.21323342932847
-31.201598692403266
-31.189943988174363
-31.17826460967005
-31.166555887996097
-31.15481319741083
-31.14303196033616
-31.131207652298613
-31.11933580679495
-31.107412020077092
-31.09543195585151
-31.083391349888288
-31.071286014535374
-31.059111843133635
-31.046864814328544
-31.034540996274373
-31.022136550727097
-31.009647737022263
-30.997070915934202
-30.98440255341309
-30.971639224196295
-30.95877761529063
-30.94581452932259
-30.932746887753765
-30.919571733958904
-30.906286236164433
-30.892887690245473
-30.879373522379566
-30.865741291555466
-30.851988691935375
-30.838113555069114
-30.824113851958842
-30.809987694972776
-30.795733339606514
-30.78134918609082
-30.76683378084475
-30.75218581777277
-30.737404139404518
-30.722487737875795
-30.70743575574984
-30.692247486678056
-30.676922375899334
-30.661460020577334
-30.645860169974878
-30.63012272546491
-30.61424774037773
-30.598235419684254
-30.582086119515576
-30.565800346519307
-30.54937875705347
-30.53282215621918
-30.516131496733333
-30.499307877642803
-30.482352542881824
-30.46526687967501
-30.448052416788567
-30.430710822632488
-30.413243903216834
-30.395653599965282
-30.37794198738926
-30.360111270626287
-30.34216378284624
-30.324101982529537
-30.305928450621575
-30.2876458875679
-30.269257110234786
-30.250765048719796
-30.232172743056832
-30.21348333982011
-30.19470008863122
-30.175826338573398
-30.156865534517248
-30.13782121336207
-30.11869700019714
-30.09949660438728
-30.080223815586958
-30.060882499687448
-30.04147659470122
-30.022010106587867
-30.00248710502576
-29.982911719133778
-29.963288133147426
-29.943620582053722
-29.92391334718918
-29.904170751805378
-29.884397156606394
-29.864596955262623
-29.84477456990542
-29.824934446607227
-29.805081050851623
-29.78521886299769
-29.765352373743195
-29.745486079591
-29.725624478323237
-29.705772064487558
-29.685933324899832
-29.666112734167434
-29.646314750237316
-29.626543809972908
-29.60680432476375
-29.587100676171566
-29.56743721161633
-29.547818240105762
-29.528248028011696
-29.508730794896685
-29.489270709394255
-29.46987188514604
-29.450538376799024
-29.431274176065905
-29.412083207851943
-29.392969326451613
-29.373936311818376
-29.354987865910637
-29.33612760911712
-29.317359076765037
-29.298685715714193
-29.280110881040464
-29.261637832812006
-29.243269732961757
-29.225009642259927
-29.20686051738992
-29.188825208131057
-29.170906454651437
-29.153106884914145
-29.135429012199786
-29.117875232748027
-29.10044782352066
-29.08314894008857
-29.065980614644765
-29.048944754145403
-29.03204313858044
-29.015277419375487
-28.99864911792603
-28.982159624265115
-28.965810195865494
-28.949601956576835
-28.93353589569842
-28.917612867187366
-28.901833589002344
-28.886198642582492
-28.87070847246114
-28.855363386013615
-28.840163553338307
-28.82510900726991
-28.810199643523795
-28.795435220970354
-28.78081536203795
-28.766339553243263
-28.75200714584785
-28.73781735663963
-28.723769268838204
-28.70986183312244
-28.696093868778895
-28.682464064969402
-28.668970982116242
-28.65561305340325
-28.642388586391096
-28.629295764745
-28.616332650073023
-28.60349718387315
-28.590787189587108
-28.578200374759067
-28.565734333297517
-28.553386547838617
-28.54115439220931
-28.529035133988405
-28.51702593716394
-28.505123864885267
-28.493325882308174
-28.481628859531217
-28.470029574621154
-28.45852471672524
-28.447110889267808
-28.43578461322861
-28.424542330500234
-28.41338040732177
-28.402295137785703
-28.391282747414923
-28.380339396806367
-28.369461185337602
-28.35864415493248
-28.347884293881723
-28.337177540714126
-28.326519788114016
-28.315906886880615
-28.305334649925047
-28.29479885630099
-28.284295255265025
-28.273819570362722
-28.263367503536163
-28.252934739248648
-28.24251694862244
-28.23210979358561
-28.221708931024015
-28.211310016934508
-28.200908710575394
-28.19050067860997
-28.18008159923895
-28.169647166317535
-28.15919309345293
-28.148715118078375
-28.138209005499537
-28.127670552909454
-28.117095593368422
-28.10647999974532
-28.095819688616846
-28.085110624121146
-28.074348821762474
-28.0635303521635
-28.05265134476227
-28.041707991451094
-28.030696550154747
-28.019613348345448
-28.008454786492084
-27.99721734144146
-27.98589756972922
-27.974492110818293
-27.962997690262686
-27.951411122794728
-27.939729315333583
-27.927949269913032
-27.916068086526455
-27.90408296588706
-27.891991212101605
-27.879790235255772
-27.867477553909485
-27.855050797500528
-27.842507708655067
-27.829846145403426
-27.817064083299673
-27.804159617443506
-27.791130964402928
-27.777976464036076
-27.76469458121051
-27.751283907418443
-27.737743162286367
-27.72407119497746
-27.710266985484996
-27.696329645814874
-27.68225842105517
-27.6680526903308
-27.653711967641218
-27.639235902579006
-27.624624280927325
-27.60987702513444
-27.594994194663602
-27.579975986216315
-27.56482273382736
-27.549534908829944
-27.53411311968964
-27.518558111705833
-27.502870766579893
-27.487052101849375
-27.471103270187886
-27.455025558570274
-27.43882038730317
-27.42248930892092
-27.406034006947326
-27.389456294524226
-27.37275811290795
-27.35594152983504
-27.339008737758608
-27.321962051956607
-27.304803908513524
-27.287536862177067
-27.27016358409179
-27.25268685941171
-27.235109584793918
-27.217434765775323
-27.19966551403516
-27.181805044546138
-27.16385667261727
-27.145823810831587
-27.12770996588199
-27.109518735308484
-27.091253804139768
-27.072918941442424
-27.0545179967811
-27.036054896593384
-27.01753364048284
-26.998958297433745
-26.980333001951095
-26.961661950129496
-26.942949395654722
-26.92419964574168
-26.90541705701287
-26.886606031321577
-26.867771011524184
-26.848916477205847
-26.830046940363985
-26.811166941054154
-26.792281043002845
-26.773393829191775
-26.754509897418103
-26.735633855834834
-26.716770318475966
-26.697923900770917
-26.679099215053043
-26.660300866067075
-26.64153344648028
-26.62280153240232
-26.60410967891889
-26.585462415643974
-26.566864242295594
-26.54831962429992
-26.529832988428808
-26.511408718475792
-26.493051150975617
-26.474764570972212
-26.456553207839818
-26.438421231161783
-26.420372746671575
-26.40241179226024
-26.3845423340546
-26.366768262570304
-26.349093388943544
-26.331521441245485
-26.314056060883217
-26.29670079909104
-26.279459113515912
-26.262334364900454
-26.2453298138671
-26.22844861780672
-26.21169382787502
-26.19506838609993
-26.178575122602776
-26.162216752935787
-26.14599587553803
-26.129914969311695
-26.11397639132056
-26.09818237461243
-26.08253502616702
-26.067036324970555
-26.0516881202181
-26.03649212964464
-26.021449937985775
-26.006562995568654
-25.991832617033847
-25.977259980188844
-25.962846124993828
-25.948591952680257
-25.934498225002695
-25.920565563624333
-25.906794449636376
-25.893185223211386
-25.87973808339029
-25.86645308800274
-25.853330153720375
-25.840369056242675
-25.82756943061511
-25.81493077167931
-25.802452434654864
-25.790133635852268
-25.777973453516264
-25.765970828798512
-25.754124566858476
-25.742433338091327
-25.730895679481502
-25.71950999608057
-25.70827456260798
-25.697187525173117
-25.686246903116906
-25.67545059097085
-25.664796360531252
-25.65428186304612
-25.64390463151224
-25.63366208307991
-25.623551521562714
-25.6135701400496
-25.603715023616243
-25.59398315213272
-25.584371403164507
-25.574876554964103
-25.56549528955048
-25.55622419587331
-25.547059773058745
-25.537998433733545
-25.529036507424276
-25.520170244028403
-25.51139581735401
-25.50270932872476
-25.49410681064631
-25.485584230530375
-25.47713749447234
-25.468762451078813
-25.46045489534131
-25.452210572552328
-25.444025182259846
-25.435894382256603
-25.4278137926002
-25.41977899966025
-25.41178556018897
-25.403829005411833
-25.395904845134705
-25.38800857186433
-25.38013566493876
-25.372281594664766
-25.36444182645914
-25.356611824990804
-25.348787058320593
-25.34096300203549
-25.333135143374303
-25.325298985341785
-25.317450050808187
-25.309583886591124
-25.301696067516698
-25.293782200456857
-25.285837928340012
-25.277858934131952
-25.26984094478399
-25.261779735145236
-25.253671131835826
-25.24551101707777
-25.237295332480297
-25.229020082776454
-25.220681339507703
-25.212275244653423
-25.203798014202246
-25.19524594166222
-25.186615401507023
-25.17790285255563
-25.169104841282856
-25.160218005058194
-25.15123907531031
-25.142164880614697
-25.13299234970196
-25.12371851438456
-25.114340512399846
-25.104855590167457
-25.09526110545914
-25.085554529979188
-25.075733451853377
-25.065795578024446
-25.055738736552083
-25.04556087881539
-25.035260081615714
-25.024834549177793
-25.01428261504716
-25.00360274388171
-24.99279353313548
-24.981853714633015
-24.97078215603278
-24.959577862178204
-24.948239976335312
-24.936767781316004
-24.92516070048597
-24.91341829865635
-24.901540282857948
-24.889526502996997
-24.87737695239161
-24.86509176818802
-24.8526712316559
-24.84011576836232
-24.827425948223887
-24.814602485436804
-24.801646238284743
-24.78855820882458
-24.77533954244998
-24.76199152733275
-24.748515593741725
-24.734913313239044
-24.721186397753964
-24.707336698534416
-24.693366204976396
-24.679277043331265
-24.665071475291082
-24.650751896452075
-24.636320834656257
-24.621780948211207
-24.607135023988032
-24.592385975397516
-24.577536840244502
-24.562590778460756
-24.54755106971657
-24.532421110911223
-24.517204413542622
-24.501904600956514
-24.486525405475867
-24.471070665410984
-24.45554432195126
-24.439950415939585
-24.424293084530852
-24.40857655773629
-24.392805154855516
-24.376983280798207
-24.36111542229761
-24.345206144018356
-24.32926008456132
-24.31328195236852
-24.297276521531465
-24.28124862750652
-24.265203162741237
-24.24914507221569
-24.23307934890297
-24.217011029153234
-24.20094518800621
-24.184886934437365
-24.1688414065432
-24.152813766671294
-24.136809196500955
-24.12083289208021
-24.1048900588247
-24.088985906484304
-24.07312564408314
-24.057314474838556
-24.041557591064382
-24.025860169063883
-24.010227364017446
-23.994664304870007
-23.97917608922301
-23.963767778235926
-23.948444391542317
-23.93321090218563
-23.918072231579906
-23.90303324450047
-23.88809874410972
-23.87327346702309
-23.858562078420157
-23.84396916720592
-23.829499241227403
-23.81515672255062
-23.800945942802905
-23.786871138585575
-23.772936446961857
-23.759145901024958
-23.74550342555107
-23.732012832742292
-23.7186778180644
-23.705501956184513
-23.692488697013708
-23.679641361859744
-23.66696313969495
-23.654457083544195
-23.642126106997715
-23.629972980853573
-23.61800032989415
-23.60621062980112
-23.59460620421313
-23.583189221930517
-23.571961694270975
-23.56092547258023
-23.550082245901386
-23.539433538806144
-23.528980709390844
-23.518724947439996
-23.50866727275987
-23.4988085336842
-23.48914940575391
-23.47969039057266
-23.47043181483993
-23.46137382956299
-23.452516409449277
-23.44385935248052
-23.435402279669706
-23.42714463500157
-23.41908568555674
-23.411224521819538
-23.40356005816928
-23.396091033554587
-23.388816012349952
-23.381733385393705
-23.374841371206077
-23.368138017385792
-23.361621202183688
-23.35528863625176
-23.34913786456575
-23.343166268519344
-23.33737106818798
-23.331749324760228
-23.326297943134467
-23.321013674678216
-23.31589312014724
-23.310932732761632
-23.306128821435824
-23.301477554159096
-23.29697496152291
-23.292616940391145
-23.288399257709035
-23.284317554446393
-23.28036734967053
-23.276544044744004
-23.27284292764215
-23.269259177385027
-23.265787868578332
-23.262423976057892
-23.259162379632063
-23.2559978689162
-23.2529251482536
-23.2499388417172
-23.247033498186415
-23.24420359649351
-23.241443550634063
-23.23874771503596
-23.23611038988118
-23.233525826474835
-23.230988232655836
-23.22849177824371
-23.226030600516214
-23.223598809712218
-23.221190494554367
-23.21879972778591
-23.21642057171626
-23.214047083769874
-23.211673322032926
-23.209293350792354
-23.206901246062063
-23.204491101091254
-23.20205703184978
-23.199593182485206
-23.19709373074615
-23.19455289336661
