-1.3462270076868053
-1.2906831671442553
-1.2342265478002346
-1.1768553137692885
-1.1185678777939079
-1.0593629021326176
-0.9992392992909749
-0.9381962325956517
-0.8762331166118655
-0.8133496174045041
-0.749545652643373
-0.6848213915530676
-0.6191772547080432
-0.5526139136735351
-0.4851322904930488
-0.41673355702320597
-0.3474191341168073
-0.27719069065503404
-0.2060501424297786
-0.133999650877156
-0.06104162166331446
0.012821296876274544
0.08758621544280551
0.16325000562410685
0.2398093018872274
0.31726050371222275
0.395599777865664
0.4748230608123313
0.5549260612634956
0.6359042628601355
0.7177529269893714
0.8004670957323463
0.8840415949417119
0.9684710374468285
1.0537498263847118
1.1398721586546923
1.2268320284946912
1.3146232311769548
1.4032393668210112
1.4926738443215495
1.5829198853888493
1.6739705286993063
1.7658186341535074
1.858456887239246
1.9518778034967859
2.046073733083616
2.1410368654358574
2.236759234023403
2.3332327211958033
2.430449063115853
2.5283998547777706
2.627076555106797
2.726470492136955
2.8265728682636193
2.927374765567466
3.028867151206305
3.131040882871228
3.233886714303381
3.3373953008675667
3.4415572051788645
3.546362902778396
3.6518027878543275
3.7578671790041214
3.8645463250339445
3.971830410791092
4.079709563025219
4.188173856274116
4.297213318769711
4.406817938359891
4.516977668441678
4.627682433901248
4.738922137056259
4.850686663595855
4.96296588851374
5.075749682029628
5.189027915494377
5.302790467274113
5.417027228608638
5.531728109439427
5.646883044202575
5.762481997582071
5.878514970218732
5.994972004370106
6.111843189516714
6.229118667910011
6.3467886400574285
6.464843370139871
6.583273191357062
6.702068511196207
6.821219816619458
6.940717679165713
7.060552759962404
7.1807158146430075
7.301197698166049
7.421989369531438
7.543081896390092
7.6644664595428305
7.786134357324693
7.908077009870903
8.030285963260853
8.152752893536618
8.275469610592562
8.39842806193278
8.521620336293257
8.64503866712583
8.768675435941146
8.892523175508009
9.01657457290664
9.14082247243357
9.265259878356062
9.389879957514033
9.514676041767595
9.639641630288446
9.76477039169347
9.890056166019017
10.015492966534492
10.141074981394123
10.266796575126033
10.392652289957862
10.518636846978394
10.644745147134854
10.770972272065675
10.897313484768643
11.023764230104476
11.150320135136155
11.276977009304474
11.403730844440304
11.530577814614263
11.657514275824612
11.784536765524466
11.911642001989652
12.038826883528646
12.166088487536346
12.293424069393584
12.420831061214363
12.548307070442837
12.675849878302207
12.803457438097885
12.9311278733773
13.058859475948772
13.186650703762005
13.314500178652771
13.44240668395451
13.570369161979608
13.698386711373255
13.826458584342955
13.954584183766894
14.082763060184472
14.2109949086724
14.339279565609898
14.46761700533679
14.596007336708466
14.724450799551631
14.852947761024765
14.98149871188727
15.110104262681432
15.2387651398314
15.367482181663492
15.496256334352184
15.625088647796277
15.753980271429798
15.88293244997229
16.011946519123274
16.14102390120556
16.270166100762186
16.39937470011184
16.52865135486767
16.657997789424265
16.78741579241754
16.91690721216232
17.046473952072482
17.176117966068567
17.30584125397788
17.435645856932247
17.565533852768635
17.69550735143785
17.82556849042636
17.95571943019638
18.085962349649062
18.216299441615458
18.346732908379575
18.47726495723769
18.607897796098186
18.73863362912634
18.869474652438242
19.000423049848024
19.131480988672564
19.26265061559789
19.393934052611428
19.52533339300396
19.656850697445098
19.78848799013574
19.920247255041065
20.052130432207495
20.184139414167138
20.31627604243312
20.448542104088975
20.580939328474905
20.71346938397361
20.84613387489805
20.97893433848342
21.111872241985488
21.24494897988746
21.378165871217426
21.51152415697846
21.645024997693024
21.77866947106325
21.91245856974866
22.046393199263047
22.180474175992043
22.31470222533262
22.449077979955643
22.583601978192416
22.718274662546136
22.853096378329084
22.98806737242616
23.123187792185107
23.258457684433708
23.393876994623824
23.529445566101813
23.66516313950446
23.80102935227986
23.937043738332665
24.07320572779314
24.20951464690903
24.345969718059354
24.482570059889117
24.61931468756389
24.756202513143243
24.893232346071862
25.030402893786963
25.16771276244034
25.30516045773347
25.44274438586421
25.580462854583253
25.71831407435871
25.856296159646856
25.99440713026703
26.13264491287836
26.271007342556
26.409492164464577
26.548097035626423
26.686819526782298
26.825657124341888
26.964607232421343
27.10366717496521
27.242834197949975
27.382105471666193
27.521478093075984
27.660949088242717
27.80051541482959
27.940173964663476
28.07992156636033
28.219754988008535
28.359670939906838
28.499666077353485
28.639737003482796
28.779880272145252
28.920092390827254
29.060369823606784
29.200708994141316
29.341106288684365
29.481558059126975
29.622060626060524
29.76261028185744
29.90320329376656
30.04383590701986
30.184504347947534
30.325204827098258
30.465933542361892
30.606686682091503
30.74746042822157
30.888250959379018
31.029054453983814
31.169867093335608
31.31068506468297
31.451504564271758
31.59232180036922
31.733132996260665
31.873934393215492
32.01472225341924
32.155492862867774
32.2962425342199
32.436967609604736
32.57766446338046
32.71832950484078
32.858959180865824
32.999549978514025
33.14009842755183
33.280601102917835
33.42105462711856
33.56145567255259
33.70180096376048
33.84208727959764
33.98231145532801
34.12247038463661
34.262561021559314
34.40258038232857
34.54252554713403
34.682393661796844
34.82218193935616
34.961887661565946
35.10150818030055
35.241040918867775
35.38048337322817
35.519833113119425
35.65908778308517
35.79824510340728
35.93730287094132
36.076258959854385
36.21511132226465
36.3538579887819
36.49249706894844
36.631026751580265
36.769445305008645
36.907751077222684
37.04594249591352
37.184018068420954
37.32197638158337
37.45981610149167
37.5975359731481
37.73513482003071
37.872611543564375
38.00996512249955
38.147194612200366
38.28429914384365
38.421277923530376
38.55813023131126
38.69485542012794
38.831452914671765
38.96792221016202
39.10426287104591
39.24047452962211
39.37655688459038
39.51250969952944
39.64833280130578
39.78402607841563
39.91958947926285
40.05502301037465
40.190326734556926
40.325500768991255
40.460545283275884
40.595460497413036
40.7302466797448
40.86490414483983
40.99943325133317
41.13383439972215
41.26810803012141
41.40225461998061
41.536274681768404
41.670168760626765
41.803937431999245
41.93758129923684
42.07110099118459
42.204497159751824
42.33777047746814
42.47092163502735
42.6039513388216
42.73686030846834
42.869649274333185
43.00231897505215
43.134870155056475
43.26730356210349
43.399619944816195
43.53182005023421
43.66390462137917
43.79587439483782
43.927730098366276
44.05947244851864
44.19110214830334
44.32261988487078
44.45402632723596
44.585322124038946
44.716507901346795
44.84758426050001
44.97855177600689
45.10941099348894
45.24016242768055
45.37080656048567
45.5013438390942
45.63177467416045
45.7620994380465
45.89231846313299
46.02243204019976
46.15244041687913
46.28234379618448
46.4121423351163
46.54183614334772
46.67142528199065
46.800909762443666
46.930289545323376
47.05956453948039
47.188734601100805
47.31779953289396
47.44675908336717
47.575612946187846
47.70436075963323
47.83300210612805
47.961536511870406
48.08996344654628
48.21828232313254
48.34649249778778
48.47459326983011
48.60258388180183
48.73046351962052
48.85823131281655
48.985886334856225
49.1134276035495
49.24085408154128
49.36816467688545
49.49535824370049
49.62243358290528
49.74938944303427
49.87622452113096
50.002937463718986
50.1295268678498
50.25599128222621
50.382329208400854
50.508539102048196
50.63461937430839
50.760568393200806
50.88638448510472
51.01206593630463
51.13761099459715
51.26301787095703
51.3882847412594
51.51340974805585
51.638391002401946
51.763226585734074
51.887914551793486
52.01245292859524
52.13683972043954
52.26107290996306
52.38515046022776
52.5090703168445
52.63283041012865
52.75642865728538
52.879862964622376
53.00313122978754
53.12623134402965
53.249161194479726
53.371918666451066
53.494501645755484
53.61690802103325
53.73913568609375
53.86118254226371
53.983046500739896
54.10472548494325
54.22621743287126
54.34752029944527
54.46863205884923
54.58955070685672
54.71027426314341
54.830800773582176
54.95112831251779
55.071254985018435
55.191178929102044
55.3108983179359
55.430411362008236
55.549716311270366
55.668811457247976
55.78769513511995
55.90636572576298
56.02482165776061
56.143061409375065
56.26108351048069
56.378886544457515
56.49646915004317
56.61383002314105
56.73096791858282
56.84788165184321
56.964570100705174
57.08103220687329
57.19726697753353
57.31327348685781
57.429050877452
57.54459836174644
57.6599152233284
57.77500081821577
57.88985457607092
58.00447600135354
58.11886467441165
58.2330202525096
58.34694247079293
58.460631143189495
58.57408616324651
58.687307504903266
58.80029522319902
58.91304945491593
59.025570419156374
59.13785841785418
59.2499138362193
59.36173714311568
59.473328891372866
59.58468971803112
59.69582034452012
59.80672157677143
59.917394305265795
60.02783950501581
60.138058235484586
60.24805164044094
60.35782094775156
60.46736746911061
60.5766925997077
60.68579781783494
60.79468468443365
60.90335484258115
61.01181001691798
61.120052013015865
61.22808271668667
61.33590409323192
61.44351818663266
61.550927118679326
61.658133088041254
61.765138369275675
61.87194531177589
61.97855633865855
62.08497394559008
62.1912006995518
62.297239237543224
62.403092265222924
62.50876255548671
62.61425294698289
62.719566342564455
62.82470570767878
62.92967406869524
63.03447451117125
63.13911017805747
63.243584267842714
63.34790003263907
63.45206077620775
63.5560698519265
63.6599306606991
63.76364664880793
63.86722130571069
63.97065816178206
64.07396078600118
64.1771327835861
64.28017779357697
64.38309948636993
64.48590156120372
64.58858774360044
64.69116178276255
64.79362744892796
64.89598853068543
64.9982488322525
65.10041217071864
65.2024823732562
65.30446327430224
65.40635871271388
65.50817252890073
65.60990856193717
65.71157064665812
65.8131626107409
65.91468827177658
66.0161514343335
66.11755588701607
66.21890539952125
66.32020371969514
66.42145457059286
66.52266164754468
66.62382861523184
66.72495910477431
66.82605671083269
66.92712498872635
67.02816745156969
67.12918756742778
67.23018875649296
67.33117438828384
67.432147778868
67.5331121881091
67.63407081693879
67.73502680465447
67.83598322624414
67.93694308974102
68.03790933361097
68.13888482417599
68.23987235307754
68.34087463478409
68.44189430414792
68.54293391401644
68.64399593290308
68.7450827427232
68.84619663659988
68.94733981674405
69.04851439241317
69.14972237795236
69.25096569092047
69.35224615030337
69.45356547481653
69.55492528129857
69.65632708319716
69.75777228914792
69.8592622016475
69.9607980158216
70.06238081828867
70.16401158611957
70.26569118589448
70.36742037285917
70.46919979018283
70.57102996832005
70.67291132448004
70.77484416220587
70.87682867106612
70.97886492646121
71.08095288954674
71.18309240727656
71.28528321256734
71.38752492458606
71.4898170491614
71.59215897931882
71.69454999593883
71.79698926853793
71.89947585617189
72.00200870846074
72.10458666673495
72.20720846530358
72.30987273284543
72.4125779939242
72.5153226706299
72.61810508434874
72.72092345766262
72.8237759163791
72.9266604916925
73.02957512247687
73.1325176577113
73.23548585903754
73.33847740344967
73.44148988611502
73.54452082332463
73.64756765557203
73.75062775075807
73.85369840751954
73.95677685867926
74.05986027481478
74.16294576794277
74.26603039531662
74.36911116333462
74.472185031556
74.57524891682178
74.67829969747717
74.78133421769186
74.88434929187471
74.98734170917916
75.09030823809573
75.19324563112693
75.29615062954028
75.39901996819489
75.50185038043671
75.60463860305671
75.70738138130591
75.8100754739597
75.91271765842428
76.0153047358766
76.11783353642885
76.22030092430815
76.32270380304179
76.42503912063852
76.52730387475638
76.6294951178479
76.73160996227283
76.83364558536958
76.93559923447661
77.03746823189589
77.13924997979107
77.24094196501345
77.3425417638475
77.44404704666873
77.54545558250605
77.64676524350124
77.74797400925785
77.84907997107233
77.95008133603947
78.05097643102464
78.15176370649566
78.25244174020837
78.35300924073884
78.45346505085512
78.55380815072088
78.65403766092355
78.75415284531844
78.85415311368102
78.95403802415886
79.05380728551516
79.15346075915578
79.25299846093252
79.35242056271498
79.45172739372354
79.55091944161641
79.64999735332445
79.74896193562812
79.84781415547205
79.94655514001498
80.04518617641348
80.1437087113387
80.24212435022615
80.34043485625965
80.43864214909023
80.53674830329054
80.63475554654563
80.73266625758104
80.83048296382923
80.92820833883626
81.02584519941011
81.12339650251225
81.22086534189451
81.31825494448456
81.41556866652341
81.51280998945855
81.60998251559646
81.7070899635181
81.80413616326098
81.90112505127308
81.9980606651443
82.09494713812012
82.19178869340283
82.2885896382437
82.38535435783137
82.48208730898136
82.57879301363266
82.67547605215691
82.77214105648613
82.8687927030661
82.96543570564313
83.06207480789283
83.15871477589985
83.2553603904986
83.35201643948653
83.44868770972255
83.54537897912269
83.64209500856646
83.73884053372649
83.83562025683534
83.93243883840341
84.02930088890218
84.12621096042733
84.2231735383566
84.32019303301718
84.41727377137738
84.51441998877738
84.61163582071242
84.70892529468165
84.80629232211436
84.90374069038637
85.00127405493959
85.09889593151843
85.1966096885368
85.2944185395894
85.3923255361201
85.49033356025996
85.58844531784734
85.68666333164197
85.78498993474398
85.88342726422843
85.98197725500586
86.08064163391919
86.17942191408679
86.27831938950146
86.37733512989405
86.47646997587003
86.57572453432624
86.6750991741551
86.77459402224406
86.87420895977823
86.97394361885279
87.07379737940164
87.17376936644882
87.27385844768821
87.37406323139533
87.47438206467395
87.574813032041
87.67535395435188
87.77600238806782
87.87675562486778
87.97761069160653
88.0785643506215
88.17961310038937
88.28075317653408
88.38198055318686
88.48329094469831
88.58467980770207
88.68614234352982
88.78767350097611
88.88926797941134
88.99092023224001
89.09262447069956
89.19437466799378
89.29616456375449
89.39798766882383
89.49983727034909
89.60170643718074
89.70358802556417
89.80547468511465
89.90735886506435
90.00923282076975
90.11108862046684
90.21291815226176
90.31471313134377
90.41646510740726
90.51816547226964
90.6198054676719
90.72137619324918
90.82286861465788
90.92427357184569
91.02558178745223
91.12678387532777
91.22787034915758
91.32883163117869
91.42965806097676
91.5303399043503
91.63086736222921
91.73123057963473
91.83141965466679
91.93142464750532
92.03123558941196
92.13084249171915
92.23023535479207
92.32940417694932
92.42833896332822
92.52702973468128
92.62546653609071
92.72363944558687
92.82153858265725
92.91915411663287
93.01647627493959
93.11349535120361
93.21020171319994
93.30658581063439
93.40263818274958
93.4983494657446
93.59371039999873
93.68871183709054
93.7833447466037
93.87760022271256
93.97146949054003
94.06494391228195
94.1580149930934
94.25067438673354
94.34291390096554
94.43472550270953
94.52610132294673
94.61703366137375
94.70751499080497
94.79753796132253
94.88709540417337
94.97618033541256
95.0647859592939
95.1529056714078
95.24053306156863
95.32766191645375
95.4142862219958
95.50040016552988
95.58599813769776
95.6710747341116
95.75562475678102
95.8396432153062
95.92312532783855
96.00606652180956
96.08846243442771
96.17030891294327
96.2516020146801
96.33233800683412
96.41251336603763
96.4921247776888
96.57116913504582
96.64964353808467
96.7275452921199
96.80487190618886
96.88162109120164
96.95779075785903
97.0333790143418
97.10838416377477
97.18280470146978
97.25663931195244
97.32988686577791
97.40254641614139
97.4746171952893
97.5460986107371
97.61699024129997
97.68729183294228
97.75700329445273
97.82612469295238
97.89465624924198
97.96259833299509
98.0299514578028
98.09671627607635
98.16289357381415
98.22848426524139
98.29348938733018
98.35791009420781
98.42174765146137
98.48500343034698
98.54767890191204
98.60977563103961
98.67129527042437
98.7322395544893
98.79261029325198
98.85240936614957
98.91163871583126
98.97030034192574
99.02839629479183
99.08592866926062
99.142899598378
99.19931124715686
99.25516580634815
99.31046548623738
99.36521251047293
99.41940910993094
99.47305751662134
99.52615995763995
99.57871864917138
99.63073579054742
99.68221355836477
99.7331541006663
99.78355953118955
99.83343192368682
99.88277330632036
99.93158565613726
99.979870893628
100.02763087737367
100.07486739878652
100.12158217694764
100.16777685354532
100.21345298791937
100.25861205221634
100.30325542666048
100.34738439494481
100.39100013974678
100.43410373837389
100.47669615854318
100.51877825429801
100.56035076206501
100.60141429685393
100.64196934860377
100.68201627867768
100.72155531650958
100.76058655640475
100.79910995449654
100.83712532586104
100.87463234179187
100.91163052723753
100.94811925840303
100.98409776051743
101.01956510576893
101.05452021140762
101.0889618380164
101.12288858795044
101.15629890394506
101.18919106789211
101.22156319978545
101.25341325683472
101.28473903274742
101.31553815718017
101.34580809535986
101.3755461478762
101.40474945064601
101.43341497504933
101.4615395282368
101.48911975360782
101.51615213145838
101.54263297979684
101.56855845532628
101.59392455459145
101.61872711528723
101.6429618177268
101.66662418646705
101.68970959208887
101.71221325313114
101.73413023817646
101.75545546808802
101.77618371839661
101.7963096218367
101.8158276710303
101.83473222131805
101.85301749373649
101.87067757814178
101.88770643647932
101.90409790619809
101.9198457038078
101.93494342857682
101.94938456636814
101.96316249360981
101.97627048139654
101.98870169971926
102.00044922181937
102.0115060286648
102.02186501354535
102.03151898678502
102.04046068056888
102.0486827538817
102.05617779755445
102.0629383394149
102.06895684953824
102.07422574559516
102.07873739829458
102.0824841369184
102.08545825494511
102.08765201575963
102.08905765844654
102.08966740366347
102.0894734595905
102.08846802795037
102.08664331009479
102.08399151315174
102.08050485622945
102.07617557667172
102.0709959363596
102.06495822805445
102.05805478177794
102.05027797122429
102.04162022019963
102.03207400908431
102.02163188131439
102.01028644987943
101.99803040383298
101.98485651481232
101.97075764356325
101.95572674646561
101.93975688205566
101.92284121754172
101.90497303530988
101.886145739415
101.86635286205178
101.84558807000072
101.82384517104352
101.80111812034086
101.77740102676565
101.75268815918544
101.72697395268843
101.70025301474614
101.67252013130685
101.64377027281292
101.61399860013496
101.583200470416
101.55137144281817
101.51850728416532
101.48460397447555
101.44965771237828
101.41366492041057
101.37662225018603
101.33852658743008
101.2993750568764
101.2591650270211
101.21789411473021
101.17556018969624
101.13216137873901
101.08769606994652
101.04216291665007
100.9955608412284
100.94788903873616
100.89914698035291
100.84933441664778
100.79845138065566
100.74649819076019
100.69347545337935
100.63938406544953
100.58422521670371
100.52800039173934
100.47071137187237
100.41236023677362
100.3529493658836
100.29248143960177
100.23095944024743
100.1683866527905
100.10476666535095
100.04010336946504
99.97440096011559
99.90766393552207
99.83989709668703
99.77110554669588
99.70129468976683
99.63047023004759
99.55863817015626
99.48580480946481
99.41197674212464
99.33716085483428
99.26136432435118
99.18459461474907
99.10685947442272
99.02816693284188
98.9485252970573
98.86794314796106
98.78642933630368
98.70399297847035
98.62064345201912
98.5363903909842
98.45124368094758
98.36521345388263
98.27831008277377
98.19054417601676
98.1019265716033
98.01246833109376
97.92218073338181
97.83107526825442
97.73916362975119
97.64645770932741
97.55296958882586
97.45871153326304
97.3636959834361
97.26793554835653
97.17144299751719
97.07423125300004
96.9763133814319
96.87770258579478
96.77841219709687
96.67845566591022
96.57784655378184
96.47659852452493
96.37472533539862
96.27224082818456
96.16915892016804
96.06549359503121
95.96125889366662
95.85646890491937
95.75113775626623
95.64527960444074
95.5389086260132
95.4320390079353
95.32468493805963
95.21686059564345
95.10858014184615
94.9998577102289
94.89070739726495
94.78114325286927
94.67117927095606
94.56082938003343
94.45010743384526
94.33902720206996
94.22760236108573
94.11584648481292
94.00377303564372
93.89139535546909
93.77872665681278
93.66578001408257
93.55256835494893
93.4391044518616
93.32540091371348
93.21147017765978
93.09732450110019
92.98297595383136
92.86843641037675
92.75371754250116
92.63883081191673
92.523787463187
92.40859851683629
92.29327476267068
92.1778267533173
92.06226479798912
91.94659895648239
91.83083903341357
91.71499457270183
91.59907485230373
91.48308887920531
91.36704538467576
91.25095281978544
91.13481935118956
91.01865285717953
90.90246092400356
90.78625084245813
90.67002960475067
90.55380390163363
90.43758011981028
90.32136433961297
90.20516233295429
90.08897956155091
89.97282117542046
89.85669201165219
89.74059659345245
89.62453912946638
89.50852351337745
89.39255332378617
89.27663182436824
89.16076196431244
89.0449463790385
88.92918739119456
88.81348701193384
88.69784694246904
88.58226857590194
88.46675299932508
88.35130099619187
88.23591304895149
88.12058934194488
88.00532976455804
87.89013391462902
87.77500110210428
87.65993035294025
87.54492041324545
87.42996975365861
87.31507657395684
87.20023880788665
87.08545412821013
86.97071995195847
86.85603344588469
86.74139153210774
86.62679089393987
86.51222798188826
86.3976990198222
86.28320001129691
86.16872674602689
86.05427480650258
85.93983957474461
85.82541623919019
85.71099980170698
85.59658508472921
85.48216673851016
85.36773924848387
85.25329694272853
85.1388339995227
85.02434445498578
84.90982221079274
84.79526104195337
84.68065460464605
84.56599644409617
84.45128000248916
84.33649862690935
84.22164557729671
84.10671403441403
83.99169710781653
83.87658784381664
83.76137923343707
83.64606422034625
83.53063570876962
83.41508657136988
83.2994096570885
83.18359779894114
83.0676438217598
82.95154054987607
82.83528081473979
82.71885746246788
82.60226336131835
82.48549140908504
82.36853454040816
82.25138573399668
82.13403801975925
82.01648448584011
81.89871828555827
81.78073264424778
81.66252086599808
81.54407634029278
81.42539254854373
81.3064630705172
81.18728159064855
81.06784190424102
80.94813792354407
80.82816368370672
80.7079133486013
80.58738121651263
80.46656172568836
80.34544945974673
80.22403915293816
80.10232569525712
79.9803041374009
79.85796969557211
79.73531775612216
79.61234388003376
79.48904380724079
79.36541346078442
79.24144895080437
79.1171465783626
78.99250283909723
78.86751442670422
78.74217823624403
78.61649136727121
78.49045112678456
78.364055031996
78.23730081291635
78.1101864147565
77.98271000014287
77.85486995114636
77.72666487112504
77.59809358638093
77.46915514763062
77.3398488312899
77.21017414057197
77.08013080639951
76.94971878812972
76.8189382740912
76.68778968193119
76.55627365877179
76.42439108117351
76.29214305490468
76.15953091451543
76.02655622271557
75.89322076955644
75.75952657141677
75.62547586979277
75.49107112989289
75.35631503903831
75.2212105048696
75.08576065336031
74.94996882663845
74.8138385806172
74.677373682436
74.5405781077135
74.40345603761376
74.26601185572669
74.12825014476415
73.99017568307399
73.85179344097504
73.71310857691753
73.57412643347311
73.43485253315953
73.29529257410479
73.15545242555561
73.01533812323453
72.87495586455066
72.7343120036686
72.59341304644045
72.45226564520573
72.31087659346503
72.16925282043252
72.02740138547239
71.88532947242362
71.74304438381824
71.60055353499803
71.45786444813467
71.31498474615802
71.1719221465973
71.0286844553404
70.8852795603164
70.74171542510686
70.59800008249175
70.45414162793662
70.31014821302779
70.16602803886269
70.02178934940264
69.87744042479426
69.73298957466659
69.5884451314106
69.44381544344729
69.29910886849017
69.15433376680788
69.00949849449374
68.86461139674746
68.7196808011738
68.5747150111033
68.42972229894109
68.28471089954984
68.13968900367324
67.99466475140689
67.8496462257239
67.70464144606312
67.55965836198668
67.41470484691312
67.26978869193151
67.12491759970162
66.98009917844495
66.83534093603093
66.69065027416302
66.54603448266964
66.4015007339048
66.25705607726313
66.11270743381412
65.96846159106006
65.82432519782229
65.68030475926103
65.5364066320336
65.39263701959577
65.24900196765132
65.1055073597544
64.96215891306852
64.8189621742861
64.67592251571162
64.53304513151127
64.39033503413091
64.24779705088483
64.10543582071838
63.96325579114804
63.821261215382066
63.67945614962534
63.53784445057144
63.396429773084805
63.25521556807601
63.11420508057418
62.973401347999726
62.83280719864038
62.69242525033249
62.55225790934881
62.412307369493845
62.27257561140746
62.13306440207717
61.99377529455896
61.85470962790632
61.715868527306576
61.57725290442314
61.43886345794217
61.30070067432185
61.16276482874232
61.02505598625438
60.88757400312519
60.75031852837903
60.61328900553135
60.476484674513834
60.33990457378851
60.203547542648344
60.06741222370166
59.931497065537506
59.79580032556881
59.660320073049796
59.52505419226374
59.390000385877116
59.25515617845606
59.12051892014115
58.98608579047608
58.851853802385236
58.71781980629494
58.5839804943932
58.45033240502279
58.31687192720291
58.183595305275176
58.050498643669656
57.91757791178658
57.78482894898873
57.65224746969933
57.51982906859952
57.387569225919904
57.25546331282096
57.123506596856664
56.99169424751563
56.860021341833665
56.72848287007168
56.597073741452796
56.465788789952235
56.33462278013378
56.20357041302646
56.072626332035505
55.94178512888164
55.81104134956309
55.68038950033458
55.54982405369817
55.41933945440025
55.28893012542904
55.158590474007106
55.02831489757358
54.898097789750466
54.76793354628745
54.637816570979226
54.50774128154944
54.37770211549571
54.24769353589022
54.11771003713096
53.98774615063843
53.8577964504928
53.7278555590068
53.59791815222968
53.46797896537805
53.33803279818926
53.208074520193236
53.07809907589882
52.94810148989063
52.818076871832595
52.688020421373885
52.55792743295324
52.42779330049779
52.29761352201296
52.167383704059766
52.037099566115835
51.90675694481575
51.77635179806628
51.64588020903221
51.51533838998807
51.38472268603129
51.25402957865253
51.123255689159
50.992397781946856
50.86145276761908
50.73041770594613
50.59928980866674
50.46806644212596
50.3367451297476
50.20532355433879
50.07379956022531
49.942171155217224
49.81043651240434
49.67859397178084
49.54664204169829
49.41457940014622
49.282404895859926
49.150117549254716
49.01771655318588
48.88520127353324
48.752571249609545
48.61982619439196
48.486965994576494
48.35399071045524
48.22090057561699
48.0876959964717
47.954377551600125
47.820945990928784
47.687402234730804
47.553747372452655
47.419982661367364
47.2861095250552
47.15212955171334
47.01804449229619
46.88385625848864
46.7495669205147
46.61517870478426
46.480693991380384
46.34611531138936
46.21144534407572
46.07668691390509
45.94184298741837
45.80691666996026
45.67191120226525
45.536829956903915
45.40167643459333
45.266454260375866
45.131167179670825
44.99581905420345
44.86041385781684
44.72495567217217
44.58944868234303
44.453897172309695
44.31830552035959
44.18267819440038
44.047019747192536
43.91133481150805
43.77562809522251
43.63990437634734
43.504168498009015
43.36842536338175
43.232679930579785
43.09693720751559
42.96120224673043
42.82548014020349
42.68977601414567
42.554095023784235
42.418442348144104
42.2828231848322
42.14724274483145
42.01170624731102
41.876218914459706
41.74078596634947
41.605412615835995
41.470104063502745
41.334865492654345
41.19970206436473
41.064618912585175
40.92962113931732
40.79471380985622
40.659901948108725
40.525190531991896
40.39058448891588
40.25608869135529
40.121707952513034
39.98744702208025
39.853310582096086
39.71930324291078
39.58542953925537
39.45169392642141
39.31810077655366
39.184654375058024
39.051358917126784
38.918218504383
38.785237141646014
38.65241873382002
38.519767082907556
38.38728588514977
38.25497872829505
38.12284908899745
37.99090033034572
37.8591356995234
37.72755832560035
37.59617121745607
37.464977261835266
37.333979221535635
37.20317973372787
37.07258130840794
36.94218632698145
36.8119970409795
36.68201557090501
36.5522439052086
36.42268389939332
36.29333727524764
36.164205620206104
36.03529038683723
35.90659289245792
35.778114318873406
35.649855712241674
35.52181798306174
35.39400190628527
35.26640812155097
35.139037133541024
35.01188931245906
34.884964894628865
34.7582639832132
34.63178654905178
34.50553243161741
34.37950134008915
34.25369285454135
34.12810642724704
34.00274138409403
33.877596926111856
33.75267213110751
33.62796595540791
33.503477235707116
33.37920469101652
33.25514692471625
33.13130242670575
33.0076695756511
32.88424664132696
32.76103178705062
32.63802307220572
32.515218454853276
32.392615794427506
32.27021285451388
32.14800730570666
32.02599672854358
31.904178616515527
31.78255037914933
31.661109345161282
31.53985276567865
31.418777817526166
31.297881606574595
31.177161171148228
31.056613485488256
30.936235463268915
30.816023961163424
30.695975782456642
30.576087680701264
30.456356363414116
30.33677849580924
30.217350704564083
30.09806958161498
29.978931687978232
29.859933557593262
29.741071701184392
29.62234261013752
29.503742760387848
29.3852686163148
29.26691663464028
29.148683268326618
29.030564970470362
28.912558198188105
28.79465941649057
28.676865102141345
28.559171747496784
28.44157586432366
28.324073987590715
28.206662679230313
28.08933853186631
27.972098172504424
27.854938266181286
27.73785551956872
27.620846684529774
27.503908561623412
27.38703800355487
27.27023191856856
27.15348727378029
27.036801098445867
26.920170487163123
26.803592603004578
26.687064680578008
26.570584029012256
26.454148034865913
26.337754164956383
26.221399969106987
26.105083082809532
25.988801229799776
25.872552224543313
25.75633397462954
25.640144483071282
25.52398185050751
25.40784427730688
25.291730065569652
25.175637621026056
25.05956545482934
24.943512185241843
24.82747653921251
24.711457353844448
24.595453577750984
24.47946427229868
24.363488612735775
24.247525889204663
24.131575507637248
24.015636990532183
23.89970997761335
23.783794226368993
23.667889612470983
23.551996130073597
23.43611389199119
23.320243129754424
23.204384193544648
23.08853755200601
22.97270379193514
22.85688361784863
22.741077851428365
22.625287430844786
22.509513409958195
22.393756957398256
22.278019355522208
22.16230199925231
22.04660639479339
21.930934158231242
21.815287014013155
21.69966679331178
21.58407543227374
21.468514970154775
21.352987547343464
21.237495403275307
21.122040874239232
21.006626391078484
20.891254476788234
20.775927744012293
20.660648892441728
20.545420706118037
20.430246050643703
20.315127870303073
20.200069185096638
20.085073087692066
19.970142740295085
19.855281371443322
19.740492272726282
19.625778795434666
19.511144347142288
19.396592388224047
19.282126428313386
19.1677500227028
19.05346676869122
18.939280301882047
18.825194292435675
18.711212441280487
18.597338476286303
18.483576148404147
18.36992922777595
18.256401499817976
18.1429967612817
18.02971881629592
17.916571472393947
17.803558536529657
17.690683811085925
17.577951089879168
17.465364154163712
17.352926768639936
17.240642677469967
17.128515600304784
17.016549228326372
16.904747220308796
16.79311319870209
16.68165074574299
16.570363399596335
16.459254650531065
16.34832793713464
16.237586642569724
16.127034090877004
16.016673543328167
15.906508194832881
15.79654117040387
15.686775521684112
15.577214223540095
15.467860170725173
15.358716174617028
15.249784960033066
15.141069162127478
15.032571323373643
14.924293890635507
14.816239212331492
14.708409535694397
14.600807004130541
14.493433654681365
14.386291415590488
14.279382103979097
14.172707423632426
14.06626896290012
13.960068192713019
13.854106464718749
13.74838500953836
13.642904935145943
13.53766722537312
13.43267273854024
13.327922206215966
13.223416232106707
13.119155291077353
13.015139728304609
12.911369758564083
12.807845465652084
12.704566801942894
12.601533588082125
12.498745512816615
12.396202132961225
12.293902873502649
12.191847027840186
12.090033758163262
11.988462095965463
11.887130942694812
11.786039070539859
11.685185123351035
11.584567617696395
11.484184944050854
11.384035368117852
11.284117032282227
11.184427957192852
11.084966043473344
10.985729073559085
10.886714713658804
10.787920515838692
10.689343920226946
10.590982257336561
10.492832750503977
10.394892518441024
10.29715857789756
10.199627846432007
10.102297145286782
10.005163202365635
9.908222655309796
9.811472054669832
9.714907867169952
9.618526479061426
9.522324199561691
9.426297264375716
9.33044183929611
9.234754023878383
9.139229855187795
9.043865311614136
8.948656316750737
8.853598743333956
8.758688417239322
8.66392112153058
8.56929260055783
8.474798564100922
8.380434691554221
8.286196636148794
8.192080029207993
8.098080484432352
8.004193602209675
7.910414973946145
7.816740186414264
7.723164826113438
7.62968448363908
7.536294758056021
7.442991261272003
7.349769622406993
7.256625492154041
7.163554547127458
7.070552494194093
6.977615074783433
6.884738069172297
6.791917300739893
6.699148640189089
6.606428009729764
6.513751387220107
6.421114810261821
6.3285143802451405
6.235946266339605
6.14340670942663
6.0508920259699375
5.958398611819974
5.86592294594852
5.773461594109841
5.6810112124248064
5.588568550884439
5.496130456769436
5.4036938779822625
5.311255866288518
5.218813580464356
5.126364289346795
5.033905374783833
4.941434334481263
4.848948784743241
4.7564464631036625
4.663925230845462
4.571383075405039
4.478818112659174
4.386228589091954
4.293612883839344
4.200969510609159
4.108297119474269
4.0155944985369905
3.922860575462731
3.830094418881056
3.73729523965252
3.644462391999751
3.551595374501419
3.45869383094786
3.36575755105723
3.2727864710511887
3.17978067408927
3.0867403905612183
2.993665998236722
2.900558022272115
2.8074171350737664
2.714244156018029
2.621040051027776
2.5278059320057187
2.434543056124876
2.341252824976712
2.2479367835776274
2.154596619234635
2.0612341602712245
1.9678513746145536
1.8744503682452465
1.7810333835112262
1.6876027973071455
1.5941611191211185
1.5007109889506067
1.407255175089455
1.3137965717882094
1.2203381967899811
1.126883188744251
1.033434804501123
0.9399964162886715
0.8465715087761682
0.7531636760260999
0.6597766183380055
0.5664141389872772
0.4730801408621799
0.3797786230024527
0.2865136770429617
0.19328948356597264
0.1001103083657151
0.006980498629003953
-0.08609552096422671
-0.179113252216533
-0.27206812746068687
-0.3649555136754124
-0.4577707166649521
-0.5505089852982152
-0.6431655158031913
-0.7357354561122512
-0.8282139102539027
-0.9205959427865148
-1.0128765832694844
-1.1050508307672722
-1.1971136583817101
-1.2890600178079548
-1.3808848439094399
-1.4725830593071567
-1.5641495789785849
-1.6555793148615963
-1.7468671804586602
-1.8380080954366713
-1.928996990217729
-2.0198288105562123
-2.1104985220975205
-2.201001114913854
-2.2913316080124297
-2.381485053811556
-2.471456542580028
-2.561241206835347
-2.650834225696335
-2.7402308291857262
-2.8294263024784025
-2.918415990090999
-3.0071953000086715
-3.0957597077449077
-3.1841047603303463
-3.272226080226635
-3.3601193691614464
-3.447780411880879
-3.535205079815556
-3.622389334656807
-3.709329231839364
-3.7960209239271077
-3.882460663898508
-3.9686448083285115
-4.0545698204637395
-4.140232273187951
-4.2256288518748475
-4.310756357125416
-4.395611707387047
-4.480191941451828
-4.56449422083158
-4.648515832007387
-4.732254188551444
-4.815706833119212
-4.898871439309997
-4.9817458133941885
-5.064327895905511
-5.146615763096709
-5.228607628257249
-5.310301842891809
-5.391696897758427
-5.472791423765271
-5.5535841927251095
-5.634074117966725
-5.7142602548026735
-5.794141800853082
-5.873718096225388
-5.952988623550083
-6.031953007872694
-6.11061101640243
-6.188962558118064
-6.267007683231775
-6.34474658251181
-6.422179586464935
-6.499307164379766
-6.576129923232181
-6.652648606454144
-6.7288640925673855
-6.804777393683531
-6.880389653872386
-6.955702147400276
-7.030716276840481
-7.105433571057931
-7.179855683070452
-7.253984387789005
-7.327821579639464
-7.401369270068574
-7.474629584936888
-7.547604761801547
-7.620297147091921
-7.692709193181268
-7.764843455357673
-7.836702588697602
-7.908289344845581
-7.979606568703634
-8.050657195034159
-8.121444244980058
-8.191970822505947
-8.262240110764328
-8.332255368390651
-8.402019925731349
-8.471537181009008
-8.540810596428953
-8.609843694231442
-8.678640052693664
-8.747203302085607
-8.815537120583953
-8.883645230148238
-8.951531392363497
-9.019199404253618
-9.08665309406968
-9.15389631705755
-9.220932951208885
-9.287766892999803
-9.354402053121474
-9.420842352206959
-9.487091716558545
-9.553154073879902
-9.619033349017393
-9.684733459714842
-9.750258312385974
-9.815611797908666
-9.880797787445239
-9.945820128292972
-10.010682639769051
-10.075389109134086
-10.139943287558275
-10.204348886134248
-10.268609571940623
-10.332728964160246
-10.396710630257012
-10.460558082215009
-10.524274772843649
-10.587864092152367
-10.651329363798405
-10.714673841611011
-10.777900706195192
-10.841013061618137
-10.904013932181295
-10.966906259281027
-11.02969289836083
-11.09237661595814
-11.154960086848698
-11.217445891291442
-11.279836512376798
-11.342134333481164
-11.40434163583023
-11.466460596173743
-11.528493284574193
-11.590441662311886
-11.652307579908804
-11.714092775273468
-11.775798871968771
-11.837427377604552
-11.898979682356565
-11.96045705761335
-12.02186065475237
-12.083191504046578
-12.144450513702434
-12.205638469030202
-12.266756031747189
-12.327803739414389
-12.388782005006856
-12.449691116617968
-12.510531237297512
-12.571302405023514
-12.632004532807555
-12.692637408933136
-12.753200697326589
-12.81369393805984
-12.874116547984256
-12.934467821494676
-12.994746931422581
-13.054952930057324
-13.115084750294143
-13.175141206907439
-13.235120997947744
-13.295022706260609
-13.354844801125395
-13.414585640011865
-13.474243470452421
-13.533816432027947
-13.593302558464913
-13.652699779841384
-13.712005924899643
-13.771218723463036
-13.830335808954686
-13.889354721015508
-13.948272908219039
-14.007087730880357
-14.065796463956346
-14.124396300034434
-14.182884352406802
-14.241257658226958
-14.299513181745441
-14.3576478176213
-14.415658394306023
-14.473541677496458
-14.531294373653212
-14.588913133580876
-14.646394556066314
-14.703735191571086
-14.760931545973962
-14.817980084359634
-14.874877234849807
-14.931619392472728
-14.988202923067222
-15.044624167217323
-15.100879444213394
-15.156965056035492
-15.212877291354761
-15.268612429548671
-15.324166744725918
-15.379536509756992
-15.434718000306479
-15.489707498863286
-15.544501298764803
-15.599095708211
-15.653487054264506
-15.707671686832814
-15.761645982628597
-15.815406349104268
-15.868949228356872
-15.922271100999428
-15.97536848999487
-16.02823796444871
-16.080876143356736
-16.13327969930413
-16.185445362112393
-16.237369922430393
-16.289050235266036
-16.340483223455198
-16.3916658810646
-16.44259527672552
-16.493268556895522
-16.543682949045355
-16.593835764768222
-16.64372440280861
-16.693346352007843
-16.742699194163585
-16.79178060680045
-16.840588365849165
-16.889120348231593
-16.93737453434914
-16.985349010471985
-17.03304197102664
-17.0804517207795
-17.127576676914366
-17.17441537100205
-17.22096645086011
-17.267228682301003
-17.31320095076682
-17.358882262848788
-17.404271747689783
-17.449368658268575
-17.494172372564485
-17.538682394601402
-17.58289835537024
-17.626820013629008
-17.670447256579784
-17.713780100422007
-17.756818690781323
-17.799563303013507
-17.842014342383074
-17.884172344116543
-17.926037973330388
-17.967612024833848
-18.00889542280681
-18.049889220352902
-18.09059459892797
-18.131012867643967
-18.17114546244833
-18.210993945179133
-18.25056000249655
-18.289845444691235
-18.32885220437036
-18.36758233502213
-18.406038009459774
-18.444221518146133
-18.482135267400064
-18.51978177748587
-18.557163680587376
-18.59428371866836
-18.631144741221345
-18.667749702906985
-18.70410166108662
-18.74020377325051
-18.776059294344346
-18.8116715739969
-18.847044053651725
-18.8821802636061
-18.917083819960478
-18.951758421481795
-18.986207846384016
-19.02043594902946
-19.054446656554372
-19.088243965422148
-19.12183193790764
-19.155214698516115
-19.188396430340358
-19.22138137135951
-19.25417381068328
-19.286778084745205
-19.319198573448684
-19.351439696269605
-19.383505908319332
-19.415401696371926
-19.447131574859295
-19.47870008183804
-19.510111774931712
-19.541371227252196
-19.572483023303956
-19.603451754875206
-19.634282016919823
-19.664978403433846
-19.69554550333015
-19.725987896314987
-19.756310148770265
-19.786516809645516
-19.816612406363898
-19.846601440746692
-19.87648838496062
-19.90627767749265
-19.935973719156973
-19.965580869139043
-19.995103441081593
-20.024545699217494
-20.05391185455417
-20.083206061114023
-20.11243241223519
-20.14159493693685
-20.17069759635316
-20.19974428023968
-20.228738803555924
-20.257684903127593
-20.28658623439213
-20.31544636823102
-20.344268787892073
-20.37305688600463
-20.401813961690433
-20.43054321777282
-20.459247758086573
-20.487930584890787
-20.516594596386877
-20.545242584343978
-20.57387723183353
-20.60250111107481
-20.631116681393078
-20.65972628729204
-20.688332156642186
-20.716936398986316
-20.745541003963552
-20.774147839852873
-20.802758652237202
-20.831375062788737
-20.859998568175882
-20.888630539091935
-20.917272219405476
-20.94592472543212
-20.974589045327377
-21.003266038600287
-21.031956435747503
-21.06066083800718
-21.089379717231964
-21.118113415880288
-21.146862147125404
-21.17562599508159
-21.20440491514705
-21.233198734463002
-21.262007152488422
-21.29082974168989
-21.319665948346113
-21.34851509346663
-21.377376373823893
-21.406248863097886
-21.435131513132404
-21.464023155301845
-21.492922501987323
-21.521828148160637
-21.550738573074426
-21.579652142057142
-21.60856710841145
-21.637481615414544
-21.66639369841866
-21.69530128705017
-21.724202207505613
-21.753094184942654
-21.781974845963788
-21.810841721190513
-21.83969224792557
-21.868523772900545
-21.897333555105917
-21.926118768700576
-21.954876505997703
-21.98360378052385
-22.012297530148118
-22.04095462027834
-22.069571847121097
-22.09814594100206
-22.12667356974319
-22.15515134209312
-22.183575811207362
-22.211943478174703
-22.24025079558615
-22.268494171142862
-22.296669971299536
-22.324774524939727
-22.352804127079565
-22.38075504259635
-22.408623509978383
-22.43640574509243
-22.46409794496492
-22.49169629157319
-22.51919695564297
-22.54659610044834
-22.573889885610384
-22.601074470890637
-22.628146019975873
-22.655100704250657
-22.681934706554188
-22.708644224917947
-22.73522547628079
-22.76167470017819
-22.787988162402343
-22.8141621586297
-22.840193018012798
-22.8660771067332
-22.89181083151246
-22.91739064307805
-22.942813039581267
-22.968074569963818
-22.993171837270296
-23.018101501903743
-23.042860284821614
-23.0674449706695
-23.09185241084984
-23.11607952652304
-23.140123311538733
-23.163980835295096
-23.187649245524316
-23.21112577100229
-23.234407724180816
-23.257492503740455
-23.280377597062174
-23.303060582615704
-23.32553913226275
-23.347811013473436
-23.369874091454594
-23.391726331188696
-23.413365799382266
-23.43479066632273
-23.455999207642638
-23.476989805990232
-23.497760952605265
-23.518311248798913
-23.538639407336607
-23.558744253722555
-23.57862472738464
-23.59827988275862
-23.61770889027048
-23.6369110372159
-23.65588572853591
-23.674632487487887
-23.693150956211188
-23.711440896187046
-23.729502188592424
-23.747334834547363
-23.764938955255534
-23.78231479203777
-23.799462706258456
-23.81638317914471
-23.83307681149819
-23.849544323299572
-23.86578655320594
-23.881804457941772
-23.897599111584245
-23.91317170474392
-23.928523543642033
-23.943656049085465
-23.958570755340563
-23.973269308906797
-23.987753467191713
-24.00202509708888
-24.016086173460653
-24.029938777527835
-24.04358509516823
-24.057027415126218
-24.070268127135424
-24.083309719956393
-24.096154779331332
-24.10880598585803
-24.12126611278504
-24.13353802373027
-24.145624670325137
-24.15752908978647
-24.169254402418463
-24.18080380904698
-24.192180588388627
-24.20338809435731
-24.214429753311098
-24.225309061242005
-24.236029580911467
-24.246594938934184
-24.257008822813194
-24.26727497792911
-24.277397204486224
-24.287379354418196
-24.29722532825588
-24.30693907195985
-24.316524573720162
-24.32598586072587
-24.335326995906545
-24.34455207464828
-24.35366522148644
-24.362670586777515
-24.371572343352288
-24.380374683152585
-24.38908181385384
-24.397697955475824
-24.406227336983935
-24.414674192883584
-24.423042759810503
-24.431337273119997
-24.439561963478045
-24.44772105345695
-24.45581875413834
-24.46385926172636
-24.4718467541739
-24.479785387824993
-24.48767929407669
-24.4955325760638
-24.503349305369742
-24.51113351876646
-24.518889214986107
-24.526620351527246
-24.534330841498193
-24.54202455050009
-24.549705293552197
-24.55737683206201
-24.565042870842806
-24.572707055181244
-24.58037296795769
-24.588044126821874
-24.59572398142632
-24.60341591071978
-24.611123220302776
-24.61884913984736
-24.626596820583163
-24.63436933285195
-24.64216966373272
-24.650000714739182
-24.657865299591524
-24.66576614206429
-24.673705873912017
-24.681687032874382
-24.689712060762506
-24.697783301627855
-24.705903000015102
-24.7140732993002
-24.722296240114932
-24.730573758859126
-24.738907686301562
-24.74729974627073
-24.75575155443659
-24.76426461718461
-24.772840330582998
-24.781479979443848
-24.79018473647901
-24.798955661551222
-24.807793701021414
-24.816699687192912
-24.82567433785346
-24.834718255915707
-24.84383192915684
-24.85301573005771
-24.862269915741937
-24.871594628015036
-24.880989893503628
-24.89045562389447
-24.899991616273045
-24.90959755356167
-24.919273005057196
-24.92901742706815
-24.93883016365118
-24.94871044744639
-24.958657400611035
-24.968670035850952
-24.97874725754912
-24.988887862990683
-24.999090543683767
-25.009353886775134
-25.019676376559463
-25.030056396080884
-25.04049222882526
-25.050982060501585
-25.061523980910952
-25.072115985901693
-25.082755979408976
-25.09344177557708
-25.104171100962535
-25.114941596816326
-25.125750821442924
-25.136596252633783
-25.147475290172796
-25.158385258411304
-25.169323408910262
-25.180286923146983
-25.191272915283893
-25.202278434996632
-25.21330047035875
-25.224335950780134
-25.23538174999638
-25.246434689106113
-25.257491539653333
-25.26854902675183
-25.279603832248544
-25.290652597923017
-25.301691928720036
-25.312718396012432
-25.3237285408909
-25.334718877477602
-25.34568589626028
-25.35662606744336
-25.367535844312332
-25.378411666607693
-25.389249963904664
-25.4000471589948
-25.410799671265696
-25.421503920075228
-25.43215632811675
-25.44275332477199
-25.453291349448566
-25.463766854899067
-25.47417631051866
-25.48451620561858
-25.494783052672805
-25.5049733905353
-25.515083787624892
-25.525110845075123
-25.53505119984641
-25.54490152779798
-25.55465854671721
-25.56431901930438
-25.573879756110788
-25.58333761842815
-25.592689521127173
-25.601932435443192
-25.611063391707123
-25.62007948202032
-25.62897786287221
-25.637755757699612
-25.64641045938666
-25.654939332704235
-25.663339816687714
-25.67160942695185
-25.67974575794148
-25.68774648511695
-25.695609367073136
-25.703332247590826
-25.71091305761931
-25.71834981718897
-25.725640637252756
-25.73278372145555
-25.73977736783019
-25.74661997041915
-25.753310020821036
-25.759846109661257
-25.766226927986004
-25.772451268578756
-25.778518027198523
-25.784426203739237
-25.790174903309413
-25.795763337231087
-25.801190823957008
-25.806456789905162
-25.811560770209702
-25.816502409387432
-25.821281461918865
-25.825897792742786
-25.830351377663284
-25.834642303668126
-25.838770769157357
-25.842737084081
-25.84654166998505
-25.850185059964822
-25.853667898524982
-25.856990941345494
-25.860155054952806
-25.86316121629594
-25.86601051222738
-25.868704138888607
-25.871243401000246
-25.873629711057024
-25.875864588427934
-25.877949658362045
-25.879886650900463
-25.88167739969501
-25.883323840734054
-25.884828010976097
-25.886192046891896
-25.887418182915955
-25.888508749808214
-25.88946617292672
-25.890292970412194
-25.890991751285757
-25.891565213461096
-25.89201614167229
-25.892347405318564
-25.8925619562275
-25.892662826338356
-25.89265312530728
-25.89253603803633
-25.89231482212836
-25.891992805269755
-25.89157338254285
-25.89106001366989
-25.890456220190547
-25.889765582574856
-25.888991737273333
-25.888138373706173
-25.887209231193683
-25.886208095829947
-25.885138797301497
-25.884005205652645
-25.882811227999245
-25.88156080519281
-25.88025790843685
-25.8789065358574
-25.877510709029796
-25.876074469463962
-25.874601875050562
-25.873096996470398
-25.87156391356962
-25.870006711703386
-25.86842947805076
-25.86683629790389
-25.86523125093453
-25.86361840744087
-25.86200182457785
-25.860385542574225
-25.858773580939786
-25.857169934666192
-25.855578570425
-25.8540034227664
-25.852448390322227
-25.85091733201671
-25.849414063288553
-25.847942352328094
-25.846505916333545
-25.84510841779036
-25.84375346077781
-25.842444587306975
-25.841185273694553
-25.839978926976816
-25.83882888136856
-25.83773839477175
-25.836710645338602
-25.83574872809385
-25.834855651620902
-25.834034334816582
-25.833287603719217
-25.83261818841496
-25.8320287200273
-25.831521727794783
-25.831099636241706
-25.830764762446368
-25.83051931341129
-25.830365383539434
-25.83030495222005
-25.83033988152761
-25.83047191403691
-25.830702670757123
-25.831033649187678
-25.831466221498577
-25.832001632837862
-25.83264099976876
-25.83338530883896
-25.83423541528413
-25.83519204186749
-25.836255777857392
-25.837427078144888
-25.838706262502942
-25.840093514988755
-25.84158888349032
-25.843192279418137
-25.844903477542662
-25.846722115977744
-25.84864769631017
-25.850679583875266
-25.85281700817814
-25.85505906345995
-25.857404709408375
-25.85985277201141
-25.862401944553515
-25.86505078875277
-25.86779773603769
-25.87064108896192
-25.87357902275517
-25.876609587008492
-25.87973070749206
-25.882940188103223
-25.886235712942327
-25.88961484851382
-25.893075046049947
-25.8966136439544
-25.90022787036327
-25.903914845820655
-25.907671586065906
-25.911495004929495
-25.915381917334347
-25.919329042399543
-25.92333300664325
-25.92739034728152
-25.931497515619558
-25.935650880532055
-25.939846732029
-25.944081284903067
-25.94835068245445
-25.952651000289084
-25.9569782501863
-25.961328384031848
-25.965697297812003
-25.97008083566445
-25.974474793981674
-25.978874925562454
-25.98327694380706
-25.987676526951592
-25.992069322336963
-25.996450950707985
-26.00081701053796
-26.005163082374086
-26.009484733198835
-26.01377752080251
-26.018036998162163
-26.02225871782227
-26.026438236272387
-26.030571118317287
-26.034652941435386
-26.038679300121235
-26.042645810208004
-26.04654811316593
-26.050381880372843
-26.05414281735293
-26.057826667979928
-26.061429218641056
-26.0649463023579
-26.06837380286044
-26.071707658610226
-26.074943866768766
-26.07807848710721
-26.08110764585334
-26.084027539471865
-26.086834438374044
-26.089524690552683
-26.092094725138654
-26.09454105587537
-26.096860284507787
-26.0990491040825
-26.101104302155736
-26.1030227639061
-26.10480147514915
-26.10643752525107
-26.107928109938516
-26.10927053400164
-26.11046221388739
-26.11150068017992
-26.112383579965243
-26.113108679077104
-26.1136738642212
-26.11407714497526
-26.114316655662638
-26.114390657097378
-26.114297538198347
-26.114035817470214
-26.1136041443491
-26.113001300411018
-26.112226200441146
-26.111277893362313
-26.11015556302101
-26.108858528829415
-26.10738624626208
-26.105738307206195
-26.10391444016446
-26.101914510310053
-26.099738519393327
-26.097386605499935
-26.094859042660232
-26.09215624031009
-26.089278742603426
-26.08622722757724
-26.083002506169947
-26.07960552109401
-26.076037345564004
-26.072299181881704
-26.068392359879795
-26.064318335225835
-26.060078687588373
-26.05567511866738
-26.05110945009156
-26.046383621185328
-26.041499686608347
-26.036459813870465
-26.031266280725163
-26.025921472444622
-26.020427878979746
-26.014788092008757
-26.009004801878206
-26.003080794440223
-25.99701894779008
-25.990822228908456
-25.984493690212815
-25.978036466022644
-25.971453768943263
-25.964748886173027
-25.957925175738694
-25.950986062663958
-25.943935035076095
-25.936775640255945
-25.929511480636478
-25.922146209755198
-25.914683528165625
-25.907127179312965
-25.899480945379167
-25.891748643102602
-25.88393411957793
-25.87604124804136
-25.86807392364662
-25.86003605923682
-25.851931581117327
-25.84376442483449
-25.83553853096504
-25.827257840920936
-25.81892629277442
-25.810547817107818
-25.802126332892527
-25.79366574340176
-25.785169932161693
-25.776642758945684
-25.768088055816264
-25.7595096232194
-25.750911226135543
-25.742296590291858
-25.733669398439844
-25.7250332867024
-25.716391840994532
-25.70774859352153
-25.69910701935848
-25.69047053311479
-25.681842485687042
-25.673226161103173
-25.664624773460815
-25.656041463962424
-25.64747929804986
-25.638941262640913
-25.63043026347026
-25.621949122537302
-25.61350057566338
-25.605087270160706
-25.59671176261517
-25.588376516784702
-25.58008390161461
-25.571836189371023
-25.563635553893473
-25.555484068967555
-25.547383706818604
-25.53933633672707
-25.53134372376581
-25.523407527659085
-25.51552930176288
-25.50771049216578
-25.499952436909634
-25.49225636532901
-25.484623397508553
-25.477054543857232
-25.469550704798362
-25.462112670574324
-25.454741121164968
-25.447436626318645
-25.440199645694715
-25.433030529116163
-25.425929516930974
-25.418896740481042
-25.411932222677162
-25.405035878678543
-25.39820751667531
-25.391446838772506
-25.384753441973967
-25.378126819264477
-25.371566360788616
-25.365071355124538
-25.358640990650823
-25.352274357004884
-25.34597044663138
-25.339728156418825
-25.33354628942268
-25.32742355667318
-25.32135857906567
-25.31534988933114
-25.309395934084304
-25.303495075946497
-25.297645595740587
-25.291845694755178
-25.286093497075253
-25.280387051976273
-25.274724336378792
-25.269103257360538
-25.263521654723146
-25.25797730361054
-25.25246791717603
-25.246991149295493
-25.241544597323692
-25.236125804890516
-25.2307322647338
-25.225361421565534
-25.22001067496822
-25.21467738231814
-25.209358861732678
-25.20405239503867
-25.198755230758902
-25.193464587113876
-25.188177655035897
-25.18289160119252
-25.177603571016274
-25.17231069173746
-25.16701007541712
-25.16169882197732
-25.156374022226228
-25.15103276087549
-25.14567211954755
-25.140289179770402
-25.13488102595758
-25.129444748371096
-25.123977446065307
-25.11847622980994
-25.112938224990668
-25.107360574485593
-25.101740441516025
-25.096075012470006
-25.090361499697277
-25.084597144274138
-25.07877921873671
-25.072905029780852
-25.06697192092687
-25.06097727514702
-25.054918517453782
-25.048793117446873
-25.042598591816922
-25.036332506803998
-25.029992480609334
-25.02357618575851
-25.017081351414557
-25.010505765639774
-25.003847277605157
-24.99710379974638
-24.990273309865128
-24.983353853174517
-24.976343544287257
-24.96924056914497
-24.962043186887026
-24.954749731657298
-24.94735861434719
-24.939868324273302
-24.932277430787902
-24.924584584820618
-24.916788520349765
-24.90888805580175
-24.90088209537731
-24.892769630303345
-24.884549740009216
-24.87622159322623
-24.867784449009175
-24.859237657678957
-24.850580661685708
-24.841812996391806
-24.8329342907742
-24.823944268045434
-24.814842746192678
-24.80562963843408
-24.796304953591882
-24.786868796382063
-24.777321367620512
-24.76766296434587
-24.75789397985923
-24.748014903680794
-24.738026321423543
-24.72792891458425
-24.7177234602521
-24.70741083073528
-24.696991993106135
-24.686468008665454
-24.675840032326615
-24.665109311920386
-24.65427718742117
-24.64334509009549
-24.632314541573717
-24.621187152846144
-24.60996462318445
-24.59864873898945
-24.587241372566066
-24.57574448082647
-24.56416010392223
-24.552490363805983
-24.54073746272297
-24.52890368163261
-24.516991378560387
-24.50500298688024
-24.492941013527705
-24.480808037144122
-24.468606706152222
-24.45633973676339
-24.44400991091654
-24.431620074148718
-24.419173133397486
-24.40667205473536
-24.394119861036692
-24.38151962957766
-24.36887448956997
-24.356187619629274
-24.343462245179772
-24.330701635796423
-24.317909102486162
-24.305087994909535
-24.292241698544323
-24.279373631792843
-24.26648724303481
-24.253586007627852
-24.24067342485801
-24.227753014842982
-24.214828315391138
-24.201902878819418
-24.188980268733637
-24.176064056775026
-24.16315781933681
-24.150265134254816
-24.13738957747622
-24.12453471971059
-24.111704123067305
-24.09890133768362
-24.086129898347444
-24.073393321118935
-24.06069509995492
-24.048038703339834
-24.03542757092682
-24.02286511019252
-24.010354693109228
-23.997899652838207
-23.98550328044802
-23.97316882166185
-23.960899473637532
-23.948698381784133
-23.936568636618567
-23.92451327066575
-23.912535255405736
-23.900637498271116
-23.888822839698115
-23.877094050234625
-23.865453827708528
-23.853904794459474
-23.842449494637258
-23.83109039156991
-23.819829865204547
-23.808670209624232
-23.79761363064417
-23.78666224349049
-23.77581807056469
-23.76508303929665
-23.754458980088906
-23.743947624354853
-23.733550602653217
-23.723269442921172
-23.713105568808224
-23.703060298112852
-23.693134841323847
-23.683330300268203
-23.673647666867502
-23.664087822004653
-23.65465153450267
-23.645339460216967
-23.63615214124257
-23.6270900052375
-23.618153364863524
-23.609342417345367
-23.60065724414931
-23.592097810781773
-23.58366396670825
-23.575355445392766
-23.56717186445791
-23.559112725965285
-23.551177416815896
-23.54336520927
-23.53567526158556
-23.52810661877438
-23.520658213474995
-23.51332886694137
-23.506117290146385
-23.499022084999233
-23.4920417456756
-23.48517466005938
-23.47841911129472
-23.471773279447085
-23.46523524327184
-23.45880298208879
-23.452474377761085
-23.446247216776776
-23.440119192431375
-23.434087907109863
-23.42815087466635
-23.4223055228995
-23.41654919612173
-23.410879157820368
-23.405292593408795
-23.399786613065253
-23.3943582546569
-23.38900448674655
-23.383722211679093
-23.378508268744575
-23.373359437414813
-23.368272440650195
-23.363243948273144
-23.358270580404298
-23.353348910957397
-23.34847547118888
-23.343646753298106
-23.338859214074166
-23.334109278585192
-23.329393343905924
-23.324707782879205
-23.320048947907157
-23.31541317476753
-23.310796786450727
-23.306196097013174
-23.301607415442977
-23.29702704953367
-23.292451309761947
-23.287876513165248
-23.283298987215336
-23.27871507368376
-23.274121132495015
-23.26951354556316
-23.264888720607576
-23.26024309494368
-23.25557313924428
-23.250875361267294
-23.246146309545498
-23.241382577033637
-23.236580804708172
-23.23173768511474
-23.226849965858452
-23.221914453031918
-23.216928014576002
-23.211887583568416
-23.206790161435425
-23.20163282108202
-23.196412709935903
-23.19112705290097
-23.185773155216044
-23.18034840521476
-23.174850276982898
-23.169276332909778
-23.16362422613061
-23.157891702856848
-23.152076604591986
-23.146176870230665
-23.14019053803897
-23.13411574751395
-23.127950741120447
-23.121693865903513
-23.11534357497492
-23.108898428872397
-23.102357096790758
-23.095718357684223
-23.08898110123936
-23.082144328718062
-23.07520715367038
-23.06816880251718
-23.061028615002858
-23.05378604451825
-23.046440658294177
-23.038992137466085
-23.031440277010393
-23.02378498555318
-23.016026285051982
-23.008164310351606
-23.000199308615056
-22.992131638630827
-22.983961769997894
-22.975690282189806
-22.96731786349945
-22.958845309866195
-22.950273523587175
-22.941603511914582
-22.932836385541084
-22.92397335697571
-22.915015738812645
-22.905964941895395
-22.896822473379093
-22.88758993469374
-22.87826901941138
-22.868861511020487
-22.859369280610895
-22.849794284472683
-22.84013856161248
-22.8304042311908
-22.820593489884278
-22.81070860917696
-22.80075193258482
-22.790725872817735
-22.780632908883167
-22.770475583135454
-22.760256498274504
-22.749978314297625
-22.739643745408234
-22.729255556885324
-22.718816561917624
-22.708329618406243
-22.697797625739685
-22.687223521545054
-22.67661027841918
-22.66596090064336
-22.655278420885157
-22.644565896890516
-22.633826408169245
-22.623063052676702
-22.61227894349408
-22.60147720550957
-22.59066097210273
-22.579833381834266
-22.568997575143545
-22.55815669105583
-22.547313863901497
-22.536472220049532
-22.525634874657655
-22.514804928441336
-22.503985464464037
-22.493179544951047
-22.482390208129672
-22.471620465098496
-22.46087329672845
-22.450151650598443
-22.43945843796844
-22.428796530793008
-22.418168758778066
-22.40757790648358
-22.397026710474975
-22.38651785652594
-22.37605397687527
-22.36563764754014
-22.355271385687857
-22.344957647067943
-22.334698823506457
-22.324497240464396
-22.314355154661982
-22.30427475177045
-22.294258144173156
-22.284307368797485
-22.274424385019174
-22.26461107264062
-22.25486922994456
-22.245200571824242
-22.235606727991083
-22.226089241260937
-22.21664956591998
-22.207289066170986
-22.19800901466094
-22.188810591091013
-22.17969488091005
-22.170662874092713
-22.16171546400365
-22.15285344634914
-22.144077518217742
-22.135388277210907
-22.126786220664783
-22.11827174496419
-22.10984514495003
-22.101506613421336
-22.093256240733226
-22.0850940144921
-22.07701981934939
-22.069033436894884
-22.061134545650745
-22.05332272116705
-22.045597436219836
-22.037958061112377
-22.0304038640801
-22.02293401179945
-22.01554757000069
-22.00824350418425
-22.001020680440135
-21.99387786636997
-21.986813732110974
-21.979826851461283
-21.97291570310567
-21.96607867194048
-21.95931405049653
-21.952620040458825
-21.9459947542815
-21.939436216896453
-21.932942367513803
-21.926511061512414
-21.92014007241859
-21.91382709397088
-21.907569742268933
-21.901365558003974
-21.895212008768524
-21.889106491443087
-21.88304633465735
-21.877028801323362
-21.87105109123796
-21.865110343751596
-21.859203640500553
-21.85332800819957
-21.847480421491824
-21.84165780585336
-21.835857040548788
-21.83007496163499
-21.824308365009397
-21.81855400949966
-21.81280861999097
-21.807068890587356
-21.80133148780352
-21.795593053783715
-21.789850209544266
-21.78409955823643
-21.778337688426443
-21.772561177389388
-21.76676659441365
-21.76095050411295
-21.75510946974303
-21.74924005651989
-21.743338834936548
-21.737402384074823
-21.731427294909064
-21.725410173598572
-21.719347644765616
-21.713236354756088
-21.707072974880116
-21.70085420463003
-21.69457677487291
-21.688237451015038
-21.68183303613544
-21.675360374085738
-21.668816352553403
-21.66219790608569
-21.655502019071474
-21.64872572867814
-21.64186612774078
-21.634920367601023
-21.627885660893167
-21.620759284275305
-21.613538581103153
-21.606220964044336
-21.598803917630686
-21.591285000746023
-21.583661849046972
-21.575932177314694
-21.56809378173538
-21.560144542107604
-21.55208242397448
-21.543905480678642
-21.53561185533827
-21.52719978274261
-21.518667591165137
-21.51001370409251
-21.501236641867404
-21.492335023243225
-21.48330756684886
-21.474153092561647
-21.464870522786907
-21.45545888364266
-21.44591730604817
-21.436245026714953
-21.426441389038796
-21.416505843891525
-21.406437950311453
-21.396237376091346
-21.385903898262693
-21.375437403474944
-21.36483788826835
-21.354105459239076
-21.34324033309552
-21.332242836604802
-21.321113406428378
-21.30985258884591
-21.298461039366725
-21.286939522228305
-21.275288909781306
-21.263510181760704
-21.251604424442927
-21.23957282968909
-21.227416693874982
-21.215137416708654
-21.202736499936815
-21.190215545941452
-21.177576256228416
-21.164820429809804
-21.15194996148203
-21.138966840001626
-21.125873146161023
-21.112671050766533
-21.099362812520848
-21.08595077581243
-21.072437368414125
-21.05882509909319
-21.04511655513509
-21.03131439978342
-21.017421369598658
-21.003440271738164
-20.989373981160277
-20.97522543775532
-20.96099764340645
-20.946693658983243
-20.932316601270806
-20.917869639837086
-20.903355993841394
-20.888778928787254
-20.874141753222553
-20.859447815390247
-20.844700499832847
-20.829903223954126
-20.815059434541958
-20.80017260425644
-20.785246228087495
-20.77028381978611
-20.755288908273577
-20.740265034033065
-20.725215745487965
-20.71014459537171
-20.69505513709388
-20.67995092110744
-20.664835491281657
-20.64971238128482
-20.634585110980687
-20.61945718284219
-20.604332078386115
-20.58921325463232
-20.574104140590983
-20.55900813378131
-20.54392859678527
-20.52886885383993
-20.513832187472055
-20.498821835178497
-20.48384098615586
-20.468892778082655
-20.453980293957223
-20.439106558994844
-20.424274537587173
-20.409487130327427
-20.394747171104605
-20.38005742426987
-20.365420581878347
-20.35083926100956
-20.33631600116974
-20.321853261778735
-20.307453419744355
-20.29311876712692
-20.278851508896544
-20.264653760785656
-20.250527547238992
-20.23647479946334
-20.22249735357909
-20.208596948875314
-20.194775226170183
-20.18103372627832
-20.167373888586443
-20.153797049738447
-20.14030444243068
-20.126897194317994
-20.113576327031073
-20.100342755305153
-20.08719728622015
-20.074140618552068
-20.06117334223575
-20.048295937939063
-20.035508776748546
-20.022812119966265
-20.010206119017457
-19.99769081546862
-19.985266141155453
-19.97293191842005
-19.960687860456378
-19.94853357176314
-19.93646854870281
-19.92449218016586
-19.912603748339027
-19.90080242957635
-19.889087295371557
-19.87745731343043
-19.86591134884191
-19.8544481653469
-19.84306642670379
-19.831764698149758
-19.82054144795686
-19.80939504908193
-19.798323780909104
-19.787325831083738
-19.776399297436544
-19.765542189996527
-19.754752433091316
-19.744027867533337
-19.733366252889827
-19.72276526983467
-19.712222522579854
-19.701735541384128
-19.691301785136492
-19.680918644011914
-19.67058344219649
-19.660293440679173
-19.650045840107087
-19.639837783701555
-19.62966636023177
-19.6195286070429
-19.609421513135235
-19.599342022291015
-19.58928703624537
-19.579253417897892
-19.569237994561153
-19.559237561242615
-19.54924888395644
-19.539268703061683
-19.529293736623178
-19.51932068379151
-19.50934622819847
-19.499367041364312
-19.489379786113208
-19.47938111999338
-19.469367698698424
-19.45933617948643
-19.44928322459356
-19.439205504638526
-19.429099702014472
-19.41896251426451
-19.408790657437212
-19.39858086941857
-19.38832991323699
-19.378034580337843
-19.36769169382413
-19.35729811165996
-19.346850729833623
-19.33634648547724
-19.32578235993987
-19.315155381811085
-19.304462629892104
-19.293701236111534
-19.282868388382955
-19.27196133340161
-19.260977379377636
-19.24991389870317
-19.238768330550954
-19.227538183402345
-19.21622103750292
-19.20481454724404
-19.193316443468774
-19.18172453570068
-19.170036714294298
-19.158250952506194
-19.146365308485656
-19.134377927184033
-19.122287042181796
-19.11009097743235
-19.09778814892141
-19.085377066240795
-19.07285633407551
-19.060224653602972
-19.04748082380354
-19.03462374268142
-19.02165240839534
-19.008565920298366
-18.99536347988615
-18.982044391653147
-18.96860806385601
-18.955054009183414
-18.941381845331506
-18.927591295484206
-18.913682188697607
-18.899654460187634
-18.8855081515201
-18.87124341070222
-18.85686049217466
-18.84235975670336
-18.827741671170514
-18.813006808264248
-18.798155846066436
-18.7831895675383
-18.76810885990352
-18.75291471392876
-18.737608223101546
-18.72219058270568
-18.70666308879464
-18.6910271370636
-18.6752842216207
-18.65943593365867
-18.64348396002771
-18.627430081710912
-18.61127617220353
-18.595024195797578
-18.57867620577352
-18.56223434250117
-18.545700831452024
-18.529077981125283
-18.512368180890235
-18.49557389874778
-18.478697679014147
-18.461742139929896
-18.444709971197483
-18.427603931451017
-18.410426845661817
-18.393181602483338
-18.3758711515392
-18.358498500658087
-18.341066713059277
-18.323578904492663
-18.30603824033703
-18.28844793266022
-18.270811237244587
-18.253131450581108
-18.235411906835182
-18.217655974786922
-18.19986705474868
-18.18204857546256
-18.164203990980653
-18.14633677753072
-18.128450430370023
-18.110548460630028
-18.09263439215492
-18.074711758336875
-18.056784098951038
-18.038854956993145
-18.0209278755227
-18.00300639451454
-17.98509404772174
-17.967194359552717
-17.94931084196544
-17.931446991381744
-17.91360628562462
-17.895792180881198
-17.878008108694228
-17.86025747298491
-17.842543647110045
-17.82486997095641
-17.80723974807496
-17.789656242857728
-17.772122677759892
-17.754642230569242
-17.73721803172523
-17.71985316168971
-17.70255064837121
-17.685313464604572
-17.66814452568769
-17.651046686977278
-17.63402274154529
-17.617075417897833
-17.60020737775829
-17.583421213916235
-17.566719448143512
-17.55010452917875
-17.53357883078152
-17.517144649857155
-17.50080420465306
-17.4845596330274
-17.468412990791105
-17.452366250124154
-17.436421298067042
-17.420579935088593
-17.40484387373132
-17.389214737335518
-17.373694058843054
-17.35828327968164
-17.34298374873023
-17.327796721366095
-17.312723358594152
-17.297764726258972
-17.282921794339867
-17.268195436329332
-17.253586428695368
-17.239095450428263
-17.224723082672224
-17.21046980844204
-17.19633601242492
-17.182321980867666
-17.168427901549162
-17.154653863838202
-17.14099985883686
-17.127465779609604
-17.114051421498328
-17.10075648252315
-17.08758056386885
-17.074523170456654
-17.061583711601042
-17.048761501751454
-17.036055761318533
-17.02346561758453
-17.010990105697328
-16.99862816974736
-16.986378663926683
-16.97424035376947
-16.96221191747311
-16.950291947299075
-16.938478951052797
-16.926771353641595
-16.915167498709746
-16.903665650349875
-16.892263994889742
-16.880960642753433
-16.869753630395774
-16.85864092230842
-16.847620413095807
-16.83668992961911
-16.825847233206
-16.815090021923805
-16.804415932913553
-16.79382254478251
-16.783307380052587
-16.77286790766193
-16.762501545516848
-16.752205663091225
-16.741977584070618
-16.731814589038358
-16.72171391820087
-16.711672774149214
-16.70168832465371
-16.691757705488563
-16.681878023283367
-16.672046358398326
-16.662259767820025
-16.65251528807466
-16.642809938155587
-16.633140722462322
-16.62350463374836
-16.6138986560751
-16.604319767769347
-16.594764944381815
-16.585231161643925
-16.575715398420193
-16.566214639653687
-16.5567258793021
-16.547246123262234
-16.53777239228055
-16.52830172484739
-16.518831180072347
-16.50935784053849
-16.499878815132952
-16.49039124185152
-16.48089229057465
-16.471379165812415
-16.46184910941583
-16.45229940325195
-16.442727371840085
-16.433130384946516
-16.423505860135016
-16.41385126527053
-16.404164120973213
-16.39444200302018
-16.384682544692375
-16.37488343906407
-16.36504244123251
-16.355157370485394
-16.34522611240397
-16.335246620899376
-16.325216920179948
-16.315135106647297
-16.304999350718965
-16.294807898575648
-16.28455907383104
-16.274251279122403
-16.263882997620122
-16.25345279445461
-16.242959318058915
-16.232401301425647
-16.221777563277037
-16.211087009147057
