0.8739135979521512
0.926235235115496
0.9797059517767858
1.0343331995232397
1.0901239257003488
1.1470845683480766
1.2052210515610944
1.2645387812770528
1.3250426414964767
1.3867369909374538
1.4496256601278419
1.5137119489373019
1.5789986245510117
1.645487919886465
1.7131815324543216
1.7820806236638456
1.8521858185730102
1.923497206082903
1.9960143395756025
2.06973623799425
2.1446613873636013
2.2207877427489002
2.29811273065047
2.3766332518309854
2.4563456845719407
2.537245888355388
2.619329207966603
2.702590478012925
2.78702402785359
2.8726236869349435
2.9593827905249808
3.047294185840742
3.1363502385617195
3.2265428397220024
3.3178634129735287
3.4103029222124404
3.5038518795601763
3.5985003536905786
3.6942379784939594
3.7910539620687524
3.888937096031037
3.9878757651319012
4.087857957172302
4.18887127320481
4.290902938011302
4.393939810845396
4.497968396428131
4.602974856185213
4.708945019713885
4.815864396467277
4.923718187643866
5.032491298269472
5.142168349459037
5.252733690845242
5.364171413160928
5.47646536096212
5.589599145478378
5.703556157577052
5.818319580827937
5.933872404654869
6.050197437560675
6.1672773204119045
6.285094539769786
6.403631441253857
6.52287024292481
6.642793048673134
6.763381861600217
6.884618597378599
7.00648509757823
7.1289631429457305
7.252034466623722
7.375680767297413
7.499883722255735
7.624625000354495
7.7498862748692865
7.875649236226036
8.00189560459725
8.128607142352235
8.255765666349879
8.383353060062829
8.511351285522231
8.63974239507241
8.768508542925282
8.897631996504671
9.027095147571004
9.156880523117232
9.2869707960271
9.417348795487273
9.547997517145221
9.678900133005076
9.81004000105408
9.941400674612627
10.072965911401244
10.204719682318288
10.336646179922473
10.468729826614867
10.60095528251532
10.73330745302882
10.86577149609763
10.998332829135556
11.13097713564111
11.263690371486852
11.396458770882782
11.529268852012047
11.662107422337678
11.794961583579502
11.9278187363607
12.06066658452401
12.19349313911793
12.326286722053563
12.459035969433085
12.591729834551073
12.724357590570447
12.856908832875133
12.989373481101891
13.121741780854165
13.254004305101176
13.386151955265703
13.518175962004293
13.650067885684011
13.781819616560158
13.913423374659788
14.044871709376126
14.176157498779151
14.307273948647808
14.438214591229457
14.568973283732436
14.69954420655785
14.829921861276807
14.96010106835954
15.090076964662833
15.219845000682545
15.349400937578189
15.478740843976688
15.607861092562622
15.736758356462424
15.865429605430032
15.99387210184157
16.12208339650665
16.250061324303953
16.37780399964873
16.5053098118
16.632577420015206
16.75960574856013
16.886393981581886
17.012941557852667
17.13924816539176
17.26531373597328
17.391138439527055
17.516722678439947
17.642067081765006
17.767172499345733
17.892039995862703
18.016670844809667
18.14106652240632
18.265228701454674
18.38915924514581
18.512860200823585
18.636333793711973
18.759582420612407
18.882608643577516
19.005415183567482
19.128004914095346
19.250380854867604
19.372546165426336
19.494504138798867
19.616258195160803
19.737811875518155
19.859168835414145
19.98033283866618
20.101307751138442
20.222097534555523
20.34270624036221
20.463138003634295
20.583397037045184
20.703487624893054
20.82341411719295
20.94318092383781
21.062792508832157
21.182253384601946
21.301568106383936
21.420741266697572
21.539777489902235
21.658681426842747
21.777457749585977
21.896111146251286
22.0146463159372
22.133067963746726
22.25138079591369
22.36958951503209
22.48769881538996
22.605713378409067
22.723637868191535
22.84147692717463
22.95923517189465
23.07691718886085
23.194527530540118
23.31207071145295
23.4295512043812
23.54697343668818
23.664341786751496
23.78166058050912
23.898934088118985
24.01616652073256
24.133362027382738
24.25052469198625
24.367658530460808
24.484767487957022
24.601855436205035
24.718926170975784
24.83598340965686
24.953030788942794
25.070071862639548
25.187110099582736
25.304148881669004
25.421191501999612
25.538241163135137
25.65530097545992
25.77237395565508
25.889463025278943
26.006571009453822
26.123700635657926
26.240854532620787
26.358035229320635
26.475245154082344
26.592486633774726
26.709761893105863
26.82707305401543
26.944422135163013
27.06181105151153
27.179241614004997
27.29671552933998
27.41423439982997
27.531799723361775
27.64941289344309
27.7670751993402
27.88478782630488
28.00255185588903
28.12036826634587
28.238237933116203
28.356161629398308
28.47414002679991
28.59217369607071
28.710263107913782
28.828408633873828
28.946610547300562
29.064869024385526
29.183184145270555
29.301555895226354
29.419984165899844
29.538468756628728
29.657009375821612
29.775605642401953
29.894257087314084
30.01296315508958
30.131723205471985
30.250536515098048
30.369402279233356
30.48831961356055
30.60728755601815
30.726305068687907
30.845371039728803
30.96448428535581
31.083643551861517
31.202847517678865
31.322094795483086
31.44138393433096
31.560713421835434
31.680081686373544
31.79948709932552
31.91892797734275
32.03840258464238
32.1579091353263
32.27744579572212
32.397010686743506
32.5166018862675
32.63621743152664
32.75585532151394
32.875513519399085
32.99518995495374
33.114882526984225
33.23458910576955
33.35430753550259
33.47403563673263
33.593771208807006
33.713512032309644
33.83325587149378
33.95300047670604
34.072743586799206
34.1924829315315
34.31221623395042
34.43194121275933
34.551655584664374
34.67135706669934
34.79104337852574
34.910712244705635
35.03036139694434
35.14998857630037
35.26959153536002
35.38916804037417
35.508715873355314
35.62823283413316
35.74771674236764
35.867165439518075
35.98657679076727
36.10594868689968
36.225279046131945
36.34456581589455
36.46380697456288
36.583000533135866
36.70214453685997
36.82123706679652
36.94027624133064
37.05926021761993
37.17818719298108
37.29705540621253
37.41586313885133
37.534608716362776
37.653290509261204
37.77190693416022
37.890456454750925
38.0089375827068
38.12734887851368
38.2456889522231
38.363956464127305
38.4821501253543
38.600268698381704
38.718310997468244
38.83627588900176
38.954162291762685
39.07196917710249
39.189695569036616
39.30734054425139
39.42490323202415
39.542382814055856
39.659778524215625
39.77708964819735
39.894315523089034
40.011455536856346
40.12850912774209
40.24547578358349
40.36235504104852
40.47914648479312
40.59584974654129
40.71246450409009
40.8289904802414
40.945427441662076
41.061775197673995
41.178033598975645
41.29420253629715
41.410281938990494
41.52627177355694
41.642172042113636
41.757982780801036
41.87370405813315
41.98933597329242
42.10487865437151
42.220332256564554
42.335696960310464
42.45097296939188
42.56616050899252
42.68125982371604
42.796271175569565
42.911194841915496
43.02603111339537
43.14078029182944
43.255442688096004
43.370018619994234
43.484508410094385
43.598912383579695
43.713230866084054
43.82746418152934
43.94161264996578
44.05567658541853
44.16965629374361
44.283552070495986
44.39736419881301
44.511092947316044
44.62473856803318
44.7383012943461
44.85178133896453
44.96517889193176
45.07849411866481
45.191727158032776
45.30487812047663
45.4179470861735
45.53093410324804
45.64383918603316
45.756662313382364
45.86940342703694
45.982062430051016
46.094639185277785
46.207133513920596
46.3195451941521
46.43187395980492
46.5441194991369
46.65628145367394
46.76835941713277
46.880352934424984
46.99226150074349
47.10408456073224
47.215821507740195
47.32747168316029
47.43903437585447
47.55050882166562
47.66189420301725
47.77318964860131
47.8843942331544
47.99550697732217
48.106526847612194
48.217452756435414
48.32828356223637
48.43901806971228
48.549655030120725
48.6601931416759
48.77063105003287
48.880967348859365
48.9912005804947
49.101329236695896
49.21135175947051
49.321266541995264
49.4310719296202
49.54076622095795
49.65034766905768
49.75981448266327
49.86916482755447
49.97839682796973
50.087508568109115
50.19649809371481
50.305363413726525
50.41410250200926
50.522713299150894
50.631193714327026
50.73954162723027
50.84775489006091
50.95583132957586
51.063768749192604
51.171564931145156
51.27921763868807
51.38672461834511
51.49408360219883
51.60129231021671
51.708348452609926
51.81524973222099
51.92199384693629
52.02857849211938
52.1350013630613
52.241260157444295
52.34735257781558
52.45327633406743
52.55902914591997
52.66460874540241
52.770012879328824
52.87523931176464
52.98028582648056
53.08515022939083
53.18983035097239
53.294324048662425
53.398629209231906
53.502743751133046
53.60666562681781
53.71039282502523
53.813923373035045
53.91725533888502
54.02038683354966
54.123316013078075
54.226041080688965
54.328560288820206
54.43087194113071
54.53297439445278
54.634866060693426
54.73654540868314
54.838010965970184
54.93926132055846
55.040295122586954
55.14111108594905
55.241707989850354
55.34208468030364
55.442240071559425
55.54217314747122
55.641882962794696
55.74136864441995
55.84062939253603
55.93966448172712
56.038473261999926
56.13705515974233
56.235409678613635
56.333536400366214
56.43143498559864
56.52910517444015
56.62654678716639
56.72375972474636
56.82074396931986
56.91749958460533
57.01402671623739
57.11032559203314
57.206396522187184
57.30223989939466
57.39785619890235
57.4932459784882
57.58840987836921
57.68334862103833
57.77806301103052
57.8725539346187
57.96682235944021
58.06086933405444
58.15469598743268
58.24830352838162
58.341693244901386
58.43486650347895
58.52782474831778
58.620569500505006
58.71310235711794
58.80542499027168
58.89753914610977
58.98944664373934
59.0811493741119
59.17264929885076
59.26394844902657
59.35504892388272
59.4459528895118
59.53666257748486
59.62718028343457
59.717508365593375
59.80764924328807
59.89760539539233
59.98737935873916
60.07697372649491
60.16639114649641
60.25563431955234
60.34470599771069
60.43360898249378
60.522346123102494
60.6109203145908
60.69933449601231
60.78759164854043
60.87569479356344
60.963646990755734
61.05145133612561
61.139110960040426
61.2266290252297
61.31400872476692
61.40125328003146
61.488365938652386
61.57534997243645
61.66220867528248
61.74894536108483
61.83556336162852
61.92206602447792
62.00845671086066
62.09473879354804
62.18091565473234
62.26699068390119
62.35296727570873
62.43884882784355
62.52463873889358
62.6103404062084
62.69595722375974
62.78149258000091
62.86694985572647
62.95233242193283
63.03764363768065
63.12288684796008
63.20806538156038
63.293182548945346
63.3782416401364
63.4632459226053
63.54819863917861
63.63310300595616
63.71796221024543
63.80277940851401
63.887557724362054
63.972300246516156
64.05701002684638
64.14169007840802
64.22634337351029
64.31097284181435
64.39558136846209
64.48017179223784
64.56474690376466
64.64930944373678
64.73386210118967
64.81840751180856
64.90294825627659
64.98748685866404
65.07202578485997
65.15656744104824
65.24111417223001
65.32566826079606
65.41023192515256
65.49480731840445
65.57939652710046
65.66400157004328
65.74862439716877
65.83326688849648
65.91793085315474
66.00261802848318
66.08733007921545
66.17206859674398
66.25683509846851
66.34163102723005
66.42645775083156
66.51131656164637
66.59620867631486
66.68113523553029
66.7660973039142
66.85109586998135
66.9361318461938
67.02120606910375
67.10631929958492
67.19147222315155
67.27666545036442
67.36189951732302
67.44717488624354
67.53249194612243
67.61785101348534
67.70325233322052
67.78869607949645
67.87418235676313
67.95971120083578
68.04528258005979
68.1308963965559
68.21655248754536
68.30225062675385
68.38799052589303
68.47377183621842
68.55959415016099
68.64545700303091
68.73135987479128
68.81730219189927
68.90328332921075
68.98930261194351
69.07535931769365
69.16145267849964
69.24758188294885
69.33374607832172
69.4199443727681
69.50617583751023
69.59243950906784
69.67873439150094
69.76505945866563
69.8514136564794
69.93779590519148
70.02420510165564
70.11064012160205
70.19709982190602
70.28358304285155
70.37008861038782
70.45661533837676
70.5431620308291
70.62972748412643
70.71631048922679
70.80290983385079
70.889524304646
70.97615268932624
71.06279377878322
71.14944636916779
71.23610926393827
71.32278127587291
71.40946122904315
71.49614796074412
71.58284032337862
71.66953718629021
71.75623743754092
71.84293998562761
71.92964376113152
72.01634771829471
72.10305083651777
72.18975212177277
72.27645060792709
72.36314535797358
72.4498354651633
72.53652005403622
72.62319828134476
72.70986933686568
72.79653244409549
72.88318686082546
72.96983187959263
73.05646682800473
73.14309106893775
73.22970400060554
73.31630505650055
73.40289370520482
73.48946945007033
73.57603182876808
73.66258041270574
73.74911480631404
73.83563464620279
73.92213960018769
74.00862936618985
74.09510367101014
74.1815622689805
74.2680049404948
74.35443149042324
74.44084174641485
74.52723555709254
74.6136127901453
74.6999733303223
74.78631707733366
74.87264394366316
74.9589538522982
75.0452467343825
75.13152252679659
75.21778116967057
75.30402260383399
75.3902467682063
75.4764535971329
75.56264301767085
75.64881494682864
75.73496928876416
75.82110593194518
75.9072247462761
75.99332558019474
76.0794082577424
76.16547257561054
76.25151830016712
76.33754516446636
76.42355286524567
76.50954105991384
76.5955093635343
76.68145734580749
76.76738452805746
76.85329038022788
76.93917431789323
77.02503569929213
77.11087382238834
77.1966879219661
77.28247716676613
77.3682406566681
77.45397741992527
77.53968641045692
77.62536650520437
77.71101650155592
77.7966351148477
77.88222097594743
77.96777262892883
78.05328852884381
78.13876703959917
78.22420643194513
78.30960488158277
78.39496046739757
78.48027116982641
78.56553486936556
78.65074934522633
78.73591227414508
78.82102122935427
78.90607367972117
78.99106698905982
79.07599841562066
79.16086511176215
79.24566412380906
79.33039239210208
79.41504675124278
79.49962393053792
79.5841205546462
79.66853314443014
79.75285811801493
79.83709179205582
79.92123038321424
80.00527000984206
80.08920669387325
80.17303636292101
80.25675485257713
80.3403579089098
80.42384119115647
80.50720027460895
80.59043065368755
80.67352774520108
80.75648689178931
80.83930336554417
80.92197237180594
81.00448905313019
81.08684849342032
81.16904572221935
81.25107571915382
81.33293341852206
81.41461371401871
81.49611146358629
81.57742149438488
81.65853860787067
81.73945758497345
81.82017319136375
81.90068018280053
81.98097331055087
82.06104732687342
82.1408969905576
82.22051707251043
82.2999023613838
82.37904766923313
82.45794783719984
82.5365977412093
82.61499229767625
82.69312646920864
82.77099527030086
82.84859377300776
82.92591711259091
83.0029604931277
83.07971919307407
83.1561885707715
83.23236406988927
83.30824122479247
83.38381566582744
83.45908312451728
83.53403943866066
83.60868055732713
83.6830025457425
83.75700159005793
83.83067400199774
83.90401622338116
83.97702483051226
84.04969653843226
84.12202820502874
84.19401683499687
84.26565958364857
84.33695376056595
84.40789683309525
84.47848642967857
84.54872034302035
84.618596533086
84.68811312992987
84.75726843635094
84.82606093037576
84.89448926756778
84.9625522831626
85.03024899402884
85.09757860045316
85.16454048774811
85.23113422768118
85.29735957972296
85.36321649211276
85.42870510273882
85.49382573983142
85.55857892246739
85.62296536088455
85.68698595660372
85.7506418023563
85.81393418181402
85.8768645691175
85.93943462820003
86.00164621190275
86.06350136087632
86.12500230226395
86.18615144816134
86.2469513938489
86.3074049157925
86.36751496940938
86.42728468659764
86.48671737302628
86.54581650518206
86.60458572716867
86.6630288472537
86.72114983415882
86.77895281308905
86.8364420614972
86.89362200458001
86.95049721050313
87.00707238535219
87.06335236780885
87.11934212355183
87.17504673938365
87.23047141708466
87.28562146699684
87.3405023013407
87.3951194272689
87.44947843966074
87.5035850136629
87.55744489698222
87.61106390193717
87.66444789727493
87.71760279976124
87.77053456555095
87.82324918134825
87.87575265536711
87.9280510081023
87.98015026292202
88.03205643649366
88.08377552905446
88.1353135145392
88.1866763305778
88.23786986837658
88.288899962498
88.33977238055442
88.39049281283198
88.44106686186021
88.49150003194367
88.54179771867118
88.59196519841905
88.64200761786569
88.69192998353364
88.74173715137564
88.7914338164205
88.84102450249324
88.89051355202443
88.93990511596311
88.98920314380777
89.03841137376864
89.08753332307478
89.1365722784387
89.18553128669154
89.2344131456019
89.28322039489214
89.33195530746613
89.38061988086119
89.4292158289364
89.4777445738093
89.52620723805236
89.57460463716072
89.62293727230141
89.6712053233542
89.71940864225255
89.76754674663343
89.81561881380397
89.86362367503268
89.91155981017319
89.95942534262788
90.0072180346594
90.05493528305733
90.102574115167
90.1501311852863
90.19760277143537
90.24498477250422
90.2922727057831
90.33946170487953
90.38654651802558
90.43352150677954
90.48038064512555
90.52711751897489
90.57372532607128
90.62019687630296
90.66652459242341
90.71270051118184
90.75871628486296
90.80456318323611
90.85023209591311
90.89571353511356
90.94099763883578
90.98607417443152
91.03093254258245
91.07556178167665
91.11995057258305
91.16408724382082
91.20795977712119
91.2515558133792
91.29486265899182
91.33786729257879
91.38055637208136
91.4229162422334
91.46493294239913
91.50659221477117
91.54787951292265
91.58878001070578
91.62927861148883
91.6693599577231
91.70900844083185
91.74820821141209
91.78694318974038
91.82519707657349
91.8629533642341
91.90019534797153
91.93690613758798
91.97306866932087
92.0086657179715
92.04367990927011
92.07809373246658
92.11188955313577
92.14504962618611
92.1775561090596
92.20939107511055
92.24053652715037
92.27097441114398
92.3006866300438
92.3296550577457
92.35786155315094
92.38528797431837
92.41191619269085
92.43772810738
92.4627056594939
92.48683084649309
92.51008573655957
92.53245248296463
92.5539133384205
92.57445066940232
92.59404697042652
92.61268487827198
92.63034718613011
92.64701685767005
92.6626770410059
92.67731108255242
92.69090254075599
92.7034351996877
92.71489308248596
92.7252604646356
92.73452188707057
92.74266216908637
92.7496664210484
92.75552005688309
92.76020880634024
92.7637187270157
92.7660362161236
92.76714802200745
92.76704125537906
92.76570340027494
92.76312232472053
92.75928629109244
92.75418396616912
92.74780443085983
92.74013718960161
92.73117217941437
92.72089977860394
92.7093108151037
92.69639657444672
92.6821488073604
92.66655973697759
92.64962206565899
92.63132898142185
92.61167416396943
92.59065179031647
92.56825654000549
92.54448359990981
92.5193286686197
92.49278796040817
92.46485820877415
92.43553666956124
92.40482112364923
92.37270987921526
92.3392017735619
92.30429617450936
92.26799298135079
92.23029262536902
92.19119606991437
92.15070481004425
92.10882087172654
92.06554681060952
92.0208857103617
91.9748411805853
91.92741735430847
91.8786188850617
91.8284509435454
91.77691921389628
91.72402988955994
91.66978966877778
91.61420574969546
91.55728582510133
91.49903807680212
91.43947116964333
91.37859424518231
91.31641691502185
91.25294925381141
91.18820179192474
91.12218550782157
91.05491182010135
90.98639257925825
90.91664005914586
90.84566694816002
90.77348634014848
90.70011172505716
90.62555697932274
90.54983635602369
90.47296447480247
90.39495631157197
90.31582718801965
90.23559276092172
90.15426901127992
90.07187223329336
89.98841902317739
89.90392626784003
89.81841113342571
89.73189105373663
89.64438371854297
89.55590706179194
89.46647924972584
89.37611866891851
89.28484391423902
89.19267377674979
89.09962723154686
89.00572342554975
88.91098166524799
88.8154214044122
88.71906223177726
88.6219238587062
88.5240261068449
88.42538889577784
88.32603223069636
88.22597619009026
88.12524091347372
88.02384658915584
87.92181344206632
87.81916172164473
87.71591168980116
87.61208360895525
87.50769773016101
87.40277428132528
87.29733345552587
87.19139539943605
87.0849802018604
86.97810788238725
86.87079838016327
86.76307154279722
86.65494711539965
86.54644472976521
86.43758389370397
86.3283839805281
86.21886421870092
86.10904368165531
85.99894127778818
85.88857574063799
85.77796561925244
85.6671292687521
85.55608484109474
85.44485027604448
85.33344329235014
85.22188137913703
85.11018178751569
84.99836152241166
84.88643733461983
84.77442571308644
84.66234287742157
84.55020477064431
84.43802705216285
84.32582509099086
84.21361395920167
84.10140842562123
83.9892229497616
83.87707167599604
83.76496842797644
83.65292670329347
83.54095966837906
83.42908015365037
83.31730064889439
83.20563329889046
83.09408989926828
82.98268189259784
82.87142036470823
82.7603160412325
82.64937928437575
82.53862008990359
82.428048084348
82.31767252242912
82.20750228469126
82.09754587535258
81.98781142036785
81.87830666570403
81.76903897582906
81.66001533241422
81.55124233324989
81.4427261913736
81.33447273440936
81.2264874041175
81.11877525615363
81.01134096003555
80.90418879931802
80.79732267197447
80.69074609098526
80.58446218513221
80.47847370000055
80.37278299918954
80.26739206573312
80.16230250373268
80.05751554020434
79.95303202714318
79.84885244380642
79.74497689921712
79.64140513489075
79.53813652778591
79.43517009347941
79.33250448956561
79.23013801927878
79.12806863533716
79.02629394400661
78.92481120938281
78.82361735789117
78.72270898300381
78.62208235017327
78.52173340198293
78.42165776351338
78.32185074792368
78.2223073622465
78.12302231339571
78.0239900143847
77.9252045907542
77.82665988720792
77.72834947445425
77.63026665625259
77.53240447666084
77.43475572748022
77.33731295589243
77.24006847228438
77.1430143582547
77.0461424747958
76.9494444706448
76.85291179079636
76.75653568516904
76.66030721741626
76.56421727387234
76.46825657262386
76.37241567269595
76.27668498334353
76.18105477343803
76.08551518094075
75.99005622245383
75.89466780284008
75.79933972490196
75.70406169911072
75.60882335337587
75.51361424284491
75.41842385972379
75.32324164310725
75.22805698880879
75.13285925917884
75.03763779290009
74.94238191474844
74.84708094530865
74.75172421063317
74.65630105183382
74.56080083459668
74.46521295861149
74.3695268669077
74.27373205508948
74.17781808046324
74.08177457105195
73.98559123449083
73.88925786679944
73.79276436102522
73.69610071575279
73.59925704347303
73.50222357880513
73.4049906865654
73.30754886967635
73.20988877690964
73.11200121045688
73.01387713332333
72.91550767653878
72.81688414618004
72.71799803019924
72.61884100505206
72.51940494212029
72.4196819139233
72.3196642001139
72.2193442932549
72.1187149043728
72.01776896828547
71.91649964870096
71.81490034308406
71.71296468728777
71.61068655994673
71.50806008662933
71.40507964374537
71.30173986220679
71.19803563083975
71.09396209954686
70.98951468221743
70.88468905938431
70.77948118062558
70.67388726671028
70.56790381148767
70.461527583519
70.35475562745216
70.24758526513949
70.14001409649961
70.03204000012522
69.9236611336388
69.81487593379961
69.70568311636578
69.59608167571594
69.48607088423506
69.3756502914693
69.26481972305436
69.1535792794221
69.04192933429084
68.9298705329449
68.8174037903089
68.70453028882201
68.59125147611798
68.4775690625167
68.3634850183326
68.2490015710045
68.1341212020514
68.01884664385881
67.90318087630027
67.78712712319879
67.67068884863244
67.5538697530896
67.43667376947917
67.31910505900134
67.20116800688436
67.08286721799197
66.96420751230607
66.84519392028858
66.72583167812559
66.6061262228568
66.48608318739308
66.3657083954257
66.24500785623034
66.12398775936809
66.00265446928607
65.88101451982025
65.75907460860286
65.63684159137743
65.51432247622562
65.3915244177097
65.26845471093593
65.14512078554314
65.02153019962257
64.89769063357458
64.77360988390824
64.64929585698881
64.52475656273769
64.40000010828861
64.27503469160409
64.14986859505568
64.02451017897191
63.89896787515879
63.7732501803972
63.647365649921355
63.52132289088284
63.39513055580504
63.268797336032755
63.142331955181795
63.01574316259261
62.889039726792454
62.76223042897133
62.635324056477295
62.50832939633697
62.381255228806914
62.25411032096131
62.126903420320595
61.99964324852554
61.87233849506098
61.74499781103399
61.61762980301118
61.490243026919394
61.36284598201403
61.235447104918855
61.10805476374159
60.98067725226937
60.85332278424809
60.72599948774982
60.59871539963237
60.47147846009514
60.34429650733526
60.21717727230791
60.09012837359481
59.963157312384595
59.83627146756888
59.70947809095705
59.58278430261291
59.456197086315996
59.32972328515061
59.203369597225645
59.077142571528526
58.95104860391595
58.82509393324451
58.699284637643494
58.57362663093195
58.44812565918166
58.32278729742787
58.1976169465295
58.07261983018085
57.947800992076644
57.823165293232385
57.6987174094618
57.57446182901307
57.45040285036563
57.32654458018967
57.20289093147024
57.079445621797866
56.95621217182693
56.833193903902405
56.71039394085485
56.58781520496378
56.46546041708963
56.34333209597419
56.22143255770932
56.099763915373515
55.97832807883562
55.85712675472486
55.73616144656678
55.61543345508473
55.49494387866618
55.37469361399367
55.254683356839635
55.13491360302551
55.015384649545254
54.896096595852796
54.77704934531302
54.658242606815136
54.539675896547195
54.421348539930264
54.303259673710514
54.1854082482073
54.06779302971524
53.95041260305772
53.83326537428912
53.71634957354252
53.5996632580193
53.48320431511639
53.36697046568748
53.25095926743433
53.13516811842471
53.01959426073336
52.90423478420269
52.789086630319794
52.67414659620636
52.559411338717446
52.444877378645124
52.330541105023265
52.21639877952948
52.10244654098012
51.98868040991466
51.87509629326519
51.761689989106685
51.64845719148377
51.535393495309336
51.422494401330084
51.309755321154285
51.19717158233692
51.08473843351726
50.972451049603876
50.86030453700238
50.74829393888132
50.636414240471936
50.52466037439723
50.413027226025804
50.3015096388458
50.19010241985461
50.07880034496043
49.96759816439163
49.856490608109596
49.74547239121995
49.63453821937713
49.523682794177425
49.41290081853594
49.30218700204295
49.19153606629538
49.08094275019919
48.97040181523845
48.85990805070673
48.74945627889689
48.63904136024558
48.52865819842827
48.41830174540092
48.307967006383926
48.19764904478421
48.08734298705149
47.977044027465176
47.866747432848165
47.756448547204165
47.64614279627454
47.53582569201108
47.42549283696171
47.3151399285657
47.20476276335454
47.09435724105411
46.983919368583756
46.87344526394752
46.762931160013736
46.65237340817866
46.54176848190956
46.43111298016292
46.32040363067391
46.20963729311386
46.09881096211306
45.9879217701462
45.87696699027781
45.76594403876531
45.654850477517286
45.5436840164043
45.43244251541965
45.32112398668788
45.209726596319214
45.09824866610857
44.986688675077836
44.87504526086028
44.763317220926105
44.65150351364807
44.53960325920597
44.4276157403285
44.31554040287157
44.20337685623233
44.09112487359827
43.9787843920307
43.866355512382746
43.75383849905209
43.6412337795691
43.52854194402099
43.41576374431245
43.302900093263226
43.18995206354308
43.07692088644476
42.963807950496154
42.85061479991285
42.73734313289279
42.62399479975508
42.51057180092485
42.39707628476603
42.283510545263624
42.16987701955722
42.05617828532709
41.9424170580339
41.82859618801294
41.71471865742453
41.60078757706222
41.486806183021116
41.37277783322858
41.258706003840445
41.1445942855062
41.030446379507595
40.91626609377468
40.802057338783555
40.687824123340214
40.57357055025485
40.4593008119107
40.34501918573178
40.2307300295541
40.11643777690559
40.00214693220058
39.88786206585515
39.77358780932942
39.6593288501032
39.545089926590684
39.43087582299952
39.31669136413935
39.20254141018497
39.08843085139895
38.97436460281883
38.86034759891421
38.74638478821898
38.632481127944594
38.51864157857996
38.40487109848375
38.2911746384744
38.177557136423175
38.06402351185615
37.95057866057108
37.83722744927492
37.72397471024779
37.61082523603922
37.49778377420235
37.38485502207182
37.27204362159104
37.15935415419399
37.0467911357468
36.93435901155415
36.82206215143576
36.70990484487787
36.597891296264365
36.48602562019242
36.37431183687787
36.262753867655626
36.15135553058068
36.04012053613551
35.92905248304928
35.81815485423383
35.707431012841205
35.59688419844725
35.48651752336577
35.37633396909781
35.26633638292038
35.15652747461878
35.04690981336626
34.93748582475502
34.82825778798236
34.71922783319571
34.61039793899946
34.501769930126024
34.3933454752731
34.285126085108836
34.17711311044624
34.06930774058836
33.96171100184583
33.85432375622898
33.747146700315994
33.640180364298686
33.53342511120735
33.4268811363155
33.320548466724745
33.214426961129845
33.1085163097643
33.00281603452686
32.89732548928919
32.79204386038464
32.686970167277934
32.58210326341498
32.4774418372522
32.37298441346471
32.26872935433255
32.16467486130358
32.06081897673118
31.95715958578486
31.8536944185312
31.75042105218213
31.647336913507583
31.54443928140963
31.441725289654805
31.33919192976125
31.23683605403712
31.134654378766605
31.032643487539723
30.930799834721903
30.829119749059167
30.72759943741459
30.6262349886316
30.52502237751954
30.42395746895669
30.32303602210597
30.22225369473823
30.121606047658123
30.021088549227517
29.920696579981286
29.82042543732995
29.720270340343706
29.620226434612324
29.520288797175215
29.420452441515966
29.32071232261562
29.221063342058912
29.1215003531877
29.022018166295865
28.922611553860108
28.823275255800908
28.724003984768203
28.624792431445925
28.525635269869483
28.42652716275039
28.327462766802096
28.228436738061173
28.129443737198027
28.03047843481094
27.93153551669739
27.832609689096596
27.733695683897434
27.6347882638059
27.535882227466555
27.436972414532374
27.338053710677325
27.23912105254633
27.1401694326373
27.04119390411021
26.942189585518157
26.843151665455544
26.744075407118608
26.644956152773894
26.545789328130503
26.44657044661202
26.347295113524332
26.24795903011574
26.148557997525817
26.049087920619545
25.949544811703394
25.849924794119975
25.75022410571805
25.650439102194984
25.550566260308788
25.45060218095711
25.350543592120577
25.250387351668028
25.150130450021237
25.049770012676618
24.949303302581598
24.848727722363662
24.74804081641028
24.64724027279817
24.546323925070396
24.445289753859896
24.344135888358466
24.242860607630348
24.141462341769962
24.039939672903298
23.938291336032588
23.83651621972393
23.734613366637316
23.632581973898905
23.530421393315574
23.428131131431766
23.32571084942884
23.223160362867272
23.120479641272365
23.01766880756471
22.914728137336873
22.811658057977944
22.708459147647623
22.60513213410143
22.50167789336887
22.398097448286585
22.294391966888632
22.19056276065603
22.086611282627835
21.98253912537645
21.878348018850193
21.77403982808629
21.66961655079739
21.56508031483442
21.46043337552918
21.355678112919907
21.250817028863526
21.14585274403858
21.04078799484289
20.93562563019013
20.830368608209355
20.725019992851216
20.619582950404848
20.514060745929342
20.40845673960378
20.302774382999658
20.1970172152797
20.091188859327005
19.985293017808644
19.87933346917775
19.773314063618084
19.66723871893502
19.561111416397107
19.45493619653244
19.348717154884138
19.24245843772921
19.136164237765183
19.029838789768842
18.92348636623161
18.817111272976273
18.710717844759593
18.604310440865568
18.497893440694092
18.391471239349634
18.285048243234463
18.178628865650815
18.072217522416544
17.965818627498955
17.859436588671407
17.753075803197298
17.646740653545823
17.540435503143858
17.434164692168157
17.327932533381944
17.221743308019942
17.115601261725804
17.009510600545642
16.903475486981254
16.797500036106587
16.69158831175101
16.585744322752664
16.4799720192852
16.37427528926095
16.268657954813662
16.163123768863755
16.057676411769094
15.95231948806402
15.84705652328934
15.741890960915683
15.636826159362526
15.531865389115067
15.427011829941106
15.322268568209905
15.21763859431496
15.113124800202623
15.00872997700844
14.90445681280303
14.800307890449144
14.696285685571393
14.592392564640088
14.488630783170516
14.38500248403903
14.281509695917302
14.17815433182596
14.074938187808678
13.971862941727814
13.868930152182337
13.766141257548789
13.663497575145762
13.56100030052233
13.458650506870773
13.356449144563816
13.254397040816562
13.152494899473075
13.05074330091758
12.949142702110143
12.847693436746713
12.746395715543233
12.645249626643409
12.544255136149662
12.443412088776615
12.34272020862645
12.242179100085425
12.14178824884067
12.041547023016337
11.941454674428046
11.841510339954512
11.74171304302496
11.64206169522086
11.542555097990217
11.443191944472574
11.343970821432805
11.244890211301538
11.145948494320066
11.04714395078757
10.948474763408482
10.849939019737773
10.75153471472174
10.653259753331808
10.555111953288742
10.457089047874716
10.359188688830482
10.261408449334706
10.16374582706224
10.066198247318123
9.968763066244147
9.871437574094866
9.774218998579906
9.677104508269347
9.58009121605897
9.483176182692114
9.38635642033483
9.289628896200947
9.192990536223578
9.096438228769458
8.999968828392483
8.903579159622652
8.807266020786606
8.711026187855914
8.6148564183192
8.518753455074162
8.42271403033554
8.326734869555024
8.23081269534905
8.134944231430344
8.039126206539128
7.943355358369854
7.847628437489353
7.751942211242349
7.656293467640329
7.560679019229841
7.4650957069362995
7.369540403879487
7.274010019156978
7.178501501591778
7.083011843440519
6.987538084058623
6.892077313518898
6.796626676180148
6.70118337420241
6.605744671005525
6.51030789466784
6.414870441261919
6.319429778124232
6.2239834470557795
6.128529067450664
6.033064339349735
5.937587046416503
5.842095058832576
5.746586336109913
5.651058929817252
5.555510986218173
5.459940748818459
5.36434656082057
5.268726867483073
5.173080218383025
5.077405269579384
4.981700785675625
4.885965641779866
4.790198825360864
4.694399437998317
4.598566697026019
4.502699937066527
4.406798611456067
4.310862293558471
4.214890677967015
4.118883581593141
4.022840944641144
3.926762831468059
3.8306494313280175
3.7345010590004946
3.6383181553018966
3.5421012874800555
3.445851149491244
3.3495685621594196
3.253254473217517
3.156909957230713
3.060536215401679
2.9641345752579045
2.8677064902213187
2.771253539060555
2.674777425226323
2.5782799760704602
2.481763141949367
2.385228995212637
2.2886797290777756
2.192117656391944
2.095545208281794
1.9989649326925523
1.9023794928175841
1.805791665419763
1.7092043390460423
1.612620512136695
1.516043291030779
1.4194758878694644
1.322921618398955
1.2263838996748349
1.1298662476697514
1.033372274786431
0.9369056872781082
0.8404702825785074
0.7440699465435908
0.6477086506073639
0.5513904488541006
0.45511947500942695
0.3588999393527761
0.26273612555379405
0.1666323874353452
0.07059314566583301
-0.025377115616384758
-0.12127385224364065
-0.21709246352175193
-0.31282829579199334
-0.40847664604921635
-0.504032765613024
-0.5994918638488527
-0.6948491119357589
-0.7900996466776589
-0.8852385743547111
-0.9802609746114876
-1.0751619043785343
-1.1699364018238738
-1.2645794903309633
-1.3590861824995801
-1.4534514841660728
-1.5476703984393805
-1.6417379297491936
-1.7356490879025974
-1.8293988921455144
-1.9229823752252373
-2.0163945874503324
-2.1096306007441887
-2.202685512688496
-2.2955544505529324
-2.388232575307327
-2.4807150856125375
-2.572997221786302
-2.66507426974032
-2.7569415648848303
-2.8485944959969958
-2.9400285090494203
-3.0312391109951426
-3.122221873505454
-3.2129724366569494
-3.30348651256425
-3.393759888954856
-3.4837884326826427
-3.5735680931765215
-3.6630949058208264
-3.7523649952640272
-3.841374578652409
-3.9301199687854473
-4.018597577189652
-4.1068039171077295
-4.194735606399913
-4.282389370354395
-4.369762044403822
-4.456850576744952
-4.543652030858692
-4.630163587927791
-4.716382549149623
-4.802306337941557
-4.8879325020365325
-4.973258715466484
-5.05828278043134
-5.143002629051423
-5.227416325001179
-5.311522065022323
-5.395318180314603
-5.478803137802615
-5.561975541277242
-5.644834132410409
-5.7273777916419775
-5.809605538937768
-5.89151653441779
-5.973110078853886
-6.054385614036115
-6.135342723007391
-6.215981130165966
-6.296300701235468
-6.376301443102401
-6.455983503521098
-6.535347170686295
-6.614392872673608
-6.6931211767484085
-6.77153278854374
-6.849628551108057
-6.92740944382368
-7.004876581197028
-7.082031211521791
-7.158874715416349
-7.235408604236799
-7.311634518367089
-7.387554225387878
-7.463169618125886
-7.538482712585751
-7.61349564576646
-7.688210673364648
-7.76263016736709
-7.836756613534808
-7.910592608781341
-7.984140858447864
-8.057404173477982
-8.130385467495037
-8.203087753784855
-8.275514142186948
-8.347667835897282
-8.419552128185884
-8.49117039903264
-8.562526111684647
-8.633622809138686
-8.70446411055243
-8.775053707588135
-8.8453953606925
-8.915492895316497
-8.985350198078983
-9.054971212877938
-9.124359936953283
-9.193520416905258
-9.26245674467245
-9.331173053473622
-9.399673513717604
-9.467962328885543
-9.53604373138982
-9.603921978413888
-9.671601347737289
-9.739086133550083
-9.80638064226107
-9.873489188304058
-9.940416089946462
-10.007165665104404
-10.073742227168477
-10.14015008084429
-10.206393518012046
-10.272476813609341
-10.33840422154135
-10.404179970622561
-10.469808260554085
-10.535293257940534
-10.600639092350416
-10.665849852423928
-10.730929582031958
-10.795882276489916
-10.860711878829957
-10.925422276135206
-10.990017295939436
-11.054500702695575
-11.118876194316412
-11.18314739879082
-11.247317870878858
-11.31139108888898
-11.375370451540531
-11.439259274914575
-11.50306078949603
-11.566778137309909
-11.63041436915435
-11.69397244193304
-11.75745521608944
-11.820865453145117
-11.88420581334428
-11.947478853406466
-12.010687024389185
-12.07383266966221
-12.136918022995076
-12.199945206759352
-12.262916230247
-12.325832988106
-12.388697258894425
-12.451510703754124
-12.514274865205039
-12.576991166060935
-12.639660908467365
-12.702285273062616
-12.764865318262396
-12.827401979668851
-12.889896069604392
-12.952348276770623
-13.014759166032407
-13.077129178326986
-13.139458630697975
-13.20174771645391
-13.263996505450878
-13.326204944498516
-13.388372857888543
-13.450499948044753
-13.512585796293255
-13.5746298637515
-13.636631492334619
-13.698589905877729
-13.76050421137278
-13.822373400318373
-13.88419635018072
-13.945971825963742
-14.007698481886184
-14.069374863163493
-14.130999407892123
-14.19257044903367
-14.25408621649618
-14.31554483930984
-14.376944347894229
-14.438282676414124
-14.49955766522084
-14.56076706337594
-14.621908531254126
-14.682979643221918
-14.743977890388626
-14.804900683426089
-14.86574535545366
-14.926509164985083
-14.987189298933819
-15.047782875673468
-15.108286948149972
-15.168698507042313
-15.229014483968404
-15.28923175473296
-15.349347142614057
-15.409357421685264
-15.46925932017016
-15.529049523825968
-15.588724679352929
-15.648281397826075
-15.707716258146029
-15.767025810505494
-15.826206579868249
-15.88525506945735
-15.944167764249393
-16.002941134471705
-16.061571639099462
-16.120055729349808
-16.178389852170035
-16.236570453716986
-16.29459398282497
-16.352456894459543
-16.410155653154455
-16.46768673642905
-16.52504663818315
-16.582231872066256
-16.639238974818124
-16.696064509577507
-16.752705069156104
-16.80915727927454
-16.86541780175717
-16.92148333768257
-16.977350630486608
-17.033016469015248
-17.088477690524424
-17.143731183624478
-17.198773891166976
-17.253602813071833
-17.30821500909263
-17.362607601518018
-17.416777777807052
-17.470722793156366
-17.52443997299687
-17.577926715417814
-17.631180493516094
-17.68419885766883
-17.736979437727253
-17.789519945130134
-17.84181817493518
-17.89387200776714
-17.94567941168138
-17.99723844394195
-18.04854725271336
-18.099604078665532
-18.15040725649153
-18.2009552163375
-18.251246485144446
-18.30127968790144
-18.351053548809986
-18.40056689235898
-18.4498186443099
-18.498807832591538
-18.54753358810386
-18.595995145430535
-18.644191843459836
-18.692123125913596
-18.739788541783795
-18.787187745676505
-18.83432049806322
-18.881186665439742
-18.927786220392846
-18.974119241575266
-19.020185913589586
-19.065986526781842
-19.1115214769454
-19.15679126493569
-19.20179649619638
-19.246537880197423
-19.291016229785498
-19.33523246044726
-19.37918758948618
-19.42288273511386
-19.466319115456457
-19.509498047476995
-19.552420945814333
-19.595089321539604
-19.637504780830938
-19.67966902356713
-19.72158384184098
-19.763251118393214
-19.804672824967838
-19.84585102059006
-19.886787849768183
-19.92748554062095
-19.967946402931915
-20.008172826132494
-20.048167277215583
-20.087932298581762
-20.12747050582007
-20.16678458542512
-20.20587729245239
-20.24475144811368
-20.283409937314875
-20.321855706138255
-20.360091759271942
-20.398121157389173
-20.435947014480153
-20.473572495139226
-20.51100081181048
-20.548235221994876
-20.58527902542193
-20.622135561188887
-20.658808204870187
-20.69530036559971
-20.73161548312817
-20.76775702485799
-20.80372848285805
-20.839533370860725
-20.875175221243357
-20.910657581996393
-20.945984013680206
-20.981158086372805
-21.016183376610773
-21.05106346432547
-21.085801929776355
-21.120402350483435
-21.154868298160782
-21.18920333565328
-21.223411013878977
-21.25749486877945
-21.29145841828046
-21.325305159265557
-21.359038564565314
-21.392662079965167
-21.42617912123507
-21.45959307118415
-21.492907276743583
-21.52612504608081
-21.559249645748114
-21.59228429786859
-21.62523217736265
-21.65809640921825
-21.690880065807878
-21.723586164255412
-21.756217663855725
-21.788777463549852
-21.821268399458152
-21.853693242473728
-21.886054695918464
-21.918355393263827
-21.95059789591861
-21.982784691085758
-22.01491818969021
-22.04700072437942
-22.079034547598358
-22.111021829740455
-22.142964657375988
-22.174865031559197
-22.2067248662153
-22.238545986608305
-22.27033012789062
-22.302078933735462
-22.333793955052844
-22.365476648789727
-22.397128376814837
-22.42875040488889
-22.46034390172105
-22.49190993811229
-22.5234494861862
-22.554963418707903
-22.586452508491792
-22.61791742789845
-22.649358748421296
-22.680776940363533
-22.712172372606013
-22.743545312466615
-22.774895925651528
-22.806224276298714
-22.837530327114173
-22.868813939601587
-22.900074874386043
-22.931312791632315
-22.962527251557994
-22.99371771504159
-23.024883544325526
-23.05602400381381
-23.087138260963975
-23.118225387272766
-23.14928435935537
-23.180314060117958
-23.211313280023127
-23.242280718447468
-23.273214985130416
-23.30411460171343
-23.334978003368384
-23.365803540513987
-23.39658948061888
-23.427334010089943
-23.45803523624395
-23.48869118936046
-23.51929982481372
-23.549859025281258
-23.580366603026654
-23.610820302254048
-23.64121780153193
-23.671556716283796
-23.7018346013432
-23.73204895357052
-23.762197214528932
-23.792276773217374
-23.822284968858106
-23.852219093736586
-23.88207639609133
-23.9118540830518
-23.941549323622418
-23.971159251710766
-24.00068096919808
-24.030111549049828
-24.059448038464133
-24.088687462055624
-24.117826825072065
-24.14686311664108
-24.175793313044217
-24.204614381015297
-24.23332328105989
-24.261916970792647
-24.290392408289286
-24.31874655545011
-24.346976381371782
-24.375078865723687
-24.40305100212516
-24.43088980151959
-24.458592295541514
-24.486155539872534
-24.513576617582014
-24.540852642448737
-24.56798076225986
-24.594958162083213
-24.621782067508956
-24.648449747856784
-24.674958519344653
-24.701305748215145
-24.727488853815725
-24.75350531162915
-24.779352656250648
-24.80502848430866
-24.83053045732616
-24.855856304519403
-24.881003825531263
-24.905970893096377
-24.9307554556356
-24.955355539777184
-24.979769252802026
-25.0039947850105
-25.028030412008473
-25.051874496910084
-25.07552549245501
-25.09898194303788
-25.122242486647632
-25.14530585671461
-25.168170883863365
-25.190836497569034
-25.213301727715315
-25.23556570605218
-25.257627667551542
-25.27948695165905
-25.301143003440284
-25.322595374619635
-25.343843724510247
-25.364887820833626
-25.38572754042745
-25.40636286984012
-25.426793905810666
-25.44702085563291
-25.467044037403223
-25.486863880151315
-25.506480923853882
-25.52589581933078
-25.54510932802371
-25.564122321657475
-25.582935781784055
-25.6015507992097
-25.619968573305425
-25.63819041120136
-25.65621772686593
-25.67405204007103
-25.691694975244825
-25.709148260213976
-25.72641372483714
-25.743493299531774
-25.76038901369652
-25.77710299403135
-25.793637462757612
-25.8099947357406
-25.826177220517433
-25.84218741423312
-25.858027901487457
-25.873701352095804
-25.889210518766856
-25.9045582347005
-25.919747411109068
-25.93478103466533
-25.949662164880447
-25.9643939314151
-25.978979531326825
-25.993422226256552
-26.007725339557464
-26.021892253369327
-26.035926405641373
-26.049831287106752
-26.06361043821145
-26.077267446000615
-26.090805940965122
-26.10422959385151
-26.117542112438326
-26.130747238282066
-26.143848743435807
-26.156850427143365
-26.16975611251213
-26.182569643167806
-26.19529487989409
-26.207935697260222
-26.220495980239274
-26.2329796208201
-26.245390514615945
-26.25773255747249
-26.270009642078104
-26.282225654579218
-26.29438447120354
-26.306489954893845
-26.318545951954842
-26.330556288715723
-26.342524768211046
-26.354455166882314
-26.36635123130257
-26.378216674926318
-26.390055174867125
-26.401870368705413
-26.41366585132887
-26.425445171808132
-26.437211830310485
-26.448969275054463
-26.46072089930841
-26.472470038436096
-26.484219966992423
-26.495973895872037
-26.507734969513916
-26.519506263164583
-26.531290780202635
-26.54309144952695
-26.55491112301122
-26.566752573027326
-26.578618490040224
-26.59051148027684
-26.602434063471446
-26.61438867068973
-26.626377642233972
-26.638403225631304
-26.6504675737071
-26.662572742745237
-26.674720690736688
-26.686913275717966
-26.69915225420085
-26.711439279694854
-26.723775901323517
-26.736163562535477
-26.748603599911302
-26.761097242066835
-26.773645608653776
-26.786249709458115
-26.798910443596906
-26.81162859881398
-26.824404850875208
-26.83723976306366
-26.85013378577504
-26.863087256213827
-26.876100398190328
-26.88917332201886
-26.902306024517383
-26.915498389108716
-26.92875018602363
-26.942061072606304
-26.95543059372245
-26.96885818227035
-26.982343159794805
-26.995884737203863
-27.009482015588002
-27.02313398714146
-27.036839536184953
-27.05059744028888
-27.064406371495703
-27.078264897640206
-27.09217148376619
-27.106124493638088
-27.12012219134588
-27.13416274300165
-27.148244218526155
-27.162364593524
-27.17652175124574
-27.19071348463542
-27.204937498461657
-27.219191411530133
-27.233472758975196
-27.24777899462829
-27.262107493461073
-27.276455554101076
-27.290820401417662
-27.305199189175838
-27.319589002755365
-27.33398686193253
-27.34838972372178
-27.36279448527459
-27.377197986832883
-27.391597014734103
-27.405988304465055
-27.420368543761427
-27.434734375749954
-27.44908240213006
-27.463409186391786
-27.47771125706676
-27.491985111008844
-27.506227216700964
-27.52043401758455
-27.534601935408503
-27.548727373594787
-27.562806720617644
-27.57683635339366
-27.59081264067983
-27.604731946476747
-27.618590633433897
-27.632385066253974
-27.64611161509343
-27.659766658956485
-27.673346589079827
-27.68684781230543
-27.70026675443914
-27.713599863592876
-27.726843613508308
-27.7399945068599
-27.7530490785352
-27.766003898890418
-27.77885557697938
-27.791600763753664
-27.804236155231806
-27.816758495635455
-27.829164580490342
-27.84145125968989
-27.85361544051908
-27.86565409063617
-27.877564241010006
-27.889342988810526
-27.900987500249855
-27.912495013371327
-27.92386284078374
-27.93508837233803
-27.94616907774359
-27.957102509121697
-27.96788630349333
-27.97851818519878
-27.988995968246215
-27.999317558586526
-28.009480956311833
-28.019484257775233
-28.029325657629343
-28.039003450781152
-28.048516034260714
-28.05786190900126
-28.0670396815283
-28.076048065555412
-28.084885883484347
-28.093552067806783
-28.102045662405445
-28.11036582375236
-28.118511822002475
-28.12648304198096
-28.134278984063016
-28.141899264944854
-28.14934361830477
-28.156611895353322
-28.163704065271915
-28.17062021553933
-28.177360552146027
-28.183925399696292
-28.19031520139849
-28.196530518943646
-28.20257203227233
-28.208440539230068
-28.214136955111528
-28.21966231209383
-28.225017758559673
-28.23020455831083
-28.23522408967274
-28.24007784449087
-28.244767427019596
-28.249294552704427
-28.25366104685834
-28.257868843233055
-28.261919982485963
-28.265816610543354
-28.26956097686066
-28.273155432580452
-28.276602428589072
-28.279904513472857
-28.283064331375087
-28.28608461975479
-28.288968207048967
-28.291718010240075
-28.294337032330546
-28.29682835972646
-28.299195159532715
-28.30144067676217
-28.30356823146134
-28.30558121575514
-28.30748309081342
-28.3092773837421
-28.310967684401774
-28.312557642156932
-28.314050962559136
-28.315451403967373
-28.31676277410891
-28.317988926583993
-28.319133757317914
-28.320201200964036
-28.32119522726144
-28.322119837350797
-28.322979060052276
-28.32377694810951
-28.32451757440377
-28.325205028142605
-28.32584341102698
-28.32643683340082
-28.32698941038693
-28.327505258013574
-28.327988489335794
-28.328443210555562
-28.32887351714477
-28.329283489975197
-28.32967719145971
-28.330058661709174
-28.330431914709678
-28.330800934524618
-28.331169671526098
-28.331542038660174
-28.3319219077503
-28.33231310584337
-28.332719411602838
-28.33314455175308
-28.333592197579023
-28.334065961484797
-28.33456939361473
-28.335105978539687
-28.335679132011606
-28.336292197788808
-28.3369484445344
-28.337651062789817
-28.338403162025443
-28.339207767770333
-28.340067818822988
-28.340986164545015
-28.34196556223951
-28.343008674615888
-28.34411806734279
-28.345296206690463
-28.34654545726393
-28.347868079828018
-28.349266229225023
-28.350741952385746
-28.35229718643471
-28.3539337568901
-28.355653375959164
-28.357457640929752
-28.3593480326587
-28.361325914158
-28.363392529279693
-28.36554900150044
-28.36779633280692
-28.37013540268312
-28.37256696720071
-28.37509165821355
-28.377709982657038
-28.380422321953247
-28.38322893152248
-28.386129940402142
-28.389125350973742
-28.392215038799108
-28.395398752567033
-28.39867611415137
-28.402046618781625
-28.405509635326965
-28.40906440669464
-28.412710050343648
-28.41644555891439
-28.420269800974935
-28.424181521884222
-28.428179344772147
-28.432261771636533
-28.436427184556933
-28.44067384702511
-28.444999905391867
-28.44940339042988
-28.4538822190121
-28.458434195905525
-28.463057015679667
-28.467748264729167
-28.472505423409686
-28.477325868286144
-28.482206874492377
-28.487145618201097
-28.492139179202823
-28.497184543592553
-28.502278606562797
-28.507418175301623
-28.512599971994334
-28.51782063692714
-28.52307673169132
-28.528364742486147
-28.533681083518857
-28.53902210049985
-28.544384074231047
-28.549763224285087
-28.555155712772816
-28.560557648196166
-28.565965089383425
-28.571374049503717
-28.576780500157398
-28.58218037553884
-28.587569576667946
-28.592943975686595
-28.598299420216208
-28.603631737772318
-28.608936740231783
-28.614210228347886
-28.619447996308097
-28.62464583632932
-28.6297995432853
-28.63490491936072
-28.639957778726554
-28.64495395223109
-28.64988929210095
-28.654759676646293
-28.659561014964268
-28.66428925163477
-28.668940371402428
-28.673510403838762
-28.677995427978445
-28.68239157692345
-28.686695042408914
-28.690902079324573
-28.69500901018567
-28.69901222954742
-28.702908208357158
-28.70669349823855
-28.710364735702356
-28.713918646278174
-28.71735204856158
-28.720661858171056
-28.72384509160942
-28.726898870024613
-28.72982042286482
-28.732607091422878
-28.73525633226508
-28.737765720539343
-28.74013295315784
-28.742355851849297
-28.74443236607614
-28.746360575812034
-28.748138694175864
-28.749765069918666
-28.75123818976003
-28.752556680570578
-28.753719311397404
-28.754724995329653
-28.755572791201544
-28.7562619051303
-28.756791691886477
-28.75716165609454
-28.75737145326177
-28.75742089063381
-28.75730992787551
-28.757038677575693
-28.75660740557457
-28.756016531112735
-28.75526662680106
-28.75435841841103
-28.75329278448534
-28.752070755768685
-28.75069351445903
-28.749162393279917
-28.747478874374494
-28.745644588022074
-28.74366131117823
-28.741530965839658
-28.739255617235287
-28.736837471845163
-28.734278875248847
-28.73158230980509
-28.728750392164997
-28.72578587062098
-28.722691622293908
-28.71947065016097
-28.716126079927093
-28.71266115674281
-28.70907924177176
-28.705383808611217
-28.701578439569417
-28.697666821803423
-28.693652743321437
-28.689540088854002
-28.685332835598516
-28.68103504884165
-28.67665087746461
-28.672184549336276
-28.667640366599738
-28.663022700858033
-28.658335988264934
-28.653584724526905
-28.64877345982246
-28.643906793645282
-28.63898936957754
-28.634025870000254
-28.629021010747476
-28.623979535711168
-28.61890621140348
-28.613805821483407
-28.608683161254913
-28.603543032143858
-28.598390236161105
-28.593229570359295
-28.58806582129061
-28.582903759473037
-28.5777481338727
-28.57260366640973
-28.5674750464952
-28.562366925606778
-28.55728391191074
-28.552230564937968
-28.54721139032132
-28.542230834601934
-28.53729328011205
-28.532403039941453
-28.52756435299416
-28.522781379141616
-28.518058194478595
-28.513398786687628
-28.508807050517543
-28.5042867833814
-28.499841681078987
-28.495475333648738
-28.491191221353386
-28.4869927108037
-28.482883051224217
-28.478865370864707
-28.47494267356093
-28.47111783544771
-28.46739360182728
-28.463772584195436
-28.460257257427838
-28.456849957128508
-28.453552877142652
-28.450368067235654
-28.447297430939965
-28.444342723571122
-28.441505550413705
-28.438787365077882
-28.43618946802688
-28.43371300527566
-28.431358967261115
-28.429128187883844
-28.42702134372153
-28.425038953413843
-28.423181377218395
-28.421448816737108
-28.419841314812214
-28.418358755591026
-28.41700086475849
-28.41576720993667
-28.414657201250247
-28.4136700920569
-28.412804979841365
-28.41206080727174
-28.411436363416566
-28.410930285121122
-28.410541058541252
-28.410267020833043
-28.410106361996338
-28.410057126869997
-28.410117217276774
-28.41028439431552
-28.410556280798613
-28.410930363832147
-28.411403997536024
-28.41197440590066
-28.41263868577691
-28.413393809995608
-28.414236630613072
-28.415163882278545
-28.416172185719756
-28.417258051342753
-28.418417882941906
-28.419647981515805
-28.42094454918445
-28.422303693203116
-28.42372143006828
-28.42519368971112
-28.42671631977394
-28.428285089964827
-28.429895696485556
-28.431543766528005
-28.43322486283405
-28.43493448831408
-28.436668090719234
-28.43842106736228
-28.440188769882223
-28.441966509047955
-28.443749559596352
-28.4455331651
-28.447312542859702
-28.449082888816815
-28.450839382480478
-28.45257719186476
-28.454291478430417
-28.455977402025706
-28.457630125820497
-28.45924482122795
-28.460816672807862
-28.462340883145696
-28.463812677701792
-28.465227309625288
-28.466580064527715
-28.46786626521121
-28.46908127634641
-28.470220509095167
-28.471279425673213
-28.47225354384825
-28.473138441368956
-28.473929760320612
-28.47462321140331
-28.475214578128753
-28.475699720931868
-28.47607458119334
-28.476335185169614
-28.47647764782688
-28.47649817657567
-28.47639307490284
-28.4761587458979
-28.475791695670903
-28.475288536659217
-28.474645990820942
-28.47386089271289
-28.472930192451155
-28.471850958552476
-28.47062038065432
-28.469235772111727
-28.46769457246908
-28.46599434980511
-28.464132802949432
-28.462107763569218
-28.45991719812478
-28.457559209692857
-28.455032039656526
-28.452334069260825
-28.449463821033117
-28.44641996006747
-28.44320129517244
-28.439806779881575
-28.436235513326107
-28.432486740969278
-28.428559855201808
-28.424454395798147
-28.420170050233263
-28.41570665386008
-28.411064189947734
-28.406242789580926
-28.401242731420904
-28.3960644413287
-28.390708491851324
-28.38517560157187
-28.379466634324654
-28.37358259827651
-28.36752464487547
-28.36129406766811
-28.354892300987
-28.348320918509653
-28.3415816316904
-28.33467628806677
-28.32760686944165
-28.320375489942574
-28.31298439395975
-28.305435953964217
-28.29773266820784
-28.289877158306844
-28.28187216671072
-28.273720554058208
-28.26542529642237
-28.25698948244665
-28.248416310373962
-28.239709084971004
-28.23087121435018
-28.221906206691763
-28.21281766686898
-28.203609292979202
-28.194284872784642
-28.18484828006627
-28.175303470894825
-28.165654479822912
-28.155905416002078
-28.146060459228842
-28.136123855923962
-28.12609991504926
-28.115993003966373
-28.105807544241976
-28.095548007403956
-28.08521891065306
-28.07482481253465
-28.0643703085751
-28.05386002688764
-28.0432986237525
-28.0326907791762
-28.02204119243479
-28.011354577605807
-28.000635659093724
-27.989889167153656
-27.979119833418117
-27.968332386431463
-27.957531547196574
-27.946722024738484
-27.935908511689526
-27.925095679900615
-27.914288176083353
-27.9034906174874
-27.892707587617657
-27.881943631995917
-27.871203253971636
-27.860490910586442
-27.849811008496893
-27.839167899959968
-27.828565878885776
-27.8180091769618
-27.807501959852807
-27.797048323480404
-27.78665229038632
-27.776317806183336
-27.766048736097908
-27.75584886160835
-27.745721877182184
-27.735671387116106
-27.725700902481698
-27.715813838180033
-27.706013510108
-27.696303132438665
-27.686685815017974
-27.677164560880023
-27.667742263882737
-27.65842170646537
-27.649205557528724
-27.64009637043899
-27.631096581155994
-27.622208506486523
-27.613434342463343
-27.60477616285022
-27.596235917773136
-27.587815432477676
-27.579516406212413
-27.571340411237834
-27.56328889196019
-27.555363164189465
-27.547564414520686
-27.53989369983791
-27.532351946939862
-27.524939952285912
-27.517658381861175
-27.51050777115922
-27.50348852528095
-27.496600919148143
-27.489845097830006
-27.48322107698116
-27.476728743389494
-27.47036785563248
-27.46413804484059
-27.458038815566375
-27.45206954675772
-27.446229492833403
-27.440517784859487
-27.434933431824795
-27.429475322013936
-27.424142224476135
-27.41893279058818
-27.413845555709806
-27.408878940929817
-27.40403125490119
-27.399300695763465
-27.394685353150614
-27.390183210282835
-27.38579214614061
-27.381509937719535
-27.377334262364148
-27.37326270017906
-27.369292736515664
-27.36542176453253
-27.361647087827553
-27.357965923139776
-27.354375403118727
-27.350872579159276
-27.347454424300086
-27.344117836183447
-27.34085964007409
-27.337676591934414
-27.334565381553634
-27.331522635728252
-27.328544921491446
-27.325628749389185
-27.322770576800654
-27.319966811300365
-27.31721381405936
-27.314507903282678
-27.311845357679974
-27.309222419966122
-27.30663530038814
-27.304080180274955
-27.30155321560628
-27.29905054059694
-27.29656827129296
-27.294102509175847
-27.29164934477146
-27.289204861259865
-27.286765138082647
-27.284326254543974
-27.28188429340162
-27.27943534444424
-27.27697550805127
-27.274500898731706
-27.2720076486379
-27.269491911050498
-27.26694986383092
-27.26437771283779
-27.261771695303995
-27.259128083171195
-27.256443186378508
-27.253713356102484
-27.250934987945275
-27.248104525068047
-27.245218461266635
-27.2422733439868
-27.239265777276817
-27.236192424675014
-27.233050012029853
-27.2298353302503
-27.226545237984116
-27.223176664221885
-27.21972661082481
-27.216192154974184
-27.212570451540447
-27.208858735369805
-27.205054323486483
-27.201154617208832
-27.197157104177624
-27.193059360295
-27.18885905157251
-27.1845539358869
-27.18014186464237
-27.175620784338324
-27.17098873804159
-27.16624386676236
-27.16138441073321
-27.15640871059043
-27.151315208457223
-27.14610244892845
-27.140769079956787
-27.135313853640046
-27.129735626909426
-27.1240333621187
-27.11820612753454
-27.112253097728345
-27.106173553870125
-27.099966883924996
-27.093632582752978
-27.087170252113058
-27.080579600572666
-27.073860443323586
-27.06701270190533
-27.060036403837078
-27.0529316821594
-27.04569877488706
-27.0383380243743
-27.030849876594065
-27.023234880332584
-27.015493686300832
-27.007627046164405
-26.999635811493594
-26.9915209326353
-26.98328345750844
-26.97492453032405
-26.96644539023146
-26.957847369891628
-26.94913189397872
-26.94030047761098
-26.93135472471204
-26.922296326303954
-26.913127058733014
-26.903848781829684
-26.89446343700425
-26.88497304527991
-26.87537970526481
-26.865685591064764
-26.85589295013796
-26.846004101092863
-26.83602143143074
-26.825947395234213
-26.81578451080316
-26.80553535823933
-26.795202576981215
-26.784788863290775
-26.77429696769372
-26.76372969237514
-26.753089888532404
-26.742380453687417
-26.731604328960287
-26.720764496306344
-26.70986397571849
-26.698905822396767
-26.687893123887307
-26.676828997192644
-26.665716585855222
-26.65455905701603
-26.64335959845016
-26.63212141558131
-26.620847728477287
-26.60954176882879
-26.59820677691377
-26.586845998549762
-26.575462682036687
-26.56406007509281
-26.552641421786802
-26.5412099594688
-26.5297689157035
-26.518321505208263
-26.506870926799337
-26.49542036034927
-26.483972963758617
-26.472531869944874
-26.4611001838517
-26.449680979481315
-26.438277296953117
-26.42689213959136
-26.41552847104478
-26.40418921244114
-26.39287723957932
-26.3815953801616
-26.370346411068454
-26.35913305567854
-26.34795798123642
-26.336823796270494
-26.32573304806388
-26.314688220180898
-26.30369173005181
-26.292745926618466
-26.28185308804325
-26.27101541948383
-26.260235050936103
-26.249514035147683
-26.23885434560441
-26.228257874592117
-26.21772643133599
-26.207261740219508
-26.19686543908506
-26.186539077618193
-26.176284115817424
-26.166101922551434
-26.155993774205598
-26.14596085341978
-26.13600424791929
-26.12612494944085
-26.116323852755357
-26.106601754788812
-26.096959353842863
-26.087397248916375
-26.07791593912941
-26.06851582325072
-26.059197199330015
-26.049960264436265
-26.040805114502916
-26.031731744280762
-26.02274004739914
-26.013829816536145
-26.005000743698417
-25.996252420610915
-25.987584339216852
-25.97899589228774
-25.970486374143434
-25.962054981481714
-25.95370081431693
-25.945422877027028
-25.937220079507995
-25.929091238434523
-25.92103507862538
-25.9130502345119
-25.905135251707918
-25.897288588679288
-25.8895086185112
-25.881793630771284
-25.87414183346641
-25.866551355091104
-25.85902024676517
-25.851546484458254
-25.84412797129903
-25.83676253996657
-25.829447955161584
-25.822181916155273
-25.814962059413773
-25.807785961296048
-25.800651140822907
-25.793555062514685
-25.786495139295113
-25.779468735458664
-25.77247316969857
-25.765505718192628
-25.758563617743732
-25.751644068971984
-25.744744239554905
-25.73786126751233
-25.730992264532432
-25.724134319335178
-25.717284501069088
-25.71043986273699
-25.70359744464608
-25.6967542778776
-25.68990738777151
-25.68305379742119
-25.676190531173173
-25.66931461812683
-25.66242309562909
-25.655513012759254
-25.64858143379905
-25.641625441682915
-25.634642141423765
-25.627628663509736
-25.62058216726737
-25.6134998441868
-25.606378921204733
-25.599216663941004
-25.592010379884865
-25.58475742152714
-25.577455189434456
-25.57010113526155
-25.56269276469777
-25.55522764034404
-25.54770338451655
-25.54011768197358
-25.53246828256206
-25.52475300378057
-25.516969733255674
-25.509116431128486
-25.501191132348904
-25.493191948875133
-25.485117071776383
-25.476964773236883
-25.468733408459453
-25.46042141746693
-25.452027326799847
-25.443549751108886
-25.43498739464064
-25.4263390526155
-25.417603612496602
-25.408780055149062
-25.399867455888963
-25.390864985421867
-25.381771910670746
-25.372587595493112
-25.363311501287168
-25.353943187487086
-25.344482311947612
-25.334928631218386
-25.325282000708366
-25.31554237474091
-25.305709806500342
-25.295784447870826
-25.285766549168383
-25.275656458767084
-25.265454622620492
-25.255161583679435
-25.244777981207275
-25.23430454999396
-25.223742119470582
-25.21309161272617
-25.202354045428816
-25.191530524653043
-25.180622247615187
-25.169630500318473
-25.158556656109365
-25.1474021741468
-25.13616859778602
-25.12485755287852
-25.113470745989698
-25.10200996253587
-25.09047706484247
-25.0788739901252
-25.067202748395825
-25.055465420294606
-25.04366415485131
-25.031801167177118
-25.019878736089904
-25.007899201675624
-24.995864962788485
-24.98377847449265
-24.971642245448376
-24.95945883524578
-24.94723085168945
-24.934960948037283
-24.922651820197213
-24.91030620388568
-24.897926871751306
-24.88551663046729
-24.873078317796168
-24.860614799630806
-24.848128967015352
-24.835623733150012
-24.82310203038349
-24.810566807197088
-24.79802102518445
-24.785467656030956
-24.7729096784966
-24.76035007540605
-24.7477918306493
-24.73523792619579
-24.722691339124335
-24.71015503867104
-24.697631983296752
-24.685125117775776
-24.672637370307136
-24.660171649649634
-24.64773084228218
-24.635317809591093
-24.62293538508586
-24.610586371644665
-24.598273538791
-24.585999620002745
-24.573767310055153
-24.561579262398986
-24.549438086575286
-24.537346345668418
-24.525306553799105
-24.51332117365947
-24.50139261409219
-24.489523227715914
-24.477715308599294
-24.46597108998602
-24.45429274207327
-24.44268236984589
-24.431142010968635
-24.419673633738505
-24.4082791350992
-24.396960338719758
-24.385718993139328
-24.37455676997984
-24.363475262228114
-24.352475982589077
-24.341560361911853
-24.330729747690434
-24.319985402640462
-24.309328503353775
-24.298760139032332
-24.28828131030314
-24.277892928115612
-24.267595812722554
-24.257390692745894
-24.247278204328204
-24.23725889037089
-24.22733319985985
-24.2175014872794
-24.20776401211517
-24.198120938446316
-24.18857233462719
-24.17911817305869
-24.16975833004934
-24.160492585766058
-24.151320624274312
-24.142242033667365
-24.133256306284316
-24.124362839016804
-24.115560933704323
-24.106849797618246
-24.098228544034605
-24.089696192895495
-24.081251671558896
-24.072893815636597
-24.064621369919728
-24.056432989391247
-24.048327240324703
-24.040302601468504
-24.032357465314753
-24.02449013945158
-24.016698847997837
-24.008981733118837
-24.00133685662157
-23.993762201627952
-23.986255674324603
-23.978815105787668
-23.971438253881068
-23.964122805226644
-23.956866377244857
-23.94966652026448
-23.942520719699694
-23.93542639829314
-23.92838091842321
-23.921381584473938
-23.914425645265755
-23.907510296545173
-23.90063268353119
-23.893789903516012
-23.88697900851763
-23.88019700798178
-23.873440871530864
-23.866707531757346
-23.85999388705905
-23.853296804513622
-23.846613122789467
-23.83993965509045
-23.833273192131163
-23.82661050513933
-23.819948348881912
-23.81328346471152
-23.80661258362996
-23.79993242936546
-23.793239721460356
-23.78653117836588
-23.779803520540998
-23.773053473552142
-23.766277771170525
-23.75947315846385
-23.752636394879307
-23.745764257314864
-23.73885354317581
-23.731901073413344
-23.724903695542157
-23.717858286633902
-23.710761756283592
-23.70361104954596
-23.696403149838762
-23.689135081810253
-23.681803914168245
-23.67440676246814
-23.666940791857332
-23.65940321977344
-23.651791318593855
-23.644102418233974
-23.6363339086917
-23.62848324253567
-23.62054793733471
-23.61252557802631
-23.60441381922171
-23.596210387445314
-23.587913083306052
-23.57951978359812
-23.571028443328846
-23.56243709767138
-23.553743863840186
-23.54494694288734
-23.53604462141779
-23.527035273221674
-23.517917360822015
-23.508689436936027
-23.499350145848485
-23.489898224695754
-23.48033250465925
-23.470651912067115
-23.46085546940323
-23.450942296222866
-23.44091160997441
-23.430762726726744
-23.420495061802075
-23.410108130314217
-23.399601547612253
-23.38897502962961
-23.378228393138688
-23.36736155591139
-23.35637453678611
-23.345267455641665
-23.33404053327867
-23.32269409120916
-23.311228551355544
-23.29964443565989
-23.287942365604312
-23.27612306164345
-23.264187342550105
-23.25213612467518
-23.23997042112281
-23.22769134084159
-23.215300087632688
-23.202797959075458
-23.190186345371234
-23.17746672810593
-23.16464067893229
-23.151709858172655
-23.13867601334319
-23.125540977600412
-23.112306668110893
-23.098975084345017
-23.085548306295568
-23.072028492622156
-23.058417878722697
-23.044718774733116
-23.030933563456347
-23.01706469822175
-23.003114700676424
-22.989086158510066
-22.97498172311505
-22.96080410718359
-22.9465560822439
-22.932240476137608
-22.917860170440818
-22.903418097831448
-22.8889172394055
-22.874360621945087
-22.85975131514094
-22.845092428772304
-22.83038710984711
-22.81563853970526
-22.80084993108794
-22.786024525175876
-22.771165588599658
-22.756276410424604
-22.741360299112685
-22.726420579463834
-22.71146058953876
-22.696483677565467
-22.681493198831888
-22.66649251256699
-22.65148497881286
-22.63647395529027
-22.62146279426055
-22.606454839386615
-22.59145342259579
-22.576461860947106
-22.561483453505602
-22.54652147822658
-22.531579188852803
-22.516659811827637
-22.50176654322722
-22.486902545714642
-22.472070945519178
-22.457274829443506
-22.442517241901882
-22.427801181992365
-22.413129600606297
-22.398505397578205
-22.383931418879214
-22.369410453857157
-22.354945232526532
-22.34053842291145
-22.32619262844436
-22.31191038542339
-22.297694160530924
-22.283546348415896
-22.269469269341997
-22.255465166904187
-22.24153620581562
-22.227684469766913
-22.21391195935955
-22.20022059011508
-22.186612190561775
-22.173088500400453
-22.159651168751466
-22.146301752484828
-22.13304171463518
-22.119872422903097
-22.106795148244213
-22.093811063547673
-22.080921242405264
-22.068126657972595
-22.055428181923627
-22.04282658349977
-22.03032252865439
-22.017916579293352
-22.005609192612052
-21.993400720529433
-21.981291409219505
-21.969281398740844
-21.95737072276459
-21.94555930840148
-21.93384697612849
-21.922233439815766
-21.910718306854772
-21.89930107838826
-21.88798114964258
-21.87675781036263
-21.865630245349433
-21.854597535100265
-21.84365865655094
-21.832812483919792
-21.822057789652785
-21.811393245469286
-21.800817423508175
-21.790328797573732
-21.779925744480675
-21.76960654549735
-21.759369387885908
-21.74921236653803
-21.73913348570461
-21.729130660817912
-21.719201720404566
-21.70934440808797
-21.699556384678555
-21.689835230350052
-21.68017844689957
-21.670583460089386
-21.661047622068406
-21.65156821387127
-21.642142447993148
-21.632767471038346
-21.623440366440672
-21.61415815725378
-21.60491780900922
-21.59571623264007
-21.586550287467798
-21.5774167842501
-21.568312488287216
-21.559234122584154
-21.550178371065936
-21.541141881842616
-21.532121270521184
-21.52311312356137
-21.51411400167215
-21.505120443245584
-21.496128967824358
-21.487136079599235
-21.478138270932288
-21.46913202590191
-21.460113823865566
-21.451080143036148
-21.442027464067944
-21.43295227364835
-21.423851068091334
-21.414720356928637
-21.40555666649477
-21.39635654350216
-21.387116558603037
-21.37783330993484
-21.3685034266458
-21.359123572397277
-21.34969044883955
-21.340200799057623
-21.330651410983773
-21.321039120773644
-21.311360816142706
-21.301613439659615
-21.291793991993114
-21.281899535109158
-21.271927195415184
-21.261874166848582
-21.25173771390622
-21.241515174612072
-21.23120396342001
-21.22080157404893
-21.210305582247383
-21.199713648485083
-21.189023520568735
-21.178233036179687
-21.167340125331247
-21.156342812743542
-21.145239220134055
-21.134027568422123
-21.122706179845874
-21.11127347999
-21.099727999722983
-21.0880683770424
-21.07629335882704
-21.06440180249457
-21.052392677563386
-21.040265067117428
-21.028018169172622
-21.015651297943872
-21.0031638850114
-20.99055548038542
-20.97782575346802
-20.964974493910955
-20.952001612367905
