3.165359456812452
3.2142369620882496
3.263525049345719
3.3132233914039193
3.363331683643249
3.4138496416764745
3.464776998953767
3.516113504305793
3.5678589194289616
3.6200130163169866
3.6725755746429782
3.725546379096345
3.778925216678863
3.832711873964341
3.8869061343263303
3.9415077751383545
3.9965165649511576
4.051932260651476
4.107754604606917
4.163983321801571
4.220618116967011
4.277658671713377
4.335104641665273
4.392955653607247
4.451211302643606
4.509871149377296
4.568934717112543
4.628401489085981
4.68827090573096
4.748542361979742
4.809215204608248
4.870288729628034
4.931762179730134
4.993634741785376
5.055905544405766
5.11857365557148
5.181638080327942
5.245097758557328
5.308951562828774
5.373198296331474
5.437836690894756
5.5028654050991515
5.568283022482456
5.634088049844658
5.7002789156553915
5.76685396856742
5.83381147603956
5.9011496230722535
5.968866511058867
6.036960156755602
6.105428491372831
6.174269359790491
6.24348051990013
6.313059642076019
6.383004308777621
6.4533120142855145
6.523980164572762
6.595006077313521
6.666386982030482
6.738120020382611
6.810202246594402
6.8826306280277
6.955402045896842
7.028513296127737
7.101961090361325
7.17574205710169
7.249852743008842
7.324289614335986
7.3990490585108954
7.474127385860696
7.549520831479149
7.6252255572353596
7.701237653922597
7.777553143545752
7.8541679817457615
7.931078060359085
8.008279210110148
8.085767203434438
8.163537757429753
8.241586536932896
8.319909157718886
8.398501189819594
8.477358160958655
8.556475560099363
8.635848841102037
8.715473426487135
8.795344711300173
8.87545806707437
8.955808845886843
9.036392384503998
9.117204008611667
9.198239037125427
9.279492786576457
9.360960575568145
9.442637729298507
9.524519584143452
9.606601492295741
9.688878826454516
9.771346984560003
9.85400139456795
9.93683751925831
10.019850861072534
10.103036966973825
10.186391433324623
10.269909910775517
10.35358810915974
10.437421802387343
10.521406833333055
10.605539118711672
10.689814653934942
10.774229517943933
10.858779878010946
10.943461994505055
11.028272225615337
11.113207032025839
11.198262981536386
11.283436753623434
11.368725143935123
11.454125068714688
11.53963356914639
11.625247815618296
11.710965111896359
11.796782899204304
11.882698760203969
11.968710422870675
12.054815764258297
12.141012814148855
12.227299758581486
12.313674943255824
12.400136876804828
12.486684233932131
12.57331585840911
12.660030765926912
12.746828146798883
12.833707368508877
12.92066797810106
13.007709704406816
13.094832460104636
13.182036343608996
13.269321640784394
13.356688826480788
13.444138565886913
13.531671715698009
13.619289325094625
13.70699263652959
13.794783086320477
13.882662305045088
13.97063211773775
14.058694543884286
14.146851797213843
14.235106285285896
14.32346060887089
14.411917561123277
14.500480126545856
14.58915147974449
14.677934983972452
14.766834189464124
14.85585283155803
14.944994828609472
15.034264279693224
15.123665462097142
15.213202828607756
15.30288100458926
15.392704784857536
15.482679130350839
15.572809164599017
15.663100169993251
15.753557583858646
15.844186994332256
15.93499413604955
16.02598488564254
16.11716525705317
16.208541396665662
16.30011957826171
16.39190619780265
16.483907768042997
16.57613091297992
16.668582362143496
16.76126894473272
16.85419758360247
16.94737528910683
17.040809152804243
17.134506341030175
17.22847408834321
17.322719690850935
17.417250499421986
17.512073912790715
17.607197370561142
17.70262834611704
17.79837433944512
17.89444286987855
17.990841468768142
18.08757767208852
18.18465901298658
18.282093014279646
18.379887180910792
18.478048992368763
18.576585895079965
18.67550529478003
18.774814548872378
18.87452095878134
18.97463176230718
19.075154125990505
19.176095137493544
19.27746179800584
19.379261014681756
19.481499593117146
19.584184229872672
19.68732150505107
19.790917874935726
19.894979664698155
19.99951306118183
20.104524105769457
20.210018687340693
20.31600253532727
20.422481212872782
20.529460110103827
20.63694443751919
20.744939219503635
20.853449287972897
20.962479276156362
21.072033612523544
21.182116514860244
21.292731984500367
21.403883800719147
21.515575515293254
21.627810447233262
21.740591677693835
21.853922045066703
21.96780414026143
22.082240302179095
22.19723261338374
22.312782895976433
22.428892707676802
22.54556333811673
22.66279580535076
22.780590852587704
22.89894894514749
23.01787026764698
23.137354721418188
23.25740192216234
23.378011197842863
23.499181586820196
23.620911836231027
23.743200400614096
23.866045440784617
23.98944482295927
24.113396118133366
24.23789660171174
24.362943253394988
24.488532757322204
24.614661502471037
24.7413255833156
24.868520800742417
24.996242663224155
25.12448638825059
25.253246904016056
25.382518851362494
25.512296585976845
25.64257418084124
25.77334542893458
25.904603846183694
26.036342674662013
26.168554886033426
26.301233185238907
26.434370014423358
26.567957557099668
26.70198774254674
26.83645225043798
26.97134251569627
27.106649733571423
27.242364864935205
27.378478641789226
27.514981572980584
27.65186395012014
27.7891158536984
27.926727159393888
28.064687544568553
28.202986494944607
28.341613311456793
28.480557117273886
28.61980686498279
28.759351343928557
28.89917918770334
29.03927888177725
29.179638771263825
29.320247068812677
29.461091862621828
29.602161124561974
29.743442718404655
29.88492440814588
30.02659386641685
30.16843868297352
30.310446373256926
30.452604387015985
30.594900116984636
30.73732090760527
30.879854063790194
31.022486859713048
31.165206547621985
31.3080003666664
31.45085555172907
31.593759342255744
31.736698991074327
31.879661773195984
32.02263499459037
32.16560600092712
32.308562186275914
32.45149100175727
32.59437996413616
32.737216664350406
32.87998877596611
33.02268406355226
33.1652903909674
33.307795729551216
33.450188166214204
33.59245591141884
33.73458730704563
33.87657083413718
34.018395120513404
34.16004894825109
34.30152126102156
34.44280117128086
34.58387796730746
34.72474112008261
34.86538029000836
35.00578533345809
35.14594630915496
35.28585348437354
35.42549734096058
35.56486858117045
35.70395813331151
35.84275715719985
35.981257049416875
36.1194494483673
36.257326239134464
36.39487955813032
36.53210179753764
36.6689856095422
36.8055239103526
36.941709884005625
37.07753698595513
37.21299894644272
37.34808977364877
37.4828037566225
37.61713546798981
37.75107976643798
37.88463179897619
38.01778700297078
38.15054110795418
38.282890137206635
38.41483040911069
38.54635853827884
38.67747143645434
38.80816631318558
38.93844067627455
39.068292332000254
39.19771938511761
39.32672023863242
39.45529359335305
39.58343844722006
39.71115409441566
39.83844012425474
39.96529641985976
40.091723156621505
40.2177208004475
40.34329010579982
40.46843211352357
40.59314814846804
40.71743981690228
40.84130900372717
40.96475786948654
41.08778884718047
41.210404638883325
41.33260821216911
41.45440279634679
41.575791878508575
41.69677919939463
41.81736874907748
41.9375647624697
42.057371714658856
42.176794316073696
42.2958375074857
42.4145064548503
42.53280654399167
42.650743375135264
42.768322757292125
42.88555070249889
43.00243341991727
43.11897730979676
43.23518895730449
43.351075126226235
43.466642752543564
43.58189893789175
43.696850942903765
43.81150618044579
43.925872208749624
44.039956724447265
44.15376755551283
44.267312654117
44.380600089399586
44.49363804016598
44.606434787513585
44.71899870739497
44.83133826312456
44.943461997835634
45.05537852689422
45.16709653027623
45.278624744914104
45.38997195701983
45.50114699439097
45.61215871870632
45.72301601781776
45.83372779804471
45.94430297647778
46.05475047329872
46.16507920412396
46.275298072378625
46.3854159617075
46.49544172842991
46.605384194045826
46.71525213780035
46.82505428931364
46.93479932128321
47.044495842265064
47.15415238954034
47.2637774220741
47.373379313573196
47.48296634565048
47.59254670110198
47.702128457303786
47.81171957973527
47.92132791563478
48.03096118779371
48.14062698849432
48.25033277359654
48.36008585677911
48.46989340393992
48.57976242776044
48.689699782439114
48.7997121585986
48.90980607837117
49.01998789066648
49.13026376662595
49.24063969526748
49.35112147932393
49.461714731277944
49.57242486959553
49.683257115160366
49.79421648791061
49.90530780367994
50.01653567124453
50.1279044895772
50.23941844530942
50.35108151040186
50.46289744002406
50.574869770644234
50.68700181832964
50.79929667725692
50.911757218431845
51.02438608861833
51.13718570947664
51.25015827691068
51.36330576062319
51.47662990387728
51.59013222346256
51.703814009864416
51.817676327634686
51.93172001596163
52.045945689436806
52.16035373901583
52.27494433317044
52.38971741922849
52.504672724898754
52.61980975997672
52.73512781822764
52.85062597944302
52.96630311166656
53.08215787358542
53.19818871708295
53.31439388994877
53.43077143874259
53.54731921180754
53.664034862428615
53.78091585213192
53.89795945412052
54.01516275684255
54.132522667687134
54.25003591680396
54.36769906104282
54.48550848800911
54.603460420230896
54.721550919433376
54.83977589091668
54.95813108803301
55.076612116759144
55.195214440360154
55.313933384140476
55.43276414027824
55.55170177273854
55.670741222261
55.78987731141669
55.90910474972944
56.02841813885661
56.147811977824375
56.26728066831285
56.38681851998663
56.50641975586686
56.62607851774064
56.74578887160365
56.86554481313155
56.98534027317592
57.10516912328032
57.22502518121135
57.344902216499946
57.464793955987915
57.584694089375006
57.70459627476155
57.82449414418179
57.944381309123266
58.06425136602818
58.18409790177308
58.3039144991233
58.423694742158695
58.5434322216664
58.66312054049653
58.78275331887702
58.902324199684166
59.02182685366555
59.141254984611955
59.26060233447496
59.379862688427046
59.499029879860736
59.61809779532329
59.7370603793838
59.85591163942995
59.97464565039165
60.09325655938919
60.211738590303455
60.330086048266296
60.44829332406947
60.56635489849042
60.68426534653291
60.80201934158082
60.91961165946337
61.037037182429785
61.154290903030514
61.27136792790195
61.388263481451574
61.50497290944058
61.6214916824611
61.7378153993058
61.853939790227614
61.969860720087624
62.085574191389625
62.20107634719948
62.31636347394765
62.43143200411338
62.546278518789045
62.66089975012334
62.77529258364165
62.88945406044211
63.00338137926604
63.11707189844133
63.23052313769795
63.343732779854115
63.45669867237182
63.569418828780435
63.68189142996686
63.794114825330375
63.906087533800125
64.01780824471325
64.12927581855195
64.2404892875378
64.3514478560823
64.46215090109297
64.57259797213487
64.68278879144839
64.79272325382397
64.9024014263345
65.01182354792604
65.12099002886697
65.22990145005656
65.33855856219282
65.44696228479967
65.55511370511437
65.66301407683642
65.77066481873959
65.87806751314866
65.98522390428292
66.09213589646737
66.19880555221249
66.30523509016274
66.41142688291376
66.51738345469772
66.62310747893633
66.72860177566139
66.83386930880255
66.93891318334249
67.04373664233981
67.14834306382022
67.25273595753754
67.35691896160654
67.46089583901039
67.56467047398621
67.66824686829273
67.77162913736458
67.87482150635833
67.9778283060947
68.0806539689022
68.18330302436631
68.28578009498791
68.38808989175483
68.49023720962965
68.59222692295636
68.69406398078821
68.7957534021398
68.89730027116583
68.99870973227031
69.09998698514939
69.20113727977174
69.30216591130001
69.40307821495664
69.50387956083695
69.60457534867233
69.7051710025466
69.80567196556895
69.90608369450611
70.00641165437771
70.10666131301862
70.20683813561318
70.3069475792076
70.40699508720714
70.50698608386536
70.6069259687733
70.7068201113561
70.80667384538454
70.90649246350922
71.00628121182486
71.10604528447125
71.20578981827823
71.30551988746159
71.4052404983765
71.50495658433506
71.60467300049329
71.704394518813
71.80412582310403
71.90387150415201
72.00363605493682
72.103423865947
72.20323922059437
72.30308629073296
72.40296913228623
72.50289168098733
72.60285774823696
72.70287101708347
72.80293503832958
72.9030532267706
73.00322885756967
73.10346506277531
73.20376482798568
73.30413098916395
73.40456622960895
73.50507307708463
73.60565390111199
73.70631091042608
73.80704615060054
73.90786150184218
74.00875867695791
74.10973921949594
74.21080450206293
74.31195572481906
74.41319391415252
74.5145199215352
74.61593442256103
74.71743791616754
74.81903072404131
74.92071299020799
75.02248468080742
75.12434558405343
75.22629531037737
75.32833329275397
75.43045878720781
75.53267087349897
75.63496845598715
75.73735026467418
75.8398148564248
75.94236061636465
76.04498575945453
76.14768833223965
76.25046621477244
76.35331712270826
76.45623860957366
76.5592280692068
76.6622827383695
76.76539969952998
76.86857588381449
76.97180807412596
77.07509290842651
77.17842688318055
77.28180635695443
77.38522755416781
77.48868656899126
77.5921793693842
77.69570180126776
77.79924959282708
77.90281835893778
78.00640360571104
78.11000073515139
78.21360504992172
78.31721175821075
78.42081597869775
78.5244127456102
78.6279970138704
78.73156366432782
78.83510750907406
78.93862329683667
79.04210571844861
79.14554941238872
79.24894897038824
79.35229894309894
79.45559384581735
79.55882816425957
79.66199636038105
79.76509287823636
79.86811214987311
79.9710486012534
80.07389665819527
80.17665075232752
80.27930532705055
80.38185484349593
80.48429378647721
80.58661667042439
80.68881804529416
80.79089250244725
80.89283468048448
80.99463927103226
81.09630102446668
81.19781475556475
81.29917534907143
81.40037776517157
81.50141704485644
81.60228831517678
81.70298679437359
81.80350779687875
81.90384673817844
82.00399913953275
82.10396063254596
82.20372696358264
82.30329399802393
82.40265772435895
82.50181425810557
82.60075984555475
82.69949086733162
82.79800384176734
82.89629542807687
82.99436242933801
83.09220179526697
83.18981062478575
83.28718616837669
83.38432583022016
83.48122717011186
83.577887905157
83.67430591123865
83.77047922425719
83.86640604113789
83.96208472060458
84.05751378371679
84.15269191416814
84.24761795834343
84.34229092513306
84.43670998550397
84.53087447182668
84.62478387695865
84.7184378530834
84.81183621030505
84.90497891499854
84.99786608791783
85.09049800206446
85.18287508032051
85.27499789285048
85.36686715427754
85.45848372063983
85.54984858613307
85.64096287964662
85.73182786110078
85.82244491759286
85.91281555935916
86.00294141555946
86.09282422989077
86.18246585603742
86.27186825296496
86.36103348006395
86.44996369215028
86.538661134329
86.62712813672977
86.71536710912221
86.80338053542039
86.89117096808502
86.97874102243281
87.06609337086184
87.15323073700313
87.24015588980888
87.3268716375876
87.41338082199638
87.49968631200068
87.58579099781207
87.67169778481343
87.7574095874802
87.8429293233063
87.92825990674396
88.01340424316663
88.09836522286457
88.18314571508256
88.26774856210864
88.35217657342264
88.43643251991307
88.52051912816967
88.6044390748591
88.68819498118978
88.77178940747194
88.85522484777846
88.93850372471184
89.02162838428251
89.10460109090343
89.18742402250643
89.27009926578671
89.35262881158155
89.43501455038881
89.51725826803045
89.59936164146552
89.6813262347556
89.76315349518416
89.84484474953172
89.9264012005084
90.00782392334531
90.0891138625467
90.1702718288036
90.2512984960706
90.33219439880656
90.41295992938103
90.49359533564734
90.5741007186839
90.65447603070413
90.73472107313569
90.8148354948695
90.89481879067864
90.9746702998059
91.05438920471829
91.13397453002551
91.21342514155936
91.29273974561124
91.371916888324
91.45095495523435
91.52985217096409
91.60860659905791
91.6872161419659
91.76567854116865
91.84399137744322
91.92215207126821
92.00015788336589
92.0780059153791
92.15569311068111
92.23321625531639
92.31057197907023
92.387756756665
92.46476690908071
92.54159860499726
92.61824786235513
92.69471055003112
92.77098238962515
92.84705895735397
92.92293568604714
92.99860786724014
93.07407065335963
93.14931905999686
93.22434796826485
93.29915212723586
93.37372615645666
93.44806454853949
93.52216167182655
93.59601177312584
93.66960898051548
93.74294730621375
93.81602064951346
93.88882279977895
93.96134743950427
94.03358814743115
94.1055384017252
94.17719158320836
94.24854097864602
94.31957978408582
94.39030110824467
94.46069797594168
94.53076333157446
94.60049004263749
94.66987090328121
94.73889863790998
94.80756590481656
94.87586529985106
94.94378936012379
95.01133056774165
95.07848135357722
95.14523410107017
95.21158115006006
95.27751480064967
95.3430273170984
95.40811093174477
95.4727578489576
95.53696024911426
95.60071029260416
95.66400012385475
95.72682187537737
95.78916767183034
95.85102963409724
95.91239988337782
95.97327054528955
96.03363375397771
96.09348165623133
96.15280641560206
96.21160021652166
96.26985526841348
96.32756380979377
96.38471811235887
96.44131048505379
96.49733327811826
96.5527788871061
96.60763975687404
96.66190838553642
96.71557732838265
96.76863920175491
96.82108668688316
96.87291253367572
96.92410956446439
96.97467067770388
97.02458885162524
97.07385714784378
97.12246871492219
97.17041679188854
97.21769471170909
97.26429590471683
97.31021390199633
97.35544233872541
97.39997495747467
97.443805611466
97.48692826779198
97.52933701059827
97.57102604423174
97.61198969635744
97.65222242104765
97.69171880184602
97.73047355480968
97.76848153153183
97.80573772214699
97.8422372583211
97.87797541622898
97.91294761952041
97.94714944227756
97.98057661196525
98.01322501237495
98.04509068656294
98.07616983978265
98.10645884240999
98.13595423286039
98.16465272049537
98.19255118851639
98.21964669684267
98.24593648496942
98.2714179748019
98.2960887734606
98.31994667605305
98.34298966840832
98.36521592976975
98.38662383544134
98.40721195938453
98.4269790767613
98.4459241664192
98.46404641331286
98.48134521085636
98.49782016320147
98.51347108743583
98.52829801569622
98.54230119719101
98.55548110012579
98.56783841352602
98.5793740489489
98.59008914207662
98.59998505418297
98.60906337346579
98.61732591623728
98.62477472796432
98.63141208415219
98.6372404910645
98.64226268627327
98.6464816390329
98.64990055047245
98.65252285359973
98.654352213112
98.65539252500933
98.65564791600706
98.6551227427452
98.65382159079273
98.65174927344547
98.64891083031806
98.64531152572998
98.64095684688662
98.63585250185564
98.63000441734015
98.62341873625006
98.61610181507318
98.60806022104792
98.59930072913936
98.58983031882018
98.57965617065871
98.56878566271801
98.55722636676977
98.54498604432716
98.53207264250123
98.5184942896859
98.50425929107813
98.48937612403994
98.47385343330915
98.4577000260649
98.44092486685314
98.42353707237713
98.40554590615771
98.3869607730678
98.36779121374478
98.34804689888446
98.32773762342035
98.30687330059115
98.28546395589896
98.26351972096083
98.24105082725723
98.21806759978037
98.19458045058488
98.17059987224238
98.14613643120137
98.12120076105359
98.09580355570765
98.06995556247134
98.0436675750436
98.01695042641845
97.98981498170323
97.96227213085498
97.93433278133861
97.90600785071271
97.87730825914954
97.84824492189577
97.81882874168147
97.78907060108517
97.75898135486179
97.72857182223967
97.69785277919331
97.66683495069762
97.63552900297006
97.60394553570606
97.57209507431273
97.53998806214528
97.50763485275192
97.47504570213275
97.44223076101909
97.40920006717951
97.37596353775879
97.34253096165602
97.30891199194795
97.2751161383645
97.24115275982373
97.20703105703419
97.17276006517247
97.1383486466444
97.10380548393843
97.06913907258101
97.0343577142041
96.99946950973454
96.9644823527146
96.92940392276235
96.89424167917987
96.85900285471833
96.82369444950798
96.78832322516025
96.75289569904858
96.71741813877448
96.68189655682495
96.6463367054268
96.61074407160329
96.57512387243874
96.53948105055652
96.50382026981602
96.46814591123366
96.4324620691328
96.39677254752674
96.36108085673818
96.32539021025873
96.28970352185225
96.25402340290482
96.21835216002417
96.18269179289207
96.14704399237435
96.11141013889262
96.07579130106213
96.0401882345986
96.00460138149658
95.96903086947982
95.93347651172503
95.89793780685939
95.86241393923156
95.82690377945558
95.79140588522621
95.75591850240353
95.72043956636442
95.68496670361897
95.64949723368915
95.61402817124616
95.5785562285036
95.54307781786343
95.50758905481285
95.47208576106988
95.43656346797599
95.40101742013422
95.36544257929125
95.3298336284609
95.29418497628609
95.25849076163587
95.22274485843315
95.1869408807085
95.15107218787381
95.11513189020962
95.07911285456049
95.04300771023196
95.00680885508353
94.97050846181077
94.93409848440837
94.89757066480598
94.86091653966861
94.82412744735399
94.78719453502009
94.7501087658755
94.71286092656607
94.67544163469296
94.63784134645715
94.60005036442584
94.56205884541595
94.52385680848971
94.48543414305692
94.44678061707742
94.4078858853573
94.36873949793227
94.32933090853197
94.28964948311778
94.2496845084857
94.20942520092723
94.16886071494177
94.12798015199432
94.08677256931223
94.04522698871533
94.00333240547313
93.96107779718334
93.91845213266497
93.87544438085892
93.83204351972897
93.78823854515683
93.7440184798243
93.69937238207449
93.65428935474453
93.60875855396311
93.5627691979053
93.51631057549825
93.46937205507088
93.42194309293966
93.37401324192358
93.32557215978117
93.27660961756276
93.22711550787191
93.17707985303086
93.1264928131449
93.07534469406055
93.02362595521087
92.97132721734094
92.91843927010488
92.86495307952639
92.81085979531422
92.75615075802448
92.7008175060618
92.6448517825118
92.58824554179732
92.53099095615134
92.47308042189927
92.4145065655445
92.3552622496516
92.29534057852177
92.23473490365566
92.17343882899789
92.11144621595784
92.04875118820203
91.98534813621396
91.92123172161794
91.85639688126369
91.79083883106924
91.72455306962027
91.6575353815239
91.58978184051503
91.52128881231366
91.4520529572325
91.3820712325352
91.31134089454648
91.23985950051522
91.16762491023226
91.09463528740471
91.02088910078888
90.94638512508348
90.87112244158428
90.79510043860162
90.71831881164215
90.64077756335499
90.56247700324278
90.48341774713802
90.40360071644571
90.32302713715436
90.24169853861807
90.15961675211238
90.0767839091674
89.99320243968216
89.9088750698244
89.82380481971975
89.7379950009362
89.65144921377022
89.56417134434095
89.47616556149798
89.38743631354897
89.297988324813
89.20782659200678
89.1169563804698
89.02538322023317
88.93311290193675
88.84015147259801
88.74650523123525
88.6521807243479
88.55718474125639
88.46152430930364
88.36520668891957
88.26823936855091
88.17063005945819
88.07238669038215
87.97351740208184
87.87403054174708
87.77393465728836
87.67323849150888
87.57195097616342
87.47008122590991
87.36763853215815
87.26463235682071
87.16107232597018
87.0569682234068
86.95232998413964
86.84716768778527
86.74149155188879
86.63531192517168
86.52863928071055
86.42148420904972
86.31385741125145
86.20576969188642
86.0972319519675
85.98825518183003
85.87885045396217
85.76902891578925
85.65880178241594
85.54818032933008
85.43717588507229
85.32579982387517
85.21406355827708
85.10197853171485
84.98955621110065
84.87680807938762
84.76374562812919
84.65038035003727
84.53672373154404
84.42278724537243
84.30858234312052
84.19412044786657
84.07941294680109
83.96447118389233
83.84930645259226
83.73392998859015
83.61835296262143
83.5025864733393
83.38664154025696
83.27052909676922
83.15425998326214
83.03784494031879
82.92129460203034
82.8046194894199
82.68783000398628
82.57093642137409
82.45394888517615
82.33687740087316
82.21973182991462
82.10252188394473
81.98525711917624
81.86794693091507
81.75060054823915
81.63322702883487
81.5158352539945
81.39843392377735
81.2810315523386
81.16363646343005
81.04625678607759
80.92890045044122
80.81157518386281
80.69428850710686
80.57704773079818
80.45985995206
80.34273205135467
80.22567068952968
80.10868230507081
79.9917731115646
79.87494909537143
79.7582160135107
79.64157939175844
79.52504452295805
79.40861646554445
79.29230004228167
79.17609983921396
79.06002020483025
78.94406524944087
78.82823884476521
78.71254462372859
78.59698598046633
78.48156607053419
78.36628781132377
78.25115388268101
78.13616672772547
78.02132855386843
77.90664133402683
77.79210680802927
77.67772648421075
77.56350164119314
77.44943332984846
77.33552237544106
77.22176937994547
77.10817472453593
76.994738572243
76.881460870773
76.76834135548606
76.65537955252793
76.54257478211079
76.42992616193848
76.31743261077199
76.20509285213163
76.09290541813286
75.98086865345269
75.86898071942412
75.75723959825572
75.64564309737338
75.53418885388018
75.4228743391304
75.31169686341318
75.20065358074052
75.08974149373464
74.97895745860828
74.8682981902318
74.75776026727985
74.64734013745115
74.53703412275505
74.42683842485829
74.3167491304861
74.20676221687157
74.09687355724762
73.98707892637653
73.87737400611253
73.767754390993
73.65821559385394
73.54875305146494
73.43936213017777
73.33003813158156
73.22077629815796
73.11157181892908
73.00241983509109
72.89331544562647
72.7842537128882
72.67522966815007
72.56623831711813
72.45727464539796
72.3483336239121
72.23941021426226
72.13049937403146
72.0215960620222
71.91269524342768
71.80379189493279
71.69488100974213
71.58595760253225
71.47701671432533
71.36805341728116
71.25906281940384
71.15004006915946
71.04098036000086
70.93187893479559
70.82273109015331
70.7135321806485
70.60427762293433
70.49496289974356
70.38558356377291
70.27613524144795
70.16661363656522
70.05701453380914
69.94733380214109
69.83756739805858
69.72771136872325
69.61776185495762
69.50771509411072
69.3975674227928
69.28731527947963
69.17695520698607
69.06648385480838
68.95589798133409
68.84519445591803
68.73437026082394
68.62342249303157
68.51234836590896
68.40114521074912
68.28981047817098
68.17834173938473
68.06673668732122
67.95499313762508
67.84310902951194
67.73108242648965
67.61891151694414
67.50659461459054
67.39413015879029
67.28151671473518
67.16875297350009
67.05583775196578
66.94276999261263
66.82954876318581
66.71617325623195
66.60264278850705
66.48895680025679
66.37511485437038
66.2611166354095
66.14696194851295
66.03265071817849
65.91818298692293
65.80355891382315
65.68877877294021
65.57384295162994
65.45875194874354
65.34350637272193
65.22810693958779
65.11255447083884
64.99684989124619
64.88099422656084
64.76498860113212
64.64883423544073
64.53253244354975
64.41608463047594
64.29949228948338
64.1827569993013
64.06588042126798
63.94886429640284
63.83171044240928
63.71442075061103
63.5969971828254
63.47944176817757
63.36175659986154
63.24394383185328
63.126005675582384
63.00794439656821
62.88976231102519
62.77146178244161
62.65304521813599
62.53451506579453
62.41587380999332
62.29712396870904
62.17826808982196
62.0593087476153
61.940248539274286
61.82109008138863
61.70183600646189
61.58248895943163
61.46305159420464
61.343526570212106
61.22391654899016
61.10422419079114
60.984452151230954
60.86460307797799
60.74467960748902
60.62468436179691
60.50461994535513
60.384488941944056
60.26429391164382
60.14403738787851
60.02372187453645
59.90334984317067
59.782923730283265
59.662445934696414
59.54191881501318
59.421344687170595
59.30072582208762
59.18006444341099
59.059362725362085
58.938622790687724
58.81784670871732
58.69703649352899
58.576194102226815
58.455321433331584
58.33442032528736
58.21349255508547
58.09253983700702
57.97156382148457
57.8505660940834
57.72954817460262
57.60851151629687
57.48745750521836
57.366387459679245
57.245302629834455
57.1242041973846
57.00309327539851
56.88197090825476
56.760838071700746
56.63969567302793
56.5185445513621
56.39738547806782
56.27621915726594
56.15504622646337
56.03386725729389
55.912682756368454
55.791493166233195
55.6702988664331
55.54910017467917
55.427897348116815
55.30669058469295
55.18548002461899
55.06426575192655
54.94304779611185
54.821826133864995
54.70060069088027
54.57937134374374
54.4581379218941
54.33690020965276
54.21565794831913
54.09441083832707
53.97315854145911
53.851900683114714
53.73063685462973
53.60936661564376
53.488089496511925
53.366805000756706
53.2455126075563
53.124211774266314
53.00290193897172
52.88158252306562
52.760252933850836
52.638912567159934
52.51756080998899
52.39619704314083
52.274820643873056
52.153430988545836
52.032027455264256
51.910609426509836
51.78917629175561
51.6677274500596
51.54626231263194
51.42478030537086
51.303280871363654
51.18176347334952
51.0602275961416
50.93867274900566
50.81709846799293
50.69550431822466
50.573889896126325
50.452254831609245
50.33059879019742
50.20892147509732
50.08722262920809
49.96550203706976
49.843759526747014
49.72199497164586
49.60020829226033
49.4783994578467
49.35656848802318
49.234715454292704
49.11284048148706
48.99094374913039
48.869025492720134
48.74708600492351
48.62512563668717
48.50314479825816
48.38114396011399
48.25912365380002
48.13708447267241
48.01502707254507
47.89295217223916
47.77086055403417
47.6487530640192
47.526630612344306
47.40449417337145
47.282344785725385
47.16018355224473
47.038011639833755
46.915830279215626
46.79364076458772
46.671444453179774
46.54924276471557
46.427037180778804
46.304829244083614
46.18262055765096
46.06041278389174
45.938207643597686
45.816006914840536
45.693812431780124
45.571626083382434
45.44944981204916
45.32728561216047
45.20513552853303
45.08300165479543
44.96088613168374
44.83879114525926
44.71671892505092
44.59467174212458
44.47265190708138
44.35066176798759
44.22870370823867
44.106780144360215
43.98489352374858
43.86304632235411
43.741241042310406
43.6194802095126
43.497766371147264
43.37610209317691
43.254489957781715
43.13293256076108
43.01143250889774
42.88999241728706
42.768614906633815
42.64730260051917
42.526058122640876
42.40488409403005
42.283783130247656
42.16275783856346
42.04181081512032
41.920944642086816
41.80016188480183
41.679465088915
41.55885677752726
41.43833944833616
41.31791557079068
41.19758758325994
41.07735789021975
40.95722885946068
40.837202819320986
40.717282055948
40.59746881059149
40.47776527693215
40.35817359844818
40.238695865823296
40.119334114399884
40.00009032168079
39.88096640488341
39.76196421854975
39.64308555221585
39.52433212814459
39.40570559912557
39.2872075463455
39.168839477332554
39.050602823977684
38.932498940635995
38.81452910231117
38.696694502925666
38.57899625367931
38.46143538149825
38.344012827576094
38.22672944600892
38.10958600252606
37.992583173318295
37.875721543964644
37.75900160845874
37.642423768335966
37.52598833190286
37.409695513570234
37.29354543329121
37.177538116105076
37.061673491787936
36.945951394610354
36.830371563202284
36.71493364052515
36.599637173951244
36.4844816154506
36.369466321885746
36.25459055541473
36.13985348400258
36.025254182041074
35.91079163107592
35.79646472064051
35.68227224919557
35.5682129251741
35.454285368130826
35.34048810999482
35.22681959642435
35.11327818826274
34.999862163094434
34.88656971690014
34.77339896580992
34.66034794795269
34.547414625400506
34.43459688620567
34.32189254652832
34.20929935285187
34.09681498428364
33.98443705493793
33.87216311639895
33.759990660260996
33.64791712074347
33.53593987737818
33.42405625776618
33.31226354040112
33.20055895755589
33.08893969822892
32.97740291114652
32.865945707817524
32.754565165636016
32.64325833102807
32.53202222263834
32.420853834552354
32.30975013955054
32.19870809238977
32.087724633108756
31.976796690353346
31.865921184717642
31.755095032096328
31.64431514704352
31.533578446133554
31.422881851319193
31.312222293282918
31.201596714776958
31.09100207394825
30.98043534764462
30.869893534698708
30.759373659186213
30.648872773655018
30.53838796232198
30.42791634423425
30.31745507639225
30.20700135683144
30.096552427660086
29.986105578050186
29.87565814717881
29.765207527117198
29.654751165665218
29.544286569129
29.433811305039157
29.32332300480705
29.21281936631651
29.102298156448494
28.991757213536015
28.88119444974664
28.77060785339007
28.659995491148333
28.54935551022616
28.438686140419588
28.32798569610061
28.21725257811566
28.10648527559574
27.995682367676103
27.884842525123453
27.77396451186886
27.663047186444523
27.552089503322897
27.441090514156862
27.33004936891971
27.218965316943986
27.1078377078583
26.996665992421363
26.885449723252783
26.77418855546006
26.662882247161154
26.551530659901974
26.440133758968276
26.328691613591534
26.217204397048594
26.105672386655076
25.994095963652914
25.88247561299261
25.770811923011
25.65910558500545
25.547357392705692
25.435568241644262
25.32373912842644
25.211871149900674
25.099965502230447
24.988023479868787
24.876046474436862
24.76403597350827
24.651993559300877
24.53992090727817
24.427819784662145
24.315692048859628
24.203539645804053
24.09136460821446
23.9791690537734
23.86695518322551
23.754725278398464
23.642481700148235
23.53022688623056
23.41796334910051
23.305693673642303
23.193420514831807
23.081146595334012
22.968874703037777
22.85660768853034
22.74434846251426
22.63209999316947
22.519865303462886
22.407647468408236
22.29544961227852
22.183274905773704
22.071126563146226
21.959007839286773
21.84692202677262
21.734872452880882
21.62286247656893
21.510895485424232
21.398974892585688
21.287104133638667
21.175286663486236
21.063525953198805
20.951825486844527
20.84018875830283
20.728619268063554
20.617120520014154
20.505696018217478
20.3943492636826
20.283083751131144
20.171902965761618
20.0608103800145
19.94980945034099
19.83890361397793
19.728096285731663
19.617390854773543
19.506790681450166
19.396299094111395
19.2859193859593
19.17565481192106
19.06550858554895
18.95548387595043
18.845583804751392
18.735811443095862
18.62616980868564
18.516661862863337
18.407290507742182
18.298058583385775
18.188968865041097
18.080024060428038
17.971226807088847
17.862579669800617
17.754085138053732
17.645745623599357
17.53756345806899
17.42954089066915
17.321680085954018
17.21398312167881
17.10645198673632
16.999088579179134
16.891894704329875
16.784872072981816
16.678022299692277
16.571346901170944
16.464847294765136
16.358524797043984
16.252380622483585
16.146415882255127
16.040631583117914
15.935028626419026
15.829607807201114
15.724369813419798
15.61931522527186
15.514444514635299
15.409758044622249
15.305256069245585
15.200938733199846
15.096806071756914
14.992858010776626
14.889094366832449
14.785514847452102
14.682119051472906
14.578906469511505
14.475876484547396
14.373028372619581
14.270361303635534
14.167874342291421
14.065566449102514
13.963436481542354
13.861483195289104
13.75970524557733
13.658101188653525
13.556669483333657
13.455408492660958
13.354316485662132
13.253391639200023
13.152632039920737
13.052035686293172
12.95160049073876
12.85132428184925
12.751204806690174
12.651239733187527
12.551426652595016
12.45176308203921
12.352246467139597
12.252874184700477
12.153643545471684
12.054551796974964
11.95559612639285
11.856773663516764
11.758081483750958
11.659516611168856
11.561076021618392
11.462756645873029
11.364555372824924
11.266469052716772
11.168494500408656
11.0706284986761
10.9728678015355
10.875209137593101
10.77764921341358
10.680184716904263
10.58281232071104
10.48552868562214
10.388330463975917
10.291214303068823
10.194176848559788
10.097214747867294
10.000324653555563
9.903503226706274
9.806747140272375
9.710053082410406
9.61341775978786
9.516837900862166
9.420310259127954
9.32383161632938
9.227398785634337
9.131008614767396
9.034657989098633
8.938343834685547
8.842063121265348
8.74581286519497
8.649590132336122
8.553392040882853
8.457215764129272
8.361058533174996
8.264917639565985
8.168790437868543
8.072674348174209
7.97656685853335
7.880465527315413
7.784367985493862
7.688271938853962
7.592175170121532
7.496075541010913
7.39997099419045
7.303859555163956
7.2077393340667175
7.111608527374651
7.015465419525322
6.919308384449602
6.823135887012847
6.726946484364576
6.630738827195736
6.534511660902723
6.4382638266574475
6.341994262382798
6.245702003632892
6.149386184377668
6.053046037691479
5.956680896345466
5.860290193303504
5.763873462121664
5.667430337251152
5.570960554244775
5.474463949867091
5.377940462108494
5.281390130103613
5.184813093954514
5.088209594459303
4.9915799727467585
4.894924669817644
4.798244225993445
4.701539280273261
4.604810569599708
4.508058928034794
4.4112852858467635
4.314490668508989
4.217676195612094
4.120843079690577
4.023992624965231
3.9271262260027444
3.830245366293915
3.733351616751988
3.6364466341326627
3.539532159377386
3.4426100158816038
3.3456821076896808
3.248750417618266
3.1518170053099235
3.0548840052188955
2.957953624530902
2.8610281410189238
2.764109900836981
2.667201316253965
2.5703048633296453
2.473423079534991
2.376558561319014
2.2797139616243687
2.1828919873539845
2.086095396791037
1.9893269969746195
1.892589641033539
1.7958862254807006
1.699219687470585
1.6025930020223862
1.5060091792114014
1.4094712613313025
1.3129823200299624
1.2165454534215407
1.120163783177569
1.0238404515998134
0.9275786186777101
0.8313814591331837
0.73525215945567
0.6391939149301711
0.5432099266611882
0.44730339859537255
0.35147753454573993
0.2557355352202952
0.16008059525792487
0.06451590027441187
-0.03095537607857265
-0.1263300750386531
-0.22160505563927008
-0.3167771975947117
-0.4118434041608447
-0.506800604968753
-0.6016457588285127
-0.6963758565003598
-0.7909879234305349
-0.8854790224491157
-0.9798462564271824
-1.0740867708906963
-1.1681977565885004
-1.262176452011887
-1.3560201458632226
-1.4497261794711669
-1.5432919491500654
-1.6367149085011605
-1.7299925706533308
-1.8231225104411264
-1.9161023665179218
-2.0089298434020857
-2.1016027134541346
-2.19411881878289
-2.2864760730787332
-2.3786724633721343
-2.470706051715692
-2.562574976788015
-2.6542774554178563
-2.745811784026964
-2.8371763399901777
-2.928369582911389
-3.0193900558141022
-3.110236386245403
-3.200907287292224
-3.291401558508898
-3.381718086755093
-3.471855846943342
-3.5618139026954947
-3.6515914069074893
-3.7411876022218786
-3.830601821407627
-3.9198334876467604
-4.008882114727539
-4.0977473071439245
-4.186428760101196
-4.274926259427632
-4.363239681392236
-4.451368992428569
-4.539314248764913
-4.627075595961088
-4.714653268352343
-4.8020475884008
-4.889258965955062
-4.976287897418691
-5.0631349648283335
-5.149800834842435
-5.236286257641557
-5.3225920657413806
-5.408719172719591
-5.494668571857977
-5.580441334701197
-5.666038609533699
-5.751461619776413
-5.836711662304906
-5.921790105690767
-6.006698388368064
-6.091438016726855
-6.17601056313579
-6.260417663896
-6.344661017128452
-6.428742380597016
-6.512663569469489
-6.59642645401894
-6.680032957267842
-6.763485052577574
-6.8467847611859245
-6.9299341496952795
-7.012935327514251
-7.095790444255566
-7.178501687093063
-7.261071278080666
-7.343501471436201
-7.4257945507929675
-7.507952826422052
-7.589978632428444
-7.67187432392404
-7.753642274180667
-7.835284871766288
-7.916804517667576
-7.998203622401985
-8.079484603122472
-8.160649880717974
-8.241701876912755
-8.322643011367857
-8.403475698787984
-8.48420234603712
-8.564825349266142
-8.645347091055603
-8.725769937576821
-8.806096235774355
-8.886328310572814
-8.966468462110896
-9.046518963005582
-9.12648205564949
-9.206359949544336
-9.286154818673339
-9.365868798915251
-9.445503985502677
-9.525062430527344
-9.604546140494906
-9.683957073931767
-9.763297139046388
-9.842568191447443
-9.921772031921138
-10.00091040426999
-10.079984993215207
-10.158997422364823
-10.237949252249539
-10.316841978428133
-10.395677029664217
-10.474455766176025
-10.553179477960871
-10.631849383195732
-10.710466626715334
-10.78903227856917
-10.867547332658706
-10.946012705455919
-11.024429234804222
-11.102797678802721
-11.18111871477476
-11.259392938321716
-11.33762086246296
-11.415802916862708
-11.493939447144305
-11.572030714292387
-11.650076894143162
-11.728078076963165
-11.80603426711685
-11.883945382823335
-11.961811256002427
-12.039631632210039
-12.117406170663038
-12.195134444353478
-12.27281594025198
-12.350450059599929
-12.428036118289976
-12.505573347334257
-12.583060893419765
-12.660497819550267
-12.737883105773927
-12.815215649995787
-12.892494268874154
-12.969717698799707
-13.046884596956057
-13.123993542460521
-13.201043037583883
-13.278031509047732
-13.354957309397957
-13.431818718452899
-13.508613944824742
-13.585341127512432
-13.661998337564452
-13.738583579809696
-13.815094794654652
-13.891529859945093
-13.967886592890364
-14.04416275204815
-14.120356039367676
-14.19646410228931
-14.272484535898398
-14.348414885131147
-14.42425264703037
-14.499995273048894
-14.575640171398318
-14.65118470944067
-14.726626216120607
-14.80196198443565
-14.877189273941994
-14.952305313293365
-15.027307302810271
-15.10219241707702
-15.17695780756388
-15.251600605271733
-15.32611792339644
-15.400506860010085
-15.474764500756253
-15.548887921556686
-15.62287419132666
-15.696720374696499
-15.770423534736695
-15.843980735684157
-15.91738904566701
-15.990645539425488
-16.063747301026343
-16.136691426568223
-16.209475026875584
-16.282095230178488
-16.35454918477574
-16.42683406167885
-16.49894705723435
-16.57088539572209
-16.642646331927327
-16.714227153684337
-16.785625184389378
-16.856837785480867
-16.927862358884557
-16.99869634942137
-17.06933724717563
-17.139782589821316
-17.210029964903974
-17.28007701207607
-17.34992142528389
-17.41956095490402
-17.48899340982762
-17.55821665949083
-17.62722863585001
-17.696027335300336
-17.76461082053627
-17.832977222352334
-17.901124741382667
-17.96905164977779
-18.03675629281728
-18.104237090457282
-18.17149253881184
-18.238521211567324
-18.30532176132919
-18.3718929209003
-18.43823350449005
-18.50434240885354
-18.570218614360012
-18.63586118598965
-18.70126927425775
-18.76644211606543
-18.831379035476186
-18.89607944441782
-18.960542843309167
-19.024768821611058
-19.08875705830094
-19.15250732227086
-19.216019472648423
-19.279293459040286
-19.34232932169773
-19.405127191603793
-19.467687290481518
-19.530009930722866
-19.592095515238025
-19.65394453722511
-19.7155575798604
-19.776935315909565
-19.83807850726056
-19.898988004378662
-19.959664745684435
-20.020109756855433
-20.08032415005256
-20.14030912307193
-20.20006595842308
-20.259596022334264
-20.318900763685534
-20.377981712870636
-20.436840480588913
-20.495478756568573
-20.5538983082226
-20.612100979238775
-20.670088688105395
-20.727863426574302
-20.785427258063024
-20.842782315997525
-20.899930802096904
-20.956874984601413
-21.013617196445253
-21.070159833375826
-21.12650535202114
-21.182656267907404
-21.23861515342894
-21.29438463577266
-21.349967394799094
-21.405366160882085
-21.46058371270904
-21.515622875043835
-21.57048651645444
-21.6251775470074
-21.679698915930818
-21.734053609247827
-21.78824464738246
-21.842275082739935
-21.8961479972635
-21.94986649996982
-22.003433724464873
-22.056852826442498
-22.1101269811676
-22.163259380946318
-22.216253232585007
-22.269111754839788
-22.32183817585828
-22.374435730615108
-22.426907658342817
-22.479257199959807
-22.531487595496987
-22.583602081524635
-22.635603888581347
-22.687496238606844
-22.739282342380495
-22.7909653969672
-22.84254858317208
-22.89403506300552
-22.945427977159927
-22.99673044249956
-23.04794554956512
-23.099076360094664
-23.150125904562763
-23.201097179739854
-23.25199314627357
-23.30281672629379
-23.353570801043013
-23.40425820853377
-23.45488174123502
-23.50544414378944
-23.555948110763744
-23.606396284434332
-23.656791252610184
-23.707135546494918
-23.75743163858987
-23.807681940640002
-23.857888801624533
-23.908054505793977
-23.95818127075497
-24.008271245604583
-24.05832650911605
-24.10834906797779
-24.158340855087623
-24.208303727904045
-24.25823946685653
-24.308149773816545
-24.35803627063097
-24.407900497719417
-24.45774391273681
-24.50756788930223
-24.557373715795215
-24.60716259422022
-24.656935639139554
-24.706693876675295
-24.75643824358081
-24.80616958638242
-24.855888660592054
-24.905596129991775
-24.955292565991183
-25.004978447058814
-25.05465415822894
-25.10431999068538
-25.15397614142375
-25.203622712993617
-25.25325971332185
-25.30288705561821
-25.352504558363872
-25.402111945383208
-25.45170884599923
-25.50129479527271
-25.55086923432503
-25.60043151074461
-25.649980879076505
-25.699516501395006
-25.74903744795881
-25.798542697948445
-25.848031140285595
-25.897501574533603
-25.94695271187822
-25.99638317618763
-26.04579150515053
-26.09517615149127
-26.144535484260953
-26.19386779020334
-26.243171275194523
-26.29244406575506
-26.34168421063293
-26.390889682455477
-26.440058379448285
-26.489188127219077
-26.538276680604863
-26.587321725580665
-26.636320881228073
-26.68527170176216
-26.73417167861541
-26.783018242577157
-26.83180876598695
-26.880540564980237
-26.92921090178487
-26.977816987066774
-27.02635598232291
-27.074825002319727
-27.12322111757541
-27.171541356884262
-27.21978270988123
-27.267942129644638
-27.31601653533488
-27.364002814866666
-27.41189782761262
-27.459698407136102
-27.507401363951118
-27.55500348830725
-27.602501552997296
-27.649892316185316
-27.697172524252636
-27.74433891465918
-27.791388218817247
-27.838317164974654
-27.88512248110402
-27.931800897794602
-27.978349151143163
-28.024763985640135
-28.071042157047458
-28.117180435264373
-28.16317560717775
-28.20902447949362
-28.254723881546653
-28.300270668084437
-28.34566172202372
-28.390893957175795
-28.4359643209385
-28.480869796952366
-28.525607407718557
-28.57017421717632
-28.614567333237662
-28.65878391027704
-28.702821151573975
-28.746676311706555
-28.790346698893845
-28.833829677285568
-28.87712266919755
-28.92022315729162
-28.963128686698642
-29.005836867083307
-29.048345374649134
-29.090651954082265
-29.132754420432466
-29.17465066092993
-29.21633863673674
-29.257816384632182
-29.299082018631285
-29.340133731535932
-29.380969796418103
-29.421588568034966
-29.461988484175354
-29.50216806693715
-29.542125923934865
-29.581860749436775
-29.621371325430918
-29.66065652261941
-29.69971530134035
-29.73854671241674
-29.77714989793157
-29.815524091928243
-29.853668621035386
-29.891582905015415
-29.92926645723617
-29.96671888506484
-30.003939890183492
-30.04092926882547
-30.077686911931952
-30.114212805228394
-30.150507029220456
-30.18656975910924
-30.222401264625923
-30.258001909786152
-30.293372152564594
-30.328512544490174
-30.363423730162744
-30.398106446691834
-30.43256152305839
-30.46678987940016
-30.500792526221353
-30.534570563527076
-30.56812517988343
-30.601457651404083
-30.634569340664378
-30.667461695544382
-30.700136248002202
-30.73259461277909
-30.76483848603781
-30.796869643935885
-30.82868994113526
-30.86030130925017
-30.89170575523466
-30.922905359711343
-30.953902275242918
-30.98469872454809
-31.015296998663423
-31.045699455052848
-31.075908515666192
-31.105926664947965
-31.135756447797583
-31.165400467482364
-31.194861383504453
-31.224141909422833
-31.253244810631323
-31.282172902093386
-31.310929046034666
-31.339516149593898
-31.36793716243279
-31.39619507430539
-31.424292912587653
-31.45223373976814
-31.48002065090106
-31.50765677102337
-31.53514525253761
-31.56248927256255
-31.58969203025385
-31.616756744096968
-31.643686649174676
-31.670484994411886
-31.697155039800528
-31.723700053607224
-31.750123309566597
-31.77642808406302
-31.802617653303805
-31.828695290487055
-31.854664262967965
-31.880527829426946
-31.906289237042706
-31.931951718673254
-31.957518490048137
-31.982992746975334
-32.008377662566154
-32.033676384481886
-32.058892032205854
-32.084027694344236
-32.109086425958886
-32.13407124593554
-32.15898513439064
-32.18383103011997
-32.208611828091826
-32.23333037698743
-32.25798947679042
-32.282591876427325
-32.30714027146082
-32.33163730183754
-32.356085549691905
-32.38048753720677
-32.40484572453193
-32.42916250776137
-32.453440216969945
-32.47768111431032
-32.50188739217055
-32.526061171392605
-32.55020449955183
-32.57431934929736
-32.59840761675313
-32.62247111997943
-32.64651159749523
-32.67053070686149
-32.694530023325804
-32.71851103852857
-32.74247515927119
-32.76642370634654
-32.79035791343234
-32.81427892604825
-32.83818780057772
-32.86208550335534
-32.885972909820744
-32.90985080374026
-32.933719876497555
-32.957580726454474
-32.98143385838325
-33.00527968297116
-33.02911851639863
-33.052950579991496
-33.07677599994782
-33.100594807139665
-33.124406936989665
-33.14821222942226
-33.17201042888957
-33.19580118447187
-33.21958405005257
-33.24335848456736
-33.267123852327195
-33.2908794234146
-33.31462437415281
-33.33835778764732
-33.362078654399944
-33.38578587299563
-33.40947825086241
-33.4331545051048
-33.45681326341137
-33.48045306503705
-33.50407236186104
-33.527669519520806
-33.55124281862218
-33.574790456025575
-33.59831054620796
-33.62180112270048
-33.64526013960134
-33.66868547316373
-33.692074923458314
-33.71542621611028
-33.738737004110966
-33.76200486970394
-33.785227326345456
-33.808401820739086
-33.83152573494366
-33.854596388553865
-33.87761104095265
-33.90056689363437
-33.92346109259726
-33.946290730804016
-33.96905285070924
-33.99174444685199
-34.0143624685118
-34.03690382242636
-34.05936537556895
-34.08174395798344
-34.104036365674894
-34.126239363553545
-34.148349688429995
-34.170364052059064
-34.19227914422974
-34.21409163589849
-34.235798182363034
-34.25739542647373
-34.27888000188003
-34.300248536309006
-34.32149765487302
-34.342623983403634
-34.36362415180893
-34.384494797451374
-34.40523256854343
-34.42583412755793
-34.44629615465025
-34.46661535108954
-34.48678844269566
-34.50681218327876
-34.526683358078046
-34.546398787196594
-34.565955329028824
-34.58534988367738
-34.60457939635607
-34.623640860775524
-34.64253132250825
-34.66124788232956
-34.67978769953059
-34.69814799519973
-34.71632605546857
-34.73431923471826
-34.75212495874233
-34.769740727862185
-34.787164119991516
-34.80439279364599
-34.82142449089427
-34.83825704024615
-34.854888359473634
-34.87131645836119
-34.88753944138095
-34.903555510289024
-34.91936296663884
-34.93496021420741
-34.950345761330524
-34.96551822314318
-34.980476323721334
-34.995218898121536
-35.009744894314665
-35.024053375010666
-35.03814351937113
-35.052014624607054
-35.065666107459535
-35.07909750556165
-35.0923084786795
-35.1052988098309
-35.11806840628036
-35.13061730040958
-35.142945650463034
-35.15505374116803
-35.166941984229126
-35.17861091869672
-35.19006121120991
-35.20129365611312
-35.21230917544635
-35.223108818808825
-35.23369376309641
-35.244065312112795
-35.25422489605482
-35.26417407087227
-35.2739145175028
-35.28344804098309
-35.29277656943684
-35.301902152940485
-35.31082696226717
-35.319553287509606
-35.328083536582355
-35.33642023360453
-35.34456601716441
-35.352523638467844
-35.36029595937201
-35.36788595030639
-35.375296688082685
-35.38253135359598
-35.38959322941945
-35.39648569729546
-35.4032122355262
-35.40977641626692
-35.41618190272497
-35.42243244626734
-35.428531883439504
-35.43448413289836
-35.44029319226159
-35.445963134876294
-35.45149810650979
-35.45690232196556
-35.46218006162762
-35.467335667937036
-35.4723735418044
-35.477298138962496
-35.48211396626293
-35.48682557792067
-35.49143757171008
-35.49595458511634
-35.50038129144592
-35.50472239589969
-35.50898263161211
-35.51316675565981
-35.517279545042854
-35.521325792641946
-35.5253103031544
-35.52923788901175
-35.53311336628194
-35.536941550559035
-35.540727252843894
-35.54447527541889
-35.54819040771996
-35.551877422209074
-35.555541070250555
-35.55918607799411
-35.56281714226718
-35.56643892647905
-35.570056056539315
-35.57367311679273
-35.577294645973026
-35.5809251331779
-35.584569013867835
-35.58823066589132
-35.5919144055395
-35.59562448363373
-35.59936508164945
-35.603140307879855
-35.606954193642466
-35.61081068953199
-35.61471366172269
-35.618666888323546
-35.62267405578915
-35.62673875538938
-35.63086447974108
-35.63505461940489
-35.63931245955096
-35.643641176696896
-35.64804383552204
-35.6525233857619
-35.65708265918696
-35.66172436666981
-35.666451095344804
-35.6712653058643
-35.676169329755375
-35.68116536688073
-35.68625548300739
-35.69144160748679
-35.69672553104963
-35.70210890371934
-35.707593232847195
-35.71317988127246
-35.71887006561062
-35.724664854672575
-35.73056516801737
-35.7365717746408
-35.742685291801855
-35.748906183989256
-35.75523476203032
-35.76167118234421
-35.76821544634121
-35.77486739996986
-35.78162673341357
-35.788492980938294
-35.795465520892584
-35.80254357586117
-35.80972621297301
-35.81701234436466
-35.82440072779972
-35.831889967445115
-35.839478514804604
-35.84716466980948
-35.85494658206657
-35.862822252263506
-35.87078953373132
-35.87884613416404
-35.886989617495466
-35.89521740593276
-35.90352678214655
-35.91191489161648
-35.920378745131224
-35.928915221441265
-35.937521070062566
-35.94619291422854
-35.95492725398797
-35.96372046944621
-35.972568824146926
-35.98146846859132
-35.99041544389164
-35.99940568555562
-36.00843502739847
-36.01749920557857
-36.02659386275267
-36.03571455234633
-36.04485674293509
-36.054015822731664
-36.063187104173814
-36.07236582860785
-36.08154717106252
-36.090726245107795
-36.09989810779289
-36.109057764657315
-36.118200174808614
-36.12732025605991
-36.13641289012052
-36.14547292783298
-36.154495194450114
-36.16347449494582
-36.17240561935317
-36.181283348123756
-36.19010245750171
-36.19885772490623
-36.207543934316035
-36.21615588164927
-36.224688380132406
-36.23313626565128
-36.24149440207758
-36.24975768656394
-36.2579210548016
-36.26597948623434
-36.27392800922273
-36.28176170615272
-36.28947571848322
-36.29706525172678
-36.30452558035812
-36.31185205264511
-36.31904009539737
-36.326085218627654
-36.332983020121375
-36.33972918990962
-36.34631951464131
-36.35274988185044
-36.35901628411419
-36.36511482309804
-36.3710417134843
-36.3767932867804
-36.3823659950035
-36.3877564142383
-36.39296124806485
-36.39797733085326
-36.402801630922376
-36.40743125355986
-36.41186344390125
-36.416095589666135
-36.42012522374953
-36.423950026666525
-36.427567828848375
-36.430976612788335
-36.43417451503556
-36.437159828035625
-36.43993100181647
-36.44248664551831
-36.444825528766366
-36.44694658288538
-36.44884890195491
-36.45053174370461
-36.45199453024893
-36.45323684866057
-36.45425845138218
-36.4550592564759
-36.455639347710736
-36.45599897448805
-36.456138551605285
-36.456058658858275
-36.455760040482325
-36.45524360443236
-36.45451042150231
-36.453561724283794
-36.45239890596415
-36.45102351896393
-36.449437273414084
-36.44764203547326
-36.44563982548542
-36.443432815978476
-36.44102332950494
-36.438413836326085
-36.43560695194132
-36.43260543446511
-36.42941218185414
-36.42603022898735
-36.422462744601866
-36.418713028087645
-36.414784506143896
-36.41068072930032
-36.406405368306345
-36.40196221039171
-36.397355155401534
-36.392588211809404
-36.38766549261195
-36.38259121110881
-36.377369676571824
-36.37200528980802
-36.36650253862124
-36.360865993177846
-36.355100301282256
-36.34921018356804
-36.343200428610636
-36.33707588796748
-36.33084147115128
-36.32450214054237
-36.31806290624633
-36.31152882090351
-36.304904974456754
-36.29819648888327
-36.29140851289663
-36.28454621662497
-36.27761478627145
-36.27061941876293
-36.26356531639255
-36.25645768146246
-36.24930171093235
-36.24210259108009
-36.23486549218047
-36.227595563208304
-36.22029792657202
-36.212977672883945
-36.20563985577321
-36.198289486747576
-36.19093153011068
-36.18357089794109
-36.176212445139534
-36.16886096455085
-36.161521182167014
-36.154197752417424
-36.14689525355215
-36.13961818312351
-36.132370953571076
-36.12515788791524
-36.1179832155641
-36.11085106823828
-36.103765476018175
-36.096730363517686
-36.08974954618845
-36.082826726758306
-36.075965491807615
-36.069169308486615
-36.062441521376634
-36.0557853494978
-36.049203883465744
-36.042700082799634
-36.036276773383925
-36.02993664508552
-36.0236822495283
-36.01751599802669
-36.011440159679985
-36.005456859628914
-35.99956807747595
-35.99377564587059
-35.988081249260524
-35.98248642280982
-35.976992551485075
-35.9716008693099
-35.96631245878786
-35.96112825049335
-35.956049022830264
-35.95107540195813
-35.94620786188512
-35.941446724726866
-35.93679216112975
-35.932244190857155
-35.92780268353699
-35.923467359569095
-35.91923779119072
-35.91511340369795
-35.91109347682107
-35.90717714625152
-35.903363405318096
-35.899651106809706
-35.896038964941916
-35.89252555746436
-35.88910932790572
-35.88578858795291
-35.88256151996075
-35.87942617958908
-35.87638049856407
-35.87342228756075
-35.87054923920386
-35.86775893118392
-35.865048829485836
-35.86241629172691
-35.859858570601155
-35.857372817426615
-35.854956085792544
-35.85260533530289
-35.85031743541243
-35.848089169351574
-35.845917238135605
-35.84379826465398
-35.841728797835124
-35.83970531688221
-35.837724235575315
-35.835781906635255
-35.833874626144
-35.831998638016735
-35.8301501385202
-35.82832528083197
-35.826520179635175
-35.824730915743324
-35.822953540749786
-35.82118408169675
-35.81941854575786
-35.8176529249289
-35.815883200720755
-35.814105348849246
-35.812315343916175
-35.81050916407617
-35.808682795683985
-35.80683223791687
-35.804953507367095
-35.80304264259997
-35.801095708673195
-35.79910880161322
-35.79707805284455
-35.79499963356779
-35.79286975908236
-35.79068469304969
-35.78844075169315
-35.7861343079307
-35.783761795436824
-35.78131971263043
-35.778804626585334
-35.776213176859706
-35.773542079240606
-35.77078812939971
-35.76794820645609
-35.76501927644177
-35.76199839566551
-35.75888271397037
-35.755669477880765
-35.75235603363445
-35.74893983009549
-35.74541842154412
-35.74178947033983
-35.73805074945398
-35.73420014486852
-35.73023565783735
-35.72615540700725
-35.72195763039475
-35.71764068721604
-35.7132030595671
-35.708643353951864
-35.703960302656704
-35.69915276496943
-35.69421972824143
-35.68916030879161
-35.68397375265153
-35.67865943615124
-35.67321686634563
-35.66764568128173
-35.661945650107846
-35.65611667302563
-35.650158781086084
-35.644072135830875
-35.63785702878051
-35.63151388077103
-35.62504324114122
-35.61844578677225
-35.61172232098196
-35.604873772276086
-35.59790119295864
-35.59080575760405
-35.58358876139389
-35.57625161832082
-35.56879585926291
-35.56122312993157
-35.553535188696266
-35.54573390428974
-35.53782125339669
-35.529799318129314
-35.52167028339293
-35.513436434145014
-35.505100152550746
-35.496663915037836
-35.4881302892533
-35.479501930924734
-35.47078158062872
-35.461972060469556
-35.45307627067158
-35.44409718608811
-35.43503785263031
-35.42590138361923
-35.416690956064635
-35.40740980687438
-35.398061228998564
-35.38864856751312
-35.37917521564717
-35.369644610758975
-35.360060230265255
-35.35042558752864
-35.340744227708036
-35.33101972357654
-35.32125567131167
-35.311455686262924
-35.3016233987016
-35.291762449557815
-35.28187648614952
-35.27196915790879
-35.262044112110544
-35.252104989609194
-35.242155420588546
-35.23219902033023
-35.222239385006304
-35.21228008750185
-35.202324673273466
-35.19237665624965
-35.18243951477919
-35.17251668763342
-35.16261157006821
-35.15272750995129
-35.14286780396034
-35.133035693857124
-35.12323436284274
-35.113466931999056
-35.10373645682088
-35.0940459238432
-35.08439824736766
-35.07479626629245
-35.06524274104939
-35.0557403506522
-35.04629168985977
-35.03689926645805
-35.027565498664075
-35.01829271265515
-35.00908314022641
-34.999938916579396
-34.99086207824453
-34.98185456113973
-34.97291819876713
-34.96405472054997
-34.95526575031127
-34.946552804896186
-34.93791729293898
-34.92936051377532
-34.920883656500365
-34.91248779917234
-34.90417390816114
-34.89594283764072
-34.88779532922371
-34.87973201173645
-34.871753401132196
-34.863859900540035
-34.856051800447005
-34.84832927901073
-34.840692402499485
-34.83314112585634
-34.82567529338371
-34.818294639544604
-34.81099878987675
-34.80378726201599
-34.796659466824906
-34.789614709622754
-34.782652191512796
-34.77577101080317
-34.76897016451727
-34.76224854998958
-34.75560496654282
-34.74903811724266
-34.74254661072615
-34.73612896309993
-34.729783599904806
-34.72350885814319
-34.71730298836599
-34.711164156815585
-34.705090447621785
-34.699079865047395
-34.69313033578021
-34.68723971126826
-34.681405770095296
-34.67562622039367
-34.66989870229162
-34.664220790391994
-34.65858999627932
-34.65300377105211
-34.64745950787767
-34.64195454456666
-34.636486166165525
-34.63105160756487
-34.62564805612203
-34.620272654296286
-34.6149225022956
-34.609594660733705
-34.60428615329636
-34.59899396941546
-34.5937150669501
-34.5884463748734
-34.58318479596437
-34.5779272095038
-34.572670473973744
-34.56741142976034
-34.56214690185942
-34.55687370258465
-34.55158863427744
-34.546288492017595
-34.540970066333784
-34.535630145912705
-34.53026552030599
-34.52487298263355
-34.51944933228225
-34.51399137759881
-34.50849593857623
-34.5029598495322
-34.497379961778506
-34.49175314627996
-34.486076296301974
-34.48034633004613
-34.47456019327302
-34.46871486191162
-34.46280734465438
-34.45683468553699
-34.45079396650192
-34.44468230994471
-34.43849688124163
-34.432234891257394
-34.42589359883135
-34.419470313240595
-34.41296239663825
-34.406367266465566
-34.3996823978361
-34.392905325890524
-34.386033648120076
-34.37906502665692
-34.371997190529385
-34.36482793788008
-34.357555138144505
-34.35017673418804
-34.34269074439919
-34.33509526473705
-34.327388470730966
-34.3195686194307
-34.31163405130542
-34.30358319209017
-34.29541455457837
-34.287126740358644
-34.27871844149388
-34.27018844214018
-34.2615356201037
-34.252758948333394
-34.24385749634803
-34.23483043159547
-34.22567702074241
-34.21639663089229
-34.206988730729336
-34.19745289158658
-34.18778878843602
-34.177996200799384
-34.168075013577834
-34.15802521779932
-34.147846911282045
-34.137540299212844
-34.1271056946394
-34.11654351887495
-34.10585430181436
-34.09503868216018
-34.084097407557294
-34.073031334635004
-34.06184142895523
-34.050528764865646
-34.03909452525659
-34.0275400012211
-34.01586659161728
-34.0040758025325
-33.9921692466487
-33.980148642508595
-33.96801581368214
-33.95577268783282
-33.94342129568301
-33.930963769878105
-33.918402343748795
-33.90573934997073
-33.89297721912064
-33.88011847812791
-33.86716574862075
-33.85412174516611
-33.8409892734027
-33.8277712280661
-33.81447059090553
-33.80109042849156
-33.78763388991442
-33.77410420437272
-33.760504678653064
-33.746838694500894
-33.73310970588366
-33.71932123614752
-33.70547687506925
-33.69158027580542
-33.67763515174076
-33.66364527323802
-33.649614464291545
-33.63554659908672
-33.621445598467886
-33.60731542631728
-33.593160085847806
-33.57898361581291
-33.564790086637025
-33.550583596470766
-33.5363682671751
-33.52214824023897
-33.50792767263513
-33.49371073261951
-33.479501595479825
-33.46530443923873
-33.451123440317325
-33.4369627691648
-33.422826585860285
-33.40871903569282
-33.394644244725235
-33.38060631534787
-33.366609321828115
-33.35265730586226
-33.338754272136065
-33.32490418390082
-33.3111109585715
-33.297378463353446
-33.28371051090411
-33.2701108550361
-33.25658318646801
-33.24313112862901
-33.22975823352342
-33.21646797766126
-33.203263758060864
-33.19014888832958
-33.17712659482816
-33.16420001292408
-33.15137218333893
-33.13864604859452
-33.12602444956166
-33.11351012211576
-33.10110569390309
-33.08881368122194
-33.07663648602243
-33.06457639302851
-33.05263556698582
-33.040816050038295
-33.029119759236714
-33.01754848418215
-33.00610388480697
-32.99478748929544
-32.983600692145664
-32.972544752374226
-32.96162079186478
-32.950829793861594
-32.9401726016087
-32.92964991713534
-32.919262300187874
-32.909010167308274
-32.89889379105909
-32.88891329939462
-32.87906867517801
-32.86935975584327
-32.859786233201355
-32.850347653389285
-32.84104341696138
-32.83187277912196
-32.82283485009889
-32.81392859565704
-32.805152837750875
-32.7965062553153
-32.78798738519344
-32.7795946232004
-32.77132622532229
-32.76318030904974
-32.75515485484487
-32.74724770774059
-32.73945657907068
-32.73177904832942
-32.72421256515934
-32.716754451465356
-32.70940190365388
-32.70215199499528
-32.695001678108035
-32.68794778756267
-32.68098704260387
-32.67411604998869
-32.66733130693944
-32.660629204209606
-32.65400602926143
-32.647457969553436
-32.64098111593622
-32.6345714661547
-32.62822492845438
-32.62193732528899
-32.61570439712661
-32.60952180635115
-32.60338514125606
-32.59728992012759
-32.59123159541408
-32.58520555797829
-32.579207141429
-32.5732316265286
-32.567274245673154
-32.56133018744088
-32.5553946012049
-32.54946260180625
-32.543529274283365
-32.53758967865408
-32.531638854746085
-32.52567182707181
-32.5196836097433
-32.51366921142294
-32.507623640305205
-32.50154190912436
-32.495419040182604
-32.48925007039269
-32.48303005632905
-32.47675407928073
-32.4704172502997
-32.464014715237674
-32.45754165976506
-32.450993314365085
-32.44436495929644
-32.43765192951806
-32.430849619569436
-32.42395348840076
-32.41695906414693
-32.40986194883927
-32.40265782304896
-32.39534245045618
-32.38791168233933
-32.380361461979014
-32.37268782897163
-32.364886923447806
-32.35695499019109
-32.348888382652454
-32.340683566856136
-32.3323371251925
-32.32384576009374
-32.315206297588695
-32.30641569073335
-32.29747102291335
-32.2883695110149
-32.27910850846052
-32.26968550810599
-32.260098144994906
-32.250344198967376
-32.24042159711967
-32.23032841611222
-32.220062884323276
-32.20962338384546
-32.19900845232282
-32.188216784626256
-32.17724723436526
-32.166098815234356
-32.1547707021925
-32.14326223247377
-32.131572906428254
-32.11970238819239
-32.10765050618823
-32.095417253451835
-32.0830027877904
-32.07040743176798
-32.05763167251967
-32.044676161394214
-32.03154171342532
-32.01822930663203
-32.00474008114886
-31.99107533818641
-31.97723653882345
-31.96322530263156
-31.949043406133303
-31.934692781095055
-31.920175512655238
-31.90549383728875
-31.890650140608518
-31.875646955005255
-31.86048695712684
-31.845172965199158
-31.829707936190335
-31.81409496282065
-31.798337270420564
-31.782438213639768
-31.76640127301049
-31.750230051368295
-31.73392827013389
-31.71749976545981
-31.700948484246272
-31.684278480031328
-31.667493908760367
-31.650599024440442
-31.63359817468511
-31.616495796155863
-31.599296409906362
-31.582004616635533
-31.564625091855834
-31.547162580982945
-31.529621894353127
-31.512007902174545
-31.494325529418873
-31.476579750659496
-31.45877558486255
-31.440918090137004
-31.42301235845015
-31.405063510314832
-31.387076689454588
-31.369057057453105
-31.351009788394194
-31.332940063498782
-31.31485306576532
-31.29675397461999
-31.27864796058303
-31.260540179957516
-31.242435769546702
-31.224339841406092
-31.206257477636242
-31.188193725222263
-31.170153590925665
-31.152142036234224
-31.134163972375333
-31.116224255398166
-31.098327681329764
-31.08047898141014
-31.0626828174111
-31.044943777043372
-31.0272663694562
-31.00965502083362
-30.992114070091347
-30.97464776467801
-30.957260256484247
-30.93995559786306
-30.922737737764592
-30.905610517988364
-30.888577669556028
-30.871642809207643
-30.854809436024752
-30.838080928183345
-30.821460539839663
-30.804951398151516
-30.788556500437792
-30.772278711478933
-30.756120760961053
-30.74008524106624
-30.724174604211314
-30.708391160937012
-30.692737077949218
-30.6772143763139
-30.661824929807082
-30.646570463420815
-30.631452552025806
-30.6164726191913
-30.60163193616252
-30.586931620996054
-30.57237263785343
-30.557955796452614
-30.543681751676967
-30.529551003340895
-30.515563896111257
-30.50172061958342
-30.488021208510713
-30.474465543185726
-30.461053349972058
-30.447784201984927
-30.43465751991901
-30.421672573021635
-30.408828480209603
-30.396124211327912
-30.383558588548606
-30.371130287907913
-30.3588378409798
-30.346679636684183
-30.33465392322817
-30.32275881017865
-30.31099227066461
-30.299352143707193
-30.287836136675548
-30.27644182786646
-30.26516666920575
-30.254007989069418
-30.24296299522241
-30.23202877787291
-30.22120231283976
-30.21048046483035
-30.199859990826024
-30.189337543572304
-30.178909675170853
-30.16857284076995
-30.158323402350145
-30.148157632601407
-30.13807171888764
-30.128061767294252
-30.118123806754266
-30.108253793248576
-30.09844761407579
-30.088701092187176
-30.07900999058212
-30.06937001675963
-30.059776827221395
-30.050226032021907
-30.040713199361118
-30.031233860214893
-30.02178351299882
-30.0123576282606
-30.00295165339598
-29.993561017383268
-29.98418113553161
-29.97480741423821
-29.965435255749707
-29.956060062923097
-29.946677243981508
-29.937282217260144
-29.927870415937814
-29.9184372927494
-29.908978324674603
-29.899489017598324
-29.88996491093796
-29.880401582232746
-29.870794651690215
-29.861139786684713
-29.85143270620294
-29.841669185231307
-29.83184505908012
-29.821956227639713
-29.81199865956371
-29.8019683963747
-29.791861556488026
-29.781674339149514
-29.771403028283128
-29.76104399624462
-29.750593707477304
-29.74004872206613
-29.729405699186213
-29.71866140044214
-29.707812693094564
-29.696856553170488
-29.685790068453894
-29.67461044135315
-29.663314991641936
-29.651901159070814
-29.640366505846753
-29.628708718978128
-29.616925612482827
-29.605015129457183
-29.592975344003502
-29.580804463013955
-29.568500827808357
-29.556062915623592
-29.54348934095251
-29.530778856730343
-29.517930355366822
-29.504942869622205
-29.491815573325546
-29.47854778193389
-29.465138952931262
-29.45158868606692
-29.437896723432694
-29.424062949379426
-29.410087390272714
-29.39597021408833
-29.3817117298477
-29.367312386894277
-29.352772774011875
-29.338093618386388
-29.323275784412324
-29.308320272345846
-29.293228216806433
-29.27800088512962
-29.262639675573617
-29.24714611538281
-29.23152185871141
-29.215768684410655
-29.199888493683382
-29.183883307609825
-29.167755264548994
-29.151506617420303
-29.13513973087047
-29.118657078330706
-29.102061238969362
-29.08535489454531
-29.068540826167187
-29.05162191096344
-29.034601118668014
-29.017481508126515
-29.000266223727586
-28.98295849176416
-28.965561616729254
-28.948078977550843
-28.93051402377055
-28.912870271670705
-28.895151300354208
-28.87736074778156
-28.859502306769578
-28.841579720956197
-28.823596780735592
-28.805557319167782
-28.78746520786664
-28.769324352870065
-28.75113869049631
-28.73291218319054
-28.71464881536568
-28.696352589241375
-28.67802752068474
-28.65967763505677
-28.641306963068192
-28.622919536648656
-28.60451938483286
-28.58611052966717
-28.567696982140465
-28.54928273814247
-28.530871774452866
-28.512468044764237
-28.494075475741855
-28.475697963123114
-28.457339367859195
-28.439003512301472
-28.42069417643518
-28.402415094162937
-28.384169949640782
-28.36596237366948
-28.34779594014387
-28.32967416256304
-28.311600490604096
-28.293578306762416
-28.275610923061468
-28.257701577835324
-28.239853432587044
-28.222069568926035
-28.204352985587636
-28.186706595538173
-28.169133223168647
-28.1516356015801
-28.13421636996347
-28.116878071076773
-28.099623148821966
-28.082453945924076
-28.06537270171484
-28.04838155002304
-28.031482517173774
-28.014677520098676
-27.997968364558975
-27.981356743483023
-27.964844235420006
-27.948432303111506
-27.932122292182274
-27.915915429951244
-27.89981282436361
-27.883815463044755
-27.867924212476908
-27.852139817299275
-27.83646289973217
-27.82089395912547
-27.80543337163138
-27.790081390001234
-27.77483814350589
-27.759703637978845
-27.744677755981314
-27.72976025708826
-27.714950778294423
-27.70024883453931
-27.68565381934988
-27.67116500559979
-27.656781546383655
-27.642502476004722
-27.628326711073868
-27.61425305171781
-27.600280182894295
-27.586406675811958
-27.57263098945245
-27.55895147219246
-27.5453663635233
-27.531873795865607
-27.518471796476717
-27.505158289448275
-27.491931097791962
-27.478787945611145
-27.465726460356336
-27.452744175162167
-27.439838531263746
-27.427006880490495
-27.41424648783544
-27.401554534098125
-27.38892811859924
-27.376364261964966
-27.363859908978867
-27.351411931499314
-27.339017131440357
-27.32667224381379
-27.31437393983012
-27.302118830056457
-27.289903467629188
-27.27772435151914
-27.265577929846756
-27.253460603244605
-27.241368728264774
-27.229298620828615
-27.217246559716358
-27.20520879009419
-27.193181527076405
-27.18116095931984
-27.1691432526475
-27.157124553698196
-27.14510099359879
-27.13306869165592
-27.121023759064116
-27.108962302627248
-27.09688042849018
-27.08477424587744
-27.072639870835587
-27.060473429975758
-27.04827106421274
-27.036028932497146
-27.02374321553702
-27.011410119504884
-26.999025879726016
-26.986586764343965
-26.97408907795923
-26.96152916523712
-26.948903414480665
-26.93620826116455
-26.923440191425865
-26.91059574550749
-26.897671521149814
-26.88466417692663
-26.871570435521104
-26.858387086938077
-26.845110991649246
-26.83173908366768
-26.81826837354816
-26.804695951309892
-26.791018989278452
-26.777234744844034
-26.763340563133166
-26.749333879591173
-26.735212222472793
-26.720973215238384
-26.706614578853415
-26.692134133988926
-26.677529803120674
-26.662799612524847
-26.647941694168477
-26.632954287492762
-26.617835741087614
-26.602584514255934
-26.587199178466303
-26.571678418692837
-26.556021034641102
-26.540225941859116
-26.52429217273271
-26.50821887736475
-26.49200532433778
-26.47565090135984
-26.459155115793433
-26.442517595067752
-26.42573808697423
-26.40881645984538
-26.39175270261691
-26.37454692477328
-26.35719935617689
-26.3397103467812
-26.32208036622836
-26.304310003331917
-26.28639996544558
-26.268351077718872
-26.25016428224077
-26.23184063707262
-26.21338131517197
-26.194787603208933
-26.176060900276806
-26.157202716499054
-26.138214671534993
-26.119098492986748
-26.099856014710152
-26.080489175032195
-26.061000014877745
