3.2745054636623814
3.31498998112077
3.356236061166505
3.3982542629571486
3.441054831925001
3.4846476926690326
3.529042442124454
3.574248343013893
3.6202743175838754
3.6671289416300166
3.7148204388140678
3.7633566752756478
3.812745154541197
3.8629930127323813
3.914107014075917
3.96609354671649
4.018958618834184
4.072707855067553
4.127346493243264
4.182879381412997
4.23931097519803
4.296645335441748
4.354886126170078
4.4140366128595865
4.47409966101273
4.535077735039537
4.596972897444734
4.659786808319077
4.723520725133431
4.78817550283391
4.853751594236203
4.920249050717049
4.98766752320066
5.05600626343772
5.1252641255744
5.195439568008642
5.266530655530798
5.3385350617456435
5.411450071772604
5.485272585220819
5.559999119435502
5.635625813011956
5.71214842957346
5.789562361809139
5.867862635767794
5.947043915403598
6.027100507369406
6.108026366053254
6.189815098853482
6.272459971687769
6.355953914731192
6.440289528378312
6.525459089424136
6.61145455745869
6.69826758146977
6.785889506648344
6.874311381390902
6.963523964492949
7.05351773252768
7.144282887403747
7.235809364095907
7.328086838542171
7.421104735701072
7.514852237762534
7.609318292505742
7.704491621797248
7.800360730222468
7.896913913843623
7.994139269077156
8.092024701683574
8.190557935862653
8.2897265234469
8.389517853186147
8.489919160116065
8.590917535003348
8.692499933860375
8.794653187522073
8.897364011277567
9.000619014549194
9.104404710611364
9.208707526341785
9.313513811997533
9.418809851008485
9.524581869780587
9.63081604750148
9.73749852594089
9.844615419238206
9.952152823669676
10.060096827387722
10.168433520124848
10.277149002854584
10.38622939740192
10.495660855995709
10.60542957075559
10.715521783105942
10.825923793109611
10.936621968714265
11.04760275490442
11.158852682752142
11.270358378359536
11.382106571686169
11.494084105254718
11.606277942728344
11.71867517735341
11.83126304026124
11.944028908622732
12.05696031364956
12.17004494843575
12.283270675633581
12.39662553495787
12.510097750512905
12.623675737936317
12.737348111354345
12.851103690143214
12.96493150549153
13.078820806758864
13.192761067625934
13.306741992031942
13.420753519894841
13.534785832610435
13.648829358326436
13.762874776987955
13.876913025151195
13.990935300562382
14.104933066499129
14.218898055871747
14.33282227508218
14.446698007638318
14.560517817521758
14.67427455230724
14.787961346032292
14.901571621815778
15.0150990942243
15.128537771385485
15.24188195684734
15.355126251183112
15.46826555334116
15.581295061739771
15.694210275107045
15.807006993066187
15.919681316466729
16.032229647462408
16.144648689336755
16.256935446077556
16.36908722170167
16.48110161933203
16.592976540029095
16.70471018137911
16.81630103584177
16.92774788886005
17.039049816735183
17.150206184269944
17.261216642183296
17.372081124299793
17.482799844517473
17.593373293558273
17.70380223550515
17.814087704129875
17.92423099901559
18.034233681478597
18.144097570293994
18.25382473723006
18.363417502396175
18.472878429409096
18.582210320382618
18.69141621074562
18.800499363893767
18.909463265680262
19.01831161875096
19.127048336729406
19.235677538257267
19.344203540895812
19.452630854894117
19.56096417683002
19.669208383129977
19.777368523473932
19.88544981409131
19.993457630954445
20.10139750287592
20.20927510451633
20.317096249309227
20.424866882309825
20.532593072974233
20.640281007875753
20.747936983364692
20.855567398178348
20.963178746007625
21.070777608026784
21.178370645392558
21.285964591718937
21.393566245534032
21.50118246272524
21.608820148978936
21.71648625222076
21.824187755062525
21.93193166726161
22.039725018198624
22.147574849379083
22.255488206964888
22.363472134341666
22.471533664728017
22.579679813832744
22.687917572566253
22.796253899812147
22.904695715265095
23.0132498923407
23.121923251163114
23.23072255163641
23.339654486605532
23.448725675112463
23.557942655753358
23.667311880142314
23.776839706487273
23.886532393283296
23.99639609312829
24.106436846666192
24.216660576662584
24.32707308221755
24.43768003312034
24.548486964350115
24.659499270726695
24.770722201715255
24.882160856388747
24.99382017855164
25.105704952028372
25.217819796119624
25.330169161229676
25.442757324667824
25.555588386626468
25.66866626633832
25.781994698414863
25.895577229368044
26.009417214316997
26.123517813881605
26.237881991264615
26.35251250952398
26.467411929037343
26.5825826051602
26.698026686079277
26.8137461108622
26.9297426077044
27.0460176923737
27.1625726668528
27.279408618179634
27.396526417485394
27.513926719229993
27.631609960634385
27.749576361309174
27.86782592307889
27.986358430001097
28.105173448579073
28.224270328166476
28.34364820156241
28.463305985795323
28.583242383094042
28.703455882044093
28.823944758927407
28.944707079243525
29.065740699410323
29.187043268642153
29.30861223100305
29.430444827632325
29.55253809913961
29.674888888166464
29.79749384211152
29.920349416016194
30.043451875607815
30.166797300496967
30.290381587525673
30.414200454263096
30.53824944264548
30.662523922756893
30.787019096747233
30.911730002883903
31.036651519733628
31.161778370470703
31.287105127307942
31.412626216046707
31.538335920742472
31.664228388482123
31.790297634269173
31.916537546012655
32.0429418896153
32.16950431415638
32.2962183571645
32.4230774499761
32.55007492317558
32.67720401211299
32.80445786249516
32.93182953604637
33.059312016234095
33.186898214055226
33.314580973877455
33.4423530793304
33.57020725924154
33.698136193611944
33.82613251962714
33.954188837698396
34.08229771752947
34.21045170420378
34.33864332428665
34.466865091937294
34.5951095150249
34.72336910124359
34.851636364220965
34.97990382961511
35.1081640411948
35.23640956689751
35.364633004859954
35.492826989415555
35.62098419705347
35.74909735233387
35.87715923375469
36.00516267956532
36.13310059352286
36.26096595058649
36.38875180254583
36.51645128357924
36.64405761573769
36.77156411435006
36.89896419334544
37.026251370487806
37.15341927251833
37.280461640200365
37.40737233326251
37.53414533523516
37.660774758176075
37.78725484728048
37.91357998537168
38.03974469726816
38.1657436540232
38.29157167703332
38.417223742011544
38.542694982821985
38.667980695172304
38.793076340161036
38.91797754767694
39.04268011964771
39.16718003313551
39.2914734432766
39.41555668606256
39.53942628095999
39.66307893336577
39.78651153689512
39.90972117550004
40.03270512541591
40.15546085693442
40.27798603600096
40.40027852563495
40.522336387171585
40.64415788132349
40.765741469060664
40.887085812307056
41.008189774452354
41.12905242067851
41.2496730181006
41.370051035721794
41.49018614420252
41.61007821544403
41.72972732198688
41.84913373622479
41.968297929434335
42.087220570621106
42.20590252518307
42.324344853391196
42.44254880868827
42.56051583580624
42.67824756870287
42.79574582831917
42.913012620158824
43.03005013169114
43.1468607295793
43.26344695673605
43.37981152920848
43.49595733289378
43.611887420087484
43.727605005866664
43.84311346431035
43.95841632456073
44.07351726672947
44.18842011765382
44.303128846507136
44.41764756026855
44.53198049905654
44.646132031331256
44.7601066489708
44.87390896222632
44.98754369456133
45.10101567738092
45.21432984465638
45.32749122745104
45.440504948353
45.55337621582111
45.6661103184507
45.778712619165724
45.89118854934372
46.0035436028794
46.115783330192976
46.22791333218941
46.33993925417462
46.45186677973515
46.563701624587274
46.67544953040203
46.78711625861268
46.89870758421148
47.01022928954268
47.12168715809872
47.233086968326404
47.344434487449234
47.455735465311875
47.566995628252016
47.67822067300568
47.78941626065222
47.90058801060519
48.01174149465578
48.12288223107487
48.234015678780224
48.34514723157514
48.45628221246511
48.56742586805865
48.67858336305784
48.78975977484356
48.90096008816039
49.012189189906564
49.123451864034394
49.234752786566965
49.34609652073704
49.45748751225353
49.568930084700874
49.68042843507664
49.7919866294721
49.90360859890013
50.01529813527441
50.12705888754335
50.23889435798197
50.350807898645265
50.462802707985766
50.57488182763769
50.687048139369786
50.79930436220878
50.91165304973533
51.02409658755409
51.136637190939446
51.24927690265822
51.362017590970545
51.47486094781005
51.58780848714436
51.700861543516694
51.814021270769516
51.927288640950636
52.04066444340209
52.15414928403176
52.26774358476747
52.38144758319352
52.495261332369424
52.60918470083068
52.72321737277083
52.83735884840361
52.95160844450352
53.06596529512281
53.18042835248282
53.29499638803823
53.40966799371229
53.52444158330151
53.63931539404736
53.7542874883725
53.86935575577958
53.98451791491017
54.09977151576114
54.21511394205569
54.330542413765805
54.44605398978276
54.56164557073199
54.67731390192923
54.79305557647469
54.908867038481866
55.0247445864376
55.140684376689954
55.25668242706009
55.37273462057484
55.488836709316864
55.60498431838882
55.721172949988066
55.8373979875881
55.95365470022275
56.06993824686949
56.18624368092858
56.30256595479428
56.41889992451419
56.53524035453253
56.65158192251343
56.76791922423999
56.88424677858475
57.00055903254682
57.11685036635075
57.23311509860255
57.349347491497866
57.465541756077215
57.581692057523156
57.69779252049429
57.813837234491615
57.92982025925315
58.04573563017263
58.16157736373847
58.27733946298869
58.39301592297787
58.50860073625242
58.62408789833061
58.739471413184084
58.854745298717866
58.969903592244954
59.08494035595121
59.19984968234585
59.31462569969327
59.429262577421504
59.543754531502124
59.65809582979674
59.77228079736498
59.88630382172912
60.00015935809095
60.11384193449633
60.2273461569437
60.34066671443245
60.45379838394767
60.5667360353775
60.679474636359245
60.79200925705054
60.90433507482224
61.01644737886953
61.12834157473843
61.240013188765076
61.3514578724248
61.46267140658868
61.57364970568493
61.68438882176234
61.79488494845354
61.905134424836476
62.01513373919294
62.12487953266332
62.23436860279656
62.343597906994255
62.452564565847915
62.56126586636838
62.66969926510699
62.77786239116795
62.88575304911159
62.99336922174842
63.10070907282334
63.20777094958941
63.31455338527001
63.42105510140862
63.52727501010526
63.633212216138816
63.73886601897556
63.84423591466435
63.94932159761947
64.05412296229161
64.15864010472836
64.26287332402575
64.36682312367202
64.47049021278411
64.57387550723678
64.67698013068463
64.77980541547726
64.8823529034675
64.98462434671205
65.08662170806338
65.18834716165208
65.28980309325851
65.39099210057157
65.49191699333244
65.5925807933611
65.69298673446292
65.79313826221346
65.8930390336193
65.9926929166535
66.09210398966435
66.191276540657
66.29021506644632
66.38892427167936
66.48740906772493
66.58567457142739
66.68372610372104
66.78156918810181
66.87920954895328
66.97665310972407
67.07390599095409
67.17097450814681
67.26786516948353
67.36458467337657
67.4611399058593
67.55753793781203
67.653786022023
67.74989159008301
67.84586224911375
67.94170577833047
68.03743012544017
68.13304340287648
68.22855388387309
68.32396999837654
68.41930032879846
68.51455360560688
68.60973870275627
68.70486463295556
68.79994054277309
68.8949757075767
68.98997952630715
69.08496151608269
69.17993130663412
69.2748986345696
69.36987333746926
69.46486534781037
69.559884686724
69.65494145758386
69.75004583942827
69.84520808021729
69.94043848992797
70.03574743349114
70.13114532357397
70.22664261321361
70.32224978830689
70.41797735996138
70.5138358567132
70.609835816617
70.70598777921444
70.80230227738812
70.89878982910753
70.99546092907352
71.09232604026718
71.18939558540879
71.28667993833298
71.38418941528639
71.48193426615407
71.57992466562129
71.67817070427688
71.7766823796654
71.87546958729521
71.97454211160957
72.07390961692826
72.17358163836761
72.2735675727466
72.3738766694872
72.4745180215161
72.575500556175
72.676833026146
72.77852400039907
72.88058185516817
72.98301476496314
73.08583069362587
73.18903738543949
73.2926423563002
73.39665288496153
73.50107600436147
73.60591849304328
73.71118686668055
73.81688736971748
73.92302596713532
74.02960833635606
74.13663985929415
74.24412561456742
74.35207036987916
74.46047857458294
74.56935435244273
74.67870149459989
74.78852345275905
74.8988233326044
75.00960388745645
75.12086751217882
75.23261623734354
75.34485172366394
75.45757525670305
75.57078774186547
75.68448969967992
75.79868126137931
75.91336216478474
76.02853175049891
76.14418895841537
76.26033232454925
76.37695997819559
76.49406963941998
76.6116586168872
76.7297238060331
76.8482616875849
76.967268326434
77.08673937086597
77.20667005215238
77.32705518451017
77.44788916543426
77.56916597640837
77.69087918399838
77.81302194133205
77.93558698996797
78.05856666215571
78.1819528834893
78.30573717595517
78.4299106613755
78.55446406524821
78.67938772098306
78.80467157453266
78.93030518941679
79.05627775213723
79.18257807797964
79.3091946171978
79.43611546157602
79.56332835136412
79.6908206825792
79.81857951466837
79.94659157852549
80.07484328485417
80.20332073286839
80.33200971932159
80.46089574785536
80.58996403865966
80.71919953843631
80.84858693065858
80.97811064611982
81.10775487376405
81.2375035717913
81.36734047902983
81.49724912656835
81.62721284963946
81.75721479974571
81.88723795701797
82.01726514279493
82.14727903241156
82.27726216818404
82.40719697257803
82.53706576154694
82.66685075802467
82.79653410555669
82.92609788205299
83.05552411364589
83.18479478863627
83.31389187151125
83.44279731701532
83.57149308425663
83.69996115083039
83.8281835269406
83.95614226950056
84.08381949619297
84.21119739947085
84.33825826048121
84.464984462894
84.59135850661858
84.71736302139107
84.8429807802155
84.96819471264246
85.09298791786932
85.21734367764725
85.3412454689801
85.4646769766008
85.58762210521047
85.71006499146677
85.83199001570779
85.95338181339912
86.07422528629195
86.19450561328097
86.31420826095211
86.43331899381042
86.55182388417802
86.66970932175263
86.78696202281719
86.90356903909151
87.0195177662182
87.13479595187653
87.249391703519
87.363293495726
87.47649017717481
87.58897097722024
87.70072551208455
87.81174379065442
87.9220162198834
88.03153360979877
88.14028717811186
88.24826855443166
88.35546978408229
88.4618833315252
88.56750208338713
88.67231935109521
88.77632887312052
88.87952481683067
88.98190177995264
89.08345479164723
89.18417931319766
89.28407123831528
89.38312689306633
89.48134303542508
89.57871685445866
89.67524596914939
89.77092842686011
89.86576270144712
89.95974769102475
90.05288271538643
90.14516751308747
90.23660223819422
90.32718745670502
90.4169241426473
90.50581367385678
90.59385782744437
90.68105877495691
90.76741907723829
90.85294167899758
90.9376299030913
91.02148744452631
91.104518364191
91.18672708232293
91.26811837172147
91.34869735071265
91.4284694758743
91.50744053452934
91.58561663701505
91.66300420873449
91.73960998199641
91.81544098764982
91.89050454652079
91.96480826065942
92.03836000440549
92.11116791528127
92.18324038472008
92.25458604863888
92.32521377786486
92.39513266842573
92.46435203171313
92.53288138452854
92.60073043902128
92.66790909252768
92.7344274173206
92.80029565027871
92.86552418248561
92.93012354876771
92.99410441717941
93.05747757844449
93.12025393536203
93.18244449218605
93.2440603439884
93.30511266601411
93.36561270303866
93.42557175873583
93.48500118506513
93.54391237168738
93.60231673541739
93.66022570972302
93.71765073428037
93.77460324459503
93.83109466169924
93.88713638193451
93.94273976682803
93.99791613306957
94.05267674259517
94.10703279278255
94.1609954067618
94.21457562384455
94.26778439007535
94.32063254890818
94.37313083201161
94.42528985020601
94.47712008453698
94.52863187749028
94.57983542435363
94.63074076473004
94.68135777420753
94.73169615619008
94.78176543389588
94.83157494252964
94.88113382163579
94.93045100763948
94.97953522658202
95.02839498705748
95.07703857335753
95.12547403883127
95.17370919946711
95.22175162770202
95.26960864646367
95.31728732345027
95.36479446565329
95.41213661412837
95.45932003901942
95.50635073483988
95.55323441601604
95.59997651269691
95.64658216683495
95.6930562285412
95.73940325271883
95.7856274959779
95.83173291383412
95.87772315819439
95.92360157513076
95.96937120294365
96.01503477051483
96.06059469595039
96.10605308551328
96.15141173284553
96.19667211847968
96.24183540963907
96.28690246032545
96.33187381169216
96.37674969270017
96.42153002105476
96.46621440442027
96.51080214190858
96.55529222583766
96.59968334375606
96.64397388072916
96.68816192188262
96.73224525519743
96.77622137455114
96.82008748299904
96.86384049628839
96.9074770465993
96.95099348650558
96.99438589314786
97.03765007261165
97.08078156450358
97.12377564671897
97.16662734039458
97.20933141503916
97.25188239383395
97.29427455909432
97.33650195788333
97.37855840776704
97.42043750270157
97.46213261904266
97.5036369216691
97.54494337021127
97.58604472537625
97.62693355536167
97.66760224235087
97.70804298908216
97.74824782548545
97.78820861538041
97.82791706323086
97.86736472095002
97.90654299475135
97.94544315204051
97.98405632834441
98.02237353427311
98.06038566251048
98.09808349482977
98.1354577091307
98.17249888649438
98.209197518251
98.24554401305612
98.28152870397115
98.3171418555438
98.35237367088358
98.38721429872747
98.42165384048984
98.45568235729046
98.48928987695398
98.52246640097415
98.55520191143488
98.58748637788118
98.61930976413338
98.65066203503783
98.68153316314884
98.71191313533687
98.74179195931752
98.7711596700966
98.80000633632652
98.82832206657098
98.8560970154749
98.88332138983729
98.90998545458488
98.93607953864476
98.96159404071396
98.9865194349237
99.01084627639554
99.03456520668689
99.05766695912243
99.08014236400842
99.10198235372647
99.1231779677041
99.14372035725987
99.16360079031992
99.1828106560026
99.20134146906784
99.2191848742278
99.23633265031603
99.25277671431124
99.26850912521226
99.28352208776138
99.29780795601343
99.31135923674853
99.32416859272641
99.33622884578116
99.34753297975598
99.35807414327698
99.36784565236641
99.37684099289547
99.38505382287721
99.39247797460015
99.39910745660231
99.40493645548653
99.40995933757799
99.41417065042376
99.4175651241354
99.42013767257592
99.42188339439392
99.42279757390835
99.42287568184824
99.42211337595049
99.42050650141934
99.41805109125161
99.4147433664327
99.41057973600832
99.40555679703752
99.39967133443267
99.39292032069235
99.38530091553352
99.37681046542806
99.36744650304873
99.35720674662964
99.34608909924573
99.33409164801442
99.32121266322333
99.30745059738724
99.29280408423752
99.2772719376472
99.26085315049563
99.24354689347543
99.22535251384427
99.20626953412359
99.18629765074634
99.16543673265683
99.14368681986532
99.12104812195874
99.09752101656746
99.0731060477885
99.04780392456594
99.02161551902994
98.9945418647953
98.96658415522161
98.93774374163782
98.90802213153297
98.87742098671556
98.84594212144414
98.81358750053194
98.78035923742898
98.7462595922852
98.71129096999739
98.67545591824303
98.63875712550346
98.60119741907813
98.56277976309168
98.52350725649485
98.48338313106042
98.44241074937482
98.40059360282585
98.35793530958718
98.31443961259852
98.27011037754068
98.2249515908041
98.17896735744938
98.13216189915732
98.08453955216561
98.03610476519026
97.98686209733017
97.93681621595334
97.88597189456351
97.83433401064593
97.78190754349106
97.72869757199459
97.67470927243227
97.6199479162081
97.56441886757574
97.50812758133196
97.45107960048273
97.39328055388233
97.33473615384622
97.27545219373854
97.21543454553586
97.15468915736773
97.09322205103575
97.03103931951188
96.96814712441648
96.90455169347769
96.84025931797447
96.77527635016594
96.70960920070962
96.64326433607113
96.57624827592787
96.50856759057041
96.4402288983045
96.37123886285718
96.30160419078976
96.23133162891912
96.16042796174935
96.0889000089158
96.01675462264421
95.94399868522707
95.87063910651891
95.79668282145137
95.72213678756866
95.64700798258313
95.57130340195117
95.49503005646959
95.41819496989187
95.34080517656325
95.2628677190725
95.18438964591898
95.10537800919433
95.02583986227846
94.94578225755042
94.86521224411392
94.78413686553692
94.7025631576045
94.62049814608399
94.53794884450114
94.45492225192667
94.37142535077321
94.28746510460296
94.20304845594676
94.11818232413457
94.03287360313816
93.94712915942664
93.86095582983562
93.7743604194499
93.68734969950064
93.59993040527745
93.51210923405635
93.42389284304572
93.33528784735317
93.24630081797686
93.15693827982493
93.06720670976748
92.9771125347244
92.88666212979152
92.79586181640767
92.70471786056365
92.61323647105328
92.52142379776765
92.42928593003333
92.33682889499372
92.24405865603322
92.15098111124362
92.05760209193184
91.96392736116812
91.86996261237451
91.77571346795449
91.68118547796465
91.58638411882922
91.4913147920985
91.39598282325213
91.30039346054687
91.20455187390783
91.10846315386132
91.01213231050795
90.91556427253389
90.81876388625861
90.72173591471804
90.62448503678243
90.52701584630907
90.4293328513302
90.33144047327656
90.2333430462368
90.13504481625299
90.03654994065211
89.93786248741311
89.83898643456816
89.73992566963774
89.64068398909934
89.54126509788809
89.44167260892847
89.34191004269577
89.24198082680563
89.14188829562944
89.0416356899333
88.94122615653988
88.84066274801252
88.73994842236085
88.63908604276834
88.53807837734259
88.43692809888888
88.3356377847074
88.23420991641412
88.13264687978518
88.03095096462415
87.92912436465157
87.82716917741654
87.7250874042294
87.62288095011515
87.5205516237876
87.41810113764451
87.31553110778363
87.21284305403948
87.11003840004129
87.00711847329342
86.9040845052798
86.80093763159334
86.69767889209095
86.59430923107436
86.49082949749811
86.38724044520666
86.28354273320326
86.17973692595422
86.07582349373251
85.97180281300473
85.86767516686416
85.76344074551253
85.65909964679236
85.55465187677169
85.45009735038207
85.34543589211114
85.24066723675105
85.13579103020243
85.03080683033284
84.92571410788912
84.82051224746397
84.71520054851749
84.60977822645532
84.50424441376435
84.39859816120713
84.29283843907467
84.18696413849727
84.08097407281139
83.97486697898069
83.86864151906944
83.76229628176598
83.65582978395342
83.54924047232531
83.44252672504352
83.33568685343549
83.22871910372758
83.12162165881192
83.01439264004499
82.9070301090769
82.79953206970991
82.69189646978428
82.58412120308945
82.47620411129832
82.36814298592104
82.25993557027435
82.15157956146275
82.04307261236771
81.9344123336409
81.82559629569754
81.71662203070694
81.60748703457942
81.4981887689488
81.38872466315193
81.27909211620725
81.16928849879433
81.0593111552373
80.94915740549503
80.83882454716148
80.72830985747918
80.61761059536876
80.50672400347705
80.3956473102455
80.28437773200037
80.17291247506509
80.06124873789472
79.94938371323289
79.83731459029227
79.72503855695786
79.61255280201303
79.49985451738755
79.38694090042677
79.27380915618082
79.16045649971326
79.04688015842916
78.9330773744235
78.81904540685125
78.70478153431984
78.59028305730484
78.47554730058877
78.36057161572202
78.24535338350469
78.12989001648836
78.01417896149619
77.89821770215835
77.78200376146023
77.66553470430071
77.54880814005716
77.43182172515375
77.31457316562975
77.19706021970498
77.07928070033958
76.96123247778573
76.84291348212942
76.72432170582131
76.60545520619515
76.48631210797244
76.36689060575243
76.24718896648558
76.12720553192737
76.00693872106929
75.8863870325443
75.76554904700352
75.6444234294599
75.52300893159538
75.40130439402692
75.27930874852684
75.15702102019334
75.03444032956709
74.91156589469024
74.78839703310457
74.66493316378667
74.54117380901842
74.41711859619132
74.2927672595426
74.16811964182132
74.04317569588245
73.91793548620679
73.79239919034349
73.66656710027225
73.54043962368145
73.41401728515963
73.2873007272973
73.16029071169682
73.03298811988772
72.90539395414511
72.77750933820892
72.64933551790239
72.52087386164817
72.3921258608807
72.26309313035404
72.13377740834505
72.00418055675266
71.87430456109405
71.74415153039922
71.6137236970049
71.4830234162493
71.35205316606886
71.22081554649805
71.08931327907311
70.95754920614064
70.82552629007222
70.69324761238676
70.56071637278143
70.42793588807154
70.29490959103958
70.16164102919441
70.02813386344206
69.89439186667022
69.7604189222481
69.62621902244342
69.49179626675834
69.35715486018682
69.22229911139527
69.08723343082795
68.95196232873798
68.81649041314449
68.68082238771615
68.54496304958126
68.40891728706502
68.27269007735354
68.13628648408427
67.99971165486271
67.86297081870508
67.72606928340632
67.58901243283343
67.45180572414397
67.31445468493023
67.17696491029055
67.03934205982902
66.90159185458565
66.76372007389834
66.62573255219756
66.48763517573404
66.34943387924038
66.21113464252691
66.072743487012
65.93426647218705
65.79570969201602
65.65707927126907
65.51838136179065
65.3796221387032
65.24080779654786
65.10194454536354
64.96303860670757
64.82409620962117
64.68512358654355
64.54612696917859
64.40711258431767
64.26808664962229
64.12905536936975
63.990024930165454
63.85100149662484
63.711991207029406
63.57300016896151
63.43403445492218
63.29510009793543
63.15620308714264
63.01734936339099
62.87854481481972
62.739795272448845
62.60110650577579
62.462484218385015
62.323934043576884
62.18546154002209
62.04707218744764
61.90877138236036
61.77056443381369
61.632456559223925
61.49445288024194
61.35655841868575
61.21877809253899
61.08111671202018
60.94357897572748
60.806169466863444
60.66889264954411
60.531752865196744
60.394754329050464
60.257901126724356
60.12119721091769
59.98464639820727
59.84825236595665
59.71201864934206
59.57594863849928
59.4400455757956
59.30431255323102
59.168752509972094
59.03336823002208
58.89816234003082
58.76313730724742
58.628295437617695
58.493638874028036
58.35916959469718
58.22488941171777
58.09079996974977
57.95690274486823
57.823199043567755
57.68969000192608
57.55637658492914
57.423259585959116
57.29033962644685
57.1576171556896
57.0250924508348
56.892765617030314
56.76063658774115
56.62870512523211
56.49697082121521
56.36543309766069
56.23409120776973
56.102944237106904
55.97199110489107
55.84123056544315
55.710661209789585
55.58028146742044
55.45008960820088
55.32008374443411
55.19026183307438
55.06062167808847
54.93116093296413
54.80187710336338
54.672767549917694
54.543829491162455
54.415060006607234
54.286456039939026
54.15801440235532
54.02973177602354
53.90160471766245
53.77362966224126
53.64580292679216
53.51812071433159
53.39057911788518
53.26317412461145
53.13590162001941
53.00875739227495
52.88173713659079
52.75483645969495
52.62805088437198
52.50137585407116
52.37480673757562
52.2483388337261
52.12196737619296
51.995687538289694
51.86949443782168
51.74338314196404
51.61734867216267
51.49138600905302
51.36549009739149
51.23965585099466
51.113878157681704
50.988151884215355
50.86247188123615
50.73683298818456
50.61123003820556
50.48565786303031
50.3601112978299
50.23458518603597
50.10907438412367
49.98357376635197
49.858078229456666
49.73258269729176
49.60708212541469
49.4815715056116
49.35604587035856
49.23050029721462
49.104929913142584
48.97932989875379
48.853695492473356
48.72802199462266
48.60230477141588
48.47653925886781
48.35072096660972
48.22484548161001
48.098908471795575
47.97290568957042
47.84683297522796
47.720686260253935
47.59446157051705
47.46815502934525
47.34176286048578
47.21528139094759
47.088707053724285
46.962036390396214
46.83526605361036
46.70839280943713
46.5814135396034
46.45432524360152
46.32712504067368
46.19981017167137
46.0723780007896
45.94482601717593
45.81715183641458
45.68935320188595
45.561427986002485
45.433374191321235
45.30518995153321
45.176873532329665
45.048423332146484
44.91983788278807
44.79111584993265
44.6622560335206
44.5332573680275
44.40411892262326
44.27483990121831
44.14541964239756
44.01585761924334
43.88615343904856
43.75630684292175
43.62631770528568
43.49618603327095
43.365911966005704
43.23549577380256
43.10493785724443
42.974238746170634
42.84339909856546
42.71241969935115
42.581301459086845
42.450045412575335
42.318652717378896
42.18712465224566
42.05546261544778
41.92366812303301
41.791742806991536
41.659688413339964
41.527506800124186
41.39519993534334
41.26276989479756
41.13021885986235
40.997549115192456
40.86476304635802
40.731863137416454
40.59885196842295
40.46573221288271
40.332506635147645
40.19917808775984
40.06574950874478
39.932223918856955
39.79860441878055
39.66489418628772
39.531096473356975
39.397214603254106
39.263251967577965
39.12921202327352
38.99509828961471
38.86091434515999
38.72666382468345
38.592350416084294
38.457977857277065
38.32354993306439
38.18907047199423
38.05454334320348
37.919972453250296
37.78536174293748
37.65071518412924
37.51603677656351
37.38133054466158
37.246600534336494
37.11185080980192
36.97708545038313
36.84230854733198
36.70752420064781
36.5727365159056
36.43794960109315
36.30316756345891
36.168394506372266
36.03363452619745
35.89889170918254
35.76417012836432
35.62947384049041
35.4948068829598
35.36017327078326
35.22557699356525
35.091022012509306
34.956512257448814
34.82205162390505
34.68764397017434
34.55329311444631
34.41900283195485
34.28477685216392
34.150618855990125
34.01653247306418
33.88252127903345
33.74858879290754
33.61473847444934
33.480973721613694
33.34729786803605
33.21371418057295
33.080225856896774
32.94683602314693
32.8135477316399
32.6803639586406
32.54728760219744
32.414321480043796
32.28146832756822
32.14873079585611
32.01611144980474
31.883612766313615
31.751237132551932
31.618986844304896
31.486864104400848
31.354871021221395
31.223009607296586
31.091281777987074
30.959689350254827
30.82823404152399
30.696917468633508
30.565741146882864
30.434706489172335
30.30381480523929
30.173067300992194
30.042465077943838
29.912009132745347
29.781700356822373
29.651539536114687
29.521527350920312
29.39166437584544
29.26195107986084
29.132387826465422
29.002974873957616
28.87371237581502
28.74460038118247
28.615638835468417
28.48682758104931
28.35816635808132
28.229654805418562
28.101292461636802
27.973078766161137
27.845013060496086
27.717094589556382
27.58932250309664
27.46169585723808
27.334213616090548
27.20687465346793
27.079677754694952
26.952621618503056
26.825704859013197
26.698926007803234
26.572283516057407
26.445775756795168
26.319401027176777
26.19315755088308
26.067043480567058
25.94105690037474
25.815195828532744
25.68945821999983
25.56384196917957
25.438344912691228
25.312964832195625
25.187699457272736
25.062546468347666
24.937503499662046
24.81256814228782
24.687737947180455
24.563010428268644
24.438383065577415
24.313853308381585
24.189418578386313
24.06507627293171
23.940823768218383
23.8166584225509
23.692577579596147
23.56857857165339
23.4446587229328
23.32081535283929
23.19704577925843
23.07334732184141
22.94971730528603
22.8261530626108
22.70265193841912
22.579211292150443
22.455828501314993
22.332500964708498
22.209226105603687
22.086001374915167
21.962824254334105
21.83969225942918
21.71660294271059
21.59355389665411
21.47054275668203
21.347567204097835
21.224624968971604
21.10171383297274
20.978831632146814
20.8559762596334
20.733145668322017
20.61033787344318
20.48755095509174
20.36478306067972
20.24203240731598
20.119297284110136
19.996576054398165
19.87386715788728
19.751169112717665
19.62848051743885
19.505800052898312
19.38312648404025
19.260458661612322
19.13779552377827
19.01513609763424
18.892479500626905
18.769824941871605
18.64717172336907
18.524519241119407
18.401866986132006
18.27921454533012
18.156561602349143
18.033907938227642
17.911253431990318
17.78859806112227
17.665941901933916
17.543285129816166
17.420628019385585
17.29797094451956
17.17531437828171
17.05265889273792
16.930005158663246
16.807353945140232
16.684706119049263
16.56206264445175
16.439424581867208
16.316793087445298
16.194169412033865
16.071554900144285
15.948950988815575
15.826359206378989
15.703781171124879
15.581218589873634
15.458673256452647
15.336147050081157
15.213641933664979
15.091159952003114
14.96870322990836
14.846273970244102
14.723874451879613
14.601507027566416
14.479174121738255
14.356878228237166
14.23462190796822
14.112407786485635
13.990238551513004
13.868116950400477
13.746045787521751
13.624027921613646
13.502066263061025
13.380163771129872
13.258323451151382
13.13654835165991
13.014841561487527
12.893206206817991
12.771645448202902
12.650162477542946
12.528760515037316
12.407442806104367
12.286212618276533
12.165073238072647
12.04402796785069
11.923080122644174
11.802233026985514
11.681490011719584
11.560854410810785
11.440329558146907
11.319918784343095
11.199625413549235
11.079452760264026
10.959404126159065
10.839482796916277
10.719692039081982
10.60003509694082
10.480515189412861
10.36113550697734
10.241899208626396
10.122809418852103
10.003869224670044
9.885081672682706
9.766449766185776
9.647976462320404
9.52966466927444
9.41151724353553
9.293536987198964
9.175726645333159
9.058088903405649
8.94062638477245
8.823341648233459
8.706237185656462
8.589315419672275
8.472578701443467
8.3560293085091
8.239669442707799
8.123501228181501
8.00752670946214
7.8917478496433855
7.776166528639597
7.660784541533883
7.545603597017139
7.430625315919787
7.315851229837943
7.201282779855607
7.086921315364395
6.972768092982196
6.858824275571999
6.7450909313620375
6.631569033168207
6.518259457719695
6.405162985088638
6.292280298224456
6.179611982593364
6.067158525923439
5.954920318055464
5.842897650899707
5.731090718498684
5.619499617195856
5.508124345910067
5.396964806515376
5.286020804325835
5.1752920486847005
5.064778153657383
4.954478638827358
4.844392930194136
4.734520361172255
4.624860173690163
4.5154115193877935
4.406173460911538
4.297144973305218
4.188324945495569
4.079712181870638
3.9713054039493674
3.8631032521404705
3.755104287588638
3.6473069941060112
3.5397097801868336
3.4323109811030936
3.3251088610788955
3.2181016155412117
3.111287373444607
3.0046641996674697
2.8982300974772164
2.7919830110619146
2.685920828125687
2.5800413825452093
2.474342457084566
2.3688217861657157
2.263477058691796
2.1583059209204185
2.0533059793841106
1.948474803855016
1.8438099303509363
1.7393088641797103
1.634969083018868
1.5307880400274467
1.4267631669868175
1.3228918774673513
1.2191715700177164
1.1155996313735559
1.0121734396822628
0.9088903677405635
0.8057477862416138
0.702743067028295
0.5998735863493935
0.4971367281153369
0.3945298871501563
0.29205047243633564
0.18969591034921363
0.08746364787761263
-0.01464884417261593
-0.11664406799542061
-0.2185244956250232
-0.32029256580328086
-0.42195068087715465
-0.523501203729472
-0.6249464547461379
-0.7262887088229149
-0.8275301924148557
-0.928673080631433
-1.0297194943803707
-1.1306714975631347
-1.2315310943249853
-1.3323002263624417
-1.432980770290943
-1.5335745350754437
-1.6340832595266181
-1.7345086098652862
-1.8348521773575996
-1.9351154760234581
-2.035299940420545
-2.135406923506281
-2.2354376945799133
-2.335393437306863
-2.4352752478273656
-2.5350841329513853
-2.6348210084416865
-2.73448669738687
-2.834081928666098
-2.9336073355071157
-3.0330634541390755
-3.1324507225415883
-3.231769479291302
-3.3310199625071997
-3.430202308895745
-3.529316552896938
-3.6283626259322097
-3.727340355754988
-3.8262494659046613
-3.9250895752645243
-4.023860197724196
-4.122560741946887
-4.221190511241818
-4.319748703542014
-4.418234411487646
-4.516646622614978
-4.6149842196508395
-4.7132459809124505
-4.811430580812368
-4.909536590468162
-5.007562478416365
-5.10550661143007
-5.203367255439401
-5.301142576554012
-5.398830642186651
-5.496429422276746
-5.593936790612849
-5.691350526252619
-5.788668315038911
-5.885887751210446
-5.9830063391054855
-6.080021494956817
-6.176930548776312
-6.273730746327175
-6.370419251181929
-6.466993146864127
-6.563449439071676
-6.65978505797952
-6.755996860619363
-6.852081633334103
-6.94803609430455
-7.043856896145941
-7.139540628571654
-7.235083821121522
-7.3304829459520375
-7.425734420685688
-7.520834611316668
-7.615779835170133
-7.7105663639121245
-7.805190426607229
-7.899648212820988
-7.993935875764048
-8.088049535474926
-8.181985282038223
-8.275739178835114
-8.369307265822988
-8.462685562841022
-8.555870072938552
-8.64885678572306
-8.741641680724653
-8.834220730773806
-8.926589905389163
-9.01874517417208
-9.110682510204645
-9.202397893447957
-9.293887314137514
-9.385146776172512
-9.476172300495847
-9.566959928461529
-9.657505725186269
-9.747805782882082
-9.837856224166785
-9.927653205349273
-10.017192919686508
-10.106471600609142
-10.195485524912714
-10.284231015911432
-10.372704446551525
-10.460902242481184
-10.548820885074209
-10.636456914404535
-10.723806932168957
-10.8108676045553
-10.897635665053276
-10.984107917205169
-11.070281237293646
-11.156152576964093
-11.241718965778933
-11.32697751370144
-11.411925413506626
-11.496559943116882
-11.580878467860192
-11.664878442648789
-11.748557414076137
-11.831913022430305
-11.914943003622005
-11.997645191025589
-12.08001751723143
-12.162058015708373
-12.243764822375033
-12.325136177079022
-12.406170424983207
-12.486866017858182
-12.56722151528026
-12.647235585734371
-12.726907007621342
-12.806234670168998
-12.885217574246688
-12.96385483308287
-13.042145672885503
-13.120089433365045
-13.197685568159947
-13.274933645164815
-13.351833346761445
-13.428384469953082
-13.504586926402235
-13.580440742372454
-13.655946058574594
-13.731103129918106
-13.805912325168004
-13.880374126508181
-13.954489129011899
-14.028258040020171
-14.101681678428799
-14.174760973884867
-14.247496965893657
-14.319890802837019
-14.391943740904392
-14.463657142937588
-14.535032477190693
-14.606071316006503
-14.676775334410916
-14.74714630862665
-14.817186114507546
-14.886896725894783
-14.956280212896427
-15.025338740091922
-15.094074564663186
-15.162490034454022
-15.230587585959482
-15.298369742246946
-15.36583911081061
-15.4329983813612
-15.499850323552861
-15.56639778464911
-15.632643687129855
-15.698591026241514
-15.764242867492184
-15.829602344093798
-15.89467265435327
-15.959457059014639
-16.023958878554353
-16.088181490432035
-16.15212832629912
-16.215802869167916
-16.279208650543566
-16.34234924752127
-16.405228279851087
-16.46784940697276
-16.530216325022934
-16.59233276381724
-16.654202483809854
-16.715829273033165
-16.777216944020154
-16.838369330712112
-16.899290285354326
-16.959983675382503
-17.02045338030284
-17.080703288568955
-17.1407372944589
-17.200559294955426
-17.260173186632716
-17.31958286255291
-17.37879220917559
-17.437805103283456
-17.49662540892739
-17.555256974394116
-17.613703629199552
-17.671969181110956
-17.730057413200814
-17.787972080935308
-17.8457169093
-17.903295589965186
-17.960711778493366
-18.017969091591144
-18.075071104407815
-18.132021347882787
-18.188823306143835
-18.24548041395818
-18.30199605423832
-18.35837355560452
-18.414616190005606
-18.470727170399616
-18.526709648495913
-18.582566712560553
-18.6383013852865
-18.69391662173027
-18.749415307316543
-18.804800255912173
-18.86007420797083
-18.915239828749268
-18.970299706596254
-19.025256351315083
-19.08011219260047
-19.13486957855057
-19.18953077425494
-19.244097960459335
-19.298573232308264
-19.352958598166033
-19.40725597851702
-19.46146720494597
-19.51559401919898
-19.569638072325837
-19.6236009239043
-19.677484041346794
-19.731288799289935
-19.78501647906689
-19.83866826826273
-19.892245260352645
-19.945748454422734
-19.999178754972895
-20.052536971801466
-20.105823819971086
-20.159039919855196
-20.212185797264887
-20.265261883655775
-20.31826851641447
-20.371205939224133
-20.42407430250885
-20.476873663956646
-20.529603989120524
-20.582265152096916
-20.634856936281018
-20.68737903519824
-20.739831053411002
-20.792212507499904
-20.844522827118148
-20.896761356118084
-20.948927353748683
-21.001019995922615
-21.053038376551296
-21.10498150894649
-21.156848327287076
-21.208637688149718
-21.260348372102452
-21.311979085360104
-21.363528461500476
-21.41499506324031
-21.466377384269958
-21.517673851145428
-21.568882825236624
-21.620002604730512
-21.67103142668783
-21.72196746915189
-21.77280885330789
-21.823553645691117
-21.8741998604424
-21.92474546160899
-21.975188365488815
-22.025526443016087
-22.075757522186233
-22.125879390517962
-22.17588979755011
-22.225786457371026
-22.275567051178182
-22.32522922986534
-22.374770616634674
-22.424188809631072
-22.473481384595924
-22.52264589753771
-22.57167988741683
-22.62058087884203
-22.669346384775718
-22.7179739092454
-22.76646095005846
-22.8148050015174
-22.863003557132444
-22.911054112327932
-22.958954167139026
-23.006701228895324
-23.05429281488786
-23.10172645501602
-23.148999694411017
-23.196110096032996
-23.243055243239056
-23.28983274232
-23.336440225003926
-23.38287535092475
-23.429135810053893
-23.47521932509359
-23.521123653830088
-23.566846591445014
-23.612385972783116
-23.6577396745745
-23.70290561760963
-23.74788176886527
-23.792666143579723
-23.83725680727578
-23.881651877729652
-23.925849526884164
-23.969847982704025
-24.013645530971203
-24.057240517018485
-24.100631347399414
-24.143816491492984
-24.186794483041453
-24.229563921619686
-24.27212347403467
-24.31447187565378
-24.35660793166035
-24.398530518235518
-24.44023858366519
-24.481731149371186
-24.523007310865736
-24.564066238628655
-24.604907178906544
-24.645529454433486
-24.6859324650727
-24.726115688378787
-24.76607868008036
-24.805821074482925
-24.845342584792053
-24.884643003356747
-24.923722201832835
-24.96258013126614
-25.001216822095348
-25.03963238407481
-25.077827006117804
-25.115800956060827
-25.15355458034971
-25.19108830364839
-25.228402628371175
-25.26549813413924
-25.302375477162133
-25.339035389545007
-25.375478678522388
-25.41170622561943
-25.44771898574165
-25.483517986194375
-25.51910432563331
-25.55447917294747
-25.58964376607587
-25.624599410759505
-25.659347479229968
-25.693889408836174
-25.728226700610538
-25.76236091777624
-25.7962936841971
-25.83002668277165
-25.863561653772866
-25.896900393135002
-25.930044750689024
-25.962996628348225
-25.995757978245496
-26.02833080082384
-26.06071714288173
-26.092919095574803
-26.12493879237569
-26.156778406993926
-26.188440151257442
-26.21992627295747
-26.25123905365847
-26.282380806474766
-26.313353873815817
-26.34416062510208
-26.3748034544537
-26.40528477835419
-26.435607033291422
-26.465772673378513
-26.49578416795727
-26.525643999186872
-26.55535465962034
-26.58491864977133
-26.614338475673595
-26.64361664643552
-26.67275567179239
-26.70175805965899
-26.73062631368514
-26.759362930816724
-26.787970398864747
-26.816451194084994
-26.84480777877089
-26.873042598862146
-26.901158081571868
-26.929156633034598
-26.95704063597775
-26.984812447418808
-27.01247439639052
-27.04002878169651
-27.06747786969972
-27.094823892146156
-27.12206904402642
-27.149215481477444
-27.176265319726742
-27.203220631081553
-27.230083442965128
-27.256855736002212
-27.28353944215569
-27.310136442916434
-27.336648567548384
-27.36307759139068
-27.389425234218567
-27.41569315866464
-27.44188296870188
-27.467996208189636
-27.49403435948368
-27.51999884211124
-27.545891011511987
-27.571712157845827
-27.59746350486815
-27.623146208872942
-27.64876135770381
-27.67430996983281
-27.699792993507362
-27.725211305965406
-27.750565712719027
-27.77585694690656
-27.801085668713302
-27.82625246486079
-27.85135784816457
-27.876402257160397
-27.901386055798827
-27.926309533207917
-27.951172903523474
-27.975976305786464
-28.00071980390705
-28.02540338669475
-28.0500269679542
-28.07459038664614
-28.09909340711339
-28.123535719371194
-28.147916939461584
-28.172236609871295
-28.19649420001274
-28.22068910676747
-28.244820655091633
-28.26888809868301
-28.29289062070929
-28.316827334597537
-28.340697284884918
-28.364499448130964
-28.388232733891975
-28.41189598575803
-28.43548798245302
-28.45900743899798
-28.482453007937828
-28.50582328063168
-28.52911678860709
-28.552332004978716
-28.57546734593182
-28.598521172271028
-28.621491791034565
-28.644377457174294
-28.66717637530163
-28.689886701499255
-28.712506545198202
-28.735033971119655
-28.757467001280496
-28.77980361706141
-28.802041761336163
-28.824179340660656
-28.846214227520043
-28.86814426263188
-28.889967257303105
-28.91168099583856
-28.93328323799863
-28.954771721503526
-28.976144164581562
-28.997398268558463
-29.01853172048444
-29.039542195795484
-29.06042736100533
-29.08118487642451
-29.10181239890317
-29.12230758459426
-29.142668091733405
-29.16289158343192
-29.182975730479193
-29.20291821415085
-29.222716729019247
-29.242368985762646
-29.261872713969403
-29.281225664933565
-29.300425614438176
-29.319470365522925
-29.33835775123267
-29.357085637343566
-29.375651925063572
-29.394054553704215
-29.412291503320766
-29.430360797318336
-29.448260505021743
-29.46598874420706
-29.48354368359295
-29.500923545289844
-29.518126607205197
-29.53515120540299
-29.55199573641587
-29.568658659508536
-29.58513849889112
-29.601433845881324
-29.61754336101415
-29.633465776098028
-29.649199896216224
-29.664744601672304
-29.68009884987824
-29.695261677183787
-29.71023220064557
-29.72500961973443
-29.739593217979426
-29.75398236454685
-29.768176515752366
-29.782175216504406
-29.79597810167686
-29.80958489740899
-29.822995422330386
-29.836209588708776
-29.84922740351862
-29.86204896942865
-29.87467448570677
-29.887104249040696
-29.899338654272775
-29.911378195047426
-29.92322346436955
-29.934875155072483
-29.946334060194168
-29.95760107326023
-29.968677188472775
-29.9795635008038
-29.990261205991935
-30.000771600441617
-30.011096081023616
-30.021236144775905
-30.031193388504015
-30.04096950828042
-30.050566298842504
-30.05998565288902
-30.06922956027494
-30.07830010710483
-30.087199474724848
-30.095929938613857
-30.104493867174448
-30.112893720424744
-30.121132048591868
-30.12921149060812
-30.137134772511125
-30.14490470574929
-30.152524185394263
-30.15999618826202
-30.167323770943987
-30.174510067749388
-30.181558288560034
-30.188471716599075
-30.19525370611526
-30.20190767998445
-30.20843712723032
-30.214845600465956
-30.221136713258055
-30.227314137415327
-30.233381600202925
-30.23934288148441
-30.24520181079287
-30.25096226433302
-30.25662816191629
-30.262203463831007
-30.267692167649805
-30.27309830497648
-30.278425938134625
-30.28367915680075
-30.28886207458452
-30.293978825558916
-30.299033560743304
-30.30403044454237
-30.308973651143894
-30.313867360878355
-30.31871575654349
-30.323523019697085
-30.328293326921305
-30.333030846061966
-30.337739732446288
-30.342424125082566
-30.347088142845244
-30.351735880649123
-30.356371405616635
-30.360998753242278
-30.365621923558187
-30.370244877305048
-30.374871532112472
-30.379505758692908
-30.38415137705345
-30.388812152729933
-30.393491793047694
-30.398193943413467
-30.402922183642765
-30.407680024327043
-30.412470903245058
-30.417298181822922
-30.422165141647206
-30.42707498103558
-30.432030811669527
-30.437035655293748
-30.442092440487066
-30.447203999509547
-30.452373065230397
-30.457602268140924
-30.46289413345678
-30.46825107831358
-30.473675409060142
-30.479169318653412
-30.484734884159245
-30.490374064363117
-30.49608869749465
-30.50188049906938
-30.507751059851067
-30.513701843937405
-30.519734186971895
-30.52584929448451
-30.53204824036336
-30.538331965459285
-30.544701276325036
-30.551156844090706
-30.557699203476595
-30.56432875194431
-30.571045748986528
-30.577850315555644
-30.58474243363127
-30.5917219459265
-30.59878855573273
-30.60594182690277
-30.61318118397181
-30.620505912415602
-30.627915159045124
-30.635407932536815
-30.64298310409736
-30.65063940826186
-30.658375443824035
-30.666189674896906
-30.674080432102492
-30.68204591388902
-30.69008418797403
-30.698193192911667
-30.706370739782407
-30.714614514003266
-30.72292207725652
-30.731290869534938
-30.739718211301458
-30.748201305760936
-30.756737241241744
-30.765322993685025
-30.773955429239344
-30.782631306958386
-30.791347281599222
-30.80009990651879
-30.808885636666325
-30.817700831669207
-30.826541759009693
-30.8354045972899
-30.844285439582073
-30.853180296861233
-30.862085101517117
-30.870995710942218
-30.87990791119278
-30.888817420719384
-30.89771989416399
-30.906610926220473
-30.91548605555564
-30.92434076878765
-30.933170504518635
-30.941970657418203
-30.95073658235423
-30.95946359856722
-30.968146993884595
-30.976782028971364
-30.985363941613365
-30.993887951029244
-31.002349262207268
-31.010743070262997
-31.019064564813867
-31.027308934366737
-31.03547137071427
-31.04354707333595
-31.051531253799702
-31.05941914016008
-31.06720598134904
-31.07488705155523
-31.082457654587778
-31.089913128220665
-31.097248848513708
-31.104460234106135
-31.1115427504786
-31.118491914179565
-31.12530329701203
-31.131972530176675
-31.138495308367673
-31.144867393817627
-31.15108462028791
-31.15714289700093
-31.163038212510763
-31.168766638508735
-31.17432433356054
-31.179707546771475
-31.18491262137635
-31.189935998250768
-31.19477421934024
-31.199423931003615
-31.203881887267436
-31.208144952987844
-31.212210106916835
-31.21607444466988
-31.21973518159205
-31.22318965551971
-31.226435329435155
-31.229469794011713
-31.23229077004725
-31.234896110784
-31.237283804112813
-31.23945197465971
-31.24139888575268
-31.243122941266783
-31.244622687345576
-31.2458968139972
-31.246944156563494
-31.247763697060655
-31.248354565390137
-31.248716040418707
-31.248847550926648
-31.248748676423155
-31.248419147827995
-31.24785884801849
-31.24706781224122
-31.2460462283881
-31.244794437136353
-31.243312931952193
-31.241602358957937
-31.239663516662365
-31.23749735555437
-31.23510497756003
-31.232487635363146
-31.229646731589515
-31.226583817854948
-31.223300593677028
-31.219798905250503
-31.21608074408623
-31.212148245513635
-31.208003687046716
-31.203649486613774
-31.199088200650994
-31.19432252206038
-31.189355278032668
-31.184189427735834
-31.178828059869932
-31.173274390088938
-31.1675317582902
-31.161603625772432
-31.155493572263413
-31.149205292818767
-31.14274259459346
-31.136109393487732
-31.129309710669634
-31.122347668976875
-31.115227489200965
-31.107953486256992
-31.10053006524267
-31.092961717390313
-31.08525301591543
-31.07740861176585
-31.06943322927528
-31.061331661725394
-31.053108766820674
-31.044769462080342
-31.036318720152043
-31.02776156405226
-31.019103062338576
-31.01034832421907
-31.001502494604058
-30.9925707491055
-30.983558288989446
-30.9744703360869
-30.96531212766867
-30.956088911289715
-30.94680593960867
-30.937468465188335
-30.92808173528282
-30.918650986617184
-30.90918144016526
-30.899678295931423
-30.89014672774202
-30.880591878051902
-30.8710188527714
-30.861432716119296
-30.8518384855074
-30.842241126462298
-30.832645547590076
-30.823056595589847
-30.813479050321874
-30.803917619935774
-30.794376936064182
-30.78486154908721
-30.77537592347288
-30.76592443319869
-30.756511357259242
-30.74714087526452
-30.737817063133505
-30.728543888887558
-30.719325208548028
-30.71016476214227
-30.70106616982217
-30.69203292809918
-30.68306840619975
-30.674175842544926
-30.665358341357845
-30.65661886940255
-30.647960252857516
-30.639385174327245
-30.630896169995182
-30.62249562692101
-30.6141857804851
-30.60596871198264
-30.597846346369764
-30.58982045016417
-30.581892629502377
-30.574064328355647
-30.566336826906465
-30.558711240087504
-30.551188516284853
-30.543769436207427
-30.5364546119241
-30.529244486069942
-30.52213933122279
-30.515139249450996
-30.508244172032633
-30.501453859346313
-30.494767900933837
-30.48818571573456
-30.481706552491417
-30.475329490328402
-30.469053439498946
-30.462877142304347
-30.45679917418114
-30.45081794495614
-30.444931700267926
-30.439138523153343
-30.433436335797364
-30.427822901444596
-30.422295826470855
-30.41685256261307
-30.411490409355604
-30.4062065164709
-30.400997886712172
-30.395861378655706
-30.390793709690012
-30.3857914591493
-30.38085107158859
-30.375968860197656
-30.371141010350964
-30.366363583290745
-30.3616325199401
-30.35694364484304
-30.352292670228035
-30.3476752001914
-30.343086734996643
-30.338522675485688
-30.333978327597787
-30.329448906991768
-30.324929543766796
-30.320415287276642
-30.31590111103237
-30.31138191768805
-30.306852544104128
-30.302307766482937
-30.297742305570562
-30.29315083191953
-30.288527971206815
-30.28386830960154
-30.27916639917667
-30.274416763359067
-30.26961390241227
-30.26475229894613
-30.25982642344739
-30.25483073982515
-30.249759710965048
-30.244607804286073
-30.239369497294017
-30.234039283125792
-30.228611676078952
-30.223081217121102
-30.217442479373897
-30.211690073566484
-30.20581865345319
-30.19982292119037
-30.193697632667504
-30.187437602787593
-30.18103771069185
-30.17449290492352
-30.167798208526033
-30.160948724070703
-30.15393963860934
-30.14676622854712
-30.13942386443132
-30.1319080156514
-30.12421425504628
-30.116338263414814
-30.108275833925955
-30.10002287642497
-30.091575421632182
-30.08292962523087
-30.074081771840877
-30.065028278874575
-30.055765700272172
-30.046290730113366
-30.036600206102275
-30.026691112922645
-30.016560585460507
-30.006205911891396
-29.99562453662919
-29.984814063133665
-29.973772256573863
-29.962497046344605
-29.950986528433855
-29.939238967638584
-29.927252799626995
-29.91502663284488
-29.902559250263813
-29.88984961096876
-29.87689685158285
-29.863700287526918
-29.850259414111584
-29.83657390745976
-29.822643625257577
-29.80846860733201
-29.794049076053604
-29.779385436563196
-29.76447827682177
-29.749328367482924
-29.733936661587627
-29.718304294080845
-29.702432581149914
-29.686323019384936
-29.669977284761536
-29.653397231446526
-29.636584890427663
-29.619542467969076
-29.60227234389408
-29.584777069697402
-29.567059366489055
-29.549122122772197
-29.530968392057737
-29.512601390318544
-29.49402449328654
-29.475241233596343
-29.456255297779343
-29.437070523112318
-29.417690894324956
-29.39812054017066
-29.378363729865164
-29.358424869397602
-29.33830849771892
-29.31801928281252
-29.297562017652048
-29.276941616051438
-29.25616310841253
-29.235231637375485
-29.214152453377586
-29.192930910125774
-29.171572459988177
-29.1500826493099
-29.128467113658225
-29.106731573002328
-29.084881826832493
-29.062923749223508
-29.040863283846882
-29.018706438936285
-28.996459282210573
-28.974127935758908
-28.951718570892304
-28.929237402965704
-28.90669068617462
-28.884084708330256
-28.86142578561732
-28.838720257338572
-28.815974480650176
-28.793194825291984
-28.770387668316694
-28.747559388821777
-28.724716362687936
-28.70186495732785
-28.679011526449138
-28.656162404835477
-28.63332390314998
-28.610502302765077
-28.587703850623118
-28.564934754131887
-28.5422011760995
-28.519509229713098
-28.496864973566122
-28.474274406739088
-28.451743463938758
-28.429278010700646
-28.4068838386597
-28.384566660893686
-28.362332107343693
-28.340185720315905
-28.318132950068733
-28.29617915048917
-28.27432957486184
-28.25258937173405
-28.230963580879976
-28.2094571293672
-28.188074827728574
-28.166821366242235
-28.14570131132243
-28.124719102023906
-28.103879046662346
-28.08318531955337
-28.06264195787259
-28.042252858638992
-28.022021775823763
-28.00195231758693
-27.982047943643895
-27.962311962764037
-27.942747530403697
-27.923357646475896
-27.904145153259012
-27.885112733446565
-27.86626290834028
-27.84759803618846
-27.829120310672014
-27.81083175954038
-27.792734243399966
-27.77482945465741
-27.757118916620076
-27.739603982755828
-27.722285836114086
-27.705165488909902
-27.688243782272625
-27.67152138616058
-27.654998799442897
-27.638676350149357
-27.62255419588877
-27.606632324435854
-27.590910554486104
-27.57538853657758
-27.560065754177888
-27.544941524934277
-27.53001500208453
-27.51528517602586
-27.50075087603881
-27.486410772162774
-27.472263377219523
-27.45830704898103
-27.444539992477676
-27.430960262443026
-27.417565765891343
-27.404354264824125
-27.391323379061877
-27.37847058919738
-27.36579323966672
-27.353288541934294
-27.340953577788074
-27.328785302741412
-27.316780549537786
-27.30493603175501
-27.293248347505486
-27.281713983229256
-27.270329317576373
-27.259090625375197
-27.247994081683036
-27.237035765915497
-27.22621166605086
-27.21551768290556
-27.204949634477007
-27.194503260349993
-27.184174226162813
-27.173958128129247
-27.16385049761249
-27.153846805746728
-27.1439424681019
-27.134132849387246
-27.124413268189162
-27.114779001739127
-27.105225290707157
-27.095747344016193
-27.08634034367265
-27.076999449608483
-27.06771980453019
-27.058496538770246
-27.049324775136373
-27.040199633754074
-27.03111623689799
-27.022069713807642
-27.013055205483173
-27.004067869456637
-26.995102884534393
-26.98615545550604
-26.977220817815468
-26.96829424218973
-26.959371039221285
-26.95044656389891
-26.94151622008292
-26.932575464920124
-26.92361981319425
-26.914644841607583
-26.905646192989593
-26.89661958042825
-26.887560791319828
-26.87846569133316
-26.86933022828424
-26.86015043591709
-26.850922437587002
-26.841642449842453
-26.832306785902546
-26.822911859026703
-26.813454185773224
-26.803930389143346
-26.794337201607505
-26.784671468010743
-26.774930148354287
-26.765110320450248
-26.75520918244669
-26.74522405522066
-26.73515238463679
-26.724991743669108
-26.71473983438392
-26.70439448978189
-26.69395367549768
-26.683415491355504
-26.67277817277889
-26.662040092053275
-26.65119975943992
-26.640255824140183
-26.62920707510915
-26.618052441717793
-26.60679099426281
-26.595421944323363
-26.58394464496436
-26.57235859078648
-26.560663417823434
-26.54885890328717
-26.536944965161837
-26.524921661647767
-26.5127891904566
-26.500547887959158
-26.488198228187855
-26.475740821695553
-26.463176414273022
-26.450505885527093
-26.437730247321724
-26.42485064208435
-26.41186834098005
-26.398784741956206
-26.385601367660513
-26.37231986323522
-26.35894199399084
-26.345469642962712
-26.331904808353755
-26.31824960086678
-26.30450624093001
-26.290677055819657
-26.276764476683184
-26.262771035466983
-26.248699361752244
-26.234552179502998
-26.220332303730146
-26.206042637075427
-26.191686166319386
-26.17726595881743
-26.162785158868218
-26.148246984018584
-26.133654721309284
-26.119011723465718
-26.10432140503761
-26.089587238491845
-26.07481275026265
-26.06000151676315
-26.04515716036215
-26.030283345330275
-26.015383773759396
-26.000462181459483
-25.98552233383697
-25.970568021758794
-25.955603057406304
-25.94063127012316
-25.92565650226143
-25.910682605029816
-25.895713434347865
-25.880752846709893
-25.86580469506239
-25.850872824698452
-25.83596106917278
-25.821073246240783
-25.806213153825123
-25.791384566013246
-25.776591229089544
-25.76183685760554
-25.747125130491693
-25.732459687214455
-25.7178441239823
-25.703281990004168
-25.688776783804055
-25.67433194959531
-25.659950873717943
-25.645636881142135
-25.631393232040974
-25.617223118435728
-25.603129660916917
-25.589115905444114
-25.575184820227346
-25.561339292692903
-25.547582126536124
-25.533916038863335
-25.520343657424885
-25.5068675179412
-25.493490061523513
-25.480213632190864
-25.46704047448514
-25.45397273118581
-25.441012441125732
-25.428161537109386
-25.41542184393489
-25.40279507652087
-25.39028283813951
-25.37788661875717
-25.36560779348383
-25.353447621132684
-25.341407242891275
-25.3294876811054
-25.31768983817727
-25.306014495579173
-25.294462312983907
-25.28303382751292
-25.271729453103145
-25.260549479993525
-25.249494074332087
-25.238563277904543
-25.227757007985158
-25.21707505731089
-25.2065170941797
-25.196082662673884
-25.185771183009447
-25.17558195201229
-25.165514143721932
-25.155566810123187
-25.145738882006267
-25.136029169955375
-25.12643636546539
-25.116959042186092
-25.10759565729307
-25.098344552984397
-25.08920395810176
-25.080171989874824
-25.071246655787686
-25.062425855566
-25.053707383283264
-25.045088929584292
-25.036568084023937
-25.028142337518656
-25.019809084908584
-25.01156562762753
-25.003409176478268
-24.995336854510267
-24.987345699996833
-24.97943266950821
-24.971594641076845
-24.96382841745054
-24.95613072942899
-24.94849823927913
-24.940927544224476
-24.93341518000369
-24.925957624493716
-24.918551301392707
-24.911192583957977
-24.90387779879432
-24.896603229687962
-24.889365121481312
-24.882159683983836
-24.874983095914153
-24.867831508868413
-24.860701051310166
-24.853587832577226
-24.846487946901185
-24.839397477435078
-24.832312500284807
-24.825229088539736
-24.818143316298112
-24.811051262682888
-24.803949015843607
-24.796832676939964
-24.78969836410277
-24.78254221636839
-24.77536039758285
-24.768149100271522
-24.760904549470546
-24.753623006516072
-24.74630077278723
-24.738934193398784
-24.731519660839858
-24.724053618555068
-24.71653256446438
-24.708953054418394
-24.70131170558576
-24.693605199769614
-24.68583028665008
-24.67798378694993
-24.670062595520896
-24.662063684348304
-24.65398410547177
-24.645820993819648
-24.637571569954865
-24.62923314272981
-24.62080311184797
-24.61227897033026
-24.60365830688388
-24.59493880817171
-24.586118260980236
-24.577194554284
-24.568165681204697
-24.559029740862904
-24.54978494012081
-24.54042959521464
-24.530962133275885
-24.521381093740636
-24.511685129646814
-24.501873008819125
-24.491943614941526
-24.481895948517256
-24.471729127716706
-24.461442389113465
-24.451035088308934
-24.440506700445916
-24.42985682061137
-24.419085164128937
-24.408191566741657
-24.397175984685468
-24.38603849465428
-24.374779293657546
-24.36339869877144
-24.351897146784744
-24.340275193740517
-24.328533514374804
-24.316672901453863
-24.304694265011612
-24.292598631489078
-24.28038714277772
-24.26806105516865
-24.255621738209577
-24.24307067347123
-24.2304094532252
-24.21763977903486
-24.204763460261283
-24.1917824124857
-24.17869865585032
-24.165514313319072
-24.152231608859857
-24.138852865549573
-24.125380503603076
-24.111817038327096
-24.098165078000157
-24.08442732167952
-24.070606556936035
-24.05670565751779
-24.0427275809435
-24.02867536602647
-24.014552130330024
-24.00036106755538
-23.986105444863078
-23.971788600128967
-23.95741393913587
-23.94298493270238
-23.928505113750525
-23.913978074313682
-23.8994074624864
-23.884796979317763
-23.87015037565026
-23.855471448906478
-23.840764039825665
-23.82603202915245
-23.811279334279725
-23.796509905848005
-23.781727724303742
-23.76693679641908
-23.75214115177564
-23.73734483921512
-23.72255192325988
-23.707766480506812
-23.692992595998184
-23.678234359573075
-23.663495862202886
-23.648781192314225
-23.634094432102465
-23.61943965383957
-23.60482091617981
-23.590242260467157
-23.575707707047904
-23.56122125159211
-23.546786861427556
-23.53240847189027
-23.518089982695376
-23.503835254332177
-23.48964810448722
-23.47553230449883
-23.461491575847067
-23.44752958668288
-23.43364994840029
-23.419856212255286
-23.406151866034964
-23.39254033078034
-23.379024957566106
-23.36560902434083
-23.3522957328306
-23.339088205509018
-23.325989482636277
-23.31300251936999
-23.300130182950216
-23.287375249961077
-23.274740403671547
-23.26222823145766
-23.249841222308635
-23.237581764419605
-23.22545214287347
-23.213454537414396
-23.20159102031541
-23.189863554342242
-23.178273990815615
-23.166824067773934
-23.155515408238376
-23.144349518582334
-23.133327787006937
-23.122451482124394
-23.11172175165071
-23.101139621209047
-23.090705993244928
-23.08042164605435
-23.070287232925654
-23.060303281395807
-23.05047019262192
-23.04078824086911
-23.0312575731155
-23.021878208774968
-23.012650039538233
-23.003572829332757
-22.994646214401843
-22.98586970350333
-22.97724267822814
-22.968764393439006
-22.960433977829485
-22.95225043460322
-22.944212642273033
-22.936319355579332
-22.928569206527374
-22.920960705542985
-22.913492242746276
-22.90616208934289
-22.898968399132276
-22.891909210132628
-22.88498244632193
-22.87818591949436
-22.871517331231264
-22.864974274986015
-22.8585542382818
-22.852254605021205
-22.846072657906053
-22.840005580965727
-22.8340504621918
-22.828204296276557
-22.822463987452682
-22.816826352431224
-22.81128812343464
-22.805845951321903
-22.800496408802577
-22.795235993736657
-22.790061132516787
-22.78496818352919
-22.779953440689628
-22.775013137050667
-22.77014344847679
-22.765340497383495
-22.760600356536475
-22.75591905290715
-22.75129257158095
-22.746716859714798
-22.74218783053995
-22.737701367406164
-22.73325332786327
-22.728839547776165
-22.72445584546897
-22.720098025894078
-22.715761884821422
-22.71144321304327
-22.707137800589795
-22.702841440950852
-22.69854993529957
-22.6942590967134
-22.68996475438833
-22.685662757842255
-22.681348981103515
-22.677019326880487
-22.67266973070757
-22.668296165062817
-22.663894643452483
-22.659461224457647
-22.654992015737935
-22.650483177987258
-22.645930928836425
-22.64133154669749
-22.636681374544583
-22.63197682362595
-22.627214377101996
-22.622390593604468
-22.61750211071227
-22.61254564833955
-22.60751801203175
-22.602416096165587
-22.59723688704914
-22.591977465917967
-22.586635011823194
-22.581206804407447
-22.575690226565076
-22.570082766983393
-22.564382022561933
-22.55858570070693
-22.552691621498287
-22.54669771972657
-22.54060204679762
-22.53440277250242
-22.528098186650215
-22.521686700562885
-22.515166848428766
-22.50853728851438
-22.50179680423283
-22.494944305067907
-22.487978827353135
-22.48089953490508
-22.473705719510566
-22.46639680126744
-22.45897232877893
-22.45143197920179
-22.44377555814852
-22.43600299944409
-22.428114364737826
-22.420109842971517
-22.41198974970492
-22.403754526300265
-22.395404738967432
-22.386941077671725
-22.378364354906626
-22.369675504333987
-22.360875579294277
-22.351965751189585
-22.34294730774231
-22.333821651132656
-22.324590296018233
-22.315254867439354
-22.305817098613705
-22.296278828624242
-22.286642000004026
-22.276908656222123
-22.26708093907472
-22.257161085985828
-22.24715142722205
-22.23705438302612
-22.226872460674045
-22.216608251460585
-22.20626442761774
-22.195843739171167
-22.185349010739188
-22.174783138278727
-22.16414908578274
-22.15344988193378
-22.142688616718246
-22.13186843800561
-22.120992548096964
-22.110064200247066
-22.099086695163905
-22.08806337748949
-22.07699763226556
-22.065892881387825
-22.054752580052437
-22.04358021319824
-22.032379291948203
-22.02115335005324
-22.009905940341426
-21.998640631175718
-21.987361002923123
-21.97607064443791
-21.96477314956148
-21.953472113641325
-21.9421711300714
-21.930873786855855
-21.919583663197912
-21.908304326115953
-21.897039327089075
-21.885792198734535
-21.874566451519442
-21.86336557050909
-21.85219301215433
-21.84105220112029
-21.82994652715867
-21.818879342026108
-21.80785395645107
-21.796873637151165
-21.78594160390277
-21.775061026664744
-21.764235022758
-21.75346665410278
-21.742758924515627
-21.732114777068134
-21.721537091509603
-21.711028681755792
-21.70059229344575
-21.6902306015685
-21.679946208161326
-21.66974164008137
-21.659619346852466
-21.649581698589074
-21.639630983998998
-21.62976940846677
-21.6199990922198
-21.610322068579123
-21.6007402822966
-21.591255587980342
-21.581869748609975
-21.57258443414311
-21.563401220214402
-21.55432158692848
-21.54534691774778
-21.536478498476086
-21.527717516338683
-21.519065059159928
-21.510522114639244
-21.50208956972658
-21.49376821009828
-21.48555871973413
-21.477461680595937
-21.469477572407996
-21.461606772539497
-21.453849555989123
-21.446206095471936
-21.438676461608267
-21.431260623214158
-21.423958447692385
-21.416769701522853
-21.409694050851144
-21.40273106217394
-21.395880203120115
-21.389140843326388
-21.382512255406297
-21.375993616011
-21.36958400698039
-21.363282416582607
-21.35708774083993
-21.35099878493905
-21.345014264723673
-21.339132808267195
-21.33335295752302
-21.327673170050318
-21.32209182081327
-21.31660720405192
-21.311217535222497
-21.30592095300507
-21.300715521376063
-21.295599231743196
-21.29057000514048
-21.285625694480828
-21.28076408686401
-21.275982905937738
-21.27127981430938
-21.26665241600621
-21.26209825898208
-21.257614837668413
-21.253199595567324
-21.24884992788482
-21.24456318420205
-21.24033667118242
-21.236167655312286
-21.232053365672996
-21.227990996741894
-21.223977711219945
-21.220010642883366
-21.216086899456783
-21.21220356550542
-21.208357705343857
-21.20454636595882
-21.200766579943192
-21.197015368438386
-21.19328974408232
-21.18958671396048
-21.185903282557334
-21.182236454705375
-21.178583238528958
-21.174940648380087
-21.17130570776358
-21.16767545224907
-21.1640469323673
-21.16041721648834
-21.15678339367956
-21.1531425765411
-21.149491904016813
-21.14582854417857
-21.14214969698172
-21.13845259698958
-21.13473451606488
-21.130992766025784
-21.127224701264296
-21.12342772132466
-21.119599273439505
-21.11573685502161
-21.11183801610936
-21.107900361764123
-21.103921554417965
-21.09989931617001
-21.095831431029566
-21.091715747104203
-21.08755017873098
-21.08333270854915
-21.079061389512262
-21.074734346837616
-21.07034977989123
-21.065905964006433
-21.061401252234262
-21.056834077023993
-21.052202951832513
-21.04750647266134
-21.042743319520056
-21.037912257814938
