-2.4089239588252646e-13
-4.0571013749989076e-12
-3.424716279168035e-11
-1.9451517124893605e-10
-8.416447519042754e-10
-2.9758737493489228e-09
-8.998035356567114e-09
-2.4017150553654583e-08
-5.791997322064184e-08
-1.2843487938076207e-07
-2.6543707857180655e-07
-5.167509969558914e-07
-9.557093941747431e-07
-1.6907278532651155e-06
-2.877148218932077e-06
-4.731595818689335e-06
-7.549083320337004e-06
-1.1723079267597326e-05
-1.77687420772316e-05
-2.6349500934518978e-05
-3.830714392480013e-05
-5.469555119950638e-05
-7.68181872866086e-05
-0.00010626944208770158
-0.0001449798849070203
-0.0001952654702626656
-0.0002598807084501944
-0.00034207578805912924
-0.0004456576120629721
-0.0005750546838764343
-0.0007353857550484419
-0.0009325321221704661
-0.0011732134372478152
-0.0014650668733148867
-0.0018167294655700638
-0.0022379234278462933
-0.002739544224892763
-0.003333751162784782
-0.004034060242856721
-0.0048554390089112845
-0.005814403103133411
-0.006929114233156491
-0.008219479241112649
-0.00970724995526067
-0.01141612349593104
-0.013371842700057843
-0.015602296322476804
-0.018137618667446606
-0.02101028830048112
-0.02425522548854267
-0.027909888015916755
-0.032014365023638434
-0.03661146852213849
-0.041746822229788136
-0.04746894739420624
-0.05382934525851283
-0.06088257584112298
-0.06868633270513128
-0.07730151340179212
-0.08679228528200737
-0.09722614638004094
-0.10867398108483889
-0.1212101103262932
-0.13491233601649305
-0.14986197949940902
-0.16614391377649848
-0.18384658929035289
-0.20306205306367453
-0.22388596100651825
-0.24641758322081275
-0.2707598021476332
-0.2970191034194784
-0.3253055592968624
-0.35573280458580875
-0.38841800495029083
-0.42348181755123643
-0.46104834396137495
-0.5012450753228985
-0.5442028297325868
-0.5900556818566718
-0.6389408847952428
-0.6909987842333796
-0.7463727249334027
-0.8052089496396263
-0.8676564904837323
-0.9338670529953311
-1.0039948928383975
-1.0781966854100364
-1.1566313884534247
-1.2394600978517436
-1.326845896784436
-1.418953698441189
-1.5159500825026222
-1.618003125609712
-1.7252822260565106
-1.8379579229527172
-1.95620171011406
-2.0801858449492814
-2.210083152622733
-2.3460668257812096
-2.4883102201426115
-2.6369866462523732
-2.792269157721314
-2.9543303362656244
-3.123342073876118
-3.2994753524496243
-3.4829000212204866
-3.67378457233454
-3.8722959149117004
-4.078599147946443
-4.2928573323979355
-4.515231262823384
-4.745879238909358
-4.984956837256371
-5.232616683771868
-5.4890082270259795
-5.75427751292305
-6.028566961039947
-6.312015142979638
-6.60475656308533
-6.906921441856731
-7.218635502405669
-7.540019760283508
-7.87119031700747
-8.21225815760717
-8.563328952506364
-8.92450286404807
-9.295874357963866
-9.677532020080385
-10.069558378547839
-10.472029731866813
-10.885015982980663
-11.308580479691432
-11.742779861647538
-12.187663914141572
-12.64327542894623
-13.109650072405763
-13.586816260989472
-14.07479504450263
-14.573599997138837
-15.083237116546153
-15.603704731067506
-16.13499341530392
-16.677085914136892
-17.229957075333857
-17.793573790848455
-18.367894946914745
-18.95287138302193
-19.54844585984357
-20.154553036182865
-20.771119454982927
-21.39806353843831
-22.035295592231357
-22.682717818904557
-23.340224340367648
-24.007701229525786
-24.685026551002686
-25.372070410920426
-26.068695015685474
-26.77475473971864
-27.490096202055152
-28.214558351729636
-28.94797256184927
-29.690162732247046
-30.44094540059629
-31.200129861856627
-31.967518295911024
-32.74290590324353
-33.52608104849754
-34.31682541174491
-35.11491414728693
-35.920116049798914
-36.73219372762126
-37.55090378299142
-38.37599699900327
-39.207218533072854
-40.044308116682245
-40.887000261165994
-41.73502446929835
-42.588105452433
-43.44596335294169
-44.308313971692186
-45.17486900030097
-46.04533625789138
-46.9194199320833
-47.79682082393628
-48.67723659656439
-49.56036202713806
-50.445889261985194
-51.3335080745013
-52.22290612557668
-53.11376922624685
-54.00578160227115
-54.89862616034258
-55.79198475563152
-56.68553846036525
-57.57896783314595
-58.471953188710415
-59.3641748678362
-60.255313507100425
-61.14505030819885
-62.03306730653452
-62.91904763878711
-63.80267580917667
-64.68363795413904
-65.56162210513412
-66.43631844931224
-67.30741958776856
-68.17462079111932
-69.0376202521377
-69.89611933519178
-70.74982282223154
-71.59843915507663
-72.44168067376297
-73.27926385071085
-74.11090952048353
-74.93634310491139
-75.75529483336352
-76.56749995795549
-77.37269896348842
-78.17063777192273
-78.96106794119642
-79.74374685820517
-80.51843792576899
-81.2849107434183
-82.04294128184026
-82.79231205083451
-83.5328122606355
-84.26423797646757
-84.98639226620773
-85.6990853410392
-86.40213468898739
-87.09536520123763
-87.77860929114203
-88.45170700583171
-89.1145061303591
-89.76686228430398
-90.40863901078407
-91.03970785781902
-91.65994845200507
-92.26924856446588
-92.86750416905316
-93.45461949277818
-94.03050705846384
-94.59508771961622
-95.14829068752327
-95.69005355059731
-96.22032228598572
-96.73905126348141
-97.24620324177248
-97.74174935707855
-98.22566910422948
-98.69795031024897
-99.15858910051405
-99.60758985756875
-100.04496517267692
-100.47073579020706
-100.88493054494893
-101.28758629246863
-101.67874783261425
-102.05846782629055
-102.42680670562675
-102.78383257766654
-103.12962112171624
-103.46425548049194
-103.78782614521344
-104.1004308347965
-104.40217436929947
-104.69316853778491
-104.97353196076108
-105.2433899473724
-105.50287434751226
-105.75212339903442
-105.99128157024337
-106.22049939784655
-106.43993332055472
-106.6497455085205
-106.85010368880786
-107.04118096708818
-107.22315564576003
-107.39621103869264
-107.56053528279507
-107.7163211466143
-107.86376583616665
-108.00307079820801
-108.13444152115052
-108.25808733383236
-108.37422120234761
-108.48305952514399
-108.58482192659757
-108.6797310492723
-108.7680123450721
-108.84989386549196
-108.92560605117413
-108.99538152097378
-109.05945486073861
-109.11806241200478
-109.17144206081039
-109.21983302682648
-109.26347565300321
-109.3026111959264
-109.3374816170772
-109.3683293751856
-109.39539721986606
-109.41892798672009
-109.43916439408727
-109.45634884162192
-109.47072321087005
-109.48252866801788
-109.49200546897957
-109.49939276698835
-109.50492842285159
-109.50884881802601
-109.51138867066531
-109.51278085478798
-109.51325622270956
-109.51304343087888
-109.51236876925365
-109.51145599434612
-109.51052616606403
-109.50979748846787
-109.50948515456143
-109.50980119522778
-109.51095433241863
-109.51314983669948
-109.51658938924714
-109.52147094839114
-109.52798862078413
-109.53633253728111
-109.54668873360146
-109.5592390358417
-109.57416095090088
-109.59162756187408
-109.61180742846346
-109.63486449245073
-109.66095798827024
-109.69024235871706
-109.72286717581875
-109.75897706689437
-109.79871164581908
-109.84220544950716
-109.88958787962038
-109.94098314950357
-109.99651023634495
-110.0562828385542
-110.12040933834585
-110.18899276951045
-110.26213079035126
-110.33991566175867
-110.42243423038799
-110.50976791690171
-110.60199270923256
-110.69917916082007
-110.80139239376815
-110.90869210686692
-111.02113258841742
-111.13876273379465
-111.26162606768044
-111.3897607708928
-111.5231997117349
-111.66197048178319
-111.8060954360312
-111.9555917373012
-112.11047140483342
-112.270741366961
-112.43640351777671
-112.6074547776943
-112.78388715780576
-112.96568782793324
-113.15283918827149
-113.34531894451399
-113.54310018635292
-113.7461514692412
-113.95443689930275
-114.16791622127434
-114.38654490936219
-114.61027426089512
-114.83905149265578
-115.07281983977074
-115.31151865704008
-115.55508352258572
-115.80344634369656
-116.05653546474706
-116.31427577706403
-116.57658883061673
-116.84339294740435
-117.1146033364149
-117.39013221003005
-117.6698889017516
-117.95377998512434
-118.24170939372924
-118.53357854212116
-118.82928644758475
-119.12872985258285
-119.43180334777252
-119.73839949546537
-120.048408953411
-120.36172059878355
-120.67822165225333
-120.99779780202653
-121.32033332773824
-121.64571122408461
-121.97381332408077
-122.30452042183379
-122.63771239472112
-122.97326832486738
-123.3110666198155
-123.65098513229123
-123.992901278962
-124.33669215809414
-124.68223466601432
-125.02940561228468
-125.37808183350262
-125.72814030563814
-126.07945825482341
-126.43191326651095
-126.78538339291856
-127.13974725868218
-127.49488416464078
-127.85067418967948
-128.20699829056014
-128.5637383996708
-128.92077752062903
-129.27799982167835
-129.63529072681945
-129.99253700462066
-130.3496268546554
-130.7064499915191
-131.0628977263807
-131.41886304602897
-131.77424068937628
-132.12892722138648
-132.4828211043969
-132.8358227668073
-133.18783466911103
-133.53876136724423
-133.888509573231
-134.23698821310384
-134.58410848208112
-134.92978389698558
-135.273930345889
-135.61646613497047
-135.95731203257824
-136.29639131048717
-136.6336297823456
-136.96895583930896
-137.3023004828598
-137.63359735481836
-137.96278276455124
-138.28979571338724
-138.61457791625062
-138.93707382052585
-139.25723062217062
-139.57499827909615
-139.89032952183575
-140.20317986152318
-140.51350759520452
-140.82127380851026
-141.126442375714
-141.4289799572056
-141.7288559944076
-142.02604270216537
-142.32051505864322
-142.612250792761
-142.9012303692057
-143.18743697105472
-143.47085648004852
-143.75147745455368
-144.02929110525886
-144.30429126864877
-144.5764743783034
-144.8458394340726
-145.11238796917888
-145.3761240153031
-145.6370540657079
-145.89518703645678
-146.15053422578677
-146.40310927169327
-146.65292810778516
-146.90000891747042
-147.14437208653322
-147.3860401541645
-147.62503776250838
-147.86139160478916
-148.09513037208495
-148.32628469881428
-148.55488710700268
-148.78097194939704
-149.0045753514957
-149.22573515256335
-149.4444908456989
-149.66088351702427
-149.87495578406168
-150.08675173336695
-150.29631685748467
-150.50369799129243
-150.7089432478005
-150.91210195347293
-151.11322458313515
-151.31236269453365
-151.50956886261173
-151.70489661356618
-151.8984003587497
-152.09013532848456
-152.2801575058524
-152.4685235605245
-152.65529078269623
-152.84051701718835
-153.02426059777548
-153.20658028180463
-153.38753518516472
-153.56718471766857
-153.74558851890828
-153.92280639464406
-154.09889825378576
-154.27392404602432
-154.44794370016774
-154.62101706323477
-154.79320384035663
-154.96456353553475
-155.13515539330086
-155.30503834132531
-155.474270934018
-155.64291129716273
-155.81101707362356
-155.9786453701615
-156.14585270539757
-156.31269495895637
-156.4792273218222
-156.6455042479399
-156.81157940709133
-156.97750563907877
-157.14333490924489
-157.30911826535905
-157.47490579590018
-157.6407465897664
-157.80668869743974
-157.97277909363308
-158.13906364144506
-158.30558705804762
-158.47239288192802
-158.63952344170454
-158.8070198265336
-158.97492185812345
-159.14326806436813
-159.31209565461333
-159.48144049656295
-159.65133709483345
-159.82181857116095
-159.99291664626273
-160.1646616233522
-160.33708237330345
-160.51020632145875
-160.68405943607078
-160.8586662183677
-161.03404969422715
-161.21023140744134
-161.38723141455372
-161.56506828124904
-161.74375908027648
-161.9233193908876
-162.10376329977063
-162.2851034034629
-162.46735081222343
-162.65051515534853
-162.8346045879109
-163.01962579890161
-163.2055840207531
-163.39248304021882
-163.5803252105845
-163.76911146518407
-163.9588413321928
-164.1495129506695
-164.34112308781775
-164.53366715743525
-164.72713923952003
-164.92153210100034
-165.11683721755477
-165.3130447964879
-165.51014380062517
-165.70812197318853
-165.9069658636131
-166.10666085426487
-166.307191188017
-166.50853999664037
-166.71068932996604
-166.91362018577547
-167.11731254037568
-167.32174537981837
-167.52689673172358
-167.73274369766796
-167.93926248609932
-168.14642844573996
-168.3542160994407
-168.5625991784491
-168.7715506570537
-168.9810427875659
-169.19104713560296
-169.40153461563523
-169.61247552676105
-169.82383958867263
-170.0355959777794
-170.24771336345566
-170.46015994438085
-170.67290348493862
-170.8859113516421
-171.09915054955127
-171.312587758649
-171.52618937014267
-171.73992152265714
-171.95375013828493
-172.16764095846202
-172.38155957963795
-172.59547148871047
-172.8093420981961
-173.0231367811091
-173.23682090552074
-173.45035986877156
-173.6637191313091
-173.8768642501252
-174.08976091176555
-174.30237496488598
-174.5146724523288
-174.72661964269128
-174.93818306136086
-175.1493295209914
-175.3600261513941
-175.57024042881835
-175.77994020459892
-175.9890937331479
-176.19766969927286
-176.40563724480353
-176.61296599450952
-176.81962608129083
-177.02558817062345
-177.23082348424236
-177.4353038230438
-177.63900158918636
-177.84188980737326
-178.04394214529702
-178.24513293323025
-178.44543718274576
-178.64483060455223
-178.8432896254326
-179.04079140427507
-179.23731384718621
-179.4328356216747
-179.62733616989476
-179.8207957209379
-180.01319530216188
-180.20451674954666
-180.39474271706945
-180.58385668509413
-180.77184296777318
-180.95868671946232
-181.14437394014976
-181.3288914799009
-181.5122270423219
-181.6943691870481
-181.87530733126437
-182.0550317502673
-182.23353357707765
-182.4108048011126
-182.5868382659255
-182.76162766602488
-182.9351675427847
-183.10745327945847
-183.2784810953085
-183.44824803886513
-183.6167519803323
-183.78399160315965
-183.94996639480226
-184.1146766366933
-184.27812339345567
-184.44030850137918
-184.6012345561924
-184.7609049001592
-184.91932360853096
-185.0764954753861
-185.2324259988891
-185.38712136600068
-185.54058843667124
-185.69283472754913
-185.8438683952336
-185.99369821910184
-186.14233358373738
-186.28978446098634
-186.43606139166675
-186.58117546695374
-186.72513830946312
-186.86796205405838
-187.00965932840452
-187.15024323329183
-187.28972732275113
-187.42812558398035
-187.56545241710185
-187.7017226147705
-187.83695134165148
-187.97115411378698
-188.10434677787092
-188.23654549045207
-188.36776669708436
-188.49802711144324
-188.62734369442708
-188.7557336332625
-188.8832143206296
-189.00980333382407
-189.13551841397455
-189.26037744533394
-189.38439843466224
-189.50759949071679
-189.6299988038668
-189.75161462584973
-189.87246524968717
-189.99256898977958
-190.1119441621975
-190.23060906518734
-190.34858195990822
-190.46588105141544
-190.58252446990562
-190.69853025223782
-190.81391632374564
-190.92870048035368
-191.04290037101217
-191.15653348046433
-191.26961711235825
-191.38216837271332
-191.49420415375292
-191.60574111811232
-191.71679568343168
-191.82738400734232
-191.93752197285428
-192.0472251741526
-192.15650890280725
-192.26538813440155
-192.3738775155846
-192.48199135155463
-192.58974359397988
-192.69714782936538
-192.80421726787452
-192.91096473261635
-193.01740264940943
-193.12354303703208
-193.22939749797027
-193.33497720967287
-193.44029291632253
-193.54535492112953
-193.65017307915562
-193.75475679067543
-193.85911499508123
-193.96325616533548
-194.06718830297385
-194.17091893366026
-194.27445510329474
-194.37780337467487
-194.48096982471046
-194.58396004219165
-194.6867791261109
-194.7894316845375
-194.89192183404228
-194.9942531996708
-195.0964289154645
-195.19845162553113
-195.30032348566536
-195.4020461655189
-195.50362085132045
-195.6050482491419
-195.7063285887073
-195.8074616277393
-195.9084466568368
-196.00928250487758
-196.10996754494025
-196.21049970073912
-196.31087645356618
-196.41109484973256
-196.51115150849913
-196.61104263048472
-196.71076400653922
-196.81031102706746
-196.90967869178942
-197.00886161992165
-197.10785406076414
-197.20664990467506
-197.30524269441392
-197.4036256368329
-197.50179161489635
-197.5997332000077
-197.69744266462274
-197.79491199512566
-197.89213290494607
-197.98909684789217
-198.08579503167724
-198.18221843161658
-198.27835780447325
-198.37420370242947
-198.46974648716017
-198.5649763439856
-198.65988329608197
-198.75445721872737
-198.8486878535612
-198.94256482283757
-199.03607764365213
-199.12921574212308
-199.2219684675063
-199.31432510622497
-199.40627489579563
-199.49780703863328
-199.5889107157175
-199.67957510010118
-199.7697893702448
-199.85954272316056
-199.94882438735092
-200.03762363552758
-200.12592979709714
-200.21373227040093
-200.3010205346957
-200.38778416186304
-200.4740128278327
-200.55969632370423
-200.64482456655085
-200.72938760989067
-200.81337565380957
-200.8967790547206
-200.97958833474675
-201.06179419071375
-201.1433875027408
-201.22435934241756
-201.30470098055642
-201.38440389450992
-201.4634597750426
-201.54186053274796
-201.6195983040009
-201.69666545643784
-201.77305459395532
-201.84875856121997
-201.92377044768457
-201.99808359110628
-202.07169158056357
-202.14458825897148
-202.21676772509525
-202.2882243350637
-202.35895270338372
-202.4289477034611
-202.4982044676349
-202.56671838673654
-202.63448510918604
-202.70150053963974
-202.76776083720281
-202.833262413222
-202.8980019286751
-202.9619762911739
-203.02518265159736
-203.08761840036848
-203.14928116338777
-203.21016879763627
-203.27027938646282
-203.3296112345695
-203.38816286271074
-203.44593300211935
-203.50292058867356
-203.55912475681774
-203.61454483325
-203.66918033038954
-203.72303093963708
-203.77609652444224
-203.8283771131917
-203.8798728919335
-203.9305841969538
-203.98051150722134
-204.02965543671897
-204.07801672667986
-204.12559623774567
-204.17239494206413
-204.21841391534375
-204.26365432888454
-204.30811744160454
-204.35180459208144
-204.39471719062934
-204.43685671142956
-204.47822468473422
-204.518822689161
-204.55865234409748
-204.59771530223315
-204.63601324223623
-204.67354786159171
-204.71032086961668
-204.7463339806677
-204.78158890755276
-204.81608735516124
-204.8498310143259
-204.88282155592765
-204.91506062525377
-204.9465498366194
-204.97729076826113
-205.00728495750968
-205.03653389624606
-205.06503902664485
-205.09280173720822
-205.11982335909147
-205.14610516272273
-205.1716483547175
-205.19645407508824
-205.22052339474817
-205.24385731330608
-205.26645675715054
-205.28832257782096
-205.30945555066114
-205.3298563737494
-205.349525667099
-205.36846397212048
-205.38667175133673
-205.40414938834056
-205.42089718798593
-205.4369153768023
-205.45220410362322
-205.46676344042112
-205.48059338333996
-205.49369385391765
-205.5060647004898
-205.51770569976657
-205.52861655857396
-205.53879691575185
-205.54824634420174
-205.55696435307868
-205.56495039012225
-205.57220384412176
-205.57872404751038
-205.5845102790845
-205.58956176684387
-205.593877690947
-205.59745718677868
-205.6002993481261
-205.60240323045923
-205.6037678543114
-205.60439220875674
-205.60427525498199
-205.60341592995064
-205.60181315015507
-205.59946581545296
-205.59637281298342
-205.59253302115735
-205.58794531371404
-205.58260856383777
-205.57652164832825
-205.56968345181758
-205.56209287102774
-205.55374881906437
-205.5446502297425
-205.53479606193878
-205.5241853039622
-205.51281697793524
-205.50069014417727
-205.48780390558136
-205.47415741197574
-205.45974986446276
-205.44458051972947
-205.42864869432356
-205.4119537688896
-205.39449519236018
-205.3762724860958
-205.35728524796536
-205.33753315635886
-205.31701597412484
-205.29573355242906
-205.27368583452994
-205.2508728594646
-205.22729476563813
-205.20295179431014
-205.17784429297308
-205.15197271861757
-205.125337640879
-205.0979397450587
-205.06977983501176
-205.04085883589298
-205.0111777967538
-204.9807378929822
-204.9495404285776
-204.91758683825307
-204.88487868935837
-204.85141768361675
-204.8172056586686
-204.7822445894137
-204.74653658914596
-204.71008391047482
-204.672888946028
-204.63495422893308
-204.5962824330763
-204.55687637313937
-204.51673900441776
-204.47587342242375
-204.4342828622782
-204.39197069789495
-204.34894044096265
-204.30519573972876
-204.26074037758914
-204.21557827148624
-204.16971347011733
-204.12315015195347
-204.07589262306917
-204.02794531478295
-203.97931278110875
-203.9299996960194
-203.88001085052517
-203.829351149571
-203.778025608756
-203.72603935087724
-203.67339760229967
-203.6201056891525
-203.56616903335245
-203.5115931484531
-203.45638363531995
-203.40054617762937
-203.3440865371917
-203.28701054910286
-203.22932411672898
-203.17103320653106
-203.11214384273714
-203.0526621018723
-202.99259410715874
-202.9319460227982
-202.87072404814987
-202.8089344118168
-202.74658336565287
-202.68367717869953
-202.62022213106135
-202.5562245077269
-202.49169059234163
-202.42662666093923
-202.36103897563652
-202.29493377829516
-202.2283172841539
-202.16119567543473
-202.09357509492855
-202.02546163956384
-201.95686135396198
-201.88778022398213
-201.81822417025995
-201.74819904174336
-201.67771060922854
-201.60676455889842
-201.53536648586618
-201.4635218877276
-201.39123615812622
-201.31851458033628
-201.24536232087138
-201.17178442312883
-201.0977858010819
-201.02337123303317
-200.94854535544204
-200.8733126568397
-200.79767747184422
-200.7216439752887
-200.64521617647455
-200.56839791356168
-200.49119284810507
-200.41360445974527
-200.33563604106183
-200.2572906925986
-200.17857131806971
-200.09948061975518
-200.02002109409472
-199.94019502748978
-199.86000449232455
-199.77945134321516
-199.69853721349745
-199.61726351196347
-199.53563141985768
-199.45364188814045
-199.37129563502634
-199.28859314380287
-199.20553466093583
-199.12212019446628
-199.0383495127027
-198.9542221432129
-198.86973737211966
-198.78489424370278
-198.69969156030984
-198.61412788257454
-198.52820152994005
-198.44191058148354
-198.35525287703618
-198.26822601859217
-198.1808273720002
-198.09305406893
-198.00490300910806
-197.9163708628163
-197.8274540736485
-197.738148861518
-197.6484512259116
-197.55835694938528
-197.46786160129673
-197.37696054176914
-197.28564892587897
-197.19392170806069
-197.1017736467201
-197.00919930904698
-196.91619307601823
-196.82274914758491
-196.7288615480385
-196.63452413155179
-196.53973058788884
-196.44447444827952
-196.34874909145188
-196.252547749814
-196.15586351577727
-196.0586893482138
-195.96101807904088
-195.86284241992385
-195.76415496908695
-195.66494821822326
-195.5652145594935
-195.46494629260238
-195.36413563194142
-195.26277471378936
-195.16085560355975
-195.05837030308714
-194.95531075794327
-194.85166886477543
-194.7474364786591
-194.64260542045952
-194.53716748419663
-194.43111444440967
-194.3244380635175
-194.2171300991714
-194.10918231159678
-194.00058647091885
-193.89133436446798
-193.78141780405974
-193.67082863324265
-193.5595587345066
-193.447600036444
-193.33494452085517
-193.22158422979203
-193.10751127253332
-192.99271783248412
-192.87719617399182
-192.76093864907136
-192.6439377040332
-192.52618588600683
-192.4076758493544
-192.28840036196823
-192.16835231144717
-192.04752471114796
-191.92591070610627
-191.80350357882196
-191.68029675490322
-191.55628380856376
-191.43145846797017
-191.30581462043517
-191.1793463174505
-191.0520477795543
-190.9239134010296
-190.79493775442901
-190.66511559492082
-190.53444186445049
-190.40291169571228
-190.2705204159266
-190.13726355041862
-190.00313682599662
-189.86813617412835
-189.7322577339165
-189.5954978548742
-189.457853099503
-189.31932024567604
-189.17989628882887
-189.03957844396254
-188.8983641474616
-188.75625105873118
-188.6132370616568
-188.46932026588897
-188.32449900795504
-188.17877185219945
-188.03213759155264
-187.88459524812865
-187.73614407365048
-187.58678354970138
-187.43651338780123
-187.28533352930626
-187.13324414512985
-186.9802456352837
-186.82633862824022
-186.6715239801168
-186.51580277368302
-186.3591763171922
-186.20164614304153
-186.04321400626563
-185.88388188286862
-185.72365196800052
-185.5625266739831
-185.40050862818913
-185.2376006707778
-185.07380585228822
-184.90912743109203
-184.74356887070627
-184.5771338369671
-184.4098261950674
-184.2416500064599
-184.07260952562666
-183.90270919671553
-183.73195365004636
-183.56034769849185
-183.38789633373818
-183.21460472242921
-183.04047820219836
-182.86552227759313
-182.68974261589716
-182.5131450428533
-182.33573553829075
-182.15752023165948
-181.97850539747384
-181.79869745066736
-181.61810294186085
-181.43672855254573
-181.25458109018547
-181.0716674832375
-180.88799477609933
-180.70357012398364
-180.5184007877279
-180.33249412854576
-180.1458576027283
-179.9584987563044
-179.77042521966953
-179.58164470219302
-179.39216498681324
-179.20199392462976
-179.01113942949704
-178.81960947262363
-178.6274120771789
-178.43455531291013
-178.24104729077138
-178.04689615756436
-177.85211009059392
-177.65669729233994
-177.46066598514793
-177.26402440594032
-177.0667808009496
-176.8689434204753
-176.6705205136648
-176.47152032332022
-176.27195108073332
-176.07182100055095
-175.87113827567467
-175.66991107219727
-175.46814752438107
-175.26585572968136
-175.06304374381833
-174.8597195759012
-174.65589118361052
-174.4515664684441
-174.24675327103344
-174.04145936653666
-173.83569246011282
-173.62946018248184
-173.42277008557153
-173.2156296382534
-173.00804622216788
-172.800027127641
-172.5915795496942
-172.38271058414898
-172.17342722383023
-171.9637363548727
-171.75364475313427
-171.54315908071771
-171.33228588260386
-171.12103158339778
-170.90940248419088
-170.69740475953927
-170.48504445455978
-170.27232748214442
-170.05925962029505
-169.84584650957686
-169.63209365068815
-169.41800640214456
-169.20358997807625
-168.98884944613906
-168.77378972554106
-168.5584155851884
-168.3427316419552
-168.12674235908412
-167.9104520447229
-167.6938648506
-167.47698477084032
-167.259815640919
-167.04236113675097
-166.82462477391232
-166.60660990698895
-166.3883197290488
-166.1697572712355
-165.95092540248012
-165.7318268293288
-165.5124640958845
-165.29283958386029
-165.07295551274498
-164.85281394008118
-164.6324167618586
-164.411765713025
-164.19086236811788
-163.96970814201765
-163.74830429082542
-163.52665191286698
-163.3047519498252
-163.08260518800145
-162.86021225970669
-162.6375736447837
-162.41468967226157
-162.19156052214382
-161.96818622733232
-161.7445666756898
-161.52070161224262
-161.29659064152494
-161.07223323006266
-160.8476287089952
-160.62277627683417
-160.39767500235754
-160.17232382763765
-159.9467215712045
-159.72086693134494
-159.49475848953986
-159.26839471403986
-159.04177396357744
-158.81489449121221
-158.58775444830547
-158.36035188861905
-158.13268477253376
-157.9047509713841
-157.67654827190375
-157.44807438077822
-157.21932692929948
-156.99030347811816
-156.76100152208932
-156.53141849520756
-156.30155177562818
-156.07139869077076
-155.84095652250215
-155.610222512397
-155.37919386707466
-155.1478677636125
-154.91624135503588
-154.68431177588167
-154.45207614783106
-154.21953158540617
-153.98667520172393
-153.7535041142989
-153.5200154508861
-153.28620635535339
-153.0520739935718
-152.81761555931365
-152.58282828014825
-152.34770942332574
-152.1122563016392
-151.8764662792561
-151.64033677751027
-151.40386528064587
-151.1670493415062
-150.9298865871605
-150.69237472446244
-150.45451154553157
-150.216294933147
-149.97772286604246
-149.73879342409364
-149.49950479338978
-149.2598552711801
-149.01984327068695
-148.77946732577666
-148.53872609548026
-148.29761836835533
-148.05614306668045
-147.81429925047397
-147.57208612133255
-147.32950302608575
-147.0865494602646
-146.84322507138282
-146.5995296620296
-146.3554631927715
-146.11102578486103
-145.86621772274762
-145.62103945638913
-145.3754916033611
-145.1295749507622
-144.88329045691447
-144.63663925285758
-144.3896226436357
-144.1422421093762
-143.89449930616047
-143.64639606668675
-143.39793440072413
-143.14911649535657
-142.89994471501745
-142.6504216013161
-142.40054987265853
-142.15033242366394
-141.89977232437946
-141.64887281929612
-141.39763732616927
-141.14606943464662
-140.89417290470726
-140.6419516649163
-140.3894098104994
-140.136551601243
-139.88338145922341
-139.62990396636667
-139.37612386184207
-139.12204603929047
-138.86767554388905
-138.6130175692548
-138.35807745418913
-138.10286067926756
-137.84737286327857
-137.59161975951633
-137.33560725193183
-137.0793413511476
-136.8228281903398
-136.56607402099098
-136.30908520851676
-136.05186822776886
-135.79442965841733
-135.5367761802158
-135.27891456815357
-135.02085168749701
-134.76259448872472
-134.5041500023601
-134.24552533370567
-133.98672765748367
-133.72776421238902
-133.46864229556272
-133.2093692569932
-132.9499524938545
-132.69039944478877
-132.43071758414007
-132.17091441614465
-131.91099746908193
-131.65097428939052
-131.39085243575354
-131.13063947315808
-130.87034296693386
-130.60997047677606
-130.34952955075752
-130.08902771933455
-129.82847248935113
-129.5678713380489
-129.3072317070906
-129.04656099660596
-128.78586655926912
-128.5251556944182
-128.2644356422264
-128.00371357793458
-127.74299660615505
-127.48229175525701
-127.22160597184161
-126.96094611531221
-126.70031895254438
-126.43973115266029
-126.17918928191087
-125.91869979866836
-125.65826904853175
-125.39790325954694
-125.1376085375444
-124.87739086159712
-124.6172560796021
-124.3572099039888
-124.09725790755857
-123.83740551945988
-123.57765802130388
-123.31802054342523
-123.0584980612926
-122.79909539207364
-122.53981719135885
-122.28066795004798
-122.02165199140285
-121.76277346827015
-121.50403636047787
-121.24544447240834
-120.98700143075092
-120.72871068243596
-120.47057549275262
-120.21259894365237
-119.95478393223986
-119.69713316945347
-119.43964917893747
-119.18233429610795
-118.92519066741538
-118.66822024980699
-118.411424810392
-118.15480592631143
-117.89836498481434
-117.64210318354212
-117.38602153102094
-117.13012084736276
-116.87440176517377
-116.6188647306689
-116.3635100049916
-116.10833766573822
-115.85334760868605
-115.59853954972473
-115.3439130269891
-115.08946740319087
-114.83520186814647
-114.58111544149861
-114.32720697562891
-114.0734751587585
-113.8199185182331
-113.56653542398865
-113.31332409219479
-113.06028258907307
-112.80740883488684
-112.55470060809901
-112.30215554969314
-112.04977116765295
-111.79754484159517
-111.54547382755005
-111.29355526288295
-111.04178617135018
-110.79016346828247
-110.53868396588929
-110.28734437867799
-110.036141328981
-109.78507135258396
-109.53413090444691
-109.2833163645114
-109.03262404358601
-108.78205018930352
-108.53159099214248
-108.28124259150583
-108.03100108184994
-107.78086251885726
-107.5308229256457
-107.28087829900768
-107.03102461567164
-106.78125783857706
-106.53157392315472
-106.28196882360362
-106.03243849915623
-105.78297892032333
-105.53358607511029
-105.28425597519617
-105.03498466206747
-104.78576821309753
-104.53660274756226
-104.28748443258348
-104.0384094889913
-103.78937419709632
-103.5403749023643
-103.29140802098675
-103.04247004534159
-102.79355754933863
-102.54466719364427
-102.29579573078091
-102.0469400100959
-101.79809698259508
-101.549263705636
-101.30043734747606
-101.05161519167198
-100.80279464132728
-100.55397322318537
-100.3051485915647
-100.05631853213264
-99.8074809655153
-99.55863395074049
-99.30977568850982
-99.06090452429633
-98.81201895126524
-98.5631176130157
-98.31419930614116
-98.06526298260745
-97.81630775194763
-97.5673328832722
-97.31833780709357
-97.06932211696332
-96.82028557092141
-96.57122809275606
-96.32214977307225
-96.0730508701673
-95.82393181071117
-95.57479319023079
-95.32563577339815
-95.07646049412344
-94.82726845545423
-94.57806092928101
-94.32883935584945
-94.07960534308071
-93.83036066570068
-93.58110726417974
-93.33184724348413
-93.08258287164116
-92.83331657812069
-92.5840509520361
-92.33478874016846
-92.08553284481884
-91.83628632149392
-91.5870523764299
-91.33783436395932
-91.0886357837257
-90.83946027775114
-90.59031162736228
-90.34119374998063
-90.09211069578255
-89.84306664423464
-89.5940659005109
-89.3451128917987
-89.09621216349963
-88.84736837532928
-88.59858629731964
-88.34987080572837
-88.10122687886003
-87.85265959280395
-87.60417411709346
-87.3557757102912
-87.10746971550446
-86.85926155583667
-86.61115672978059
-86.36316080656007
-86.11527942142601
-85.86751827091274
-85.61988310806083
-85.37237973761131
-85.12501401117623
-84.87779182239086
-84.63071910205252
-84.3838018132513
-84.13704594649784
-83.89045751485338
-83.6440425490668
-83.39780709272321
-83.15175719740824
-82.90589891789244
-82.66023830734109
-82.41478141255395
-82.16953426923912
-81.9245028973243
-81.67969329630823
-81.43511144065478
-81.19076327523253
-80.94665471080297
-80.70279161956039
-80.45917983072711
-80.21582512620903
-79.97273323631514
-79.72990983554523
-79.48736053844873
-79.24509089555777
-79.00310638939713
-78.76141243057309
-78.52001435394281
-78.27891741486694
-78.03812678554782
-77.79764755145702
-77.55748470785572
-77.31764315641058
-77.07812770190745
-76.83894304906451
-76.60009379944646
-76.36158444848209
-76.1234193825882
-75.88560287640226
-75.64813909012642
-75.41103206698565
-75.17428573080306
-74.93790388369464
-74.70189020388537
-74.46624824364883
-74.23098142737254
-73.99609304975016
-73.76158627410283
-73.52746413083096
-73.2937295159974
-73.06038519004309
-72.82743377663618
-72.59487776165494
-72.36271949230522
-72.13096117637244
-71.89960488160825
-71.66865253525232
-71.43810592369034
-71.20796669224997
-70.9782363451355
-70.74891624550214
-70.52000761566974
-70.29151153747604
-70.06342895276988
-69.83576066404477
-69.60850733521217
-69.38166949251332
-69.15524752556793
-68.92924168855792
-68.70365210154525
-68.4784787519226
-68.25372149599652
-68.02938006070214
-67.80545404544826
-67.58194292409048
-67.35884604702933
-67.13616264343007
-66.91389182356075
-66.69203258124475
-66.47058379642414
-66.24954423783032
-66.02891256575737
-65.80868733493338
-65.58886699748479
-65.36944990598835
-65.15043431660547
-64.93181839229288
-64.71360020608444
-64.49577774443856
-64.27834891064634
-64.06131152829528
-63.84466334478287
-63.62840203487485
-63.41252520430277
-63.19703039339686
-62.981915080749665
-62.76717668690571
-62.55281257807268
-62.338820069849184
-62.125196430963165
-61.911938887015076
-61.69904462421993
-61.48651079314282
-61.274334512422335
-61.062512872476695
-60.8510429391872
-60.6399217575535
-60.42914635531535
-60.2187137465359
-60.00862093514148
-59.79886491841357
-59.5894426904279
-59.380351245435676
-59.1715875811817
-58.9631487021545
-58.755031622764065
-58.547233370442925
-58.33975098866658
-58.13258153988935
-57.9257221083918
-57.71916980303596
-57.512921759924645
-57.306975144961804
-57.10132715631145
-56.89597502675324
-56.6909160259327
-56.48614746250403
-56.281666686163966
-56.07747108957543
-55.87355811017957
-55.66992523189501
-55.46656998670343
-55.263489956120765
-55.06068277255284
-54.858146120535395
-54.65587773785788
-54.453875416570924
-54.25213700387755
-54.05066040290788
-53.84944357337744
-53.648484532129515
-53.44778135356179
-53.24733216993777
-53.0471351715835
-52.84718860697031
-52.647490782684734
-52.44804006328675
-52.24883487105833
-52.04987368564431
-51.85115504358739
-51.65267753775944
-51.454439816690886
-51.256440583800234
-51.058678596525866
-50.86115266536247
-50.663861652804385
-50.46680447219815
-50.26998008650692
-50.0733875069903
-49.877025791803604
-49.68089404452094
-49.48499141258647
-49.289317085698045
-49.09387029412757
-48.89865030698213
-48.70365643040953
-48.508888005751835
-48.314344407650545
-48.12002504210745
-47.925929344504716
-47.73205677758802
-47.5384068294161
-47.34497901128021
-47.15177285559731
-46.95878791378062
-46.76602375409129
-46.57347995947492
-46.38115612538667
-46.189051857608945
-45.997166770065576
-45.80550048263609
-45.614052618973574
-45.42282280432943
-45.231810663388444
-45.041015818117955
-44.850437885634506
-44.66007647609172
-44.46993119059294
-44.28000161913172
-44.09028733856257
-43.900787910603974
-43.71150287987523
-43.522431771969075
-43.333574091561495
-43.144929320560145
-42.9564969162925
-42.76827630973536
-42.5802669037867
-42.39246807158126
-42.20487915485187
-42.01749946233774
-41.830328268241246
-41.64336481073393
-41.45660829051296
-41.27005786940872
-41.08371266904429
-40.89757176954804
-40.71163420831981
-40.525898978851714
-40.34036502960473
-40.15503126294207
-39.96989653412036
-39.78495965033964
-39.60021936985303
-39.4156744011373
-39.23132340212502
-39.047164979499236
-38.86319768805166
-38.67942003010538
-38.49583045500331
-38.31242735866314
-38.129209083199356
-37.946173916612196
-37.763320092543694
-37.580645790100874
-37.3981491337461
-37.215828193253884
-37.03368098373332
-36.85170546571547
-36.66989954530504
-36.48826107439595
-36.306787850949995
-36.12547761933791
-35.94432807074167
-35.763336843617246
-35.582501524217
-35.40181964717092
-35.22128869612592
-35.04090610444225
-34.860669255946014
-34.68057548573676
-34.50062208104901
-34.320806282166515
-34.14112528338801
-33.96157623404302
-33.782156239556556
-33.60286236256117
-33.423691624055394
-33.244641004607004
-33.06570744559993
-32.88688785052382
-32.70817908630484
-32.52957798467621
-32.35108134358735
-32.17268592865015
-31.99438847462103
-31.816185686917816
-31.63807424317043
-31.460050794804438
-31.282111968656558
-31.10425436862142
-30.92647457732864
-30.748769157849416
-30.571134655431823
-30.393567599263864
-30.216064504262906
-30.03862187289008
-29.861236196988305
-29.683903959642695
-29.506621637062096
-29.329385700480344
-29.15219261807613
-28.975038856910373
-28.797920884880284
-28.620835172689254
-28.443778195831953
-28.266746436594072
-28.089736386066303
-27.91274454617226
-27.735767431710027
-27.55880157240716
-27.38184351498901
-27.204889825260377
-27.027937090200446
-26.850981920071057
-26.674020950538214
-26.497050844806914
-26.32006829576917
-26.143070028165077
-25.966052800756977
-25.7890134085168
-25.611948684826604
-25.434855503692052
-25.257730781968593
-25.08057148160019
-24.903374611870607
-24.726137231667156
-24.548856451757093
-24.371529437076603
-24.194153409032324
-24.01672564781539
-23.839243494727995
-23.661704354522143
-23.484105697750337
-23.30644506312781
-23.128720059905888
-22.950928370255852
-22.773067751662563
-22.59513603932707
-22.417131148577408
-22.2390510772867
-22.06089390829781
-21.882657811853715
-21.704341048032642
-21.525941969186828
-21.347459022383852
-21.168890751849524
-20.99023580141114
-20.811492916939706
-20.632660948789926
-20.453738854236697
-20.274725699906817
-20.095620664204326
-19.916423039727654
-19.73713223567643
-19.557747780245425
-19.378269323002858
-19.198696637250183
-19.01902962236034
-18.83926830609116
-18.659412846870655
-18.479463536050748
-18.299420800125986
-18.119285202913645
-17.939057447691752
-17.75873837929143
-17.57832898613995
-17.397830402250918
-17.217243909157816
-17.036570937787232
-16.85581307026801
-16.674972041672515
-16.494049741686165
-16.313048216201278
-16.131969668831257
-15.950816462341106
-15.769591119990034
-15.588296326781895
-15.40693493061904
-15.225509943355101
-15.044024541742381
-14.862482068269564
-14.6808860318856
-14.499240108605697
-14.317548141995351
-14.135814143528426
-13.954042292815336
-13.772236937697391
-13.590402594203642
-13.40854394636661
-13.226665845893553
-13.044773311690026
-12.862871529232596
-12.680965849787826
-12.499061789474895
-12.317165028169386
-12.135281408245904
-11.953416933157328
-11.77157776584869
-11.589770227003953
-11.408000793124216
-11.226276094436143
-11.044602912629655
-10.862988178424159
-10.681438968962892
-10.499962505035295
-10.318566148127513
-10.137257397301436
-9.95604388590294
-9.774933378100325
-9.593933765254386
-9.413053062121842
-9.232299402894279
-9.051681037075008
-8.871206325196553
-8.690883734381742
-8.51072183375166
-8.330729289683951
-8.150914860925134
-7.9712873935607425
-7.791855815847297
-7.612629132910312
-7.433616421312726
-7.2548268234983455
-7.076269542115189
-6.897953834223923
-6.719889005396883
-6.542084403713407
-6.36454941365746
-6.18729344992376
-6.0103259511388405
-5.833656373503674
-5.657294184364639
-5.4812488557198344
-5.305529857667858
-5.130146651806363
-4.955108684587842
-4.780425380640224
-4.606106136060077
-4.432160311686213
-4.258597226361622
-4.085426150191568
-3.912656297805801
-3.740296821632755
-3.5683568051936776
-3.396845256424641
-3.2257711010343364
-3.0551431759055383
-2.8849702225480622
-2.7152608806109937
-2.5460236814619135
-2.377267041840805
-2.2089992575962274
-2.041228497511232
-1.8739627972263861
-1.7072100532671266
-1.5409780171825553
-1.3752742898026364
-1.2101063156206067
-1.045481377307261
-0.8814065903636009
-0.7178888979181463
-0.5549350656750387
-0.3925516770188563
-0.23074512828185226
-0.06952162417911918
0.091112826583034
0.251152415520431
0.41059153840127177
0.5694247990886748
0.7276470131911605
0.8852532115169631
1.0422386433283044
1.1985987793920183
1.3543293148231732
1.5094261717185942
1.663885501577447
1.8177036875063082
1.970877346206408
2.123403329740987
2.2752787270809907
2.4265008654275966
2.577067311310344
2.726975871459896
2.8762245934547406
3.024811766141398
3.1727359198279617
3.319995826251032
3.4665904983163265
3.612519189613492
3.757781393705903
3.9023768431964663
4.04630550857071
4.189567596818683
4.332163549837442
4.474094042616144
4.615359981205948
4.755962500477214
4.895902961666675
5.0351829497174485
5.173804270414938
5.311768947321842
5.4490792185157035
5.5857375331325985
5.721746547720732
5.857109122407925
5.991828316887121
6.125907386224254
6.259349776492967
6.392159120240847
6.524339231792047
6.655894102391364
6.7868278951949454
6.917144940112955
7.046849728509706
7.175946907767006
7.304441275716535
7.432337774947208
7.559641486993507
7.686357626410868
7.812491534744347
7.9380486743968754
8.063034622403551
8.187455064118462
8.311315786820566
8.434622673245224
8.55738169504806
8.679598906207938
8.801280436375764
8.92243248417576
9.043061310465877
9.163173231564077
9.282774612447245
9.401871859929653
9.520471415827895
9.638579750119245
9.756203354100318
9.873348733552813
9.990022401923039
10.106230873521849
10.221980656751652
10.337278247367264
10.452130121777271
10.566542730392525
10.680522491028283
10.794075782366404
10.907208937483999
11.01992823745499
11.132239905030898
11.244150098406932
11.355664905079363
11.466790335800168
11.57753231863475
11.68789669312855
11.797889204588117
11.907515498482255
12.016781114968722
12.125691483551805
12.234251917875824
12.34246761065954
12.45034362877621
12.557884908483743
12.665096250809228
12.771982317091755
12.8785476246872
12.984796542838453
13.090733288714262
13.196361923619577
13.301686349380077
13.406710304903427
13.511437362919596
13.615870926902462
13.720014228174607
13.823870323197015
13.92744209104521
14.030732231073218
14.133743260766439
14.236477513784338
14.338937138193844
14.44112409489401
14.543040156232253
14.644686904812291
14.74606573249382
14.847177839583823
14.948024234219135
15.048605731939775
15.148922955452436
15.248976334583093
15.34876610641753
15.448292315628409
15.547554814987153
15.646553266058833
15.745287140077993
15.8437557190031
15.941958096747188
16.039893180582116
16.137559692713527
16.234956172023434
16.33208097597721
16.428932282691523
16.525508093159647
16.621806233630384
16.717824358136557
16.813559951169044
16.90901033049214
17.00417265009587
17.099043903280734
17.19362092587021
17.287900399546277
17.381878855303246
17.475552677015248
17.568918105112477
17.661971240361215
17.754708047742714
17.84712436042587
17.939215883828627
18.030978199763087
18.122406770659314
18.213496943862925
18.304243956001546
18.39464293741513
18.4846889166452
18.574376824977964
18.66370150103636
18.752657695415994
18.841240075360165
18.929443229469175
19.017261672439137
19.104689849825466
19.19172214282634
19.278352873081534
19.36457630748234
19.450386662988397
19.535778111447232
19.62074478441261
19.705280777957885
19.78938015748088
19.873036962496858
19.956245211416107
20.038998906302854
20.121292037612083
20.203118588900825
20.28447254151047
20.36534787921693
20.44573859284566
20.52563868484862
20.60504217384028
20.683943099090047
20.762335524968254
20.840213545343094
20.91757128792614
20.99440291856408
21.070702645474544
21.14646472342395
21.221683457845362
21.296353208894292
21.370468395440643
21.444023498995026
21.51701306756772
21.589431719458563
21.6612741469761
21.732535120084552
21.80320948997738
21.873292192576432
21.94277825195576
22.011662783689278
22.079940998121632
22.147608203561962
22.21465980940022
22.281091329145685
22.346898383387074
22.41207670267352
22.476622130315636
22.54053062510585
22.60379826395729
22.666421244460512
22.728395887357326
22.789718638931337
22.85038607331447
22.91039489470882
22.969741939523406
23.028424178425755
23.086438718308077
23.143782804168044
23.200453820903963
23.2564492950242
23.311766896271
23.366404439158888
23.420359884428
23.473631340412485
23.526217064324133
23.578115463451187
23.629325096272684
23.679844673488507
23.729673058965293
23.77880927059846
23.8272524810908
23.87500201864825
23.922057367593485
23.968418168897816
24.01408422063199
24.059055478336237
24.103332055309895
24.146914222821014
24.189802410236386
24.231997205072137
24.273499352965164
24.31430975756587
24.35442948035288
24.393859740370292
24.432601913887883
24.47065753398474
24.508028290056703
24.544716027248175
24.58072274580852
24.616050600373345
24.650701899170773
24.68467910315292
24.717984825053012
24.750621828368597
24.78259302627112
24.813901480442244
24.84455039983735
24.874543139376787
24.903883198565698
24.93257422004317
24.9606199880613
24.988024426894672
25.014791599180658
25.04092570419127
25.066431076037365
25.09131218180602
25.11557361963185
25.139220116703033
25.162256527202917
25.184687830187872
25.206519127402462
25.22775564103299
25.248402711400335
25.26846579459289
25.287950460040523
25.306862388030826
25.325207367168932
25.342991291782344
25.360220159272078
25.376900067411785
25.39303721159644
25.408637882042374
25.423708460940677
25.438255419566023
25.452285315343378
25.46580478887501
25.478820560930135
25.491339429399805
25.5033682662197
25.51491401426384
25.525983684212182
25.53658435139491
25.546723152616213
25.556407282960297
25.565643992582412
25.574440583487505
25.582804406299037
25.59074285702056
25.598263373792552
25.605373433646722
25.612080549259932
25.618392265709478
25.624316157231508
25.62985982398442
25.63503088881905
25.639836994057394
25.644285798281633
25.648384973135027
25.6521422001363
25.655565167508858
25.658661567026318
25.661439090875522
25.663905428538303
25.66606826369338
25.66793527113953
25.66951411374126
25.67081243939811
25.67183787803879
25.6725980386415
25.673100506281717
25.673352839208693
25.67336256595178
25.673137182457797
25.67268414926082
25.67201088868558
25.671124782085574
25.6700331671172
25.668743335051065
25.667262528121572
25.665597936915848
25.663756697802743
25.66174589040276
25.659572535099674
25.657243590594707
25.654765951503922
25.652146445999254
25.649391833493585
25.64650880237014
25.64350396775635
25.640383869342404
25.637154969244794
25.63382364991526
25.630396212095665
25.626878872819137
25.623277763457967
25.61959892781849
25.615848320283366
25.61203180400182
25.608155149128354
25.604224031110565
25.600244029027014
25.596220623975913
25.59215919751563
25.588065030157797
25.583943299914015
25.57979908089712
25.57563734197817
25.57146294550026
25.56728064605065
25.563095089292236
25.558910810855625
25.554732235292878
25.550563675094
25.54640932976739
25.542273284985388
25.53815951179593
25.53407186590127
25.530014087004904
25.525989798227474
25.522002505592614
25.518055597583416
25.514152344769915
25.510295899507756
25.50648929570818
25.502735448679434
25.499037155039876
25.49539709270312
25.491817820935356
25.48830178048519
25.48485129378611
25.481468565231953
25.478155681525553
25.474914612100438
25.471747209615277
25.468655210520584
25.465640235696956
25.462703791163992
25.459847268858912
25.45707194748363
25.454378993418974
25.451769461704746
25.449244297084196
25.446804335111413
25.44445030332017
25.442182822452683
25.440002407746565
25.43790947027833
25.43590431836174
25.433987158999404
25.432158099386047
25.430417148461945
25.42876421851526
25.42719912683214
25.42572159739351
25.424331262617248
25.423027665144392
25.42181025966764
25.420678414800538
25.419631414985847
25.418668462441847
25.41778867914508
25.416991108848126
25.416274719130943
25.4156384034842
25.415080983422857
25.414601210628152
25.414197769116274
25.413869277432187
25.413614290866864
25.413431303696118
25.41331875143951
25.413275013137824
25.41329841364737
25.41338722594927
25.413539673472176
25.41375393242706
25.41402813415255
25.414360367469502
25.41474868104311
25.41519108575088
25.415685557054818
25.416230037375986
25.41682243846967
25.417460643799533
25.41814251090921
25.418865873789972
25.419628545243032
25.420428319234905
25.42126297324433
25.422130270599016
25.423027962800322
25.423953791834013
25.424905492465403
25.42588079451713
25.42687742512769
25.427893110989178
25.428925580562666
25.42997256626973
25.431031806658982
25.432101048546432
25.43317804912849
25.434260578066333
25.435346419540313
25.436433374273182
25.437519261521008
25.438601921030685
25.439679214962982
25.44074902978031
25.441809278098535
25.442857900502165
25.443892867322067
25.44491218037496
25.445913874663777
25.446896020037858
25.44785672281191
25.448794127342698
25.449706417562286
25.450591818466766
25.45144859755965
25.45227506624889
25.45306958119645
25.453830545619187
25.454556410539997
25.45524567598807
25.455896892147084
25.45650866045
25.457079634619536
25.457608521653103
25.458094082751277
25.45853513418891
25.458930548128226
25.45927925337344
25.45958023606639
25.45983254032271
25.460035268808188
25.46018758325491
25.460288704916994
25.460337914965553
25.460334554822825
25.460278026435308
25.460167792485752
25.46000337654394
25.459784363156306
25.459510397874485
25.459181187223127
25.458796498607374
25.458356160160495
25.457860060532173
25.457308148618186
25.456700433232417
25.4560369827222
25.45531792452775
25.454543444686383
25.4537137872824
25.452829253843735
25.45189020268649
25.450897048208535
25.44985026013342
25.448750362705713
25.44759793383918
25.446393604219228
25.44513805636092
25.443832023623944
25.442476289185837
25.44107168497496
25.43961909056441
25.43811943202778
25.43657368075768
25.434982852247803
25.433348004839477
25.431670238433814
25.429950693170785
25.42819054807652
25.426391019680157
25.424553360601696
25.422678858112253
25.420768832668077
25.418824636419576
25.416847651696546
25.41483928947085
25.41280098779777
25.410734210237084
25.4086404442553
25.406521199610555
25.404378006721945
25.402212415025136
25.40002599131586
25.397820318082868
25.39559699183207
25.39335762140343
25.391103826282237
25.38883723490662
25.3865594829733
25.384272211743767
25.38197706635319
25.379675694124305
25.377369742888536
25.375060859316708
25.37275068726183
25.3704408661165
25.368133029187167
25.36582880208741
25.363529801152428
25.361237631876836
25.358953887377627
25.356680146884116
25.35441797425659
25.352168916535334
25.349934502521393
25.34771624139023
25.345515621339075
25.34333410826889
25.341173144501937
25.339034147535955
25.336918508835936
25.334827592664368
25.33276273495082
25.330725242201396
25.328716390448392
25.326737424240378
25.32478955567288
25.322873963459756
25.320991792045334
25.31914415075724
25.317332112999736
25.31555671548753
25.313818957519942
25.312119800295363
25.310460166265983
25.308840938532427
25.30726296027811
25.30572703424278
25.304233922234488
25.302784344679083
25.301378980206124
25.30001846527034
25.298703393807955
25.29743431692728
25.29621174263309
25.295036135584382
25.293907916885075
25.29282746390723
25.291795110146353
25.290811145108535
25.289875814229106
25.28898931882256
25.28815181606339
25.2873634189975
25.286624196583716
25.285934173765185
25.2852933315705
25.284701607244585
25.284158894409558
25.283665043255894
25.283219860764007
25.28282311095637
25.282474515180553
25.282173752423517
25.281920459657442
25.281714232217183
25.281554624209548
25.281441148954546
25.281373279458624
25.28135044891997
25.281372051266008
25.281437441723117
25.281545937418688
25.281696818015863
25.281889326381194
25.28212266928543
25.282396018137494
25.282708509751448
25.283059247146472
25.28344730037964
25.28387170741141
25.284331475003743
25.284825579650775
25.28535296854196
25.285912560557055
25.286503247292618
25.287123894119677
25.287773341272104
25.288450404965435
25.289153878545935
25.289882533669473
25.290635121509755
25.29141037399535
25.292207005074776
25.293023712008566
25.293859176687338
25.294712066974572
25.295581038072758
25.296464733911595
25.297361788557144
25.298270827640668
25.299190469805925
25.30011932817357
25.301056011821206
25.30199912727753
25.30294728002858
25.303899076034273
25.30485312325334
25.305808033174745
25.306762422353703
25.30771491395041
25.308664139269613
25.309608739298884
25.31054736624353
25.31147868505585
25.312401374956497
25.313314130945773
25.314215665302672
25.315104709069235
25.315980013517763
25.31684035159842
25.317684519364636
25.318511337373597
25.319319652059026
25.32010833707358
25.320876294598154
25.321622456615646
25.322345786146887
25.323045278446703
25.323719962158354
25.324368900424677
25.324991191954414
25.32558597204201
25.32615241353949
25.326689727779268
25.327197165446762
25.327674017401762
25.32811961544749
25.328533333046238
25.32891458598087
25.32926283296129
25.32957757617487
25.329858361779657
25.33010478033927
25.33031646719823
25.330493102796737
25.33063441292373
25.330740168907
25.330810187739104
25.3308443321379
25.330842510540407
25.330804677028908
25.33073083118839
25.330621017894686
25.33047532703293
25.330293893145807
25.330076895011103
25.32982455514815
25.32953713925292
25.329214955561554
25.32885835414214
25.32846772611478
25.328043502800256
25.327586154798013
25.32709619099444
25.326574157502762
25.3260206365363
25.325436245216792
25.32482163431945
25.324177486956216
25.323504517198984
25.32280346864451
25.32207511292279
25.321320248150784
25.320539697333402
25.319734306714082
25.31890494407739
25.318052497006192
25.317177871096078
25.316281988129674
25.31536578421401
25.314430207884186
25.313476218176618
25.31250478267529
25.311516875534522
25.310513475481628
25.309495563802756
25.308464122315343
25.307420131330787
25.30636456761087
25.305298402321313
25.304222598985888
25.30313811144447
25.302045881818316
25.300946838486027
25.299841894073467
25.298731943461092
25.2976178618122
25.296500502625406
25.29538069581443
25.29425924581821
25.29313692974455
25.29201449555029
25.29089266026091
25.289772108231944
25.28865348945476
25.28753741790888
25.286424469963038
25.285315182826878
25.284210053055286
25.283109535107453
25.282014039962515
25.2809239337933
25.279839536699026
25.278761121497464
25.277688912576846
25.276623084807593
25.275563762513936
25.274511018505333
25.273464873167594
25.272425293613676
25.271392192894094
25.270365429266942
25.26934480552728
25.268330068395326
25.26732090796261
25.266316957195013
25.265317791491523
25.26432292829747
25.26333182677106
25.262343887502023
25.261358452281083
25.260374803919003
25.259392166114022
25.25840970336682
25.257426520942143
25.25644166487617
25.25545412202819
25.254462820175085
25.253466628147144
25.252464356003564
25.25145475524601
25.250436519068664
25.249408282643053
25.2483686234359
25.2473160615583
25.246249060144542
25.24516602575931
25.244065308831942
25.242945204116573
25.24180395117707
25.240639734895517
25.23945068600289
25.238234881630454
25.23699034588048
25.235715050415102
25.234406915062316
25.23306380843797
25.231683548582787
25.23026390361354
25.228802592387655
25.227297285180487
25.225745604374527
25.224145125159954
25.22249337624614
25.220787840583643
25.219025956096164
25.217205116421912
25.215322671663888
25.213375929148516
25.211362154192177
25.209278570875473
25.20712236282508
25.204890674003043
25.20258060950359
25.200189236357563
25.19771358434493
25.195150646815666
25.19249738151972
25.18975071144685
25.186907525677345
25.183964680244504
25.180918999009965
25.17776727455281
25.174506269073238
25.171132715311575
25.1676433174833
25.16403475223105
25.160303669594487
25.156446693999033
25.152460425264582
25.148341439635278
25.144086290831286
25.139691511123846
25.13515361243491
25.130469087462856
25.125634410835787
25.12064604029392
25.115500417902823
25.11019397129907
25.104723114970213
25.099084251571
25.0932737732778
25.087288063183266
25.08112349673327
25.074776443208307
25.068243267251617
25.061520330446214
25.054603992942717
25.047490615139722
25.04017655941861
25.032658191934686
25.02493188446651
25.01699401632517
25.00884097632506
25.000469164817716
24.991874995790184
24.983054899029483
24.974005322354614
24.96472273391764
24.955203624574935
24.94544451032921
24.93544193484253
24.9251924720203
24.914692728666026
24.903939347206276
24.892929008484955
24.881658434625805
24.870124391961937
24.85832369403117
24.846253204635687
24.833909840964324
24.821290576775812
24.808392445640994
24.79521254424181
24.781748035724707
24.7679961531061
24.753954202727204
24.739619567755387
24.724989711728927
24.710062182141503
24.694834614062632
24.679304733790236
24.663470362531303
24.647329420106605
24.630879928675245
24.61412001647439
24.597047921569203
24.579661995607882
24.561960707576606
24.543942647548693
24.52560653042251
24.506951199642334
24.48797563089632
24.468678935785693
24.449060365459122
24.42911931420615
24.408855323003554
24.388268083008303
24.36735743899091
24.346123392702783
24.324566106171307
24.302685904916604
24.280483281083992
24.25795889648622
24.235113585549602
24.211948358158157
24.188464402390156
24.16466308714148
24.14054596463014
24.116114772776104
24.091371437451034
24.066318074592477
24.040956992177332
24.015290692049224
23.989321871594587
23.963053425262576
23.936488445924017
23.90963022606518
23.88248225881215
23.855048238782093
23.82733206275795
23.799337830183664
23.771069843477125
23.74253260815833
23.71373083279052
23.684669428732565
23.655353509701246
23.625788391142425
23.595979589410565
23.56593282075629
23.535654000122168
23.50514923974716
23.47442484758064
23.44348732550704
23.412343367382267
23.380999856883125
23.34946386517085
23.317742648370047
23.285843644864446
23.25377447241083
23.22154292507243
23.1891569699731
23.156624743873653
23.123954549572193
23.09115485213029
23.05823427492722
23.025201595544463
22.992065741482566
22.95883578571274
22.925520942065805
22.892130560461442
22.858674121980943
22.825161233786833
22.791601623892962
22.758005135788938
22.724381722922733
22.690741443045386
22.657094452422047
22.623450999913832
22.589821420935426
22.556216131293514
22.522645620911295
22.48912044744471
22.45565122979641
22.422248641533734
22.388923404217557
22.355686280649103
22.322548068041776
22.289519591125178
22.256611695188518
22.223835239070688
22.191201088103973
22.158720107018404
22.1264031528139
22.094261067607583
22.062304671463714
22.03054475521406
21.998992073276575
21.967657336480208
21.9365512049037
21.90568428073623
21.87506710116775
21.84471013131695
21.814623757204934
21.78481827878297
21.755303903022586
21.726090737076042
21.697188781515358
21.66860792365761
21.64035793098426
21.61244844466227
21.584888973174877
21.557688886069705
21.530857407831768
21.504403611888726
21.478336414755283
21.452664570323005
21.427396664301735
21.402541108818323
21.378106137178147
21.354099798794604
21.330529954291446
21.30740427078268
21.284730217334495
21.26251506061362
21.240765860726153
21.21948946725055
21.19869251546825
21.17838142279515
21.15856238541701
21.139241375131345
21.12042413639821
21.102116183601563
21.08432279852246
21.067049028024936
21.05029968195546
21.03407933125683
21.01839230629707
21.00324269541397
20.98863434367558
20.974570851856836
20.961055575632113
20.948091624983448
20.935681863823703
20.923828909833958
20.9125351345142
20.90180266344626
20.891633376767714
20.88202890985545
20.872990654217574
20.86451975859211
20.85661713025067
20.849283436505203
20.842519106415864
20.836324332697615
20.830699073822956
20.82564305631786
20.821155777247753
20.81723650689014
20.813884291590085
20.811097956794924
20.808876110264492
20.807217145453254
20.80611924506073
20.805580384746467
20.805598337005794
20.806170675202484
20.8072947777539
20.80896783246428
20.811186841001646
20.813948623513628
20.81724982337747
20.82108691207924
20.82545619421703
20.830353812622693
20.835775753596923
20.841717852252234
20.84817579795865
20.85514513988671
20.862621292642196
20.870599541987083
20.879075050641212
20.888042864159253
20.897497916877235
20.907435037923
20.917848957284953
20.92873431193346
20.940085651989257
20.951897446933124
20.964164091851337
20.976879913711464
20.9900391776632
21.00363609335879
21.01766482128762
21.032119479119626
21.046994148051976
21.06228287915344
21.077979699700887
21.094078619502294
21.110573637200797
21.127458746554407
21.144727942686085
21.162375228298554
21.180394619848084
21.19878015367173
21.21752589206271
21.236625929288735
21.256074397548318
21.275865472859763
21.295993380877817
21.316452402633175
21.337236880190247
21.358341222218755
21.379759909474515
21.401487500184786
21.42351863533362
21.445848043843043
21.468470547646195
21.491381066648888
21.51457462357614
21.538046348700494
21.56179148444905
21.585805389886207
21.610083545068978
21.634621555271867
21.659415155078097
21.68446021233395
21.709752731963125
21.735288859638267
21.761064885306972
21.787077246569986
21.813322531909357
21.839797483764634
21.866499001455246
21.893424143947264
21.920570132462636
21.94793435292913
21.9755143582694
22.003307870527742
22.03131278283342
22.059527161199437
22.087949246155656
22.116577454215555
22.145410379176038
22.174446793249867
22.20368564803027
22.233126075287313
22.262767387595826
22.292609078794722
22.322650824277954
22.352892481117493
22.383334088018813
22.413975865109506
22.444818213561547
22.475861715047927
22.507107131034502
22.538555401908013
22.570207645941395
22.60206515809756
22.63412940867289
22.66640204178188
22.69888487368451
22.73157989095819
22.76448924851619
22.797615267474473
22.830960432868924
22.864527391225014
22.898318947982265
22.932338064775823
22.966587856577664
23.001071588699862
23.035792673662407
23.070754667928107
23.105961268507322
23.14141630943542
23.17712375812591
23.213087711602107
23.249312392610427
23.28580214561837
23.322561432700418
23.359594829315007
23.396907019976204
23.434502793823878
23.472387040096162
23.510564743508223
23.5490409795414
23.58782090964682
23.62690977636775
23.666312898384984
23.70603566548972
23.746083533488314
23.78646201904355
23.82717669445709
23.86823318239776
23.909637150580394
23.95139430639985
23.993510391524623
24.035991176454544
24.07884245504708
24.12207003901706
24.165679752414505
24.209677426085378
24.254068892120117
24.298859978294917
24.3440565025107
24.389664267234668
24.43568905394925
24.482136617613197
24.529012681139495
24.57632292989449
24.62407300622265
24.672268504001625
24.720914963232293
24.77001786466828
24.819582624489776
24.86961458902649
24.920119029534668
24.97110113703325
25.022566017204177
25.07451868536159
25.126964061494753
25.17990696538927
25.23335211183123
25.28730410589892
25.341767438346604
25.39674648108473
25.452245482760613
25.50826856444348
25.564819715417652
25.621902789087496
25.679521498997556
25.73767941497101
25.79637995936957
25.855626403477626
25.91542186401344
25.975769299770093
26.036671508388707
26.098131123266484
26.16015061060213
26.222732266581346
26.28587821470518
26.349590403264017
26.41387060295969
26.478720404678
26.544141217413827
26.610134266351
26.676700591099124
26.74384104408927
26.811556289130355
26.879846800127897
26.94871285996658
27.018154559557733
27.08817179705264
27.15876427722228
27.229931511003862
27.301672815214296
27.37398731243031
27.44687393103505
27.520331405430888
27.594358276417985
27.66895289173835
27.744113406784756
27.819837785473915
27.89612380128313
27.97296903844939
28.050370893329653
28.12832657592089
28.206833111537957
28.285887342647225
28.36548593085352
28.445625359037717
28.526301933642042
28.60751178710019
28.689250880409173
28.77151500583956
28.85429978978071
28.937600695717393
29.021413027334077
29.10573193174325
29.19055240283386
29.275869284735805
29.361677275396445
29.447970930265043
29.534744666080897
29.62199276476098
29.709709377382968
29.79788852825958
29.886524119100034
29.975609933254407
30.06513964003661
30.155106799121615
30.245504865012567
30.336327191573236
30.427567036621486
30.519217566579293
30.61127186117468
30.70372291819097
30.796563658258655
30.88978692968555
30.983385513320847
31.077352127448385
31.171679432704217
31.26636003701372
31.361386500543656
31.45675134066482
31.552447036920906
31.64846603599943
31.744800756700695
31.841443594900905
31.938386928505533
32.03562312238884
32.13314453331557
32.23094351484093
32.3290124221848
32.427343617076474
32.5259294725667
32.624762377804075
32.72383474277291
32.82313900298982
32.922667624155906
33.02241310676118
33.122367990637485
33.22252485945603
33.32287634516558
33.42341513236735
33.524133962622244
33.625025638686765
33.7260830286742
33.82729907013809
33.92866677407492
34.03017922884349
34.13182960399835
34.23361115403524
34.33551722204613
34.43754124328132
34.53967674861594
34.64191736791816
34.744256833316406
34.846688982362714
34.949207761089674
35.0518072269581
35.154481551692704
35.25722502400328
35.360032052189446
35.462897166627364
35.56581502213678
35.668780400226446
35.77178821121656
35.87483349623743
35.97791142910374
36.081017318064184
36.18414660742603
36.287294879054556
36.39045785374675
36.493631392478974
36.596811497527895
36.69999431346385
36.80317612801572
36.90635337280658
37.00952262395931
37.1126806025721
37.215824175063304
37.3189503533858
37.42205629511078
37.52513930338118
37.62819682673474
37.731226458796655
37.83422593784225
37.93719314622975
38.04012610970394
38.14302299657131
38.24588211674759
38.34870192067867
38.451480998136184
38.55421807688915
38.65691202125324
38.75956183051934
38.86216663726346
38.96472570554047
39.067238428964195
39.16970432867699
39.27212305121153
39.37449436624788
39.47681816426839
39.579094454113054
39.68132336043802
39.783505121080246
39.885640084331804
39.98772870612711
40.08977154714662
40.19176926984081
40.293722635378145
40.395632500520804
40.497499814431904
40.599325615417655
40.701111027607766
40.80285725757685
40.9045655909089
41.00623738870652
41.10787408404693
41.209477178387516
41.311048237924155
41.41258888990578
41.51410081890887
41.6155857630753
41.71704551031726
41.818481894493374
41.91989679156015
42.02129211570278
42.1226698154488
42.2240318697678
42.32538028415988
42.42671708673592
42.52804432429289
42.62936405838755
42.73067836141192
42.83198931267382
42.93329899448603
43.03460948826777
43.135922870662206
43.237241209673506
43.33856656082637
43.43990096335134
43.54124643639958
43.64260497529083
43.743978547797816
43.845369090470435
43.946778505002875
44.04820865464681
44.14966136067367
44.25113839888909
44.352641496202445
44.45417232725445
44.55573251110574
44.6573236079897
44.75894711613294
44.86060446864642
44.962297030490085
45.06402609551291
45.16579288357028
45.267598537720325
45.36944412150073
45.471330616288334
45.573258918743576
45.67522983834134
45.77724409499028
45.87930231674322
45.98140503760122
46.0835526954135
46.1857456298756
46.28798408062811
46.39026818545845
46.49259797860758
46.594973389183494
46.69739423968359
46.79986024462731
46.902371009300495
47.0049260286123
47.10752468606539
47.21016625284004
47.31284988699325
47.41557463277438
47.51833942005918
47.62114306390406
47.72398426422215
47.82686160558198
47.929773557129565
48.0327184726347
48.13569459066177
48.23870003486467
48.34173281440541
48.44479082449629
48.54787184706543
48.6509735515454
48.754093495784325
48.857229127079215
48.96037778333078
49.06353669431956
49.16670298310299
49.26987366753314
49.373045661894984
49.47621577866436
49.57938073038519
49.68253713166535
49.785681501290576
49.88881026445545
49.99191975511018
50.095006218421354
50.198065813344606
50.30109461530707
50.40408861899743
50.50704374126155
50.60995582410134
50.71282063777425
50.8156338839911
50.91839119920951
51.02108815802029
51.12372027662366
51.22628301639179
51.3287717875142
51.43118195272268
51.533508831092206
51.63574770191417
51.73789380863815
51.839942362878276
51.94188854848056
52.043727525647455
52.14545443511605
52.24706440238623
52.34855254199516
52.4499139618344
52.55114376750498
52.65223706670582
52.753188973650026
52.85399461350403
52.954649126843606
53.05514767412103
53.15548544013802
53.25565763851938
53.355659516181625
53.455486357790626
53.55513349020243
53.65459628688104
53.7538701722873
53.85295062623363
53.951833188199494
54.050513461602755
54.14898711802193
54.247249901364235
54.34529763197401
54.44312621067639
54.54073162275166
54.63810994183627
54.73525733374658
54.83217006022068
54.9288444825736
55.025277065261214
55.121464379348716
55.217403105880074
55.313090039144704
55.40852208983785
55.50369628811104
55.59860978650932
55.693259862791884
55.78764392263191
55.88175950219171
55.975604270569434
56.0691760321143
56.16247272860785
56.25549244130873
56.34823339285886
56.440693949049276
56.53287262044451
56.62476806386458
56.71637908372408
56.80770463322769
56.89874381542161
56.98949588410069
57.079960244570444
57.17013645426364
57.26002422321069
57.349623414363364
57.43893404377168
57.527956280614276
57.61669044708232
57.7051370181173
57.79329662100322
57.88117003481365
57.968758189713995
58.05606216611967
58.14308319371038
58.22982265030091
58.31628206056896
58.40246309464069
58.488367566534485
58.573997432463635
58.65935478899936
58.74444187109636
58.829261049983494
58.91381483092251
58.998105850838066
59.08213687582215
59.16591079851607
59.249430635373436
59.33269952380814
59.41572071923118
59.498497591980275
59.581033624146265
59.663332406300434
59.74539763412681
59.827233104963305
59.908842714255705
59.99023045192856
60.07140039867763
60.15235672218832
60.233103673284766
60.313645582014395
60.39398685367299
60.474131964775175
60.55408545897538
60.63385194294435
60.713436082206016
60.792842596939664
60.872076257751786
60.95114188142222
61.030044326628826
61.10878848965493
61.18737930008345
61.26582171648138
61.344120722077975
61.42228132044036
61.50030853115058
61.578207385488014
61.65598292212118
61.73364018281231
61.811184208138656
61.88862003323507
61.96595268356279
62.043187170709615
62.120328488226534
62.19738160750572
62.27435147370474
62.351243001721485
62.428061072223926
62.50481052773884
62.58149616880294
62.6581227501799
62.73469497714697
62.811217501855005
62.88769491976567
62.96413176616975
63.0405325127899
63.1169015644712
63.19324325596242
63.26956184879109
63.34586152823457
63.422146400389444
63.49842048934082
63.57468773443285
63.65095198764076
63.72721701104465
63.80348647440409
63.87976395283287
63.95605292457308
64.03235676886793
64.1086787639333
64.1850220850282
64.26138980262441
64.33778488067638
64.41421017499214
64.49066843170668
64.5671622858594
64.64369426007714
64.7202667633649
64.79688209000612
64.87354241857507
64.95024981106336
65.02700621212152
65.10381344841646
65.18067322810474
65.2575871404221
65.3345566553899
65.41158312363966
65.48866777635673
65.56581172534361
65.64301596320256
65.72028136363706
65.79760868187002
65.87499855517642
65.95245150352746
66.02996793034383
66.10754812335476
66.1851922555591
66.26290038628467
66.34067246234183
66.4185083192679
66.49640768265867
66.5743701695831
66.65239529007822
66.73048244872102
66.80863094627414
66.88683998140202
66.96510865245436
67.04343595931338
67.1218208053023
67.20026199915269
67.27875825702908
67.35730820460905
67.4359103792169
67.51456323200942
67.59326513021198
67.67201435940261
67.75080912584222
67.82964755884858
67.90852771321259
67.98744757165535
68.06640504732432
68.14539798632744
68.22442417030298
68.30348131902348
68.38256709303174
68.46167909630627
68.5408148789537
68.6199719399259
68.69914772975915
68.77833965333195
68.85754507263823
68.93676130957203
69.01598564872018
69.0952153401588
69.1744476022501
69.25367962443443
69.3329085700135
69.41213157892014
69.49134577047016
69.57054824609156
69.64973609202582
69.72890638199613
69.80805617983731
69.88718254208288
69.96628252050499
70.04535316460357
70.1243915240413
70.20339465102114
70.28235960260366
70.36128344296225
70.44016324557464
70.51899609534934
70.59777909068572
70.67650934546754
70.75518399098934
70.83380017781582
70.91235507757477
70.99084588468469
71.06926981801934
71.14762412251213
71.22590607070327
71.30411296423262
71.38224213528002
71.46029094795534
71.53825679964069
71.61613712228751
71.69392938367076
71.77163108860219
71.84923978010494
71.92675304055064
72.00416849276036
72.08148380107065
72.15869667236535
72.23580485707402
72.31280615013753
72.38969839194095
72.4664794692124
72.54314731588727
72.61969991393653
72.6961352941587
72.77245153693389
72.84864677293842
72.92471918381887
73.00066700282537
73.07648851540432
73.15218205975066
73.22774602731977
73.30317886329999
73.37847906704667
73.45364519247869
73.52867584843955
73.603569699025
73.67832546387945
73.75294191846342
73.8274178942951
73.90175227916872
73.97594401735286
74.04999210977111
74.12389561416786
74.19765364526133
74.27126537488552
74.34473003212317
74.41804690343112
74.49121533275958
74.56423472166661
74.63710452942804
74.70982427314256
74.7823935278309
74.854811926528
74.92707916036638
74.99919497864865
75.0711591889064
75.14297165694252
75.21463230685272
75.28614112102339
75.35749814010212
75.42870346293735
75.49975724648296
75.57065970566312
75.641411113193
75.71201179935163
75.78246215170425
75.85276261477323
75.92291368965705
75.99291593359744
76.06276995949459
76.1324764353712
76.20203608378627
76.27144968119985
76.34071805729043
76.40984209422625
76.47882272589261
76.54766093707674
76.61635776261251
76.68491428648686
76.7533316409094
76.82161100534638
76.88975360552031
76.95776071237567
77.02563364101191
77.09337374958405
77.1609824381713
77.22846114761303
77.2958113583115
77.36303458900018
77.43013239547675
77.49710636929952
77.5639581364472
77.6306893559409
77.69730171842771
77.76379694472571
77.83017678433016
77.89644301388041
77.96259743558763
78.02864187562382
78.09457818247286
78.16040822524458
78.22613389195358
78.29175708776388
78.35727973320066
78.4227037623311
78.48803112091635
78.553263764536
78.61840365668736
78.68345276686247
78.74841306860603
78.81328653755892
78.87807514949233
78.94278087833752
79.00740569421575
79.0719515614737
79.13642043672914
79.20081426693102
79.26513498743836
79.32938452012169
79.39356477149042
79.45767763085016
79.52172496849298
79.5857086339233
79.64963045412227
79.71349223185288
79.77729574400823
79.84104274000399
79.90473494021566
79.968374034461
80.03196168052838
80.09549950275274
80.15898909064023
80.22243199754345
80.28582973938839
80.34918379345444
80.41249559720856
80.47576654719464
80.53899799797895
80.60219126115155
80.66534760438307
80.72846825053622
80.79155437682991
80.85460711405435
80.91762754583485
80.98061670794092
81.0435755876384
81.10650512308231
81.16940620274906
81.23227966490614
81.29512629711812
81.35794683578715
81.42074196572705
81.48351231976855
81.54625847839438
81.6089809694034
81.67168026760336
81.73435679453107
81.79701091820002
81.85964295287553
81.92225315887751
81.98484174241068
82.04740885542182
82.10995459548357
82.17247900570428
82.23498207466375
82.29746373637508
82.35992387027179
82.42236230121998
82.48477879955541
82.5471730811457
82.60954480747782
82.67189358577136
82.73421896911779
82.79652045664724
82.85879749372404
82.92104947217305
82.9832757305389
83.04547555437975
83.10764817659694
83.16979277780203
83.23190848672195
83.29399438064351
83.3560494858975
83.41807277838254
83.48006318412908
83.54201957990298
83.60394079384795
83.66582560616538
83.7276727498307
83.78948091134586
83.85124873152742
83.9129748063286
83.97465768769368
84.03629588444299
84.09788786318755
84.15943204927247
84.22092682774881
84.28237054437396
84.34376150664046
84.40509798483241
84.46637821310888
84.52760039061455
84.58876268261768
84.64986322167702
84.7109001088405
84.77187141487751
84.83277518154613
84.89360942289646
84.95437212661112
85.01506125538445
85.07567474834217
85.13621052250254
85.19666647427992
85.25704048103113
85.31733040264463
85.37753408317359
85.43764935251271
85.49767402811834
85.55760591677016
85.61744281637242
85.67718251779341
85.7368228067421
85.7963614656811
85.85579627577577
85.91512501887881
85.97434547955048
86.03345544711429
86.09245271774806
86.15133509660937
86.21010039999292
86.26874645751705
86.32727111433574
