2.924853081605089e-13
4.9249625311592445e-12
4.156302510134375e-11
2.360050084417772e-10
1.0208740433067436e-09
3.608484321820297e-09
1.0907304729141645e-08
2.910343027447312e-08
7.016143886422581e-08
1.5552344724748952e-07
3.213018723565851e-07
6.252710951982028e-07
1.1559666137048127e-06
2.044198017486076e-06
3.477274841038062e-06
5.716232634952791e-06
9.116330983328409e-06
1.4151076201647694e-05
2.1439999551318626e-05
3.178039745137173e-05
4.6183213770497514e-05
6.59132162305547e-05
9.253358960494442e-05
0.00012795503808445108
0.00017448945821678456
0.00023490821248755376
0.00031250500216015327
0.00041116330666850074
0.0005354283258773018
0.0006905833310871699
0.0008827303009450839
0.0011188746895849707
0.0014070141465123607
0.0017562309810887431
0.0021767881390778177
0.0026802284346853773
0.003279476758941615
0.003988944964210987
0.004824639105130236
0.005804268698418462
0.0069473576478121645
0.008275356465881007
0.00981175541169519
0.01158219815225233
0.013614595546232282
0.0159392391410266
0.018588913968072395
0.02159901021728944
0.025007633368849508
0.02885571235956714
0.033187105361856116
0.03804870275540517
0.04349052687544656
0.04956582812667308
0.056331177058452524
0.0638465520049381
0.07217542190292349
0.08138482391078085
0.0915454354634896
0.10273164041154861
0.1150215889054014
0.12849725070182685
0.14324446158449194
0.1593529626074615
0.17691643188784528
0.19603250869186767
0.21680280957740278
0.23933293637535755
0.2637324758121466
0.2901149905958144
0.31859800180906284
0.34930296247346426
0.38235522217042583
0.41788398262594795
0.45602224418783543
0.4969067431457095
0.5406778798658765
0.5874796377347837
0.6374594929263762
0.6907683150301089
0.7475602585976204
0.8079926456870656
0.8722258395048075
0.940423109264521
1.0127504864037513
1.0893766123175177
1.170472577787652
1.2562117543051512
1.3467696175008885
1.4423235629175122
1.5430527143722463
1.6491377251765602
1.760760572494277
1.8781043451345982
2.0013530250907396
2.1306912631483472
2.266304148900619
2.4083769755190336
2.557094999639807
2.7126431967365843
2.875206012359504
3.044967109629576
3.222109113385295
3.40681335138562
3.599259592979778
3.799625785659924
4.008087789917401
4.224819112827262
4.4499906407887835
4.683770371851935
4.926323148061218
5.1778103882489
5.438389821709548
5.708215223186875
5.987436149602195
6.276197678951268
6.574640151792989
6.88289891574942
7.201104073431997
7.529380234203384
7.867846270178373
8.216615076860524
8.575793338803937
8.945481300681568
9.325772544132892
9.716753770754448
10.118504591587065
10.531097323443372
10.95459679240832
11.389060144834215
11.834536666140005
12.291067607712515
12.758686022194746
13.237416607433582
13.72727555934595
14.22827043394886
14.740400018784834
15.263654213960004
15.79801392299772
16.343450953695957
16.899927929161954
17.467398209182427
18.045805822072403
18.635085407130397
19.235162167812128
19.845951835719553
20.467360645486487
21.099285320626514
21.741613070393477
22.39422159768919
23.05697911803771
23.729744389629765
24.412366754425825
25.10468619029138
25.806533374122754
26.517729755906803
27.23808764364279
27.96741029903996
28.705492043889738
29.452118376997337
30.20706610154352
30.970103462733565
31.740990295576925
32.51947818262809
33.30531062150661
34.09822320200186
34.89794379255625
35.70419273590829
36.51668305366661
37.335120659574955
38.15920458121792
38.98862718990702
39.823074438477335
40.66222610671568
41.50575605413175
42.35333247977499
43.204618188791784
44.0592708654103
44.91694335203303
45.77728393411056
46.63993663046355
47.504541488714864
48.370734885488076
49.2381498310244
50.1064162778662
50.97516143325234
51.844010074866816
52.71258486957933
53.58050669481426
54.447394962182585
55.312867943009934
56.17654309539304
57.038037392416555
57.89696765116261
58.75295086214655
59.605604518813465
60.45454694673177
61.29939763212181
62.139777549360275
62.975309487103544
63.805618372676264
64.63033159437518
65.44907932134228
66.26149482066583
67.06721477137299
67.86587957498304
68.65713366229576
69.44062579609508
70.21600936945364
70.98294269933112
71.74108931516625
72.49011824217015
73.22970427903576
73.95952826978643
74.67927736949511
75.38864530361374
76.08733262066178
76.77504693803192
77.45150318068025
78.11642381247717
78.76953906000566
79.41058712860345
80.03931441045498
80.65547568454988
81.25883430833474
81.849162400894
82.42624101750575
82.98986031542724
83.53981971077566
84.07592802637966
84.59800363048863
85.10587456623763
85.59937867177509
86.07836369097062
86.54268737463066
86.9922175721589
87.42683231360913
87.8464198820882
88.25087887647761
88.64011826445223
89.0140574257846
89.37262618593424
89.71576483993114
90.0434241665737
90.35556543297083
90.65216038946802
90.93319125500729
91.19865069298113
91.44854177765104
91.68287795121059
91.9016829715829
92.10499085105268
92.29284578584203
92.46530207674915
92.62242404097721
92.7642859152893
92.89097175063218
93.00257529837917
93.0991998883509
93.18095829877986
93.24797261839196
93.30037410078423
93.33830301128513
93.36190846649039
93.37134826667399
93.36678872128108
93.34840446771558
93.31637828364127
93.27090089302102
93.21217076612426
93.1403939137381
93.05578367582281
92.9585605048551
92.848951744106
92.7271914011035
92.59351991653274
92.4481839288302
92.29143603473018
92.12353454602398
91.9447432427926
91.7553311233744
91.55557215133003
91.34574499966756
91.12613279259018
90.89702284502938
90.65870640022685
90.41147836562801
90.1556370473502
89.89148388348782
89.61932317651555
89.33946182504896
89.05220905522118
88.75787615193157
88.45677619022071
88.14922376702351
87.83553473354893
87.51602592853136
87.191014912597
86.86081970398517
86.52575851586313
86.1861494954692
85.84231046531522
85.49455866667506
85.14321050558203
84.7885813015547
84.43098503926615
84.07073412336683
83.70813913666552
83.34350860186771
82.97714874706548
82.60936327516856
82.24045313746126
81.8707163114658
81.5004475832867
81.12993833460541
80.759476334488
80.38934553616218
80.01982587891428
79.65119309525085
79.28371852346368
78.91766892573003
78.55330631187314
78.1908877689009
77.83066529643361
77.4728856481247
77.11779017917024
76.7656146999966
76.41658933620806
76.07093839486902
75.72888023718917
75.3906271576733
75.05638526978987
74.72635439820704
74.40072797763696
74.07969295832277
73.76342971819486
73.45211198171648
73.14590674543149
72.84497421022036
72.54946772026472
72.25953370871446
71.97531165004546
71.69693401908967
71.42452625671285
71.15820674210897
70.89808677167537
70.64427054442751
70.39685515390727
70.1559305865319
69.92157972632606
69.6938783659732
69.47289522411779
69.258691968844
69.05132324725207
68.85083672104804
68.65727310805869
68.4706662295788
68.29104306345357
68.11842380279404
67.95282192021784
67.79424423750413
67.64269100054707
67.49815595948877
67.36062645390706
67.23008350292929
67.10650190013922
66.98985031314061
66.88009138763647
66.77718185587929
66.681072649344
66.59170901547242
66.50903063833533
66.43297176305617
66.36346132383795
66.30042307543289
66.24377572789257
66.19343308443518
66.14930418226533
66.11129343618035
66.07930078479609
66.05322183922448
66.03294803403463
66.01836678032821
66.00936162076032
66.00581238633815
66.00759535483046
66.01458341062111
66.02664620584146
66.04365032261687
66.06545943626422
66.09193447927719
66.12293380593819
66.15831335739692
66.1979268270566
66.24162582611056
66.28926004907309
66.34067743915004
66.39572435329676
66.454245726814
66.5160852373346
66.58108546805651
66.64908807007923
66.7199339237033
66.79346329855495
66.86951601239973
66.94793158851125
67.02854941146391
67.11120888122001
67.19574956538507
67.28201134950858
67.36983458531004
67.45906023671385
67.54953002357944
67.64108656301629
67.73357350817729
67.82683568442665
67.92071922278238
68.01507169053558
68.10974221895297
68.20458162797216
68.29944254780297
68.39417953735254
68.48864919939545
68.58271029241426
68.67622383904073
68.7690532310322
68.8610643307213
68.95212556888099
69.04210803895113
69.13088558757771
69.21833490141988
69.30433559018466
69.38877026585236
69.47152461805966
69.5524874856112
69.63155092409441
69.70861026957697
69.78356419837051
69.85631478284925
69.92676754331579
69.99483149591127
70.06041919657069
70.12344678102862
70.18383400088452
70.24150425574076
70.29638462143042
70.3484058743553
70.39750251195811
70.44361276935591
70.48667863216518
70.52664584555195
70.56346391954371
70.59708613064281
70.62746951978413
70.65457488668248
70.67836678061853
70.6988134877145
70.71588701475348
70.72956306959843
70.73982103826988
70.74664395874338
70.75001849153072
70.74993488711156
70.74638695028379
70.7393720015039
70.72889083529087
70.71494767576966
70.69755012943146
70.67670913519036
70.65243891181733
70.62475690283387
70.59368371894962
70.55924307812862
70.52146174337079
70.48036945829634
70.43599888062172
70.38838551361735
70.33756763563818
70.28358622782017
70.22648490003522
70.1663098151976
70.10310961201483
70.03693532627634
69.96784031077257
69.89588015393761
69.82111259730758
69.74359745188795
69.66339651352249
69.58057347735647
69.49519385148713
69.40732486989421
69.31703540474305
69.22439587815254
69.12947817351912
69.03235554648856
68.93310253566673
68.83179487316019
68.7285093950363
68.62332395179189
68.51631731891857
68.40756910765182
68.29715967599097
68.18517004007614
68.0716817860077
67.95677698219228
67.84053809229849
67.72304788890276
67.60438936790408
67.48464566378524
67.3638999657961
67.24223543513276
67.119735123185
66.99648189092224
66.87255832948674
66.74804668206
66.62302876706596
66.49758590277108
66.3717988333386
66.24574765639167
66.11951175213775
65.9931697141038
65.86679928152839
65.74047727345439
65.61427952456299
65.48828082278666
65.36255484873638
65.2371741169753
65.11220991916915
64.98773226914048
64.86380984985263
64.74050996234828
64.61789847666549
64.4960397847523
64.3749967553994
64.2548306912079
64.13560128760818
64.01736659394268
63.90018297662376
63.784105084375845
63.669185815569186
63.555476287650855
63.44302580867659
63.33188185094567
63.22209002673909
63.11369406615986
63.00673579707304
62.90125512714078
62.797290027945984
62.694876521196385
62.594048666999036
62.494838554193755
62.39727629273252
62.30139000808921
62.207205837681805
62.11474792928728
62.024038441427045
61.93509754569893
61.847943431030465
61.76259230982648
61.67905842598278
61.59735406473643
61.517489564321885
61.43947332940072
61.36331184623142
61.28900969954403
61.21656959108318
61.14599235978195
61.077277003527705
61.01042070247936
60.94541884389482
60.88226504842603
60.82095119783744
60.76146746410259
60.70380233983202
60.64794266998503
60.59387368481676
60.54157903401155
60.49104082195255
60.442239644077304
60.395154624268585
60.349763453229926
60.30604242779499
60.2639664911202
60.22350927370981
60.18464313522277
60.14733920701043
60.11156743533401
60.07729662521099
60.044494484839575
60.01312767055062
59.98316183223689
59.954561659209745
59.9272909264338
59.901312541091
59.87658858942582
59.853080383823524
59.830748510073775
59.80955287477242
59.789452752814626
59.770406834932444
59.752373275230255
59.73530973867146
59.71917344847061
59.703921233345866
59.68950957458732
59.675894652897696
59.663032394962286
59.65087851970556
59.63938858419239
59.62851802913231
59.61822222394598
59.608456511353964
59.59917625144921
59.590336865215775
59.5818938774578
59.57380295910396
59.56601996885366
59.55850099413261
59.55120239132629
59.54408082526164
59.53709330790827
59.53019723627194
59.52335042945351
59.51651116484812
59.509638213459944
59.502690874308776
59.495629007905
59.48841306877046
59.48100413698382
59.473363948730714
59.46545492584
59.45724020428833
59.44868366165668
59.4397499435238
59.430404488783275
59.42061355387211
59.41034423590009
59.39956449467065
59.38824317358519
59.37635001942477
59.36385570100442
59.35073182669692
59.3369509608246
59.32248663891847
59.30731338184581
59.29140670880805
59.27474314921137
59.257300253413185
59.239056602348406
59.21999181604037
59.20008656100192
59.179322556532675
59.1576825799196
59.13515047054853
59.111711132935916
59.087350538690494
59.062055727416016
59.035814806566755
59.00861695026874
58.98045239712037
58.95131244698683
58.92118945680363
58.89007683540524
58.857969037395605
58.824861556078474
58.79075091546605
58.755634661384875
58.71951135169883
58.68238054566967
58.644242792476064
58.60509961891188
58.56495351628547
58.52380792654162
58.48166722762858
58.438536718132866
58.39442260120478
58.34933196779815
58.30327277924823
58.25625384921136
58.208284824990244
58.159376168269375
58.10953913528522
58.0587857564563
58.00712881549896
57.954581828054415
57.901159019853026
57.84687530444188
57.79174626050212
57.735788108782344
57.67901768867455
57.62145243445946
57.563110351248326
57.50400999064885
57.44417042618335
57.38361122848772
57.32235244031983
57.26041455140529
57.197818473149255
57.134585513242314
57.07073735018844
57.00629600778251
56.94128382956467
56.87572345327857
56.809637785360394
56.74304997548477
56.67598339119308
56.60846159262871
56.54050830740311
56.47214740561531
56.40340287504744
56.33429879655801
56.2648593196942
56.19510863854412
56.125070967849574
56.05477051939942
55.98423147872284
55.913477982101135
55.842534093916235
55.77142378435354
55.700170907475744
55.62879917968376
55.55733215858009
55.485793222249576
55.41420554897194
55.34259209737922
55.270975587070545
55.199378479696286
55.12782296052256
55.056330920487305
54.984923938758236
54.91362326580235
54.842449806975814
54.77142410664208
54.700566332825524
54.62989626240783
54.55943326687406
54.48919629861478
54.41920387778992
54.34947407975931
54.280024523084414
54.210872358105284
54.1420342560965
54.07352639900551
54.00536446977639
53.93756364326156
53.870138577723246
53.803103406925445
53.73647173281647
53.6702566188017
53.60447058360613
53.539125595725906
53.47423306846734
53.40980385557121
53.34584824742039
53.282375967828315
53.219396171405535
53.156917441500624
53.09494778871162
53.0334946499634
52.9725648881457
52.912164792306314
52.8523000783935
52.79297589054089
52.73419680288809
52.67596682192975
52.618289389384685
52.561167385576525
52.504603133316365
52.44859840227785
52.393154413854276
52.33827184648713
52.28395084145539
52.23019100911425
52.176991435571765
52.1243506897914
52.07226683110842
52.02073741714791
51.96975951213197
51.919329695563405
51.86944407127338
51.82009827682002
51.771287493224904
51.72300645503434
51.67524946069203
51.628010383210025
51.58128268112539
51.53505940973001
51.48933323256095
51.44409643313814
51.39934092693629
51.35505827357717
51.31123968922854
51.267876059195984
51.22495795069413
51.18247562578391
51.14041905446212
51.09877792788982
51.05754167174545
51.016699459688915
50.976240226922165
50.93615268383153
50.896425329697
50.857046466453575
50.81800421248986
50.779286516469234
50.7408811711587
50.70277582725132
50.664958007168515
50.627415118828175
50.59013446936505
50.55310327879054
50.51630869357965
50.47973780017285
50.44337763838062
50.40721521467899
50.371237515384145
50.33543151969415
50.299784212586225
50.26428259755827
50.228913709203574
50.193664625607745
50.1585224805572
50.12347447554962
50.088507891597295
50.053610100815014
50.01876857778448
49.983970910687994
49.94920481220479
49.91445813016353
49.87971885794523
49.84497514463116
49.810215304890654
49.77542782860409
49.740601390215694
49.70572485781148
49.670787301917564
49.635778004014504
49.600686464763136
49.56550241193717
49.53021580805777
49.49481685772597
49.459296014649034
49.42364398835688
49.387851750605115
49.35191054146143
49.31581187507235
49.27954754510776
49.24310962988048
49.20649049713913
49.16968280853334
49.132679523750454
49.09547390432377
49.058059517112866
49.02043023745702
48.98258025200269
48.94450406120646
48.90619648151497
48.86765264722382
48.8288680120169
48.789838350187864
48.75055975754552
48.71102865200456
48.67124177386367
48.63119618577335
48.59088927239614
48.55031873976188
48.50948261432055
48.4683792416956
48.42700728514055
48.385365723701995
48.343453850092516
48.30127126827702
48.258817890776555
48.21609393569386
48.173099923465514
48.12983667334581
48.08630529962758
48.04250720760538
47.99844408928661
47.95411791885684
47.909530947905154
47.86468570041595
47.81958496753353
47.774231802106016
47.728629513014795
47.68278165929658
47.63669204406497
47.59036470823875
47.5438039240843
47.49701418857981
47.45000021660948
47.40276693399587
47.35531947037898
47.307663151950884
47.259803494054516
47.21174619365538
47.16349712169474
47.11506231533328
47.066447970093826
47.0176604319113
46.96870618909812
46.919591864232665
46.87032420597895
46.8209100808456
46.77135646489281
46.721670435396184
46.67185916247538
46.62192990069618
46.571889980654554
46.5217468005517
46.47150781776892
46.421180540450415
46.37077251910207
46.3202913382137
46.269744607912365
46.21913995565395
46.16848501796098
46.11778743221438
46.06705482850699
46.01629482156604
45.96551500275117
45.9147229321343
45.86392613066723
45.81313207244252
45.76234817705434
45.71158180206563
45.66084023558877
45.610130688987304
45.55946028970603
45.50883607423665
45.45826498122644
45.407753844737464
45.35730938766343
45.306938215312094
45.25664680916068
45.20644152079196
45.15632856601828
45.10631401920019
45.05640380776631
45.00660370693995
44.95691933467732
44.90735614682178
44.85791943247803
44.808614309609496
44.75944572086145
44.710418429612005
44.66153701625275
44.61280587470067
44.56422920914288
44.5158110310153
44.467555156216136
44.419465202554264
44.37154458743238
44.32379652576442
44.276224028126606
44.228829899141274
44.18161673609292
44.134586927776084
44.08774265357495
44.04108588277445
43.99461837410304
43.94834167550739
43.90225712415919
43.85636584669358
43.81066875967851
43.76516657031421
43.71985977736149
43.6747486722971
43.629833340694134
43.58511366382511
43.5405893204847
43.49625978902891
43.45212434962697
43.40818208672171
43.364431891693485
43.32087246572202
43.27750232284025
43.2343197931735
43.19132302635758
43.14850999512949
43.105878499084284
43.06342616859213
43.021150468869465
42.97904870419843
42.93711802228826
42.89535541877213
42.853757741833434
42.812321696955465
42.77104385178872
42.72992064113022
42.68894837200959
42.64812322887663
42.60744127888525
42.566898477268595
42.526490672799994
42.48621361333501
42.44606295143002
42.40603425003276
42.3661229882402
42.326324567118725
42.2866343155817
42.24704749631929
42.20755931177542
42.16816491016619
42.1288593915337
42.08963781382949
42.050495199021334
42.01142653921648
41.97242680279465
41.93349094054401
41.89461389179355
41.85579059053516
41.8170159715287
41.77828497638291
41.739592559605406
41.700933694614896
41.66230337970894
41.62369664398063
41.58510855317747
41.54653421549546
41.50796878730194
41.4694074787808
41.43084555949367
41.392278363850444
41.35370129648289
41.315109837515145
41.2764995477258
41.2378660735962
41.19920515223999
41.1605126162088
41.121784398169275
41.08301653544664
41.04420517442998
41.00534657483451
40.96643711381592
40.92747328993267
40.88845172695222
40.84936917749753
40.81022252653043
40.77100879466844
40.73172514133183
40.69236886771768
40.652937419597784
40.6134283899379
40.57383952133603
40.53416870827727
40.494413999203125
40.45457359839384
40.41464586766234
40.374629327857924
40.334522660178045
40.294324707286314
40.25403447423515
40.2136511291916
40.17317400396559
40.132602594340035
40.091936560202726
40.05117572548028
40.01032007787467
39.96936976840328
39.92832511074403
39.88718658038704
39.84595481359497
39.8046306061737
39.7632149120555
39.721708841696966
39.680113660294126
39.63843078581726
39.59666178686791
39.55480838036107
39.512872429036065
39.47085593879979
39.42876105590642
39.38659006397825
39.34434538087214
39.3020295553963
39.25964526388145
39.21719530661085
39.174682604113116
39.13211019332226
39.08948122360954
39.04679895269163
39.004066742419354
38.96128805445096
38.918466445814204
38.87560556436188
38.83270914412577
38.78978100057441
38.74682502577991
38.70384518349971
38.660845504179235
38.617830079882424
38.57480305915698
38.53176864184195
38.488731073825136
38.44569464175794
38.40266366773568
38.35964250395165
38.316635527333176
38.273647134167845
38.23068173472831
38.187743747904165
38.14483759584897
38.10196769864996
38.0591384690278
38.016354307073414
37.97361959502865
37.930938692117536
37.8883159294341
37.84575560489259
37.803261978245416
37.76083926617446
37.718491637461284
37.67622320824187
37.63403803735081
37.591940121760324
37.549933392119094
37.50802170839568
37.46620885563106
37.42449853980474
37.382894383818346
37.34139992360044
37.30001860433648
37.258753776827426
37.21760869398016
37.17658650743291
37.135690264318974
37.094922904172016
37.05428725597596
37.01378603536221
36.973421841956444
36.93319715687698
36.89311434038654
36.85317562969913
36.81338313694334
36.77373884728268
36.734244617193035
36.694902172896654
36.65571310895222
36.616678887000084
36.57780083466178
36.53908014459255
36.50051787368522
36.462114942423675
36.42387213438422
36.38579009588289
36.34786933576725
36.310110225351075
36.272512998490576
36.23507775180075
36.19780444501031
36.160692901453835
36.12374280869948
36.08695371931031
36.05032505173681
36.01385609133839
35.97754599153145
35.94139377506209
35.9053983354008
35.869558438256625
35.83387272320808
35.798339705447766
35.76295777763831
35.72772521187701
35.69264016176643
35.65770066458858
35.62290464358036
35.58824991030772
35.55373416713578
35.51935500979205
35.48510993001942
35.45099631831569
35.417011466756506
35.383152571898236
35.34941673775724
35.31580097886196
35.282302223374316
35.24891731627703
35.215643022623865
35.182476030849685
35.149412956137056
35.11645034383635
35.083584672936254
35.0508123595816
35.01812976063495
34.98553317727844
34.95301885865187
34.92058300552314
34.88822177398667
34.8559312791857
34.82370759905437
34.791546778076096
34.759444831054495
34.72739774689363
34.69540149238405
34.663452015991126
34.63154525164218
34.59967712250919
34.567843544784054
34.536040431443595
34.504263696001246
34.47250925624199
34.440773037937376
34.40905097853714
34.37733903083385
34.34563316659681
34.31392938017113
34.282223692037846
34.25051215233081
34.21879084430638
34.187055887762185
34.155303442401234
34.12352971113732
34.091730943337595
34.05990343799836
34.02804354685033
33.996147677389516
33.96421229583025
33.932233929977386
33.900209172015096
33.86813468120984
33.83600718652538
33.80382348914789
33.77158046491941
33.73927506667805
33.70690432650356
33.674465357867476
33.641955357686996
33.60937160828258
33.57671147923913
33.543972429171
33.511152007391395
33.478247855486934
33.445257708797904
33.412179397804785
33.37901084942133
33.34575008819423
33.3123952374092
33.27894452010293
33.245396259980915
33.21174888224068
33.17800091429985
33.14415098642838
33.110197832284264
33.07614028935209
33.04197729928391
33.007707908142585
32.97333126654738
32.9388466297215
32.904253357441554
32.86955091388891
32.834738867403054
32.79981689013713
32.76478475761596
32.72964234819754
32.694389642439184
32.65902672236971
32.62355377066891
32.58797106975613
32.55227900078939
32.5164780425767
32.48056877040117
32.444551854761535
32.408428060029884
32.372198243028926
32.335863351531295
32.29942442268368
32.26288258135859
32.22623903843613
32.18949508901776
32.15265211057429
32.115711561030515
32.07867497678914
32.04154397069653
32.004320229953244
31.96700551397183
31.92960165218466
31.892110541804303
31.854534145538967
31.81687448926522
31.779133659660065
31.741313801794607
31.7034171166915
31.665445858848162
31.627402333727847
31.589288895221106
31.551107943080414
31.51286192033098
31.474553310661012
31.436184635794806
31.397758452851892
31.359277351695486
31.320743952273435
31.28216090195483
31.24353087286548
31.204856559225338
31.1661406746907
31.127385949704294
31.08859512885593
31.04977096825624
31.010916232926036
30.972033694203674
30.93312612717287
30.894196308113266
30.855247011975848
30.816281009885103
30.777301066669708
30.73830993842347
30.699310370098146
30.660305093129608
30.62129682309876
30.58228825742836
30.54328207311673
30.504280924509374
30.46528744110944
30.426304225427884
30.387333850874427
30.3483788596902
30.309441760923278
30.27052502844836
30.231631099032086
30.192762370445394
30.153921199624307
30.115109900880526
30.076330744163016
30.0375859533718
29.998877704725
29.9602081251802
29.92157929091095
29.882993225839012
29.844451900222477
29.805957229300045
29.767511071991574
29.729115229655033
29.690771444899863
29.652481400456846
29.61424671810479
29.57606895765431
29.537949615989103
29.499890126165067
29.461891856567515
29.42395611012662
29.386084123591242
29.348277066861097
29.31053604237732
29.27286208457124
29.235256159371144
29.197719163766546
29.1602519254298
29.122855202394756
29.08552968279218
29.04827598464203
29.011094655702717
28.97398617337773
28.93695094467983
28.899989306253296
28.86310152445443
28.82628779549014
28.789548245614462
28.752882931382707
28.716291839962842
28.679774889503868
28.64333192956095
28.606962741576915
28.570667039419583
28.534444469974453
28.498294613792204
28.46221698579057
28.426211036010123
28.39027615042348
28.35441165179747
28.31861680060799
28.282890796007045
28.247232776841138
28.211641822720217
28.176116955136017
28.14065713862876
28.105261282001344
28.06992823958023
28.034656812522392
27.99944575016783
27.964293751437047
27.929199466272642
27.89416149712428
27.85917840047619
27.824248688416237
27.789370830245577
27.754543254128027
27.71976434877816
27.685032465187238
27.65034591838587
27.61570298924234
27.58110192629538
27.546540947619963
27.51201824272447
27.477531974477433
27.443080281062112
27.408661277956828
27.374273059938975
27.339913703110586
27.30558126694324
27.271273796340086
27.236989323712397
27.202725871068214
27.16848145211056
27.134254074342397
27.10004174117576
27.065842454042343
27.031654214503096
26.99747502635454
26.96330289772941
26.929135843189403
26.894971885807724
26.860809059239006
26.82664540977426
26.79247899837866
26.758307902709976
26.72413021911571
26.689944064606767
26.655747578805787
26.62153892586828
26.587316296374823
26.55307790919268
26.518822013305098
26.48454688960659
26.450250852662734
26.415932252433024
26.381589475955522
26.34722094899176
26.312825137630526
26.278400549849337
26.24394573703232
26.20945929544318
26.1749398676523
26.1403861439169
26.10579686351325
26.071170816019915
26.036506842551276
26.001803836940425
25.967060746870786
25.932276574955907
25.897450379767193
25.86258127680911
25.82766843944127
25.79271109974688
25.757708549346987
25.722660140159732
25.687565285104128
25.652423458747805
25.61723419789827
25.581997102137006
25.546711834295916
25.51137812087553
25.475995752404298
25.440564583738148
25.4050845342996
25.369555588255718
25.33397779463412
25.298351267376415
25.262676185328484
25.226952792167406
25.19118139626458
25.15536237048421
25.119496151916206
25.08358324154271
25.047624203837596
25.01161966629861
24.97557031891206
24.93947691355002
24.903340263300105
24.867161241727796
24.830940782071263
24.7946798763685
24.75837957451689
24.722040983265554
24.68566526514099
24.649253637306465
24.612807370355405
24.576327787038885
24.539816260927388
24.50327421500709
24.466703120211072
24.430104493886212
24.39347989819661
24.356830938464476
24.320159261449398
24.283466553567372
24.24675453905136
24.210024978055408
24.173279664704616
24.136520425093273
24.099749115233216
24.06296761895448
24.026177845760436
23.98938172863948
23.952581221835494
23.915778298579234
23.878974948782805
23.842173176699482
23.805374998551322
23.768582440127037
23.7317975343525
23.695022318836525
23.65825883339463
23.621509117553533
23.584775208039307
23.548059136252053
23.511362925729973
23.474688589605794
23.438038128058597
23.40141352576396
23.364816749345326
23.328249744829808
23.291714435111775
23.255212717427842
23.218746460846692
23.182317503777373
23.145927651499594
23.109578673719543
23.073272302154553
23.03701022814997
23.000794100331465
22.96462552229605
22.92850605034494
22.892437191261283
22.856420400135764
22.820457078242786
22.78454857097006
22.748696165804148
22.712901090374743
22.67716451056063
22.64148752866032
22.605871181630107
22.5703164393924
22.534824203217113
22.49939530417899
22.464030501693742
22.428730482135762
22.39349585753979
22.358327164388896
22.323224862490832
22.288189333944842
22.253220882201134
22.21831973121519
22.183486024698965
22.148719825470693
22.114021114904773
22.079389792483
22.044825675448237
22.01032849856179
21.97589791396561
21.941533491150437
21.907234717030917
21.873000996129008
21.838831650866695
21.804725921968668
21.770682968975535
21.736701870867847
21.702781626800885
21.66892115694992
21.635119303465217
21.601374831535736
21.56768643056043
21.534052715425872
21.50047222788902
21.46694343806382
21.433464746010483
21.400034483425937
21.36665091543375
21.33331224247169
21.300016602274777
21.266762071951543
21.23354667015104
21.200368359318073
21.16722504803411
21.134114593441208
21.1010348037463
21.067983440803143
21.03495822276926
21.001956826834967
20.96897689202154
20.936016022045063
20.903071788242553
20.870141732557013
20.83722337057827
20.80431419463616
20.771411676942673
20.73851327277941
20.705616423726607
20.672718560929606
20.6398171083986
20.606909486337226
20.57399311449566
20.541065415543667
20.508123818459236
20.47516576192825
20.442188697750534
20.40919009424763
20.37616743966765
20.34311824558284
20.310040050275315
20.2769304221066
20.24378696286652
20.210607311097046
20.177389145386766
20.14413018763204
20.110828206260916
20.07748101941618
20.044086498094142
20.010642569235554
19.977147218765108
19.943598494575863
19.90999450945474
19.876333443945235
19.842613549143486
19.808833149423997
19.774990645091513
19.741084514955865
19.70711331882648
19.673075699923338
19.63897038720139
19.60479619758552
19.5705520381133
19.536236907982918
19.501849900503963
19.467390204948735
19.432857108301867
19.398249996906195
19.36356835800307
19.328811781165534
19.29397995962301
19.259072691476426
19.224089880802744
19.18903153864803
19.153897783908484
19.118688844098862
19.083405056007813
19.04804686623944
19.012614831640455
18.977109619612143
18.94153200830626
18.905882886704283
18.870163254579403
18.834374222340635
18.79851701075841
18.762592950571097
18.72660348197214
18.690550153977618
18.654434623674355
18.618258655349003
18.58202411949873
18.54573299172421
18.509387351505755
18.47298938086357
18.436541362903515
18.400045680249608
18.363504813364532
18.326921338759295
18.290297927093068
18.253637341164197
18.216942433793538
18.180216145601594
18.143461502681124
18.10668161416682
18.069879669703983
18.03305893681834
17.996222758189436
17.959374548830016
17.922517793173984
17.885656042075755
17.84879290972383
17.81193207047166
17.77507725558907
17.738232249937585
17.70140088857291
17.664587053277987
17.627794669029843
17.591027700403462
17.55429014791591
17.51758604431419
17.480919450810493
17.444294453268643
17.40771515834558
17.37118568959187
17.33471018351517
17.298292785610812
17.261937646363435
17.225648917223737
17.189430746564454
17.153287275619903
17.117222634413423
17.08124093767715
17.04534628076827
17.009542735585896
16.973834346492893
16.93822512624679
16.902719051944032
16.867320060981896
16.832032047042176
16.79685885610057
16.761804282465775
16.726872064852287
16.69206588249098
16.657389351281623
16.622846019991684
16.588439366505852
16.55417279413072
16.52004962795891
16.48607311129686
16.452246402160284
16.41857256984116
16.385054591550016
16.35169534913723
16.318497625896864
16.285464103456544
16.2525973587568
16.21989986112315
16.18737396943413
16.15502192938835
16.122845870873544
16.090847805440458
16.059029623884538
16.02739309393817
15.99593985807601
15.964671431435942
15.9335891998582
15.902694418045126
15.871988207843653
15.841471556652447
15.811145315955397
15.781010199982955
15.751066784502608
15.72131550573965
15.691756659429284
15.662390400001112
15.633216739896776
15.60423554902132
15.575446554328687
15.546849339541618
15.518443345005943
15.490227867679176
15.462202061253317
15.434364936411663
15.40671536121925
15.379252061646435
15.351973622224984
15.32487848683588
15.297964959628056
15.27123120606718
15.244675254113455
15.218294995527138
15.192088187300378
15.166052453213801
15.14018528551619
15.114484046725515
15.088945971549599
15.06356816892437
15.038347624167578
15.013281201245697
14.98836564515151
14.963597584389753
14.938973533568024
14.914489896090124
14.89014296694888
14.86592893561532
14.841843889020998
14.817883814630155
14.794044603598314
14.770322054013723
14.746711874218041
14.7232096862026
14.699811029076548
14.676511362603213
14.653306070800957
14.630190465604846
14.607159790585362
14.58420922472026
14.561333886215627
14.538528836372242
14.51578908349335
14.493109586829963
14.470485260559872
14.447910977796486
14.425381574623618
14.40289185415249
14.380436590597188
14.358010533364922
14.33560841115747
14.313224936080292
14.290854807755824
14.268492717437613
14.246133352122019
14.223771398654225
14.201401547825416
14.179018498457882
14.156616961474842
14.1341916639517
14.111737353145418
14.089248800498838
14.066720805616812
14.044148200210929
14.021525852009761
13.998848668631512
13.976111601416024
13.953309649213198
13.930437862124906
13.907491345197572
13.884465262062664
13.861354838522475
13.838155366078668
13.814862205401058
13.791470789734051
13.767976628238289
13.744375309265125
13.720662503561742
13.696833967404702
13.672885545659726
13.64881317476558
13.62461288564005
13.600280806506236
13.575813165637557
13.55120629401982
13.526456627928894
13.501560711422528
13.47651519874509
13.451316856643942
13.42596256659624
13.400449326945093
13.374774254944015
13.348934588708815
13.322927689076195
13.296751041368438
13.270402257063694
13.243879075371439
13.217179364712635
13.19030112410421
13.163242484447395
13.136001709719508
13.108577198068886
13.080967482812781
13.053171233338148
13.025187255905365
12.997014494355028
12.968652030718019
12.940099085729017
12.91135501924353
12.882419330558532
12.853291658636804
12.823971782235146
12.794459619936559
12.76475523008659
12.734858810633908
12.70477069887515
12.674491371104393
12.644021442167569
12.613361664922264
12.582512929603366
12.55147626309511
12.52025282811003
12.488843922275292
12.457250977126874
12.425475557012161
12.393519357901637
12.361384206110397
12.329072056930382
12.296584993173948
12.263925223629396
12.231095081429299
12.198097022332473
12.164933622920326
12.131607578708294
12.09812170217317
12.064478920697152
12.03068227442935
11.996734914065424
11.962640098546041
11.928401192674906
11.89402166465714
11.859505083558838
11.824855116688676
11.79007552690245
11.755170169831425
11.720142991035411
11.684998023081627
11.649739382550345
11.614371266968242
11.57889795167042
11.54332378659226
11.50765319299223
11.471890660106702
11.436040741737806
11.40010805277543
11.364097265654543
11.328013106749031
11.291860352703159
11.255643826701705
11.219368394679782
11.183038961473434
11.146660466912214
11.110237881854948
11.073776204169949
11.037280454661076
11.000755672940944
10.964206913252628
10.927639240241351
10.891057724677797
10.854467439134597
10.817873453617553
10.781280831153255
10.744694623334768
10.708119865827074
10.671561573833943
10.635024737528028
10.598514317446117
10.562035239851525
10.525592392065647
10.489190617770689
10.452834712285622
10.416529417817484
10.380279418690234
10.344089336553521
10.307963725573925
10.271907067611265
10.235923767382669
10.20001814761724
10.164194444204181
10.128456801337247
10.092809266658445
10.057255786404165
10.021800200556948
9.986446238006403
9.95119751172282
9.916057513947203
9.881029611401352
9.846117040521655
9.811322902720427
9.776650159678617
9.742101628673685
9.707679977946588
9.673387722111917
9.639227217615362
9.60520065824277
9.571310070685076
9.537557310163368
9.503944056118275
9.470471807967915
9.437141880938785
9.403955401973947
9.370913305722825
9.338016330617053
9.305265015036698
9.272659693571136
9.240200493378858
9.207887330650493
9.175719907179484
9.143697707044842
9.111819993410398
9.080085805444908
9.048493955367347
9.01704302562183
8.985731366186446
8.954557092020398
8.923518080653647
8.892611969923347
8.861836155861228
8.831187790736026
8.800663781254878
8.770260786927503
8.739975218596967
8.709803237140747
8.679740752345715
8.649783421960556
8.619926650929001
8.590165590807215
8.560495139368589
8.530909940399132
8.501404383686587
8.471972605206187
8.442608487505783
8.413305660292824
8.384057501225394
8.354857136909255
8.325697444102632
8.296571051130273
8.267470339508073
8.238387445779288
8.209314263563186
8.180242445816674
8.15116340730926
8.122068327311359
8.092948152495714
8.063793600051453
8.034595161009985
8.00534310378183
7.976027477903184
7.9466381179908465
7.9171646479037765
7.887596485109372
7.85792284525222
7.828132746922784
7.7982150166232245
7.768158293927314
7.737951036831162
7.707581527291152
7.677037876945247
7.646308033013601
7.615379784374096
7.5842407678082004
7.552878474412291
7.521280256169386
7.48943333267591
7.457324798017924
7.4249416277910365
7.392270686258016
7.359298733637942
7.326012433520602
7.292398360399615
7.258443007317593
7.224132793616474
7.189454072785947
7.154393140402714
7.118936242153128
7.083069581931585
7.046779330006958
7.010051631249184
6.972872613407916
6.935228395435104
6.897105095843258
6.858488841091051
6.8193657739877604
6.779722062108019
6.739543906208302
6.698817548636601
6.657529281726698
6.615665456168446
6.573212489345481
6.53015687363184
6.486485184639023
6.442184089405146
6.397240354517762
6.351640854162033
6.305372578085992
6.258422639474699
6.2107782827252045
6.162426891114325
6.113355994351482
6.063553276008898
6.013006580821618
5.9617039218499395
5.909633487496997
5.856783648374374
5.80314296400879
5.748700189383163
5.693444281305564
5.637364404599811
5.5804499381116015
5.5226904805243064
5.4640758559788285
5.404596119492163
5.344241562169628
5.283002716206006
5.22087035967096
5.157835521074388
5.093889483707575
5.029023789756256
4.963230244181926
4.896500918368058
4.828828153528159
4.760204563872876
4.690623039533734
4.620076749241349
4.548559142756207
4.476063953050284
4.402585198238119
4.328117183256239
4.252654501290088
4.176192034947845
4.098724957180851
4.020248731950624
3.9407591146427596
3.860252152228291
3.778724183173383
3.696171837098484
3.6125920341883218
3.5279819843543834
3.4423391861517443
3.355661425452413
3.2679467738775627
3.179193586991254
3.0894005022584703
2.9985664367705547
2.906690584741371
2.8137724147777563
2.7198116669280346
2.6248083495125405
2.5287627357403064
2.431675360116285
2.3335470146436887
2.234378744826237
2.1341718454752567
2.0329278563267024
1.9306485574732999
1.8273359646171412
1.7229923241482037
1.617620108054371
1.511222008668665
1.4038009332594967
1.2953599984698618
1.1859025246114943
1.0754320298200915
0.9639522240777972
0.8514670031091988
0.73798044215717
0.6234967896449756
0.5080204607311246
0.39155603076352036
0.2741082286395044
0.15568193007843575
0.0362821508134847
-0.08408596029064799
-0.20541712818734834
-0.3277059586582827
-0.4509469453773914
-0.575134477021894
-0.7002628444235158
-0.8263262477531396
-0.9533188037320927
-1.0812345528632878
-1.2100674666754605
-1.3398114549737636
-1.4704603730900114
-1.6020080291259005
-1.734448191182567
-1.8677745945698865
-2.001980948988967
-2.137060945681344
-2.2730082645384186
-2.409816581164777
-2.5474795738890603
-2.6859909307161565
-2.8253443562145457
-2.9655335783327206
-3.106552355138714
-3.2483944814768626
-3.3910537955360156
-3.5345241853234763
-3.6787995950390675
-3.8238740313437933
-3.969741569517651
-4.116396359501252
-4.263832631816034
-4.412044703358005
-4.561026983060109
-4.710773977418462
-4.861280295877834
-5.012540656071887
-5.1645498889138715
-5.317302943533609
-5.470794892056778
-5.625020934222689
-5.779976401836905
-5.935656763055271
-6.092057626496052
-6.249174745177103
-6.407004020275115
-6.565541504704177
-6.724783406511121
-6.884726092085195
-7.045366089179816
-7.206700089744375
-7.368724952564288
-7.531437705707685
-7.694835548777332
-7.85891585496661
-8.023676172918613
-8.18911422838764
-8.355227925702573
-8.52201534903178
-8.689474763449393
-8.857604615803067
-9.026403535383457
-9.195870334395963
-9.366004008235402
-9.53680373556442
-9.708268878196574
-9.880398980785127
-10.053193770318925
-10.226653155426817
-10.400777225492405
-10.575566249581074
-10.751020675181396
-10.927141126763136
-11.103928404154322
-11.281383480739967
-11.45950750148517
-11.638301780785518
-11.817767800148
-11.997907205705982
-12.178721805572007
-12.360213567032472
-12.542384613588496
-12.725237221847394
-12.908773818269383
-13.092996975774158
-13.277909410212079
-13.463513976704851
-13.649813665860512
-13.836811599867524
-14.024511028472967
-14.212915324849869
-14.402027981358952
-14.591852605210217
-14.782392914029797
-14.973652731337552
-15.165635981940866
-15.358346687250235
-15.55178896052222
-15.745967002035446
-15.940885094205248
-16.13654759664265
-16.332958941163362
-16.530123626752534
-16.72804621449094
-16.926731322448415
-17.126183620550204
-17.326407825421967
-17.52740869521898
-17.72919102444503
-17.931759638766525
-18.13511938982757
-18.33927515007169
-18.54423180757579
-18.749994260901623
-18.956567413970212
-19.163956170964692
-19.372165431266918
-19.58120008443319
-19.79106500521425
-20.00176504862469
-20.21330504506676
-20.425689795513566
-20.63892406675615
-20.853012586718766
-21.06796003984639
-21.283771062568412
-21.50045023884207
-21.718002095779223
-21.936431099359947
-22.15574165023666
-22.375938079632434
-22.59702464533693
-22.81900552780336
-23.041884826349975
-23.2656665554692
-23.490354641247443
-23.715952917898356
-23.942465124412188
-24.16989490132374
-24.39824578760118
-24.627521217657826
-24.857724518488936
-25.088858906935116
-25.32092748707379
-25.55393324773974
-25.787879060175587
-26.022767675813046
-26.258601724185475
-26.49538371097217
-26.733116016174915
-26.971800892427307
-27.211440463437537
-27.452036722565268
-27.69359153153293
-27.93610661927191
-28.1795835809037
-28.424023876855887
-28.66942883211279
-28.91579963560033
-29.16313733970471
-29.411442859924133
-29.66071697465247
-29.910960325093694
-30.162173415305432
-30.414356612370284
-30.667510146693672
-30.92163411242692
-31.176728468014065
-31.432793036861092
-31.689827508125894
-31.947831437627265
-32.20680424887113
-32.46674523419249
-32.727653556011475
-32.989528248201836
-33.25236821756995
-33.51617224544232
-33.78093898935906
-34.0466669848709
-34.31335464743733
-34.58100027442324
-34.84960204719189
-35.11915803329145
-35.38966618873286
-35.661124360356325
-35.93353028828378
-36.20688160845427
-36.48117585523934
-36.756410464135406
-37.032582774530006
-37.3096900325393
-37.58772939391381
-37.866697927009376
-38.14659261581998
-38.42741036306897
-38.70914799335502
-38.99180225634926
-39.27536983003999
-39.55984732402117
-39.84523128282142
-40.13151818927076
-40.41870446790221
-40.706786488385596
-40.99576056899065
-41.28562298007665
-41.576369947606
-41.86799765667905
-42.160502255087806
-42.45387985688581
-42.74812654597179
-43.04323837968389
-43.33921139240153
-43.63604159915139
-43.933724999213624
-44.23225757972462
-44.53163531927301
-44.831854191486016
-45.132910168602635
-45.43479922503089
-45.737517340886676
-46.041060505511744
-46.34542472096805
-46.650606005505175
-46.956600396997175
-47.263403956345
-47.571012770840895
-47.879422957491016
-48.18863066629231
-48.49863208345929
-48.80942343459615
-49.121000987809886
-49.433361056760226
-49.74650000364191
-50.06041424209501
-50.37510024003846
-50.69055452242286
-51.00677367389868
-51.32375434139674
-51.64149323661746
-51.959987138425554
-52.279232895147906
-52.59922742677201
-52.919967727042376
-53.241450865452464
-53.563673989130166
-53.886634324615386
-54.2103291795288
-54.53475594413056
-54.85991209276751
-55.18579518520762
-55.51240286786078
-55.839732874885115
-56.16778302917784
-56.496551243249954
-56.82603551998456
-57.1562339532788
-57.487144728569625
-57.818766123244096
-58.151096506934856
-58.48413434170114
-58.817878182095875
-59.15232667511961
-59.487478560062215
-59.82333266823301
-60.15988792258068
-60.49714333720457
-60.835098016759254
-61.173751155754395
-61.513102037751516
-61.853150034459226
-62.19389460472904
-62.53533529345417
-62.8774717303741
-63.22030362878756
-63.563830784176666
-63.90805307274501
-64.25297044987319
-64.59858294849539
-64.9448906774004
-65.2918938194602
-65.63959262979006
-65.9879874338435
-66.337078625446
-66.6868666647714
-67.03735207626556
-67.38853544652153
-67.7404174221095
-68.09299870736488
-68.44628006213834
-68.80026229951126
-69.15494628347996
-69.5103329266117
-69.86642318767578
-70.22321806925306
-70.5807186153265
-70.93892590885523
-71.29784106933457
-71.65746525034442
-72.01779963708762
-72.37884544392071
-72.74060391187928
-73.10307630619994
-73.46626391384095
-73.83016804100349
-74.19479001065541
-74.56013116005873
-74.92619283830201
-75.29297640383918
-75.66048322203646
-76.02871466272852
-76.39767209778454
-76.76735689868592
-77.1377704341175
-77.50891406757484
-77.88078915498994
-78.25339704237769
-78.62673906350477
-79.0008165375827
-79.3756307669866
-79.7511830350017
-80.12747460359896
-80.5045067112414
-80.88228057072247
-81.26079736703862
-81.64005825529803
-82.02006435866686
-82.4008167663546
-82.78231653163932
-83.16456466993448
-83.54756215689846
-83.9313099265888
-84.31580886966171
-84.70105983161929
-85.08706361110498
-85.47382095824773
-85.86133257305423
-86.24959910384834
-86.63862114575701
-87.02839923924203
-87.41893386867717
-87.81022546097039
-88.20227438423068
-88.59508094647843
-88.98864539439886
-89.38296791213791
-89.77804862014078
-90.17388757403215
-90.57048476353873
-90.96784011145485
-91.36595347265256
-91.764824633138
-92.16445330915485
-92.56483914633623
-92.96598171890571
-93.36788052892791
-93.77053500560875
-94.17394450464566
-94.57810830762823
-94.98302562148844
-95.38869557800037
-95.79511723332827
-96.2022895676222
-96.61021148466024
-97.01888181153687
-97.42829929839732
-97.83846261821841
-98.24937036663587
-98.66102106181862
-99.07341314438955
-99.48654497739304
-99.90041484630947
-100.31502095911745
-100.7303614464045
-101.14643436152714
-101.56323768082022
-101.98076930385575
-102.39902705375088
-102.81800867752456
-103.2377118465029
-103.65813415677444
-104.0792731296961
-104.50112621245131
-104.9236907786605
-105.34696412904378
-105.77094349213525
-106.19562602504806
-106.62100881429029
-107.04708887663111
-107.47386316001638
-107.90132854453232
-108.32948184341656
-108.75831980411688
-109.18783910939801
-109.61803637849705
-110.04890816832763
-110.48045097473296
-110.9126612337886
-111.34553532315519
-111.77906956348156
-112.2132602198578
-112.64810350331877
-113.08359557239757
-113.51973253472906
-113.95651044870189
-114.39392532515737
-114.83197312913352
-115.2706497816532
-115.70995116155608
-116.14987310737398
-116.59041141924966
-117.03156186089858
-117.47332016161305
-117.91568201830817
-118.35864309760893
-118.80219903797718
-119.24634545187769
-119.69107792798218
-120.1363920334104
-120.58228331600787
-121.02874730665894
-121.47577952163351
-121.9233754649638
-122.37153063084726
-122.82024050607164
-123.26950057245769
-123.71930630931537
-124.16965319590908
-124.62053671392836
-125.07195234996063
-125.52389559796191
-125.97636196172189
-126.42934695731893
-126.88284611556097
-127.33685498440823
-127.79136913137475
-128.24638414590666
-128.70189564173623
-129.1578992592096
-129.61439066758695
-130.0713655673126
-130.52881969225191
-130.986748811891
-131.44514873349448
-131.90401530421758
-132.36334441317007
-132.8231319934295
-133.2833740240008
-133.74406653171792
-134.2052055930829
-134.66678733603618
-135.12880794165318
-135.59126364576292
-136.05415074048557
-136.51746557568669
-136.98120456034638
-137.4453641638417
-137.90994091714145
-138.3749314139138
-138.84033231154783
-139.3061403320921
-139.77235226311265
-140.2389649584729
-140.70597533903683
-141.17338039329624
-141.64117717792178
-142.10936281823737
-142.57793450861968
-143.04688951282273
-143.51622516422853
-143.98593886602325
-144.4560280912983
-144.92649038307556
-145.39732335425626
-145.86852468749544
-146.34009213500462
-146.81202351828597
-147.2843167278013
-147.75696972257788
-148.22998052975197
-148.70334724405086
-149.17706802721602
-149.65114110736988
-150.12556477832948
-150.60033739887137
-151.0754573919511
-151.55092324387977
-152.02673350346015
-152.50288678108325
-152.97938174778585
-153.456217134269
-153.933391729879
-154.41090438155257
-154.88875399272789
-155.36693952222063
-155.8454599830649
-156.32431444131853
-156.80350201483307
-157.28302187198747
-157.76287323038596
-158.2430553555204
-158.72356755939873
-159.20440919914031
-159.68557967553843
-160.1670784315892
-160.6489049509852
-161.1310587565735
-161.61353940877706
-162.09634650397942
-162.57947967287186
-163.06293857876125
-163.54672291583933
-164.03083240741483
-164.5152668041123
-165.00002588204023
-165.4851094409309
-165.9705173022523
-166.4562493072944
-166.94230531523084
-167.42868520115866
-167.9153888541186
-168.40241617509827
-168.88976707502087
-169.37744147272016
-169.86543929290312
-170.35376046409962
-170.8424049165976
-171.33137258036115
-171.82066338293245
-172.31027724731732
-172.800214089852
-173.2904738180509
-173.7810563284347
-174.27196150433835
-174.7631892137001
-175.25473930683276
-175.74661161417927
-176.23880594405406
-176.73132208037234
-177.22415978036815
-177.71731877230536
-178.21079875318537
-178.7045993864565
-179.1987202997284
-179.6931610824936
-180.18792128385712
-180.683000410276
-181.17839792331142
-181.6741132373968
-182.1701457176266
-182.66649467757247
-183.1631593771333
-183.66013902042528
-184.1574327537187
-184.65503966342726
-185.15295877415633
-185.65118904681597
-186.14972937680434
-186.64857859226666
-187.14773545243364
-187.64719864604538
-188.1469667898655
-188.6470384272898
-189.14741202705343
-189.64808598203902
-190.1490586081882
-190.65032814351824
-191.1518927472437
-191.6537504990022
-192.15589939818236
-192.65833736335233
-193.1610622317867
-193.6640717590879
-194.16736361889986
-194.6709354027126
-195.17478461975753
-195.67890869699278
-196.18330497917788
-196.68797072903664
-197.1929031275086
-197.69809927409102
-198.2035561872729
-198.70927080506186
-199.2152399856057
-199.72146050790963
-200.22792907265176
-200.7346423030986
-201.24159674612184
-201.7487888733161
-202.2562150822167
-202.76387169761605
-203.2717549729758
-203.77986109193043
-204.28818616987868
-204.79672625566113
-205.30547733332295
-205.8144353239596
-206.3235960876444
-206.83295542543746
-207.34250908147405
-207.85225274512808
-208.36218205324607
-208.87229259244836
-209.38257990149336
-209.89303947370047
-210.40366675942516
-210.91445716857868
-211.42540607318494
-211.9365088099695
-212.44776068297472
-212.95915696619466
-213.47069290622392
-213.98236372491544
-214.4941646220426
-215.00609077796105
-215.51813735626854
-216.03029950646066
-216.54257236657952
-217.0549510658533
-217.56743072732286
-218.08000647045301
-218.5926734137262
-219.1054266772184
-219.61826138515735
-220.13117266846294
-220.64415566726908
-221.15720553342513
-221.67031743297449
-222.1834865486086
-222.69670808209563
-223.2099772566818
-223.72328931946473
-224.2366395437356
-224.75002323129016
-225.26343571470525
-225.7768723595788
-226.29032856673115
-226.803799774369
-227.31728146021436
-227.8307691436027
-228.3442583875546
-228.85774480082586
-229.37122403993993
-229.88469181120416
-230.39814387271298
-230.91157603634082
-231.42498416972597
-231.93836419824623
-232.45171210698658
-232.96502394269982
-233.4782958157602
-233.99152390211196
-234.50470444521463
-235.01783375798706
-235.53090822475357
-236.04392430319237
-236.55687852628782
-237.06976750428814
-237.5825879266708
-238.09533656411733
-238.60801027049817
-239.12060598486798
-239.6331207334708
-240.1455516317521
-240.657895886374
-241.17015079722816
-241.68231375944035
-242.19438226536155
-242.70635390654047
-243.21822637567334
-243.72999746852747
-244.2416650858354
-244.75322723515455
-245.264682032687
-245.77602770505314
-246.28726259101268
-246.79838514312587
-247.30939392934647
-247.8202876345374
-248.3310650619021
-248.84172513432418
-249.35226689560795
-249.8626895116115
-250.37299227126414
-250.8831745874586
-251.39323599780803
-251.90317616526002
-252.41299487855943
-252.92269205255255
-253.43226772832784
-253.94172207319028
-254.45105538046872
-254.9602680691569
-255.4693606833903
-255.97833389176142
-256.48718848647496
-256.9959253823436
-257.5045456156275
-258.0130503427202
-258.52144083868444
-259.02971849563875
-259.5378848209983
-260.045941435574
-260.5538900715292
-261.0617325701897
-261.5694708797028
-262.07710705254414
-262.58464324286825
-263.09208170370886
-263.5994247840352
-264.1066749256732
-264.61383466010176
-265.12090660513314
-265.6278934614855
-266.1347980092581
-266.64162310431976
-267.14837167462093
-267.6550467164382
-268.16165129056145
-268.6681885184317
-269.17466157823816
-269.6810737009801
-270.18742816650007
-270.6937282994955
-271.19997746551513
-271.70617906694594
-272.2123365389963
-272.7184533456849
-273.22453297584536
-273.7305789391586
-274.2365947622235
-274.7425839846725
-275.2485501553398
-275.7544968284907
-276.2604275601167
-276.76634590430024
-277.2722554096516
-277.7781596158219
-278.2840620500941
-278.7899662240528
-279.29587563032953
-279.8017937394219
-280.3077239965809
-280.8136698187608
-281.3196345916266
-281.825621666614
-282.3316343580385
-282.8376759402521
-283.3437496448431
-283.84985865787564
-284.3560061171619
-284.8621951095628
-285.3684286683109
-285.87470977035093
-286.3810413336947
-286.88742621479116
-287.3938672059086
-287.9003670325279
-288.40692835074526
-288.9135537446838
-289.42024572391585
-289.9270067208951
-290.43383908839513
-290.9407450969531
-291.4477269323185
-291.95478669290577
-292.46192638725023
-292.9691479314676
-293.47645314671917
-293.98384375668564
-294.4913213850543
-294.99888755302294
-295.5065436768254
-296.014291065278
-296.52213091734797
-297.03006431974603
-297.538092244546
-298.04621554683894
-298.55443496242646
-299.06275110555947
-299.571164466723
-300.0796754104676
-300.58828417328726
-301.09699086154336
-301.6057954494326
-302.1146977769967
-302.62369754816876
-303.13279432885423
-303.64198754504554
-304.1512764809722
-304.66066027729124
-305.17013792932397
-305.67970828534266
-306.18937004491175
-306.69912175728626
-307.20896181986967
-307.71888847673193
-308.2288998171893
-308.73899377444644
-309.2491681243
-309.75942048390334
-310.26974831059033
-310.780148900757
-311.29061938879613
-311.80115674607805
-312.3117577799717
-312.82241913290227
-313.3331372814432
-313.84390853544164
-314.35472903717664
-314.86559476055027
-315.37650151031175
-315.88744492131354
-316.3984204577987
-316.90942341271693
-317.42044890706893
-317.93149188927737
-318.44254713458486
-318.9536092444814
-319.4646726461633
-319.9757315920265
-320.48678015919813
-320.99781224910794
-321.5088215871019
-322.0198017221055
-322.5307460263425
-323.0416476951127
-323.5524997466323
-324.0632950219415
-324.57402618488277
-325.08468572215315
-325.5952659434329
-326.10575898159095
-326.6161567929662
-327.126451157726
-327.63663368030757
-328.1466957899497
-328.6566287413284
-329.1664236153056
-329.67607131980367
-330.1855625908165
-330.69488799356265
-331.2040379237888
-331.7130026092373
-332.22177211128934
-332.73033632679613
-333.23868499010956
-333.7468076753194
-334.25469379870134
-334.76233262137526
-335.2697132521717
-335.7768246507017
-336.2836556306284
-336.79019486313615
-337.2964308805927
-337.8023520804009
-338.30794672903863
-338.8132029662875
-339.3181088096522
-339.82265215896774
-340.32682080119235
-340.83060241538084
-341.33398457783693
-341.83695476743884
-342.3395003711367
-342.84160868962095
-343.34326694316184
-343.84446227762015
-344.34518177062824
-344.8454124379396
-345.3451412399468
-345.8443550883672
-346.3430408530963
-346.84118536922557
-347.33877544422336
-347.83579786527577
-348.3322394067787
-348.82808683797253
-349.3233269307048
-349.8179464673072
-350.3119322485732
-350.80527110182
-351.2979498890132
-351.7899555149307
-352.2812749353389
-352.77189516515597
-353.261803286579
-353.7509864571562
-354.2394319177852
-354.72712700062135
-355.21405913688125
-355.7002158645324
-356.1855848358606
-356.67015382490956
-357.1539107347895
-357.6368436048507
-358.11894061771784
-358.6001901061783
-359.08058055991717
-359.5601006320968
-360.0387391457758
-360.5164851001674
-360.99332767673525
-361.4692562451256
-361.9442603689314
-362.4183298112822
-362.8914545402523
-363.36362473407473
-363.83483078615166
-364.30506330984974
-364.77431314306625
-365.2425713525514
-365.7098292379666
-366.17607833565864
-366.64131042213523
-367.1055175172261
-367.5686918869193
-368.0308260458629
-368.4919127595232
-368.95194504599215
-369.4109161774387
-369.868819681196
-370.3256493404789
-370.7813991947247
-371.2360635395522
-371.689636926336
-372.14211416139744
-372.593490304817
-373.0437606688739
-373.4929208161217
-373.9409665571071
-374.3878939477414
-374.8336992863357
-375.2783791103112
-375.7219301925926
-376.1643495376899
-376.60563437747635
-377.0457821666688
-377.4847905780199
-377.92265749723595
-378.3593810176304
-378.79495943452423
-379.229391239404
-379.6626751138507
-380.094809923252
-380.5257947103124
-380.955628688375
-381.3843112345677
-381.81184188278814
-382.23822031653674
-382.6634463616075
-383.08751997864795
-383.51044125559946
-383.93221040003226
-384.35282773138687
-384.77229367313265
-385.19060874485666
-385.6077735542946
-386.0237887893192
-386.4386552099024
-386.8523736400704
-387.26494495987043
-387.6763700973667
-388.08665002068545
-388.49578573012803
-388.90377825037666
-389.31062862281686
-389.71633789800234
-390.1209071282821
-390.5243373606092
-390.92662962954654
-391.32778495048314
-391.7278043130697
-392.1266886748842
-392.5244389553315
-392.92105602978125
-393.31654072394775
-393.71089380852044
-394.1041159940507
-394.49620792609875
-394.8871701806499
-395.2770032598061
-395.66570758776214
-396.0532835070737
-396.4397312752273
-396.8250510615241
-397.2092429442852
-397.59230690838893
-397.9742428431443
-398.3550505405048
-398.73472969362564
-399.113279895768
-399.4907006395503
-399.86699131654376
-400.24215121720835
-400.6161795311593
-400.98907534775225
-401.3608376569761
-401.73146535063887
-402.1009572238315
-402.4693119766518
-402.8365282161673
-403.20260445859975
-403.5675391317142
-403.93133057739595
-404.2939770543982
-404.65547674125145
-405.0158277393236
-405.3750280760216
-405.7330757081215
-406.0899685252154
-406.44570435326267
-406.8002809582378
-407.15369604987126
-407.5059472854811
-407.8570322738976
-408.20694857947973
-408.5556937262224
-408.9032652019484
-409.2496604625823
-409.5948769365029
-409.9389120289749
-410.281763126665
-410.62342760224664
-410.9639028190988
-411.30318613609796
-411.64127491250446
-411.97816651294096
-412.31385831245797
-412.6483477016788
-412.98163209201556
-413.3137089209478
-413.64457565735364
-413.97422980688106
-414.30266891734726
-414.6298905841533
-414.95589245569926
-415.28067223878287
-415.6042277039639
-415.92655669087725
-416.24765711347777
-416.56752696519857
-416.88616432400454
-417.2035673573221
-417.5197343268226
-417.83466359304
-418.1483536198
-418.46080297843923
-418.77201035179473
-419.08197453794423
-419.39069445367954
-419.69816913769705
-420.0043977534913
-420.30937959193784
-420.61311407355265
-420.915600750415
-421.2168393077461
-421.51682956513855
-421.8155714774341
-422.1130651352489
-422.4093107651454
-422.7043087294462
-422.9980595256827
-423.290563785675
-423.58182227424027
-423.8718358875283
-424.1606056509852
-424.44813271695034
-424.7344183618941
-425.0194639833055
-425.30327109624136
-425.58584132955025
-425.8671764217886
-426.1472782168478
-426.4261486593143
-426.7037897895882
-426.9802037387842
-427.2553927234442
-427.5293590400886
-427.80210505963555
-428.07363322171136
-428.343946028878
-428.6130460408001
-428.8809358683718
-429.147618167827
-429.41309563485515
-429.67737099874535
-429.9404470165789
-430.2023264674906
-430.46301214701384
-430.72250686152597
-430.9808134228035
-431.23793464269625
-431.4938733279271
-431.7486322750217
-432.0022142653704
-432.2546220604288
-432.5058583970633
-432.755925983048
-433.0048274927169
-433.2525655627785
-433.4991427882949
-433.7445617188307
-433.9888248547702
-434.2319346438019
-434.4738934775726
-434.7147036885101
-434.9543675468142
-435.19288725761385
-435.4302649582894
-435.6665027159554
-435.9016025251019
-436.13556630538983
-436.36839589959595
-436.60009307170435
-436.8306595051429
-437.0600968011629
-437.2884064773591
-437.51558996632843
-437.74164861446775
-437.9665836809079
-438.1903963365842
-438.41308766344423
-438.63465865379453
-438.8551102097874
-439.07444314305326
-439.2926581744798
-439.50975593413955
-439.72573696136146
-439.940601704948
-440.1543505235388
-440.36698368611974
-440.5785013726729
-440.78890367496456
-440.998190597463
-441.20636205838105
-441.4134178908355
-441.6193578441182
-441.8241815850713
-442.02788869955816
-442.2304786940251
-442.43195099714853
-442.63230496156416
-442.83153986567663
-443.0296549155462
-443.22664924685046
-443.42252192692126
-443.61727195685376
-443.8108982736828
-444.00339975262364
-444.1947752093754
-444.38502340248783
-444.57414303578594
-444.7621327608424
-444.94899117948785
-445.13471684635147
-445.31930827142355
-445.5027639226348
-445.6850822284498
-445.86626158047034
-446.0463003360444
-446.22519682087636
-446.4029493316359
-446.5795561385628
-446.7550154880671
-446.9293256053263
-447.1024846968792
-447.27449095321685
-447.44534255137637
-447.6150376575422
-447.7835744296601
-447.9509510200671
-448.11716557813793
-448.2822162529503
-448.4461011959677
-448.60881856373976
-448.7703665206252
-448.9307432415378
-449.08994691471685
-449.2479757445192
-449.4048279542292
-449.5605017888872
-449.71499551813645
-449.86830743908445
-450.0204358791723
-450.17137919904394
-450.3211357954108
-450.46970410390554
-450.61708260191995
-450.76326981142233
-450.9082643017498
-451.05206469236987
-451.194669655604
-451.33607791930604
-451.4762882694911
-451.6152995529126
-451.75311067958523
-451.88972062525295
-452.0251284337962
-452.1593332195723
-452.29233416967895
-452.42413054612985
-452.55472168792926
-452.6841070130333
-452.8122860201904
-452.9392582906555
-453.0650234897769
-453.18958136845345
-453.3129317644582
-453.43507460362275
-453.5560099008824
-453.6757377611809
-453.79425838023576
-453.9115720451648
-454.0276791349786
-454.14258012094183
-454.256275566808
-454.3687661289339
-454.4800525562807
-454.5901356903071
-454.6990164647607
-454.80669590537286
-454.913175129461
-455.0184553454453
-455.1225378522852
-455.2254240388395
-455.32711538315357
-455.42761345167924
-455.526919898439
-455.62503646414666
-455.72196497529217
-455.8177073432
-455.91226556307106
-456.00564171302017
-456.0978379531232
-456.18885652448466
-456.27869974833834
-456.3673700251941
-456.45486983404703
-456.54120173166234
-456.6263683519462
-456.7103724054125
-456.79321667875433
-456.87490403452944
-456.9554374109641
-457.0348198218792
-457.11305435674035
-457.19014418083475
-457.2660925355733
-457.3409027389205
-457.41457818595313
-457.4871223495477
-457.55853878119365
-457.6288311119299
-457.6980030533989
-457.76605839901254
-457.83300102522367
-457.89883489289264
-457.96356404874155
-458.027192626889
-458.0897248504582
-458.1511650332493
-458.2115175814663
-458.2707869954836
-458.3289778716355
-458.38609490401427
-458.4421428862627
-458.4971267133485
-458.5510513833108
-458.60392199896955
-458.655743769594
-458.70652201252256
-458.75626215472744
-458.8049697343092
-458.85265040190575
-458.89930992199265
-458.9449541740544
-458.98958915360095
-459.0332209730084
-459.0758558621594
-459.11750016886094
-459.1581603590164
-459.1978430165316
-459.2365548429359
-459.2743026566993
-459.3110933922301
-459.3469340985373
-459.38183193754344
-459.4157941820297
-459.4488282131981
-459.4809415178354
-459.5121416850682
-459.54243640269874
-459.57183345311046
-459.6003407087353
-459.62796612707666
-459.6547177452851
-459.6806036742885
-459.7056320924837
-459.72981123899507
-459.75314940650804
-459.7756549336884
-459.7973361971937
-459.8182016032876
-459.8382595790669
-459.857518563316
-459.8759869970019
-459.89367331343027
-459.9105859280823
-459.92673322815625
-459.9421235618308
-459.95676522727325
-459.9706664614161
-459.9838354285254
-459.99628020858717
-460.0080087855369
-460.0190290353591
-460.0293487140863
-460.03897544573346
-460.04791671020183
-460.0561798311866
-460.0637719641192
-460.0707000841755
-460.07697097438285
-460.0825912138577
-460.0875671662067
-460.0919049681267
-460.09561051823647
-460.0986894661684
-460.1011472019515
-460.10298884571165
-460.10421923771554
-460.1048429287836
-460.1048641710965
-460.1042869094169
-460.103114772746
-460.1013510664313
-460.09899876474645
-460.0960605039683
-460.0925385759762
-460.08843492239765
-460.0837511293218
-460.0784884226011
-460.07264766375437
-460.066229346484
-460.05923359381694
-460.05166015587173
-460.0435084082516
-460.03477735106134
-460.0254656085414
-460.0155714293166
-460.0050926872497
-459.99402688289064
-459.98237114550574
-459.97012223567134
-459.9572765484133
-459.9438301168763
-459.9297786165054
-459.9151173697198
-459.8998413510614
-459.88394519280354
-459.8674231910042
-459.85026931198826
-459.83247719923946
-459.8140401806833
-459.79495127634226
-459.7752032063515
-459.754788399324
-459.7336990010551
-459.7119268835565
-459.6894636544109
-459.6663006664359
-459.64242902765017
-459.61783961153395
-459.5925230675777
-459.5664698321081
-459.53967013938126
-459.51211403293036
-459.48379137715864
-459.45469186916733
-459.4248050508074
-459.39412032093986
-459.36262694788974
-459.3303140820787
-459.2971707688254
-459.26318596130085
-459.22834853362673
-459.1926472941033
-459.15607099855305
-459.1186083637619
-459.08024808100043
-459.04097882960804
-459.00078929062255
-458.9596681604391
-458.9176041644807
-458.87458607086427
-458.8306027040432
-458.78564295840914
-458.7396958118367
-458.6927503391527
-458.64479572551244
-458.59582127966877
-458.54581644711897
-458.49477082311404
-458.4426741655122
-458.38951640746035
-458.3352876698934
-458.27997827383905
-458.2235787525139
-458.1660798631926
-458.10747259883254
-458.04774819943685
-457.9868981631336
-457.92491425695215
-457.86178852727664
-457.79751330996044
-457.73208124008
-457.6654852613093
-457.59771863489425
-457.5287749482019
-457.458648122824
-457.38733242221963
-457.31482245888367
-457.2411132010294
-457.16619997877126
-457.09007848980093
-457.01274480455015
-456.93419537083275
-456.8544270179624
-456.7734369603437
-456.69122280053773
-456.6077825318022
-456.52311454011135
-456.437217605661
-456.35009090386404
-456.2617340058483
-456.1721468784673
-456.0813298838385
-455.98928377842606
-455.89600971168113
-455.80150922425685
-455.70578424580947
-455.6088370923977
-455.51067046349146
-455.4112874386029
-455.3106914735546
-455.20888639640555
-455.10587640306005
-455.00166605258084
-454.89626026223243
-454.78966430228013
-454.68188379056994
-454.5729246869165
-454.46279328732555
-454.3514962180726
-454.23904042965944
-454.12543319066674
-454.01068208151776
-453.89479498816866
-453.7777800957434
-453.65964588212785
-453.5404011115344
-453.42005482805064
-453.298616349182
-453.17609525939963
-453.0525014037031
-452.9278448812048
-452.802136038738
-452.67538546449225
-452.5476039816791
-452.418802642234
-452.28899272055753
-452.15818570730255
-452.02639330320983
-451.8936274129916
-451.75990013926423
-451.62522377653215
-451.48961080522133
-451.3530738857604
-451.2156258527049
-451.0772797088972
-450.9380486196575
-450.7979459069985
-450.6569850438601
-450.5151796483543
-450.37254347801
-450.2290904240077
-450.084834505392
-449.9397898632511
-449.79397075484997
-449.6473915476996
-449.50006671354924
-449.352010822283
-449.20323853570665
-449.05376460121045
-448.90360384529333
-448.7527711669378
-448.6012815308251
-448.4491499603806
-448.2963915306424
-448.14302136094614
-447.9890546074226
-447.8345064553001
-447.6793921110066
-447.5237267940666
-447.3675257287883
-447.2108041357406
-447.05357722301966
-446.8958601773116
-446.7376681547617
-446.5790162716617
-446.4199195949687
-446.2603931326649
-446.1004518239661
-445.94011052938646
-445.7793840206696
-445.6182869705954
-445.4568339426651
-445.2950393806705
-445.13291759815144
-444.97048276775246
-444.80774891048765
-444.6447298849203
-444.48143937626634
-444.3178908854316
-444.1540977179953
-443.99007297315353
-443.8258295326387
-443.66138004963483
-443.49673693771143
-443.3319123597981
-443.16691821722367
-443.00176613884065
-442.8364674702589
-442.6710332632147
-442.5054742650996
-442.33980090867414
-442.1740233019901
-442.0081512185448
-441.84219408769155
-441.6761609853348
-441.51006062493803
-441.3439013488715
-441.1776911201296
-441.0114375144513
-440.845147712872
-440.67882849474023
-440.512486231226
-440.3461268793472
-440.17975597653964
-440.01337863579516
-439.84699954139165
-439.6806229452346
-439.514252663827
-439.34789207588534
-439.1815441206159
-439.0152112966626
-438.848895661733
-438.68259883290926
-438.51632198764406
-438.3500658654394
-438.18383077019877
-438.0176165732474
-437.8514227170104
-437.6852482193363
-437.5190916784464
-437.3529512784913
-437.1868247956996
-437.0207096050986
-436.85460268778303
-436.688500638707
-436.5223996749747
-436.356295644604
-436.1901840357396
-436.0240599862919
-435.85791829398346
-435.6917534267805
-435.52555953368534
-435.3593304558663
-435.1930597380993
-435.02674064049467
-434.86036615048533
-434.69392899505283
-434.52742165316886
-434.36083636842795
-434.19416516184856
-434.0273998448183
-433.8605320321626
-433.6935531553163
-433.52645447558143
-433.35922709745273
-433.1918619819953
-433.02434996025477
-432.85668174667626
-432.68884795250597
-432.52083909914745
-432.35264563144165
-432.18425793084
-432.0156663284456
-431.8468611178978
-431.6778325680766
-431.50857093560353
-431.33906647711274
-431.1693094612674
-430.99929018049625
-430.8289989624268
-430.65842618099305
-430.48756226719615
-430.31639771950177
-430.144923113859
-429.9731291133253
-429.80100647728386
-429.6285460702479
-429.4557388702415
-429.2825759767529
-429.10904861825884
-428.9351481593176
-428.7608661072318
-428.5861941182802
-428.41112400352085
-428.2356477341723
-428.05975744658235
-427.8834454467965
-427.7067042147405
-427.5295264080314
-427.3519048654325
-427.17383260996894
-426.9953028517207
-426.8163089903128
-426.6368446171232
-426.45690351722396
-426.2764796710703
-426.0955672559526
-425.9141606472276
-425.7322544193453
-425.5498433466846
-425.3669224042146
-425.1834867679895
-424.99953181548926
-424.81505312581385
-424.6300464797423
-424.4445078596664
-424.2584334494063
-424.0718196339167
-423.8846629988943
-423.6969603302964
-423.50870861377507
-423.3199050340363
-423.13054697413054
-422.940632014685
-422.75015793309285
-422.55912270267527
-422.36752449182677
-422.17536166315716
-421.98263277264135
-421.7893365687855
-421.59547199181355
-421.4010381728753
-421.20603443327394
-421.0104602837118
-420.81431542355216
-420.61759974009277
-420.4203133078444
-420.22245638780754
-420.024029426735
-419.82503305637096
-419.6254680926517
-419.4253355348614
-419.22463656473786
-419.0233725455277
-418.82154502099087
-418.61915571435424
-418.41620652721525
-418.2126995383932
-418.00863700272515
-417.80402134980426
-417.5988551826612
-417.3931412763886
-417.1868825767064
-416.98008219846537
-416.7727434240832
-416.56486970191185
-416.3564646445324
-416.14753202697824
-415.9380757848848
-415.7281000125667
-415.5176089610172
-415.30660703582265
-415.09509879498677
-414.8830889466521
-414.6705823467077
-414.45758399626897
-414.2440990390182
-414.0301327583956
-413.8156905746304
-413.6007780416016
-413.3854008435159
-413.1695647913925
-412.953275819344
-412.7365399806503
-412.51936344361997
-412.30175248723975
-412.08371349661314
-411.86525295819223
-411.6463774548119
-411.42709366053435
-411.2074083353081
-410.9873283194524
-410.76686052797953
-410.5460119447716
-410.3247896166312
-410.1032006472282
-409.8812521909635
-409.65895144677455
-409.43630565190864
-409.2133220756886
-408.9900080132979
-408.7663707796109
-408.5424177030904
-408.3181561197702
-408.0935933673399
-407.86873677934585
-407.6435936795173
-407.4181713762217
-407.1924771570542
-406.96651828356914
-406.74030198615753
-406.5138354590698
-406.2871258555823
-406.0601802833029
-405.8330057996112
-405.6056094072277
-405.377998049907
-405.15017860825435
-404.92215789566023
-404.6939426543498
-404.46553955154866
-404.2369551757637
-404.0081960331794
-403.7792685441676
-403.5501790399088
-403.32093375912507
-403.09153884492787
-402.8620003417826
-402.63232419258964
-402.40251623588244
-402.1725822031425
-401.94252771622985
-401.71235828493343
-401.48207930464866
-401.2516960541874
-401.0212136937283
-400.79063726291395
-400.55997167910107
-400.3292217357715
-400.098392101106
-399.86748731672594
-399.6365117966078
-399.4054698261742
-399.17436556156315
-398.9432030290744
-398.7119861247928
-398.48071861438336
-398.2494041330523
-398.0180461856679
-397.7866481470386
-397.555213262346
-397.3237446477327
-397.09224529104165
-396.8607180527059
-396.62916566678894
-396.3975907421735
-396.1659957638957
-395.9343830946149
-395.70275497621367
-395.47111353152
-395.23946076614345
-395.0077985704178
-394.77612872144425
-394.5444528852312
-394.31277261892944
-394.0810893731667
-393.849404494484
-393.6177192278791
-393.3860347194635
-393.154352019238
-392.9226720839855
-392.6909957802808
-392.4593238876099
-392.22765710159445
-391.99599603731883
-391.76434123276056
-391.53269315232217
-391.3010521904647
-391.06941867543935
-390.8377928731118
-390.60617499087476
-390.37456518164055
-390.14296354790514
-389.91137014587713
-389.67978498966505
-389.44820805551564
-389.21663928609297
-388.98507859478815
-388.75352587004664
-388.5219809796975
-388.2904437752707
-388.0589140962882
-387.8273917745144
-387.5958766381521
-387.364368515973
-387.13286724136907
-386.90137265631284
-386.6698846152129
-386.43840298865126
-386.2069276669957
-385.97545856388007
-385.7439956195488
-385.51253880405676
-385.2810881203157
-385.0496436069764
-384.8182053411363
-384.5867734408619
-384.3553480675167
-384.123929427881
-383.8925177760537
-383.6611134151279
-383.4297166986374
-383.19832803177025
-382.96694787235066
-382.73557673159195
-382.5042151746232
-382.2728638207962
-382.0415233437805
-381.81019447145655
-381.57887798562143
-381.3475747215228
-381.1162855672381
-380.8850114629193
-380.6537533999229
-380.42251241984405
-380.19128961346934
-379.96008611966573
-379.7289031242265
-379.4977418586944
-379.266603599185
-379.03548966523095
-378.80440141866285
-378.57334026254176
-378.3423076401512
-378.11130503405303
-377.8803339652098
-377.64939599217433
-377.4184927103427
-377.1876257512643
-376.9567967819997
-376.72600750451676
-376.49525965511504
-376.26455500386857
-376.03389535407797
-375.80328254172065
-375.5727184348878
-375.3422049331969
-375.11174396716825
-374.8813374975519
-374.65098751459055
-374.420696037206
-374.19046511210064
-373.96029681276724
-373.73019323840236
-373.50015651272025
-373.27018878266637
-373.0402922170349
-372.81046900499655
-372.5807213545402
-372.3510514908314
-372.12146165449326
-371.891954099817
-371.6625310929105
-371.43319490978797
-371.20394783440474
-370.97479215664384
