8.289286580514876
8.394583990102435
8.500039297803925
8.605651840508935
8.711420963248097
8.817346020120853
8.92342637517817
9.029661403258022
9.136050490771634
9.242593036438546
9.34928845196861
9.456136162689239
9.563135608116339
9.670286242467567
9.777587535116636
9.885038970987495
9.992640050887303
10.100390291777188
10.208289226979844
10.316336406323119
10.424531396218898
10.532873779676693
10.641363156251531
10.749999141925828
10.858781368925182
10.967709485468195
11.076783155450574
11.186002058063938
11.295365887349865
11.40487435168989
11.514527173232315
11.6243240872569
11.73426484147854
11.84434919529108
11.954576918952462
12.064947792712452
12.175461605884458
12.28611815586293
12.396917247088078
12.507858689959614
12.618942299701368
12.730167895178846
12.841535297671935
12.953044329605174
13.064694813238003
13.176486569317614
13.28841941569706
13.400493165921402
13.512707627784776
13.625062601861243
13.737557880012345
13.850193243874344
13.96296846332821
14.075883294955432
14.188937480482906
14.302130745220255
14.41546279649292
14.528933322074424
14.642541988621263
14.756288440113751
14.87017229630624
14.984193151189974
15.098350571471986
15.212644095073333
15.32707322964986
15.441637451138709
15.556336202333702
15.671168891492703
15.786134890979945
15.90123353594631
16.016464123050405
16.131825909223004
16.247318110477345
16.362939900767692
16.478690410898643
16.59456872748768
16.710573891983326
16.826704899741284
16.94296069916079
17.059340190883614
17.17584222705808
17.292465610670273
17.409209094944483
17.526071382814962
17.643051126470937
17.760146926976518
17.877357333966913
17.99468084542211
18.112115907519055
18.229660914563155
18.347314208999848
18.465074081506774
18.582938771167054
18.700906465723907
18.818975301916925
18.93714336590016
19.055408693742056
19.17376927200711
19.292223038419042
19.410767882605246
19.529401646921933
19.648122127359464
19.76692707452724
19.885814194717618
20.004781151048114
20.12382556468102
20.24294501611947
20.36213704657893
20.48139915943295
20.600728821731987
20.72012346579424
20.8395804908674
20.95909726485993
21.07867112614036
21.19829938540286
21.31797932759724
21.43770821392161
21.557483283875513
21.677301757371225
21.79716083690093
21.917057709757557
22.03698955030717
22.156953522310715
22.27694678129282
22.39696647695502
22.517009755630657
22.6370737627787
22.757155645513738
22.877252555169324
22.997361649891648
23.117480097260486
23.23760507693456
23.357733783318203
23.47786342824623
23.597991243683715
23.7181144844372
23.838230430873757
23.958336391643947
24.07842970640457
24.198507748537004
24.318567927857156
24.438607693313212
24.55862453566753
24.67861599015917
24.798579639143565
24.918513114705785
25.038414101243557
25.158280338016294
25.278109621656412
25.397899808639423
25.51764881770943
25.637354632256873
25.75701530264523
25.8766289484832
25.996193760839063
26.115708004393966
26.235170019531054
26.354578224357187
26.47393111665416
26.59322727575635
26.712465364351505
26.831644130201557
26.950762407780406
27.0698191198256
27.18881327880114
27.307743988269003
27.426610444167117
27.545411935991574
27.664147847880876
27.782817659600305
27.901420947424775
28.01995738491859
28.13842674361043
28.256828893562126
28.3751638038301
28.49343154281865
28.61163227852452
28.72976627867251
28.847833910741652
28.965835641881423
29.083772038717594
29.2016437670475
29.319451591424496
29.43719637463144
29.554879077043495
29.672500755880606
29.790062564350166
29.907565750680476
30.025011657046008
30.142401718385376
30.25973746111322
30.377020501727404
30.494252545313376
30.61143538394771
30.728570895002694
30.845661039354045
30.96270785949395
31.079713477551742
31.196680093224764
31.31360998162217
31.430505491024583
31.54736904056268
31.664203117818012
31.7810102763493
31.897793133147736
32.01455436602479
32.13129671093598
32.248022959244175
32.36473595492573
32.48143859172238
32.59813381024209
32.714824595012246
32.83151397148883
32.94820500302539
33.064900787805826
33.181604455745244
33.29831916536314
33.415048100633
33.5317944678127
33.648561492259674
33.765352415234716
33.88217049069847
33.999018982104886
34.11590115919596
34.23282029480184
34.349779661650345
34.466782529189736
34.58383216042886
34.70093180879842
34.818084715036825
34.93529410410434
35.0525631821292
35.16989513338941
35.28729311733374
35.40476026564519
35.522299679350134
35.63991442597588
35.757607536759075
35.87538200390721
35.99324077791524
36.11118676493913
36.22922282422831
36.347351765618946
36.46557634708989
36.58389927238318
36.7023231886904
36.82085068440625
36.93948428695012
37.05822646065636
37.17707960473345
37.29604605129279
37.41512806344801
37.53432783348566
37.65364748110804
37.77308905174854
37.892654514960185
38.0123457628774
38.13216460875137
38.25211278555909
38.372191944686136
38.49240365468288
38.612749400094096
38.733230580361784
38.853848508801356
38.97460441165126
39.09549942719608
39.216534604962966
39.33771090499105
39.45902919717336
39.58049026067116
39.702094783400675
39.82384336159229
39.9457364994224
40.06777460871823
40.18995800873578
40.31228692601096
40.434761494283784
40.55738175449498
40.68014765485479
40.803059050983265
40.92611570612148
41.049317291413544
41.172663386259714
41.29615347874049
41.4197869661118
41.54356315537113
41.6674812638942
41.79154042014186
41.915739664436884
42.04007794981048
42.164554142917765
42.289167025021854
42.41391529304558
42.53879756068925
42.66381235961244
42.78895814067737
42.91423327525171
43.03963605656843
43.16516470114055
43.29081735022873
43.41659207136001
43.54248685989551
43.668499640645614
43.79462826953095
43.92087053528797
44.04722416121739
44.173686806974096
44.30025607039652
44.426929489374
44.553704543749966
44.680578657259495
44.80754919949993
44.93461348793386
45.06176878992392
45.18901232479874
45.316341265949404
45.44375274295555
45.5712438437406
45.69881161675528
45.82645307318893
45.9541651892078
46.081944908218816
46.209789143157195
46.33769477879616
46.465658674076735
46.59367766445513
46.721748564265454
46.849868169095714
46.97803325817518
47.10624059677111
47.23448693859337
47.36276902820516
47.49108360343747
47.61942739780546
47.747797142924306
47.8761895709219
48.00460141684619
48.13302942106487
48.261470331655126
48.38992090678125
48.51837791705794
48.64683814789675
48.77529840183269
48.90375550082832
49.03220628855235
49.16064763263002
49.28907642686262
49.417489593413976
49.54588408496092
49.67425688680579
49.80260501894897
49.93092553811972
50.05921553976431
50.18747215998992
50.31569257746294
50.443874015259794
50.57201374266943
50.70010907694605
50.82815738501081
50.95615608510094
51.084102648365004
51.211994600402775
51.339829522748595
51.46760505429679
51.59531889266744
51.72296879551046
51.85055258174631
51.97806813274192
52.10551339342074
52.232886373306336
52.36018514749886
52.48740785758357
52.614552712470605
52.741617989165796
52.868602033471824
52.995503260618726
53.122320155822784
53.249051274772874
53.37569524404338
53.502250761433025
53.628716596229054
53.755091589396415
53.88137465369212
54.00756477370575
54.133661005827065
54.25966247814145
54.38556839025384
54.51137801304148
54.63709068833603
54.762705828534735
54.88822291614102
55.013641503234595
55.13896121087126
55.264181728412694
55.38930281278678
55.51432428767899
55.63924604265557
55.76406803221877
55.88879027479399
56.01341285164884
56.1379359057436
56.26235964051333
56.38668431858199
56.51091026040931
56.635037842871135
56.759067497774346
56.88299971030799
57.00683501743189
57.130574006203894
57.25421731204691
57.377765616956346
57.501219647648306
57.62458017364927
57.74784800532817
57.87102399187186
57.99410901920519
58.1171040078572
58.24000991077535
58.36282771109078
58.48555841983748
58.608203073628296
58.73076273229018
58.853238476461264
58.975631405151866
59.09794263327175
59.22017328912567
59.34232451187994
59.4643974490031
59.58639325368431
59.70831308223323
59.83015809146535
59.95192943607627
60.07362826600858
60.195255723813986
60.31681294201404
60.4383010404632
60.55972112371738
60.681074278410264
60.80236157063955
60.92358404336464
61.04474271381751
61.16583857092773
61.286872572762874
61.407845643985624
61.52875867332902
61.64961251109115
61.770407966651064
61.89114580600845
62.01182674934965
62.13245146864232
62.25302058526102
62.37353466764642
62.493994229000855
62.614399725023354
62.734751551686934
62.855050043060594
62.9752954691786
63.09548803396
63.21562787318134
63.33571505250523
63.45574956556839
63.57573133213241
63.69566019630053
63.81553592480338
63.93535820535629
64.05512664509007
64.1748407690576
64.29450001881838
64.41410375110371
64.53365123656476
64.65314165860678
64.77257411231199
64.8919476034539
65.01126104760596
65.13051326934772
65.24970300157287
65.36882888490248
65.48788946720725
65.60688320324192
65.72580845439467
65.84466348855341
65.96344648009045
66.08215550996778
66.20078856596507
66.3193435430324
66.43781824376953
66.55621037903387
66.67451756867871
66.79273734242264
66.91086714085105
67.0289043165489
67.14684613536411
67.2646897777999
67.38243234053363
67.5000708380598
67.6176022044545
67.73502329525871
67.8523308894778
67.96952169169379
68.0865923342867
68.2035393797612
68.32035932317399
68.43704859465754
68.55360356203516
68.67002053352303
68.78629576051515
68.9024254404477
69.01840571973912
69.13423269680278
69.24990242512946
69.36541091643677
69.48075414388212
69.59592804533601
69.71092852671235
69.82575146535204
69.9403927134555
70.05484810155976
70.16911344205563
70.28318453274007
70.39705716039897
70.51072710441578
70.62419014040115
70.73744204383839
70.8504785937384
70.96329557629834
71.07588878855775
71.18825404204729
71.3003871664251
71.41228401309748
71.52394045882188
71.63535240928998
71.7465158026891
71.857426613241
71.9680808547168
72.07847458392833
72.18860390419566
72.29846496879061
72.4080539843555
72.51736721429718
72.626400982156
72.73515167494834
72.84361574648138
72.95178972063873
73.05967019463465
73.16725384223362
73.27453741693184
73.38151775509654
73.48819177905888
73.59455650015651
73.70060902172146
73.80634654200914
73.91176635706508
74.01686586352584
74.12164256135055
74.22609405647928
74.33021806341459
74.43401240772315
74.53747502845377
74.64060398046846
74.74339743668318
74.84585369021593
74.94797115643942
75.04974837493612
75.1511840113528
75.25227685915192
75.35302584125733
75.45343001159208
75.55348855650627
75.65320079609339
75.75256618539319
75.85158431547913
75.95025491442797
76.04857784817008
76.14655312121906
76.24418087727983
76.34146139973492
76.43839511200835
76.53498257780697
76.63122450123817
76.72712172680266
76.82267523926211
76.91788616338053
77.01275576353893
77.10728544322225
77.20147674437746
77.29533134664152
77.38885106643826
77.48203785594316
77.57489380191461
77.66742112439087
77.75962217525225
77.85149943664962
77.94305551930049
78.03429316065396
78.12521522292602
78.21582469100562
78.30612467023306
78.39611838405116
78.48580917153001
78.57520048476565
78.6642958861539
78.75309904553976
78.84161373724223
78.9298438369535
79.01779331851193
79.10546625054857
79.19286679300782
79.2799991935444
79.3668677837978
79.45347697554686
79.53983125674742
79.62593518745663
79.71179339564819
79.79741057292219
79.88279147011437
79.96794089280931
80.05286369676318
80.13756478324112
80.22204909427384
80.30632160783838
80.3903873329684
80.47425130479994
80.55791857955884
80.64139422949617
80.72468333777735
80.80779099333049
80.89072228565837
80.97348229961833
81.05607611017373
81.13850877712136
81.22078533979945
81.30291081178197
81.38489017556364
81.46672837724063
81.54843032119274
81.63000086477311
81.7114448130121
81.79276691334131
81.87397185034295
81.95506424052984
82.03604862716075
82.11692947509538
82.19771116569267
82.27839799175773
82.3589941525414
82.4395037487967
82.51993077789562
82.60027912901067
82.68055257836566
82.7607547845606
82.84088928397601
82.92095948626262
83.00096866992202
83.08091997798418
83.16081641378786
83.24066083687067
83.32045595897544
83.40020434017934
83.47990838515305
83.55957033955609
83.63919228657504
83.71877614361107
83.7983236591234
83.87783640963515
83.95731579690731
84.03676304528697
84.11617919923548
84.1955651210411
84.27492148872169
84.35424879412231
84.43354734121202
84.51281724458339
84.59205842815958
84.67127062411235
84.75045337199366
84.82960601808303
84.90872771495377
84.98781742126037
85.06687390174851
85.14589572748865
85.22488127633379
85.30382873360075
85.38273609297345
85.46160115762551
85.54042154155955
85.61919467116012
85.6979177869574
85.77658794559771
85.85520202201631
85.93375671180796
86.01224853378959
86.09067383274974
86.16902878237794
86.2473093883675
86.32551149168533
86.40363077200094
86.48166275126765
86.55960279744941
86.63744612838637
86.71518781579367
86.79282278938761
86.87034584113484
86.94775162962115
87.02503468453686
87.10218941127583
87.17921009564598
87.2560909086885
87.33282591160285
87.40940906077468
87.48583421290412
87.56209513023246
87.63818548586504
87.71409886918921
87.7898287913864
87.86536869103632
87.94071193981254
88.0158518482683
88.09078167171127
88.16549461616522
88.23998384441585
88.3142424821384
88.38826362410303
88.46204034045353
88.53556568305417
88.60883269190002
88.68183440158553
88.75456384782693
88.82701407403214
88.89917813791156
88.97104911812288
89.04262012094283
89.11388428695885
89.18483479777284
89.25546488270992
89.32576782552506
89.39573697109948
89.465365732118
89.53464759571874
89.60357613010522
89.6721449911115
89.74034792871076
89.80817879345864
89.87563154286136
89.94270024765945
90.00937909801712
90.07566240960784
90.14154462958595
90.20702034243493
90.27208427568348
90.3367313054813
90.40095646202724
90.46475493484274
90.52812207788315
90.59105341448117
90.653544642116
90.71559163700249
90.77719045849494
90.83833735330074
90.89902875949917
90.9592613103622
91.01903183797413
91.07833737664691
91.13717516612849
91.19554265460135
91.25343750146965
91.3108575799339
91.36780097935343
91.424266007396
91.4802511919753
91.53575528297779
91.59077725377938
91.64531630255226
91.6993718533613
91.75294355705023
91.80603129191968
91.85863516419829
91.91075550830931
91.96239288693516
92.01354809088241
92.06422213874885
92.11441627639431
92.16413197621603
92.21337093622958
92.26213507895602
92.31042655011652
92.3582477171359
92.40560116745723
92.4524897066699
92.4989163564536
92.5448843523402
92.59039714129563
92.63545837912534
92.6800719277071
92.72424185205534
92.76797241722102
92.81126808503097
92.85413351067007
92.89657353910911
92.93859320138267
92.98019771072029
93.02139245853539
93.06218301027593
93.10257510114081
93.14257463166552
93.18218766318103
93.22142041314942
93.26027925037886
93.29877069012002
93.3369013890458
93.3746781401154
93.41210786732393
93.44919762033874
93.48595456902433
93.52238599785812
93.55849930024067
93.59430197270387
93.62980160902055
93.66500589421776
93.69992259849619
93.73455957105773
93.76892473384339
93.803026075184
93.83687164336709
93.87046954012328
93.90382791403567
93.93695495387601
93.96985888187135
94.00254794690522
94.03503041765748
94.06731457568605
94.09940870845423
94.13132110230742
94.16306003540353
94.1946337706014
94.22605054831217
94.25731857931953
94.288446037575
94.31944105297532
94.35031170412981
94.38106601112565
94.41171192829916
94.44225733702069
94.47271003850176
94.50307774663213
94.53336808085521
94.56358855908957
94.59374659070409
94.62384946955422
94.65390436708753
94.6839183255264
94.71389825113556
94.74385090758187
94.77378290939305
94.80370071552136
94.83361062301879
94.8635187608296
94.89343108370645
94.92335336625604
94.95329119712085
94.98324997330224
95.01323489463175
95.04325095839727
95.07330295413021
95.10339545856004
95.13353283074207
95.16371920736526
95.19395849824639
95.22425438201708
95.25461030200984
95.28502946234914
95.31551482425368
95.3460691025549
95.37669476243786
95.4073940164102
95.4381688215052
95.46902087672493
95.4999516207289
95.53096222977331
95.56205361590469
95.59322642541144
95.62448103753684
95.65581756345739
95.68723584553129
95.71873545682001
95.75031570088595
95.78197561186869
95.81371395484223
95.84552922645537
95.87741965585701
95.90938320590658
95.94141757467003
95.97352019720029
96.0056882475991
96.03791864135644
96.07020803796354
96.10255284379434
96.13494921525
96.16739306216073
96.1998800514391
96.23240561097907
96.264964933795
96.29755298239343
96.33016449336981
96.36279398222155
96.39543574836875
96.42808388037486
96.46073226135923
96.49337457459387
96.52600430927669
96.55861476647385
96.59119906522517
96.62375014880524
96.65626079113349
96.68872360332603
96.72113104038272
96.75347540800306
96.78574886952481
96.81794345297908
96.85005105825462
96.88206346436425
96.91397233680573
96.94576923500938
96.97744561986462
97.00899286131676
97.04040224602522
97.07166498507456
97.10277222172988
97.13371503922951
97.16448446860738
97.1950714965376
97.22546707319475
97.25566212012313
97.28564753810838
97.3154142150446
97.34495303379072
97.37425488000952
97.4033106499835
97.4321112584015
97.4606476461106
97.48891078782754
97.51689169980307
97.54458144743217
97.57197115280246
97.59905200217395
97.62581525338248
97.65225224315986
97.67835439436215
97.70411322309894
97.72952034575631
97.75456748590544
97.77924648108988
97.8035492894844
97.82746799641767
97.85099482075121
97.8741221211062
97.8968424019307
97.91914831940072
97.94103268714854
97.96248848181152
97.983508848396
98.00408710545206
98.02421675005495
98.04389146258994
98.06310511133778
98.08185175685797
98.10012565616772
98.11792126671513
98.13523325014499
98.15205647585525
98.16838602434255
98.18421719033596
98.19954548571762
98.21436664223039
98.22867661397173
98.24247157967328
98.25574794476596
98.26850234323113
98.28073163923897
98.29243292857562
98.30360353986144
98.31424103556263
98.3243432127989
98.33390810395018
98.34293397706539
98.351419336077
98.359362920826
98.36676370690155
98.37362090529972
98.3799339619054
98.38570255680177
98.39092660341144
98.39560624747354
98.39974186586129
98.4033340652437
98.40638368059489
98.40889177355426
98.41085963064039
98.41228876132219
98.41318089595107
98.4135379835577
98.4133621895164
98.41265589308124
98.41142168479688
98.40966236378823
98.40738093493256
98.40458060591787
98.40126478418959
98.39743707378703
98.3931012720709
98.38826136634326
98.38292153036103
98.37708612074321
98.37075967327347
98.36394689909967
98.35665268083197
98.34888206853996
98.3406402756493
98.33193267473756
98.32276479322876
98.31314230898782
98.30307104581514
98.29255696884273
98.28160617983222
98.27022491237595
98.2584195270026
98.24619650618898
98.233562449279
98.22052406731108
98.20708817775436
98.19326169915551
98.17905164569719
98.16446512167077
98.14950931586723
98.13419149589002
98.11851900239445
98.10249924325863
98.08613968769201
98.06944786028781
98.05243133502721
98.03509772924222
98.01745469754438
97.99950992572666
97.98127112464634
97.96274602409663
97.94394236667561
97.92486790166139
97.9055303789015
97.8859375427255
97.86609712588812
97.84601684355208
97.82570438731862
97.80516741931307
97.78441356633208
97.76345041405999
97.74228550136114
97.72092631465544
97.69938028238492
97.67765476957912
97.65575707252684
97.63369441355995
97.61147393595478
97.58910269895613
97.56658767292889
97.54393573464141
97.52115366268502
97.49824813303313
97.47522571474245
97.45209286579812
97.42885592910294
97.40552112860959
97.38209456559397
97.35858221506768
97.33498992232668
97.3113233996331
97.28758822302788
97.26378982927176
97.23993351291264
97.21602442347793
97.19206756279092
97.16806778241002
97.14402978118957
97.11995810296159
97.09585713433725
97.07173110262815
97.0475840738869
97.02341995106687
96.99924247229987
96.97505520929016
96.95086156582315
96.92666477638656
96.90246790490184
96.87827384356407
96.85408531179027
96.82990485527702
96.8057348451691
96.78157747734005
96.75743477178693
96.73330857214111
96.70920054529697
96.68511218116052
96.6610447925211
96.63699951504927
96.61297730742464
96.58897895159711
96.56500505318579
96.54105604201933
96.51713217282176
96.49323352604776
96.46936000887158
96.44551135633318
96.42168713264547
96.39788673266614
96.37410938353784
96.3503541464996
96.32661991887264
96.30290543622343
96.27920927470629
96.25552985358703
96.23186543794938
96.20821414158556
96.1845739300721
96.16094262403098
96.13731790257597
96.11369730694341
96.09007824430509
96.06645799176007
96.04283370050038
96.01920240014576
95.99556100324239
95.97190630991972
95.94823501269954
95.92454370144966
95.90082886847549
95.87708691374311
95.85331415022674
95.82950680937276
95.80566104667318
95.78177294734004
95.75783853207324
95.73385376291432
95.7098145491801
95.68571675346888
95.66155619773266
95.63732866940856
95.61302992760349
95.58865570932525
95.56420173575324
95.5396637185423
95.51503736615334
95.49031839020435
95.46550251183541
95.44058546808114
95.41556301824389
95.39043095026065
95.36518508705578
95.33982129287173
95.31433547956917
95.28872361288708
95.26298171865287
95.23710588893275
95.21109228811312
95.18493715890426
95.15863682825747
95.132187713187
95.10558632648755
95.0788292823382
95.05191330178272
95.02483521807764
94.99759198189972
94.97018066640484
94.94259847213047
94.91484273173316
94.88691091455357
94.85880063100123
94.83050963675245
94.80203583675572
94.7733772890393
94.74453220831637
94.71549896938299
94.68627611030419
94.65686233538574
94.62725651793036
94.59745770277638
94.56746510861623
94.53727813009309
94.50689633967417
94.47631948929958
94.4455475118053
94.41458052211917
94.38341881822916
94.35206288192293
94.3205133792986
94.2887711610476
94.25683726251108
94.22471290351208
94.19239948796584
94.15989860327144
94.12721201948781
94.09434168829748
94.06128974176167
94.02805849087017
93.99465042388906
93.96106820451004
93.92731466980555
93.8933928279931
93.85930585601281
93.825057096922
93.79065005711001
93.7560884033372
93.72137595960177
93.68651670383869
93.65151476445473
93.61637441670425
93.58110007891057
93.545696308538
93.51016779811934
93.47451937104356
93.43875597720816
93.40288268854064
93.3669046943929
93.33082729681196
93.29465590568925
93.25839603379116
93.22205329167282
93.18563338247789
93.14914209662716
93.11258530640039
93.07596896041566
93.03929907801087
93.00258174353219
92.96582310053505
92.92902934590275
92.89220672388804
92.85536152008258
92.8185000553196
92.7816286795149
92.74475376545122
92.70788170251122
92.6710188903631
92.63417173260423
92.5973466303678
92.56054997589884
92.52378814610638
92.48706749609842
92.45039435270662
92.41377500800839
92.37721571285427
92.34072267040808
92.30430202970622
92.26795987924284
92.23170224058659
92.19553506203438
92.15946421230747
92.12349547429592
92.08763453885804
92.05188699868184
92.01625834221575
91.9807539476753
91.94537907713193
91.91013887069035
91.87503834076081
91.84008236643292
91.8052756879576
91.77062290134445
91.73612845308146
91.701796634985
91.6676315791885
91.63363725327856
91.59981745558703
91.5661758106473
91.53271576482298
91.49944058211652
91.46635334016533
91.43345692643295
91.40075403460192
91.36824716117492
91.3359386022898
91.30383045075287
91.27192459329463
91.24022270805206
91.20872626228045
91.17743651029782
91.14635449166515
91.11548102960474
91.08481672965827
91.05436197858587
91.02411694350708
90.99408157128467
90.96425558815174
90.93463849958285
90.90522959040943
90.8760279251796
90.84703234876129
90.81824148718711
90.78965374873833
90.76126732526537
90.7330801937406
90.70509011803888
90.67729465094074
90.64969113635398
90.62227671174863
90.59504831080001
90.56800266623425
90.54113631287062
90.51444559085446
90.48792664907428
90.4615754487556
90.43538776722365
90.40935920182729
90.3834851740174
90.35776093357283
90.33218156296842
90.30674198187872
90.28143695181184
90.2562610808672
90.23120882861184
90.20627451107038
90.18145230582417
90.15673625721621
90.13212028165862
90.10759817303853
90.08316360821772
90.0588101526202
90.0345312659021
90.01032030769846
89.98617054344214
89.96207515025088
89.93802722287847
89.91401977972504
89.89004576890096
89.86609807433939
89.84216952195203
89.81825288582314
89.79434089443731
89.77042623693609
89.74650156939919
89.72255952114534
89.69859270104706
89.67459370385262
89.65055511650763
89.62646952446886
89.60232951800373
89.57812769846856
89.5538566845575
89.52950911851354
89.50507767229402
89.48055505368205
89.45593401233674
89.43120734577491
89.40636790527736
89.38140860171319
89.3563224112757
89.33110238112494
89.30574163493299
89.28023337832707
89.25457090422475
89.22874759805524
89.20275694286153
89.17659252427842
89.15024803538137
89.12371728140175
89.09699418430438
89.07007278722386
89.04294725875656
89.01561189710475
88.98806113406971
88.96028953889032
88.93229182192516
88.90406283817646
88.8755975906551
88.84689123358572
88.81793907545028
88.78873658186995
88.75927937832495
88.7295632527119
88.69958415773948
88.66933821316326
88.6388217078607
88.60803110174737
88.57696302753635
88.5456142923436
88.5139818791427
88.48206294807238
88.44985483759996
88.41735506554363
88.38456132995572
88.35147150986933
88.31808366591014
88.284396040775
88.250407059579
88.21611533007245
88.1815196427296
88.14661897071113
88.11141246970186
88.07589947762455
88.04007951423108
88.00395228057192
87.9675176583442
87.93077570911913
87.89372667344975
87.8563709698605
87.81870919372074
87.78074211600398
87.74247068193466
87.70389600952382
87.66501938799598
87.62584227611086
87.58636630038342
87.54659325320603
87.50652509087551
87.46616393152776
87.42551205298155
87.38457189049238
87.34334603441737
87.30183722779115
87.26004836381394
87.21798248325335
87.1756427717625
87.13303255711666
87.0901553063707
87.04701462293887
87.00361424359896
86.95995803542205
86.91604999262942
86.87189423337809
86.8274949964762
86.78285663802914
86.73798362801749
86.69288054680855
86.64755208160231
86.60200302281275
86.55623826038611
86.51026278005763
86.46408165954863
86.41770006470635
86.37112324558841
86.32435653249324
86.2774053319386
86.23027512258902
86.18297145113358
86.13549992811481
86.08786622371001
86.04007606346651
85.99213522399286
85.94404952860786
85.8958248429497
85.84746707054744
85.79898214835798
85.7503760422715
85.70165474258879
85.65282425947446
85.60389061838946
85.55485985550597
85.5057380131065
85.4565311349691
85.40724526174056
85.35788642629943
85.30846064911024
85.2589739335704
85.20943226135186
85.15984158773976
85.11020783697022
85.06053689757032
85.01083461770297
84.96110680051986
84.91135919952585
84.86159751395876
84.8118273841881
84.7620543871373
84.71228403173329
84.66252175438756
84.61277291451249
84.56304279007786
84.51333657321145
84.46365936584839
84.41401617543367
84.36441191068188
84.31485137739733
84.26533927435767
84.2158801892638
84.16647859475918
84.11713884452107
84.06786516942535
84.01866167378651
83.96953233167326
83.9204809833009
83.87151133150181
83.82262693827525
83.77383122141819
83.7251274512387
83.67651874735432
83.62800807557849
83.5795982448989
83.53129190455107
83.48309154119036
83.43499947616627
83.38701786290281
83.33914868438924
83.2913937507848
83.24375469714121
83.19623298124739
83.14882988160096
83.10154649551126
83.05438373733855
83.00734233687334
82.9604228378603
82.91362559667212
82.86695078113749
82.8203983695287
82.77396814971351
82.72765971847551
82.68147248100664
82.63540565057568
82.58945824837534
82.54362910355078
82.49791685341202
82.45231994383076
82.40683662982227
82.36146497631253
82.31620285909074
82.27104796594702
82.22599779799535
82.18104967118134
82.13620071797519
82.0914478892494
82.04678795634109
82.00221751329869
81.95773297931365
81.91333060133823
81.86900645689028
81.8247564570461
81.78057634962252
81.73646172254851
81.69240800742742
81.64841048329006
81.60446428053879
81.5605643850819
81.51670564265763
81.472882763346
81.42909032626736
81.38532278446556
81.34157446997372
81.29783959905959
81.25411227764724
81.2103865069121
81.16665618904575
81.12291513318588
81.07915706150517
81.03537561545274
80.99156436214186
80.94771680087685
80.90382636981145
80.85988645272927
80.81589038593576
80.77183146524978
80.72770295308216
80.68349808558914
80.63921007988871
80.5948321413289
80.55035747079593
80.50577927205087
80.46109075908272
80.4162851634667
80.37135574171579
80.32629578261471
80.28109861452664
80.23575761266387
80.19026620631281
80.14461788600399
80.0988062106177
80.05282481441544
80.00666741398835
79.9603278151135
79.91379991950932
79.86707773148181
79.82015536445398
79.77302704737043
79.72568713096997
79.67813009391911
79.63035054880096
79.58234324795434
79.53410308915763
79.48562512115213
79.43690454899912
79.38793673926445
79.33871722502433
79.28924171068765
79.23950607663029
79.18950638363732
79.13923887714908
79.08869999130731
79.03788635279786
78.98679478448754
78.93542230885272
78.88376615119752
78.83182374266052
78.7795927230094
78.72707094322244
78.67425646785513
78.62114757719043
78.56774276917078
78.51404076111
78.46004049118405
78.40574111970047
78.3511420301469
78.29624283001966
78.2410433514341
78.18554365151876
78.12974401259466
78.07364494214109
78.01724717254889
77.96055166066164
77.90355958710508
77.84627235540542
77.78869159089642
77.73081913941589
77.67265706579214
77.61420765212053
77.55547339583053
77.49645700754435
77.43716140872846
77.3775897291406
77.31774530407495
77.25763167140917
77.1972525684564
77.13661192862514
77.0757138778904
77.0145627310801
76.95316298798116
76.89151932926973
76.82963661227063
76.76751986655074
76.70517428935113
76.6426052408633
76.57981823935427
76.5168189561465
76.45361321045834
76.39020696411148
76.32660631611202
76.26281749711188
76.19884686375758
76.13470089293298
76.07038617590285
76.00590941236317
75.94127740440479
75.87649705039678
75.81157533879514
75.74651934188239
75.68133620944388
75.61603316238643
75.55061748630442
75.48509652499843
75.41947767395095
75.3537683737643
75.28797610356628
75.22210837438934
75.15617272252882
75.09017670288699
75.02412788230902
74.95803383291707
74.89190212544872
74.82574032260584
74.75955597242057
74.69335660164575
74.62714970917705
74.5609427595142
74.4947431762688
74.42855833572685
74.36239556047451
74.29626211309505
74.23016518994564
74.16411191502249
74.09810933392288
74.03216440791147
73.9662840080976
73.90047490972978
73.83474378661191
73.76909720564498
73.70354162149766
73.63808337140841
73.57272867012153
73.50748360495919
73.4423541310311
73.37734606658336
73.31246508848784
73.2477167278733
73.18310636589894
73.11863922967194
73.0543203883107
72.99015474915522
72.92614705412647
72.86230187623612
72.798623616249
72.73511649950005
72.67178457286711
72.60863170190218
72.5456615681242
72.48287766647609
72.4202833029489
72.35788159237659
72.29567545640502
72.23366762163907
72.17186061797115
72.11025677709533
72.04885823121087
71.98766691191922
71.92668454931872
71.86591267130045
71.80535260304775
71.74500546674174
71.68487218147412
71.62495346336787
71.5652498259061
71.50576158046896
71.44648883707883
71.38743150535298
71.32858929566304
71.26996172050018
71.21154809604387
71.15334754393119
71.09535899322348
71.03758118256756
70.98001266254788
70.92265179822537
70.86549677185836
70.8085455858005
70.75179606557059
70.6952458630892
70.63889246007658
70.58273317160614
70.5267651498085
70.4709853877208
70.41539072327565
70.35997784342372
70.30474328838385
70.24968345601495
70.1947946063044
70.14007286596699
70.08551423314871
70.0311145822295
69.97686966871889
69.92277513423902
69.86882651158929
69.81501922988683
69.76134861977731
69.70780991871082
69.65439827627789
69.60110875960093
69.54793635877694
69.49487599236737
69.44192251293116
69.38907071259659
69.33631532866814
69.28365104926381
69.23107251897947
69.17857434457623
69.12615110068741
69.0737973355405
69.02150757668919
68.96927633675072
68.91709811914409
68.86496742382307
68.81287875299851
68.76082661684408
68.70880553917998
68.65681006312893
68.60483475673907
68.55287421856717
68.5009230832158
68.44897602681775
68.39702777246023
68.3450730955415
68.29310682905216
68.24112386877394
68.18911917838889
68.13708779449317
68.08502483150974
68.03292548649509
67.98078504383503
67.92859887982482
67.87636246712887
67.82407137911517
67.77172129405895
67.71930799921032
67.6668273947204
67.61427549742078
67.56164844445064
67.50894249672618
67.45615404224705
67.40327959923556
67.3503158191048
67.29725948925247
67.24410753567767
67.1908570254179
67.13750516880427
67.08404932153402
67.03048698656013
66.97681581579818
66.92303361165145
66.869138328356
66.8151280731474
66.76100110725164
66.70675584670354
66.65239086299604
66.59790488356313
66.54329679209886
66.4885656287149
66.4337105899402
66.37873102856597
66.3236264533393
66.26839652850921
66.21304107322769
66.15756006080912
66.1019536178512
66.04622202322011
65.99036570690325
65.93438524873258
65.87828137698224
65.82205496684239
65.76570703877175
65.70923875673108
65.65265142629946
65.59594649267555
65.53912553856546
65.48219028195862
65.42514257379352
65.36798439551475
65.31071785652304
65.25334519152003
65.19586875774999
65.13829103214019
65.08061460834065
65.02284219366513
64.96497660593516
64.90702077022948
64.84897771554162
64.79085057134941
64.73264256409934
64.67435701360975
64.61599732939649
64.5575670069247
64.49906962379035
64.44050883583535
64.38188837320084
64.32321203632327
64.26448369187833
64.20570726867888
64.14688675353321
64.0880261870702
64.0291296595383
63.97020130658441
63.911245305018575
63.852265868569894
63.793267243639455
63.7342537050558
63.67522955183781
63.6161991029709
63.55716669320187
63.49813666885725
63.439113383688685
63.380101194748384
63.32110445829729
63.2621275257488
63.203174739650954
63.14425042970955
63.08535890885454
63.02650446935248
62.96769137896782
62.908923877175845
62.85020617143058
62.791542433490534
62.73293679580509
62.674393347963886
62.61591613321083
62.55750914502444
62.499176323766235
62.44092155339844
62.38274865827232
62.32466139998833
62.26666347432946
62.2087585082693
62.15095005705622
62.093241601375
62.035636544587035
61.978138210050204
61.9207498385194
61.86347458562905
61.806315519459034
61.74927561818562
61.69235776781905
61.635564760029595
61.578899290064285
61.52236395475627
61.46596125062952
61.40969357210135
61.35356320978606
61.29757234890248
61.241723067788385
61.18601733652481
61.130457015672576
61.07504385512307
61.01977949306469
60.96466545506617
60.90970315327765
60.854893885750656
60.80023883587798
60.74573907195408
60.691395546856555
60.63720909784867
60.58318044650271
60.5293101987436
60.47559884501199
60.422046760545825
60.36865420577978
60.31542132686128
60.2623481562829
60.20943461362994
60.156680506442015
60.10408553118715
60.05164927434727
59.999371213613536
59.94725071919033
59.89528705520633
59.84347938123154
59.791826753898654
59.74032812862766
59.68898236145203
59.6377882109448
59.58674434024267
59.53584931916607
59.485101626433
59.43449965196374
59.38404169927333
59.33372598794859
59.28355065620628
59.23351376352907
59.18361329337524
59.133847155958286
59.08421319109227
59.034709171098775
58.985332803771264
58.936081735392584
58.886953553801625
58.83794579150504
58.78905592883019
58.7402813971159
58.69161958193758
58.64306782636306
58.59462343423588
58.546283673482385
58.49804577943957
58.44990695820042
58.40186438997399
58.35391523245773
58.306056624220055
58.25828568809124
58.21059953456098
58.16299526518049
58.11546997596748
58.06802076081221
58.020644714883595
57.97333893803421
57.92610053820358
57.87892663481899
57.83181436219332
57.784760872919215
57.73776334125899
57.69081896652933
57.64392497647987
57.597078630664846
57.5502772238063
57.50351808914707
57.456798601790986
57.4101161820276
57.36346829863806
57.316852472178205
57.270266278234836
57.223707350650734
57.177173384713804
57.13066214030545
57.084171445003285
57.03769919713273
56.99124336876174
56.94480200863257
56.89837324502532
56.85195528854775
56.805546434846185
56.75914506723229
56.71274965922078
56.66635877697406
56.619971081650256
56.57358533165155
56.52720038476935
56.4808152002234
56.43442884059136
56.388040473625786
56.341649373955704
56.29525492467042
56.24885661878301
56.20245406057148
56.156046966795145
56.10963516778418
56.06321860840109
56.01679734887301
55.97037156549402
55.923941551196265
55.877507715988884
55.83107058726375
55.78463080996795
55.73818914664241
55.69174647732655
55.64530379932813
55.59886222685742
55.55242299052486
55.50598743670213
55.459557026746495
55.41313333608906
55.366718053188094
55.32031297834919
55.27392002241464
55.22754120532443
55.181178654551616
55.13483460341513
55.08851138927338
55.04221145160261
54.99593732996368
54.94969166186041
54.9034771804927
54.857296712406765
54.81115317504464
54.765049574195075
54.71898900134818
54.67297463095622
54.62700971760347
54.581097593087975
54.53524166341856
54.48944540573058
54.443712365123815
54.398046151426286
54.35245043588765
54.306928947806
54.26148547109193
54.21612384077423
54.170847939451846
54.1256616936966
54.08056907041134
54.03557407314855
53.99068073839442
53.94589313182337
53.901215344527714
53.85665148922703
53.812205696461945
53.76788211077718
53.72368488689847
53.67961818590766
53.63568617142056
53.59189300577259
53.54824284621708
53.504739841141316
53.46138812630545
53.4181918211093
53.37515502489191
53.33228181326848
53.289576234509525
53.247042305966716
53.20468401055007
53.16250529326095
53.120510057785054
53.07870216314916
53.03708542044541
52.995663589626645
52.95444037637634
52.91341942905643
52.87260433573675
52.83199862130954
52.791605744692276
52.75142909612174
52.71147199454214
52.67173768509025
52.63222933667993
52.59295003968805
52.55390280374411
52.51509055562525
52.476516137258216
52.43818230382948
52.40009172200422
52.36224696825491
52.32465052730004
52.287304790653536
52.250212055284635
52.21337452238822
52.17679429626497
52.14047338331039
52.10441369111112
52.068617027646894
52.033085100596395
51.99781951674464
51.96282178148982
51.92809329844704
51.8936353691464
51.859449192822915
51.82553586629552
51.7918963839325
51.75853163770022
51.72544241729178
51.692629410331385
51.6600932026493
51.62783427862251
51.595853021575856
51.564149714238276
51.53272453924841
51.50157757970373
51.47070881974718
51.440118145185686
51.40980534413506
51.379770107686845
51.350012030592374
51.320530611959775
51.29132525596031
51.262395272540054
51.233739878133
51.20535819637171
51.17724925879224
51.14941200553044
51.121845286007094
51.09454785959945
51.06751839629691
51.040755477338614
51.01425759583105
50.98802315734388
50.96205048048244
50.93633779743538
50.91088325449652
50.88568491255983
50.86074074758721
50.83604865104882
50.81160643033632
50.787411809149255
50.76346242785569
50.73975584382878
50.71628953176195
50.693060883965806
50.67006721064961
50.64730574018994
50.62477361938896
50.60246791372474
50.58038560759512
50.55852360455661
50.53687872755954
50.51544771918064
50.49422724185489
50.4732138781083
50.452404130794136
50.43179442333461
50.41138109997057
50.39116042602204
50.37112858816208
50.351281694706856
50.33161577592499
50.312126784368715
50.29281059522957
50.27366300672166
50.254679740495575
50.23585644208593
50.217188681395996
50.198671953222046
50.18030167782079
50.16207320152266
50.14398179739355
50.12602266594688
50.10819093590719
50.09048166502593
50.072889840949514
50.05541038213998
50.03803813884865
50.02076789414325
50.00359436498921
49.986512203385516
49.969515997555774
49.95260027319544
49.93575949477598
49.91898806690692
49.90228033575674
49.88563059053267
49.869033065019586
49.85248193917776
49.835971340798984
49.81949534722143
49.80304798710339
49.786623242256816
49.77021504954113
49.75381730281763
49.73742385496437
49.72102851995104
49.704625074973286
49.68820726264571
49.67176879325283
49.65530334705685
49.638804576661165
49.622266109428075
49.60568154994932
49.58904448256798
49.57234847395021
49.55558707570484
49.538753827048915
49.52184225751686
49.50484588971134
49.487758242093584
49.47057283181105
49.453283177560344
49.43588280248347
49.41836523709552
49.40072402224164
49.382952712081114
49.36504487709605
49.34699410712185
49.32879401439639
49.310438236624556
49.291920440055186
49.27323432256717
49.254373616761576
49.23533209305621
49.21610356277919
49.196681881258286
49.17706095090281
49.157234724275355
49.13719720715048
49.11694246155824
49.09646460881086
49.075757832510845
49.05481638153847
49.03363457301677
49.01220679525201
48.99052751064741
48.968591258587395
48.94639265828985
48.923926411623626
48.9011873058885
48.87817021655505
48.854870109961524
48.83128204596531
48.80740118054635
48.78322276835988
48.75874216523616
48.73395483062487
48.7088563299815
48.683442337093396
48.65770863634347
48.63165112490978
48.60526581489947
48.578548835415546
48.551496434555446
48.52410498133989
48.496370967570186
48.46829100961233
48.43986185010581
48.41108035959498
48.381943538080485
48.3524485164884
48.322592558055156
48.29237305962604
48.26178755286568
48.23083370537878
48.19950932173909
48.167812344424725
48.135740854657875
48.103293073147505
48.07046736073382
48.03726221893353
48.00367629038484
47.96970835919179
47.93535735116725
47.90062233397432
47.865502517165986
47.82999725212252
47.794106031886564
47.75782849089537
47.72116440460959
47.68411368903818
47.64667640015934
47.6088527332379
47.5706430220396
47.53204773794314
47.49306748895119
47.45370301860154
47.413955204780244
47.37382505843842
47.33331372221439
47.29242246896287
47.25115270019246
47.20950594441264
47.167483855390756
47.12508821031982
47.08232090789757
47.03918396631839
46.99567952117998
46.951809823306874
46.90757723649325
46.86298423516793
46.818033401984295
46.772727425338545
46.72706909681962
46.68106130859452
46.634707050733155
46.588009408476594
46.54097155945267
46.493596770842615
46.44588839650187
46.39784987403824
46.34948472185006
46.30079653612684
46.25178898781475
46.20246581954912
46.15283084255647
46.10288793352835
46.05264103146915
46.00209413452053
45.95125129676536
45.90011662501423
45.84869427557744
45.79698845102531
45.745003396939815
45.692743398660134
45.64021277802426
45.58741589010936
45.53435711997344
45.481040879400446
45.427471603651334
45.37365374822321
45.31959178561869
45.26529020212775
45.21075349462479
45.15598616738385
45.10099272891501
45.04577768882479
44.9903455547036
44.934700829042704
44.878848006183325
44.822791569300485
44.7665359874236
44.71008571249593
44.65344517647498
44.59661878847596
44.539610931960006
44.48242596196901
44.42506820240851
44.367541943380274
44.30985143856594
44.25200090266338
44.19399450887681
44.13583638646162
44.0775306183246
44.01908123868009
43.96049223076193
43.901767524591435
43.842910994801116
43.78392645851403
43.72481767327804
43.665588335054224
43.60624207625898
43.54678246385936
43.48721299752117
43.42753710780926
43.36775815443929
43.30787942458045
43.24790413120854
43.1878354115089
43.12767632532825
43.067429853674355
43.007098897262374
42.94668627510759
42.88619472316429
42.82562689301084
42.764985350581235
42.704272574943495
42.643490957125884
42.58264279899219
42.52173031216784
42.460755617018485
42.39972074168275
42.33862762116029
42.27747809645563
42.216273913778245
42.155016723799285
42.09370808096559
42.032349442871684
41.970942169690595
41.909487523664545
41.84798666865651
41.7864406697634
41.72485049299171
41.66321700499656
41.60154097288494
41.53982306408413
41.47806384627607
41.41626378739794
41.35442325570919
41.292542519925675
41.230621749421275
41.16866101449703
41.106660286717144
41.04461943931135
40.98253824764343
40.92041638974614
40.858253446923285
40.79604890441992
40.733802152160976
40.67151248555841
40.609179106386634
40.54680112372618
40.48437755497535
40.42190732692954
40.35938927692824
40.29682215406932
40.234204620490445
40.17153525271736
40.10881254307848
40.04603490118499
39.98320065547612
39.92030805482907
39.85735527023238
39.79434039652134
39.73126145417351
39.668116391162734
39.6049030848698
39.54161934404798
39.478262910841785
39.41483146285683
39.35132261527864
39.28773392303854
39.224062883025375
39.160306936341705
39.09646347060258
39.032529822275
38.96850327905643
38.90438108229049
38.84016042941821
38.77583847646278
38.71141234054605
38.64687910243467
38.58223580911343
38.5174794763835
38.45260709148326
38.387615615729175
38.32250198717375
38.25726312327694
38.19189592358745
38.126397272430125
38.060764041595775
37.99499309303005
37.929081281517966
37.86302545736086
37.79682246904238
37.73046916588069
37.66396240066419
37.59729903226784
37.53047592824734
37.46348996740843
37.39633804234867
37.32901706196866
37.261523953949784
37.1938556671954
37.12600917423293
37.05798147357401
36.989769592030676
36.92137058698531
36.85278154861273
36.783999602052084
36.71502190952631
36.645845672406516
36.5764681332188
36.50688657759141
36.43709833614022
36.367100786290784
36.2968913540352
36.22646751562262
36.15582679918236
36.08496678627908
36.013885113399496
35.942579473369605
35.87104761670177
35.79928735287085
35.72729655151868
35.65507314358656
35.582615122375344
35.50992054453293
35.436987530969034
35.36381426769681
35.290399006601106
35.216740066132516
35.142835831926746
35.068684757349175
34.99428536396469
34.91963624193339
34.844736050332344
34.769583517403746
34.694177440729824
34.61851668733525
34.54260019371808
34.46642696581032
34.38999607886948
34.31330667730251
34.23635797442342
34.1591492521456
34.08167986061057
34.003949217754446
33.92595680881369
33.8477021857716
33.76918496674757
33.69040483533116
33.61136153986343
33.532054892667226
33.452484769228114
33.37265110732782
33.29255390613205
33.212193225234586
33.131569183659195
33.050681958821
32.96953178544905
32.88811895447222
32.80644381187068
32.72450675749457
32.64230824385163
32.55984877486543
32.477128904606104
32.394149235995485
32.31091041948815
32.22741315173022
32.14365817419764
32.05964627181609
31.97537827156452
31.89085504106421
31.80607748715536
31.7210465544627
31.635763223951866
31.550228511478505
31.464443466332167
31.37840916977688
31.2921267335904
31.205597298603912
31.11882203324381
31.03180213207687
30.944538814360037
30.85703332259603
30.769286921096032
30.681300894550663
30.593076546610394
30.504615198476376
30.415918187502843
30.326986865812206
30.23782259892396
30.148426764398256
30.058800750494914
29.968945954848394
29.878863783159304
29.78855564790304
29.698022967056048
29.6072671628403
29.516289660486493
29.425091887016194
29.333675270043173
29.242041236594034
29.150191211948407
29.0581266184988
28.965848874630392
28.873359393620813
28.780659582560116
28.687750841291216
28.594634561370906
28.50131212505151
28.407784904282984
28.314054259735663
28.220121539843753
28.12598807986945
28.031655200987565
27.937124209390852
27.84239639541645
27.747473032693456
27.652355377311697
27.5570446670117
27.46154212039554
27.365848936158162
27.269966292338896
27.173895345592772
27.077637230481432
26.981193058783365
26.884563918823236
26.78775087481992
26.690754966252854
26.593577207246284
26.49621858597098
26.398680064062887
26.300962576058282
26.203067028845226
26.10499430113134
26.00674524292793
25.908320675050273
25.809721388633957
25.71094814466721
25.612001673539336
25.512882674605603
25.413591815769134
25.31412973308019
25.214497030353577
25.114694278804926
25.014722016706422
24.914580749062615
24.814270947307243
24.713793049021994
24.613147457678245
24.512334542402748
24.411354637768444
24.310208043611386
24.20889502487471
24.107415811480667
24.005770598231653
23.903959544740946
23.801982775393828
23.69984037933968
23.597532410515797
23.49505888770362
23.392419794617965
23.289615080029776
23.186644657923168
23.083508407687347
22.980206174344104
22.876737768811537
22.77310296820458
22.669301516172663
22.565333123274552
22.46119746739033
22.356894194170632
22.2524229175233
22.14778322013741
22.042974654044464
21.937996741216644
21.832848974201802
21.727530816794918
21.62204170474562
21.516381046501444
21.410548223986503
21.304542593415114
21.198363486139815
21.092010209533274
20.985482047903393
20.87877826344044
20.77189809719491
20.664840770084627
20.557605483929738
20.450191422513996
20.34259775267074
20.23482362539181
20.126868176957714
20.01873053008748
19.910409795106517
19.801905071130392
19.693215447262613
19.584340003804325
19.475277813473863
19.3660279426341
19.256589452525557
19.14696140050344
19.037142841276616
18.927132828146508
18.81693041424395
18.7065346537621
18.59594460318339
18.485159322498497
18.37417787641524
18.262999335555513
18.151622777638245
18.04004728864641
17.92827196397616
17.816295909566296
17.70411824300631
17.59173809462128
17.479154608531918
17.366366943688266
17.253374274875455
17.140175793689878
17.026770709484538
16.91315825028242
16.799337663656658
16.68530821757618
16.57106920121575
16.45661992572931
16.341959724985568
16.227087956264963
16.11200400091712
15.99670726497784
15.881197179744868
15.765473202311634
15.649534816058344
15.533381531100169
15.417012884692234
15.300428441591144
15.183627794372889
15.066610563706908
14.949376398586258
14.831924976513895
14.71425600364535
14.596369214888131
14.478264373958257
14.359941273394345
14.241399734529852
14.122639607424135
14.00366077075313
13.88446313166044
13.76504662556978
13.64541121595974
13.525556894101795
13.405483678762591
13.285191615871566
13.164680778155086
13.043951264738336
12.923003200716206
12.80183673669448
12.680452048302692
12.558849335680046
12.437028822935725
12.314990757584903
12.192735409961735
12.070263072610665
11.947574059657448
11.82466870616121
11.701547367448915
11.578210418433747
11.45465825291878
11.33089128288741
11.206909937782005
11.082714663772197
10.958305923014224
10.833684192902469
10.708849965314458
10.583803745850531
10.458546053069398
10.333077417720702
10.207398381975606
10.081509498656485
9.955411330466843
9.829104449222553
9.702589435085454
9.57586687580027
9.448937365935773
9.321801506131061
9.194459902347818
9.066913165129387
8.939161908867504
8.811206751077549
8.68304831168323
8.554687212311526
8.426124075598649
8.297359524507717
8.168394181658845
8.039228668672333
7.909863605525661
7.780299609924934
7.650537296691335
7.520577277163129
7.39042015861373
7.2600665436863645
7.1295170298458785
6.998772208848266
6.867832666228373
6.73669898080618
6.605371724212047
6.473851460431281
6.342138745368399
6.210234126431413
6.078138142136406
5.945851321732635
5.81337418484838
5.680707241157714
5.547850990068349
5.414805920430702
5.281572510268404
5.1481512265304294
5.014542524864999
4.880746849415415
4.746764632637874
4.612596295141263
4.478242245548849
4.343702880381772
4.208978583964266
4.074069728350503
3.9389766732730087
3.8036997661125627
3.66823934188955
3.532595723276696
3.3967692206330957
3.2607601320594406
3.124568743474322
2.9881953287114604
2.8516401496376926
2.7149034562915304
2.577985487042102
2.4408864687682756
2.3036066170577083
2.1661461364255348
2.0285052205523693
1.890684052541259
1.7526828051932006
1.6145016413008166
1.4761407139597778
1.3376001668975321
1.1988801348188565
1.0599807437677229
0.9209021115049534
0.7816443479010912
0.6422075553438726
0.502591829159649
0.3627972580480675
0.22282392452928734
0.08267190540296285
-0.05765872778181098
-0.19816790824643007
-0.3388555734934594
-0.47972166480895484
-0.6207661267573544
-0.7619889066698874
-0.9033899541274735
-1.0449692204391101
-1.1867266581167657
-1.328662220347815
-1.4707758604660728
-1.6130675314224874
-1.755537185256563
-1.898184772569594
-2.041010242000782
-2.1840135397073177
-2.3271946088495006
-2.470553389081976
-2.614089816052154
-2.7578038209068736
-2.901695329808346
-3.045764263460376
-3.1900105366458464
-3.3344340577764164
-3.479034728455343
-3.6238124430543386
-3.7687670883053404
-3.9138985429080564
-4.0592066771541
-4.204691352568542
-4.350352421569657
-4.496189727147638
-4.642203102562975
-4.788392371065156
-4.934757345632312
-5.081297828732353
-5.228013612106076
-5.374904476572682
-5.521970191858054
-5.669210516446095
-5.816625197453358
-5.964213970527194
-6.111976559767574
-6.259912677672749
-6.408022025108854
-6.556304291303561
-6.704759153863839
-6.85338627881783
-7.002185320680767
-7.1511559225448815
-7.300297716193144
-7.449610322236626
-7.599093350275193
-7.748746399081266
-7.898569056806271
-8.048560901209425
-8.198721499908464
-8.349050410651833
-8.499547181611888
-8.650211351698488
-8.801042450892389
-8.952040000597863
-9.10320351401385
-9.254532496522993
-9.40602644609783
-9.557684853723526
-9.709507203836392
-9.86149297477746
-10.013641639260397
-10.16595266485291
-10.318425514470874
-10.471059646884356
-10.623854517234763
-10.776809577562263
-10.929924277342481
-11.083198064031524
-11.236630383618465
-11.390220681184278
-11.543968401466222
-11.697872989426648
-11.851933890825356
-12.006150552794516
-12.160522424415127
-12.315048957293904
-12.469729606139433
-12.624563829336632
-12.779551089518487
-12.9346908541341
-13.089982596012074
-13.245425793918127
-13.401019933105884
-13.556764505859858
-13.71265901202956
-13.868702959553616
-14.02489586497282
-14.181237253931103
-14.337726661663554
-14.494363633470572
-14.651147725177271
-14.808078503577253
-14.965155546859908
-15.122378445020606
-15.279746800253113
-15.437260227323682
-15.594918353926353
-15.752720821018933
-15.910667283139212
-16.068757408700897
-16.226990880268783
-16.38536739481263
-16.54388666393913
-16.70254841410151
-16.86135238678649
-17.020298338678327
-17.17938604179986
-17.33861528363036
-17.49798586720013
-17.657497611161645
-17.817150349837235
-17.976943933243106
-18.136878227089657
-18.296953112757965
-18.45716848725255
-18.617524263130395
-18.778020368406107
-18.938656746433043
-19.099433355760475
-19.26035016996692
-19.42140717746988
-19.582604381312187
-19.7439417989253
-19.90541946186999
-20.06703741555452
-20.228795718930368
-20.390694444165344
-20.552733676294135
-20.71491351284646
-20.87723406345304
-21.0396954494295
-21.20229780333821
-21.365041268528017
-21.527925998651995
-21.690952157163395
-21.854119916789756
-22.01742945898525
-22.1808809733613
-22.34447465709548
-22.50821071431867
-22.672089355480242
-22.83611079669115
-23.000275259044862
-23.16458296791621
-23.329034152238172
-23.493629043756933
-23.65836787626555
-23.82325088481665
-23.988278304914594
-24.153450371687466
-24.318767319039335
-24.484229378783407
-24.64983677975685
-24.815589746918146
-24.98148850042774
-25.147533254712627
-25.313724217515343
-25.480061588927683
-25.64654556040962
-25.81317631379413
-25.979954020278612
-26.14687883940356
-26.313950918019078
-26.481170389239868
-26.648537371389427
-26.8160519669341
-26.983714261407687
-27.15152432232727
-27.319482198101092
-27.48758791692932
-27.65584148569868
-27.824242888871815
-27.992792087372457
-28.161489017467453
-28.330333589646838
-28.499325687503042
-28.668465166610584
-28.837751853407635
-29.007185544080894
-29.17676600345538
-29.34649296389057
-29.516366124184145
-29.68638514848476
-29.856549665215027
-30.026859266006255
-30.19731350464619
-30.367911896041026
-30.5386539151929
-30.709538996194258
-30.88056653124031
-31.051735869660806
-31.223046316972248
-31.394497133951525
-31.56608753573216
-31.737816690924326
-31.90968372076012
-32.081687698265775
-32.25382764746252
-32.426102542597796
-32.59851130740865
-32.77105281441943
-32.943725884275935
-33.11652928511815
-33.289461731993256
-33.46252188631114
-33.63570835534442
-33.80901969177556
-33.982454393293025
-34.15601090223883
-34.3296876053099
-34.50348283331597
-34.67739486099664
-34.85142190689984
-35.02556213332391
-35.199813646325104
-35.37417449579194
-35.54864267558866
-35.72321612376975
-35.897892722867134
-36.072670300250984
-36.24754662856497
-36.42251942623658
-36.5975863580634
-36.77274503587583
-36.94799301927671
-37.12332781645799
-37.29874688509429
-37.474247633312984
-37.64982742074011
-37.82548355962189
-38.00121331602156
-38.17701391109142
-38.35288252241946
-38.528816285450034
-38.70481229497767
-38.8808676067132
-39.056979238921265
-39.23314417412815
-39.409359360899096
-39.585621715684006
-39.761928124730055
-39.93827544605984
-40.11466051151388
-40.29108012885576
-40.46753108393791
-40.64401014292566
-40.820514054576805
-40.99703955257412
-41.17358335790796
-41.35014218130631
-41.5267127257098
-41.70329168878909
-41.87987576550263
-42.05646165069284
-42.233046041718765
-42.40962564112279
-42.5861971593293
-42.76275731737327
-42.93930284965651
-43.1158305067295
-43.292337058096585
-43.46881929504203
-43.64527403347417
-43.821698116784965
-43.99808841872211
-44.174441846270405
-44.350755342538626
-44.52702588964794
-44.70325051161708
-44.87942627723984
-45.05555030295042
-45.231619755672085
-45.40763185564421
-45.5835838792224
-45.75947316164573
-45.93529709976556
-46.11105315473023
-46.28673885461981
-46.46235179702538
-46.63788965156712
-46.813350162345756
-46.9887311503214
-47.164030515614655
-47.33924623972459
-47.51437638765905
-47.68941910997362
-47.86437264471582
-48.03923531927072
-48.21400555210412
-48.3886818543995
-48.56326283158521
-48.73774718474821
-48.91213371193121
-49.08642130931069
-49.26060897225282
-49.43469579624449
-49.608680977695975
-49.782563814611855
-49.95634370712678
-50.1300201579035
-50.30359277239124
-50.477061258942555
-50.65042542878699
-50.82368519585974
-50.996840576484075
-51.16989168890619
-51.34283875268157
-51.515682087912
-51.688422114333136
-51.86105935025368
-52.03359441134687
-52.20602800929571
-52.37836095029358
-52.550594133402164
-52.722728548769275
-52.89476527570917
-53.06670548064783
-53.23855041493635
-53.41030141253554
-53.5819598875754
-53.75352733179272
-53.92500531185009
-54.09639546653954
-54.267699503873466
-54.43891919806594
-54.6100563864071
-54.78111296603384
-54.952090890600054
-55.122992166849315
-55.29381885109319
-55.4645730455988
-55.635256894888926
-55.80587258195777
-55.97642232440529
-56.14690837049369
-56.31733299513047
-56.48769849578298
-56.65800718832935
-56.82826140285056
-56.99846347936807
-57.16861576353193
-57.3387206022644
-57.50878033936391
-57.67879731107422
-57.84877384162349
-58.01871223873764
-58.18861478913255
-58.35848375399008
-58.52832136442323
-58.698129816935655
-58.86791126888125
-59.03766783392974
-59.2074015775441
-59.37711451247561
-59.54680859428243
-59.71648571687769
-59.88614770811319
-60.05579632540509
-60.225433251407374
-60.39506008973854
-60.56467836076645
-60.73428949745603
-60.903894841284355
-61.0734956382275
-61.2430930348241
-61.41268807432057
-61.582281692903294
-61.751874716023124
-61.92146785481761
-62.09106170263625
-62.26065673167439
-62.43025328972102
-62.59985159702582
-62.769451743289906
-62.939053684785236
-63.108657241607105
-63.27826209506488
-63.44786778521526
-63.61747370854223
-63.78707911578723
-63.95668310993184
-64.126284644335
-64.2958825210264
-64.46547538915732
-64.6350617436108
-64.80463992377312
-64.97420811246926
-65.1437643350653
-65.31330645874104
-65.48283219193539
-65.65233908396684
-65.82182452483201
-65.99128574518474
-66.16071981649802
-66.33012365141096
-66.49949400426303
-66.66882747181737
-66.83812049417472
-67.00736935587904
-67.17657018721533
-67.34571896570034
-67.51481151776633
-67.68384352063865
-67.85281050440844
-68.02170785430187
-68.19053081314675
-68.35927448403694
-68.52793383319354
-68.69650369302215
-68.86497876536478
-69.03335362494536
-69.20162272300766
-69.36978039114356
-69.53782084530908
-69.70573819002475
-69.87352642275566
-70.04117943846624
-70.20869103434465
-70.37605491469132
-70.54326469596496
-70.71031391197896
-70.87719601924111
-71.04390440243053
-71.21043238000571
-71.37677320993792
-71.54292009556376
-71.7088661915502
-71.87460460996498
-72.04012842644464
-72.20543068645269
-72.37050441161999
-72.53534260615923
-72.69993826334529
-72.86428437205244
-73.028373923339
-73.19219991707017
-73.35575536856912
-73.51903331528659
-73.68202682348009
-73.84472899489491
-74.00713297343957
-74.16923195184863
-74.33101917832634
-74.49248796316469
-74.65363168532956
-74.81444379900829
-74.97491784011224
-75.13504743272766
-75.29482629550694
-75.45424824799272
-75.61330721686693
-75.77199724211664
-75.93031248310945
-76.08824722456984
-76.24579588244853
-76.40295300967637
-76.55971330179489
-76.71607160245583
-76.87202290878145
-77.0275623765782
-77.18268532539685
-77.3373872434322
-77.49166379225608
-77.645510811377
-77.79892432262011
-77.9519005343202
-78.10443584532129
-78.25652684877718
-78.40817033574729
-78.55936329858173
-78.71010293409108
-78.86038664649675
-79.01021205015877
-79.15957697207807
-79.30847945417008
-79.45691775530656
-79.60489035312241
-79.75239594558366
-79.89943345231313
-80.0460020156712
-80.19210100158921
-80.33773000015458
-80.48288882594738
-80.62757751812796
-80.77179634027664
-80.9155457799874
-81.05882654821768
-81.2016395783959
-81.34398602528928
-81.48586726363591
-81.62728488654479
-81.76824070366742
-81.90873673914486
-82.04877522933454
-82.18835862032041
-82.32748956521006
-82.46617092122302
-82.60440574657413
-82.74219729715618
-82.87954902302705
-83.01646456470543
-83.1529477492793
-83.2890025863319
-83.42463326368888
-83.55984414299043
-83.69463975509144
-83.82902479529277
-83.96300411840708
-84.09658273366337
-84.22976579945272
-84.36255861791837
-84.49496662939306
-84.62699540668793
-84.75865064923677
-84.8899381771006
-85.02086392483649
-85.15143393523591
-85.28165435293796
-85.41153141792371
-85.54107145889817
-85.67028088656663
-85.79916618681206
-85.92773391378127
-86.05599068288781
-86.1839431637385
-86.31159807299083
-86.43896216714735
-86.56604223529315
-86.69284509178239
-86.81937756887966
-86.94564650936265
-87.07165875909222
-87.1974211595565
-87.32294054039609
-87.44822371191857
-87.57327745761167
-87.69810852666572
-87.82272362651602
-87.94712941541607
-88.0713324950523
-88.19533940321108
-88.31915660650728
-88.44279049318303
-88.56624736598533
-88.68953343513104
-88.81265481136714
-88.9356174991349
-89.05842738984657
-89.18109025528341
-89.30361174112343
-89.42599736060677
-89.54825248834655
-89.6703823542928
-89.79239203785554
-89.9142864621929
-90.03607038866974
-90.15774841149064
-90.27932495251073
-90.40080425622787
-90.5221903849604
-90.64348721421564
-90.76469842825466
-90.88582751585821
-91.00687776629823
-91.12785226551924
-91.2487538925341
-91.36958531603833
-91.4903489912463
-91.61104715695242
-91.73168183282124
-91.85225481690989
-91.97276768342638
-92.09322178072628
-92.21361822955024
-92.33395792150455
-92.45424151778664
-92.5744694481564
-92.69464191015462
-92.81475886856927
-92.93482005515082
-93.05482496857704
-93.17477287466821
-93.2946628068519
-93.41449356687568
-93.53426372576556
-93.65397162502907
-93.77361537810091
-93.89319287202866
-94.01270176939468
-94.13213951046899
-94.25150331558726
-94.37079018774935
-94.48999691543477
-94.60912007563131
-94.7281560370722
-94.84710096367637
-94.96595081818604
-95.08470136599662
-95.20334817917323
-95.32188664064783
-95.44031194859171
-95.55861912095774
-95.67680300018678
-95.79485825807323
-95.91277940078469
-96.03056077403055
-96.14819656837464
-96.26568082468661
-96.38300743972677
-96.50017017185853
-96.61716264688259
-96.73397836398719
-96.85061070180807
-96.96705292459289
-97.0832981884643
-97.19933954777564
-97.31516996155419
-97.43078230002702
-97.54616935122583
-97.66132382766709
-97.77623837310414
-97.89090556934836
-98.00531794315559
-98.11946797317198
-98.2333480969334
-98.34695071791207
-98.46026821260357
-98.57329293764728
-98.68601723697172
-98.79843344895635
-98.9105339136011
-99.02231097969495
-99.1337570119736
-99.2448643982563
-99.35562555655251
-99.46603294213007
-99.57607905453669
-99.6857564445667
-99.79505772116379
-99.90397555825022
-100.01250270147288
-100.12063197485547
-100.22835628734781
-100.33566863926346
-100.44256212859845
-100.54902995722482
-100.65506543695203
-100.760661995451
-100.86581318203507
-100.97051267329316
-101.0747542785703
-101.17853194529066
-101.2818397641194
-101.38467197396078
-101.48702296679055
-101.58888729232017
-101.69025966249085
-101.79113495579513
-101.89150822142373
-101.99137468323686
-102.09072974355972
-102.18956898680283
-102.28788818290745
-102.3856832906162
-102.48295046056755
-102.57968603821261
-102.67588656655316
-102.7715487886998
-102.86666965024851
-102.96124630147385
-103.0552760993367
-103.14875660930379
-103.24168560697598
-103.33406107952231
-103.42588122691694
-103.51714446297632
-103.60784941619471
-103.69799493037641
-103.78758006506331
-103.8766040957558
-103.96506651392593
-104.05296702682193
-104.14030555706341
-104.22708224202671
-104.31329743301905
-104.39895169424113
-104.48404580153868
-104.56858074094413
-104.65255770700986
-104.73597810093503
-104.81884352848812
-104.90115579772765
-104.9829169165227
-105.06412908987517
-105.14479471704698
-105.22491638849664
-105.3044968826303
-105.3835391623715
-105.46204637155375
-105.54002183114056
-105.6174690352778
-105.69439164718341
-105.77079349488059
-105.84667856677942
-105.92205100711197
-105.99691511122518
-106.0712753207352
-106.1451362185482
-106.21850252375242
-106.29137908638774
-106.36377088209844
-106.4356830066767
-106.50712067050455
-106.57808919290227
-106.64859399639084
-106.71864060087654
-106.78823461776523
-106.85738174401394
-106.92608775612729
-106.99435850410674
-107.06219990536141
-107.12961793858864
-107.19661863763218
-107.2632080853262
-107.32939240733305
-107.39517776598217
-107.46057035411746
-107.52557638896047
-107.59020210599562
-107.65445375288328
-107.71833758340648
-107.78185985145666
-107.84502680506472
-107.9078446804836
-107.97031969632991
-108.0324580477922
-108.09426590091329
-108.15574938695335
-108.21691459684047
-108.27776757571479
-108.3383143175725
-108.39856076001541
-108.45851277911169
-108.51817618437082
-108.57755671383683
-108.6366600293033
-108.6954917116538
-108.75405725633067
-108.81236206893465
-108.87041146095777
-108.92821064565129
-108.9857647340296
-109.04307873101124
-109.10015753169802
-109.15700591779336
-109.21362855416129
-109.2700299855282
-109.3262146333289
-109.38218679269897
-109.43795062961436
-109.49351017817884
-109.54886933805966
-109.60403187207174
-109.65900140391142
-109.71378141604106
-109.76837524772424
-109.82278609321162
-109.87701700007716
-109.93107086770448
-109.98495044592318
-110.03865833379501
-110.09219697855036
-110.14556867467519
-110.19877556314879
-110.2518196308319
-110.30470271000507
-110.35742647805722
-110.40999245732547
-110.46240201508652
-110.51465636370068
-110.56675656090891
-110.61870351028284
-110.67049796182715
-110.722140512733
-110.77363160828105
-110.8249715428928
-110.87616046132945
-110.92719836003681
-110.97808508863471
-111.02882035154943
-111.07940370978855
-111.1298345828572
-111.18011225081426
-111.23023585646723
-111.28020440770462
-111.33001677996498
-111.37967171884162
-111.42916784282176
-111.47850364615812
-111.52767750187144
-111.5766876648816
-111.62553227526433
-111.67420936162983
-111.72271684461947
-111.7710525405169
-111.81921416496988
-111.86719933681826
-111.91500558202341
-111.96263033769372
-112.01007095620156
-112.0573247093858
-112.10438879283419
-112.15126033023995
-112.19793637782522
-112.24441392882312
-112.29068991800972
-112.33676122627679
-112.38262468523641
-112.42827708184865
-112.47371516306367
-112.51893564047015
-112.56393519494208
-112.60871048127609
-112.65325813281214
-112.69757476603132
-112.74165698512644
-112.78550138654151
-112.82910456347719
-112.87246311035977
-112.91557362727139
-112.95843272433973
-113.00103702608607
-113.04338317573098
-113.08546783945764
-113.1272877106324
-113.16883951398319
-113.21012000973468
-113.25112599769926
-113.2918543213222
-113.33230187168061
-113.37246559143517
-113.41234247873314
-113.45192959106117
-113.49122404904693
-113.53022304020811
-113.56892382264726
-113.60732372869
-113.64542016846366
-113.68321063341347
-113.72069269975253
-113.75786403184162
-113.79472238549425
-113.83126561120315
-113.86749165728287
-113.90339857292264
-113.9389845111429
-113.97424773164886
-114.00918660357416
-114.04379960810837
-114.07808534100133
-114.11204251493854
-114.1456699617816
-114.17896663466735
-114.21193160995978
-114.24456408904967
-114.27686339999599
-114.30882899900308
-114.34046047172734
-114.37175753440744
-114.40272003481385
-114.43334795301286
-114.46364140194095
-114.49360062778595
-114.52322601017119
-114.55251806213909
-114.58147742993032
-114.61010489255551
-114.6384013611584
-114.66636787817032
-114.69400561625622
-114.72131587705354
-114.74830008970577
-114.77495980919235
-114.80129671445724
-114.8273126063387
-114.85300940530323
-114.87838914898697
-114.90345398954793
-114.92820619083278
-114.9526481253626
-114.97678227114312
-115.00061120830497
-115.02413761557983
-115.04736426661935
-115.07029402616439
-115.09292984607333
-115.1152747612187
-115.13733188526197
-115.15910440631643
-115.18059558250769
-115.20180873744044
-115.22274725557867
-115.2434145775457
-115.26381419535056
-115.28394964754722
-115.3038245143336
-115.32344241259653
-115.34280699090874
-115.36192192448351
-115.38079091009303
-115.39941766095541
-115.41780590159595
-115.43595936268895
-115.4538817758858
-115.47157686863596
-115.48904835900618
-115.50629995050423
-115.52333532691244
-115.54015814713586
-115.55677204006957
-115.57318059948983
-115.58938737897307
-115.60539588684782
-115.6212095811847
-115.63683186482893
-115.65226608048084
-115.66751550583007
-115.68258334874946
-115.69747274255514
-115.71218674133928
-115.72672831538267
-115.7411003466529
-115.75530562439468
-115.76934684081886
-115.78322658689734
-115.79694734827166
-115.81051150128275
-115.82392130912962
-115.83717891816406
-115.85028635432906
-115.86324551974889
-115.8760581894781
-115.88872600841734
-115.90125048840315
-115.9136330054792
-115.92587479735533
-115.93797696106088
-115.94994045079812
-115.96176607600074
-115.97345449960181
-115.98500623651552
-115.99642165233621
-116.00770096225841
-116.01884423022062
-116.02985136827584
-116.04072213618969
-116.05145614126599
-116.06205283839876
-116.07251153034935
-116.08283136824735
-116.09301135231277
-116.10305033279616
-116.1129470111328
-116.12269994130583
-116.13230753141312
-116.14176804543246
-116.15107960517872
-116.16024019244679
-116.16924765133268
-116.17809969072601
-116.18679388696586
-116.19532768665198
-116.20369840960308
-116.21190325195295
-116.21993928937678
-116.22780348044017
-116.23549267006314
-116.2430035930916
-116.25033287796879
-116.25747705049918
-116.26443253769814
-116.27119567172103
-116.27776269386634
-116.28412975864767
-116.29029293792898
-116.29624822511771
-116.3019915394106
-116.30751873008721
-116.31282558084563
-116.3179078141748
-116.3227610957586
-116.3273810389067
-116.33176320900809
-116.33590312800327
-116.33979627887202
-116.34343811013348
-116.34682404035532
-116.34994946266833
-116.35280974928303
-116.35540025600476
-116.35771632674486
-116.35975329802584
-116.36150650347888
-116.36297127833204
-116.36414296388766
-116.36501691198752
-116.36558848946417
-116.3658530825766
-116.36580610142964
-116.36544298437677
-116.36475920240666
-116.36375026351304
-116.36241171704789
-116.36073915805814
-116.35872823160587
-116.35637463707091
-116.35367413243436
-116.35062253854043
-116.34721574333552
-116.34344970608326
-116.33932046155421
-116.33482412418816
-116.32995689222689
-116.32471505181609
-116.31909498107522
-116.31309315413334
-116.30670614512796
-116.29993063216459
-116.29276340123299
-116.28520135007686
-116.2772414920128
-116.26888095969393
-116.2601170088132
-116.2509470217414
-116.24136851109442
-116.23137912322368
-116.22097664162293
-116.21015899024398
-116.19892423671392
-116.1872705954468
-116.17519643064286
-116.16270025916815
-116.14978075330843
-116.13643674339134
-116.12266722027111
-116.10847133766963
-116.09384841436751
-116.07879793623879
-116.0633195581227
-116.04741310552656
-116.03107857615355
-116.01431614125038
-115.99712614677019
-115.97950911434764
-115.96146574208448
-115.94299690514485
-115.9241036561596
-115.90478722543973
-115.88504902099935
-115.86489062839
-115.84431381034851
-115.82332050625989
-115.80191283143749
-115.7800930762226
-115.75786370490702
-115.73522735448186
-115.71218683321528
-115.6887451190626
-115.66490535791233
-115.64067086167204
-115.6160451061974
-115.59103172906889
-115.5656345272203
-115.53985745442337
-115.51370461863216
-115.48718027919192
-115.46028884391721
-115.43303486604377
-115.40542304105888
-115.37745820341608
-115.34914532314058
-115.32048950233109
-115.29149597156349
-115.26217008620135
-115.23251732261853
-115.20254327433979
-115.17225364810513
-115.14165425986327
-115.11075103069952
-115.07954998270274
-115.04805723477641
-115.016278998397
-114.98422157332338
-114.95189134326033
-114.91929477148032
-114.8864383964082
-114.85332882717209
-114.81997273912422
-114.78637686933443
-114.75254801205816
-114.71849301417947
-114.68421877062931
-114.64973221977837
-114.61504033880422
-114.58015013903278
-114.54506866125362
-114.50980297100924
-114.4743601538577
-114.43874731060933
-114.40297155253737
-114.36703999656382
-114.33095976042162
-114.29473795779543
-114.25838169344266
-114.22189805829592
-114.18529412454816
-114.14857694072217
-114.11175352672731
-114.07483086890639
-114.03781591507564
-114.00071556956235
-113.96353668824398
-113.92628607359305
-113.88897046973128
-113.85159655749752
-113.81417094953443
-113.77670018539928
-113.73919072670404
-113.70164895229053
-113.66408115344498
-113.62649352915733
-113.58889218143136
-113.5512831106528
-113.51367221102217
-113.47606526605935
-113.43846794418712
-113.40088579440103
-113.36332424203309
-113.32578858461662
-113.28828398785927
-113.25081548173083
-113.21338795667262
-113.17600615993572
-113.13867469205618
-113.10139800347534
-113.0641803913127
-113.02702599629836
-112.98993879987088
-112.9529226214452
-112.91598111585384
-112.87911777096431
-112.8423359054739
-112.80563866688377
-112.76902902965301
-112.73250979353318
-112.69608358208316
-112.65975284136474
-112.62351983881823
-112.58738666231764
-112.55135521940511
-112.5154272367046
-112.47960425951433
-112.44388765157683
-112.4082785950259
-112.37277809050946
-112.33738695748653
-112.3021058346973
-112.2669351808045
-112.23187527520454
-112.19692621900609
-112.16208793617253
-112.12736017482521
-112.09274250870286
-112.05823433877188
-112.0238348949828
-111.98954323816784
-111.9553582620745
-111.92127869552897
-111.887303104724
-111.85342989562653
-111.8196573165009
-111.7859834605429
-111.75240626862106
-111.71892353212107
-111.68553289589013
-111.65223186127926
-111.61901778928157
-111.58588790376452
-111.55283929479278
-111.5198689220389
-111.48697361827887
-111.45415009297007
-111.42139493590936
-111.38870462096999
-111.35607550991541
-111.32350385628935
-111.29098580938036
-111.25851741826013
-111.22609463589403
-111.1937133233214
-111.16136925390278
-111.12905811763063
-111.0967755254999
-111.06451701393316
-111.03227804925486
-111.00005403220736
-110.96784030250139
-110.93563214339316
-110.90342478628021
-110.87121341530782
-110.83899317198019
-110.80675915977021
-110.77450644872148
-110.7422300800364
-110.70992507064433
-110.67758641774368
-110.64520910331318
-110.61278809858733
-110.58031836849194
-110.54779487603572
-110.51521258665436
-110.482566472503
-110.4498515166945
-110.4170627174823
-110.38419509238737
-110.35124368226901
-110.31820355533854
-110.28506981111583
-110.25183758432924
-110.21850204876024
-110.18505842103436
-110.15150196435913
-110.11782799221045
-110.08403187196849
-110.0501090285044
-110.01605494771935
-109.98186518003787
-109.9475353438569
-109.9130611289519
-109.87843829984014
-109.84366269910198
-109.80873025066116
-109.77363696302542
-109.73837893248789
-109.7029523462884
-109.66735348573492
-109.63157872928493
-109.59562455558672
-109.55948754647956
-109.52316438995105
-109.48665188305053
-109.44994693475668
-109.41304656879676
-109.37594792641256
-109.33864826906792
-109.30114498109221
-109.26343557225415
-109.22551768026018
-109.18738907317164
-109.14904765173584
-109.11049145162487
-109.0717186455761
-109.03272754542833
-108.99351660404854
-108.95408441714359
-108.9144297249518
-108.87455141381078
-108.83444851759897
-108.7941202190491
-108.75356585093142
-108.7127848971045
-108.67177699343132
-108.6305419285584
-108.58907964455638
-108.54739023742128
-108.50547395743548
-108.46333120938802
-108.42096255265314
-108.37836870112609
-108.33555052301564
-108.29250904049276
-108.24924542919452
-108.2057610175824
-108.16205728615432
-108.11813586650976
-108.07399854026767
-108.02964723783714
-107.98508403704227
-107.94031116160227
-107.89533097946833
-107.85014600101829
-107.80475887711066
-107.75917239699959
-107.71338948611196
-107.6674132036868
-107.621246740277
-107.57489341511325
-107.52835667333034
-107.48164008305594
-107.43474733236337
-107.3876822260894
-107.34044868251794
-107.29305072993054
-107.2454925030247
-107.19777823920265
-107.14991227473377
-107.10189904079436
-107.05374305938858
-107.00544893915423
-106.95702137105809
-106.9084651239856
-106.85978504023046
-106.81098603088867
-106.7620730711626
-106.71305119558099
-106.66392549314071
-106.61470110237735
-106.56538320637208
-106.51597702770198
-106.46648782334148
-106.41692087952129
-106.36728150655131
-106.31757503361462
-106.26780680354057
-106.21798216756451
-106.16810648008106
-106.11818509339753
-106.06822335249501
-106.0182265898045
-105.96820012000558
-105.91814923485595
-105.86807919806063
-105.8179952401905
-105.7679025536595
-105.71780628776912
-105.6677115438282
-105.61762337035475
-105.56754675836703
-105.51748663677051
-105.46744786784757
-105.41743524285653
-105.36745347774684
-105.31750720899629
-105.26760098957675
-105.21773928505388
-105.1679264698264
-105.11816682351014
-105.06846452747152
-105.0188236615146
-104.96924820072638
-104.91974201248456
-104.87030885363231
-104.82095236782436
-104.77167608304876
-104.72248340932822
-104.67337763660441
-104.6243619328078
-104.57543934211401
-104.5266127833878
-104.47788504881623
-104.42925880273208
-104.38073658062797
-104.33232078836079
-104.28401370154586
-104.23581746514003
-104.18773409321182
-104.1397654688958
-104.09191334452828
-104.04417934196158
-103.99656495305453
-103.94907154033581
-103.90170033783556
-103.85445245208075
-103.80732886324893
-103.76033042647487
-103.71345787330495
-103.66671181329343
-103.6200927357354
-103.57360101153051
-103.52723689517256
-103.48100052685832
-103.43489193470928
-103.38891103709953
-103.34305764508257
-103.29733146491013
-103.25173210063541
-103.20625905679218
-103.1609117411417
-103.11568946748024
-103.07059145849995
-103.02561684869578
-102.98076468731072
-102.93603394131252
-102.89142349839459
-102.8469321699939
-102.80255869431856
-102.75830173937901
-102.71415990601712
-102.6701317309281
-102.62621568966959
-102.58241019965168
-102.53871362310188
-102.49512426999978
-102.45164040097585
-102.40826023017097
-102.36498192805298
-102.32180362418704
-102.27872340995621
-102.23573934122963
-102.19284944097704
-102.15005170182836
-102.10734408857807
-102.06472454063338
-102.02219097440523
-101.97974128564191
-101.93737335170532
-101.89508503379044
-101.85287417908931
-101.81073862290019
-101.76867619068285
-101.72668470006157
-101.6847619627781
-101.64290578659812
-101.60111397717411
-101.55938433986863
-101.51771468154048
-101.47610281229571
-101.43454654720607
-101.39304370799765
-101.35159212471216
-101.3101896373439
-101.26883409745447
-101.22752336976644
-101.186255333738
-101.14502788511867
-101.10383893748586
-101.06268642376197
-101.02156829771069
-100.98048253541161
-100.93942713671207
-100.89840012665546
-100.85739955688551
-100.8164235070261
-100.77547008603618
-100.73453743353899
-100.69362372112424
-100.65272715362163
-100.61184597034331
-100.57097844629253
-100.53012289333559
-100.48927766133419
-100.44844113923601
-100.40761175612089
-100.3667879821994
-100.32596832976172
-100.28515135407484
-100.24433565422679
-100.20351987391756
-100.16270270219614
-100.12188287414322
-100.08105917149963
-100.04023042324114
-99.99939550609996
-99.9585533450339
-99.91770291364467
-99.87684323454663
-99.83597337968818
-99.79509247062911
-99.75419967877654
-99.71329422558289
-99.6723753827092
-99.63144247215813
-99.59049486637967
-99.54953198835459
-99.50855331165961
-99.46755836051805
-99.42654670983914
-99.38551798524973
-99.34447186312137
-99.30340807059518
-99.26232638560633
-99.22122663690833
-99.18010870409647
-99.1389725176292
-99.09781805884596
-99.05664535997981
-99.01545450416403
-98.97424562543266
-98.93301890871508
-98.89177458982373
-98.8505129554345
-98.80923434305952
-98.76793914101118
-98.72662778835557
-98.68530077485228
-98.6439586408777
-98.6026019773277
-98.56123142549573
-98.51984767692213
-98.47845147320933
-98.43704360579997
-98.39562491571311
-98.35419629323448
-98.31275867755662
-98.27131305636541
-98.22986046537002
-98.18840198777318
-98.1469387536799
-98.10547193944225
-98.06400276693759
-98.02253250277894
-97.98106245745518
-97.93959398439935
-97.89812847898347
-97.85666737743892
-97.8152121557018
-97.77376432818298
-97.73232544646405
-97.69089709791953
-97.64948090426614
-97.60807852003947
-97.56669163099954
-97.52532195246644
-97.48397122758828
-97.44264122554452
-97.4013337396876
-97.36005058562611
-97.31879359925253
-97.27756463471971
-97.23636556236985
-97.19519826661983
-97.15406464380689
-97.11296659999968
-97.07190604877971
-97.03088490899901
-96.98990510252108
-96.9489685519521
-96.90807717836955
-96.86723289905362
-96.82643762522761
-96.78569325981195
-96.7450016951959
-96.70436481103124
-96.66378447205156
-96.62326252592013
-96.58280080110964
-96.542401104817
-96.50206522091489
-96.46179490794233
-96.42159189713774
-96.3814578905178
-96.34139455900592
-96.30140354061322
-96.26148643867234
-96.22164482012371
-96.1818802138533
-96.14219410908024
-96.10258795379283
-96.06306315323135
-96.02362106841517
-95.98426301471235
-95.94499026044954
-95.90580402555972
-95.8667054802655
-95.82769574379685
-95.78877588314228
-95.74994691183267
-95.71120978875783
-95.67256541701542
-95.63401464279238
-95.59555825427898
-95.55719698061486
-95.51893149086706
-95.48076239304041
-95.44269023312083
-95.40471549415267
-95.36683859535194
-95.32905989125797
-95.29137967092626
-95.25379815716528
-95.21631550581932
-95.1789318050987
-95.14164707495851
-95.1044612665273
-95.06737426158631
-95.03038587209912
-94.99349583979071
-94.95670383577541
-94.92000946023379
-94.88341224213897
-94.84691163903423
-94.81050703686341
-94.77419774985626
-94.73798302047098
-94.70186201939609
-94.66583384561349
-94.62989752652501
-94.59405201814397
-94.55829620535368
-94.52262890223514
-94.48704885246566
-94.45155472979157
-94.41614513857753
-94.38081861443557
-94.345573624936
-94.31040857040223
-94.27532178479062
-94.2403115366562
-94.20537603020632
-94.17051340644419
-94.13572174440385
-94.10099906247724
-94.06634331983169
-94.03175241791526
-93.9972242020461
-93.96275646308227
-93.9283469391681
-93.89399331755324
-93.85969323648017
-93.82544428713591
-93.79124401566351
-93.75708992522944
-93.72297947814407
-93.68891009803288
-93.65487917205571
-93.62088405317122
-93.5869220624431
-93.55299049138473
-93.51908660433953
-93.48520764089422
-93.45135081832275
-93.41751333405792
-93.38369236818751
-93.34988508597333
-93.3160886403909
-93.28230017468918
-93.24851682496929
-93.21473572278167
-93.18095399774081
-93.1471687801555
-93.11337720367062
-93.07957640791626
-93.04576354116018
-93.01193576295994
-92.97809024681062
-92.9442241827846
-92.9103347801592
-92.87641927002831
-92.84247490789285
-92.80849897622598
-92.77448878700848
-92.74044168423013
-92.7063550463517
-92.67222628872192
-92.63805286594454
-92.60383227419182
-92.56956205346133
-92.53523978977371
-92.50086311730986
-92.46642972048694
-92.43193733597259
-92.39738375463772
-92.36276682344904
-92.32808444730286
-92.29333459080131
-92.25851527997311
-92.22362460394102
-92.18866071653822
-92.15362183787597
-92.11850625586415
-92.08331232768633
-92.0480384812309
-92.01268321647974
-91.97724510685653
-91.94172280053574
-91.90611502171278
-91.87042057183619
-91.8346383308022
-91.79876725811046
-91.76280639397926
-91.72675486041892
-91.69061186226277
-91.65437668815623
-91.61804871150339
-91.58162739137022
-91.54511227334395
-91.50850299034705
-91.47179926340432
-91.43500090236087
-91.39810780654939
-91.36111996540406
-91.32403745901838
-91.28686045864283
-91.2495892271174
-91.21222411923357
-91.17476558202061
-91.13721415495122
-91.09957047006294
-91.06183525199192
-91.02400931791631
-90.9860935774072
-90.94808903218411
-90.9099967757714
-90.87181799305183
-90.83355395971348
-90.79520604158706
-90.75677569387081
-90.71826446024109
-90.67967397184687
-90.64100594618613
-90.60226218586259
-90.5634445772218
-90.52455508886631
-90.48559577004944
-90.44656874894766
-90.40747623081171
-90.3683204959978
-90.32910389788009
-90.2898288606462
-90.2504978769785
-90.21111350562347
-90.17167836885181
-90.13219514981148
-90.09266658977634
-90.05309548529414
-90.01348468523776
-89.97383708776391
-89.93415563718446
-89.89444332075544
-89.85470316538903
-89.81493823429372
-89.77515162354808
-89.73534645861258
-89.69552589078359
-89.6556930935937
-89.61585125916389
-89.57600359451186
-89.53615331782186
-89.49630365468096
-89.45645783428625
-89.41661908562713
-89.37679063364652
-89.33697569538555
-89.29717747611556
-89.25739916546144
-89.21764393351924
-89.17791492697262
-89.13821526521218
-89.0985480364622
-89.05891629391914
-89.01932305190638
-88.97977128204963
-88.94026390947744
-88.9008038090513
-88.86139380162894
-88.8220366503644
-88.78273505704811
-88.74349165849009
-88.70430902294908
-88.66518964661105
-88.62613595012004
-88.5871502751649
-88.54823488112692
-88.50939194179324
-88.47062354214148
-88.43193167520161
-88.39331823900108
-88.3547850335986
-88.31633375821224
-88.27796600844766
-88.23968327363326
-88.20148693426933
-88.16337825959835
-88.12535840530319
-88.08742841133864
-88.04958919990128
-88.01184157354277
-87.97418621343064
-87.93662367776056
-87.89915440032286
-87.86177868922681
-87.82449672578633
-87.78730856356975
-87.75021412761606
-87.71321321381942
-87.67630548848291
-87.6394904880421
-87.60276761895813
-87.56613615777945
-87.52959525137084
-87.49314391730678
-87.45678104442749
-87.42050539355427
-87.38431559836164
-87.34821016640336
-87.31218748028897
-87.27624579900777
-87.24038325939802
-87.20459787775911
-87.16888755160363
-87.13325006154633
-87.09768307332723
-87.06218413996527
-87.02675070403888
-86.99138010008988
-86.95606955714692
-86.92081620136497
-86.88561705877765
-86.85046905815824
-86.81536903398619
-86.78031372951595
-86.74529979994558
-86.71032381568175
-86.67538226569665
-86.6404715609721
-86.60558803802705
-86.57072796252537
-86.53588753296098
-86.50106288441798
-86.4662500924026
-86.43144517674561
-86.39664410557377
-86.36184279934893
-86.32703713497214
-86.29222294995002
-86.25739604662117
-86.22255219644005
-86.18768714431592
-86.15279661300421
-86.11787630754729
-86.08292191976038
-86.04792913275803
-86.0128936255159
-85.97781107746248
-85.94267717309451
-85.90748760661113
-85.87223808656124
-85.83692434049924
-85.80154211964332
-85.76608720353083
-85.73055540466457
-85.69494257314311
-85.6592446012683
-85.62345742812447
-85.58757704412373
-85.55159949551278
-85.51552088883663
-85.47933739535442
-85.44304525540183
-85.4066407826969
-85.3701203685852
-85.33348048622103
-85.29671769468125
-85.25982864300879
-85.22281007418296
-85.185658829014
-85.14837184995956
-85.11094618486042
-85.07337899059262
-85.03566753663317
-84.99780920853782
-84.95980151132873
-84.9216420727901
-84.88332864666897
-84.84485911577865
-84.80623149500109
-84.76744393418407
-84.72849472092973
-84.68938228327026
-84.65010519222669
-84.61066216424585
-84.57105206351098
-84.5312739041223
-84.49132685214413
-84.4512102275143
-84.41092350581202
-84.37046631987998
-84.32983846129746
-84.28903988170207
-84.24807069395744
-84.20693117316391
-84.16562175750953
-84.1241430489594
-84.08249581378111
-84.040680982904
-83.99869965210989
-83.95655308205237
-83.91424269810197
-83.87177009001543
-83.82913701142722
-83.78634537916166
-83.74339727236399
-83.70029493144857
-83.65704075686317
-83.61363730766952
-83.57008729994008
-83.5263936049718
-83.48255924731772
-83.43858740263833
-83.39448139537573
-83.35024469625357
-83.30588091960617
-83.26139382054139
-83.21678729194211
-83.172065361311
-83.12723218746366
-83.08229205707498
-83.03724938108284
-82.99210869095411
-82.94687463481766
-82.90155197346955
-82.85614557625517
-82.81066041683407
-82.76510156883369
-82.71947420139843
-82.67378357464138
-82.62803503500565
-82.58223401054128
-82.53638600610365
-82.49049659848019
-82.4445714314525
-82.39861621079983
-82.35263669925
-82.3066387113826
-82.26062810848843
-82.21461079338933
-82.16859270522232
-82.12257981419148
-82.07657811629056
-82.0305936279988
-81.98463238095181
-81.93870041658866
-81.89280378077697
-81.8469485184178
-81.80114066803108
-81.75538625632171
-81.70969129272592
-81.66406176393824
-81.61850362842054
-81.57302281089497
-81.52762519682327
-81.48231662687502
-81.43710289138758
-81.39198972482066
-81.34698280020896
-81.30208772361678
-81.2573100285986
-81.21265517066993
-81.16812852179365
-81.12373536488761
-81.07948088836056
-81.03537018068292
-80.99140822499933
-80.94759989378989
-80.90394994358658
-80.86046300975264
-80.81714360133222
-80.77399609597992
-80.73102473497946
-80.68823361836067
-80.64562670012336
-80.60320778357632
-80.56098051680024
-80.51894838824253
-80.47711472245217
-80.43548267596273
-80.3940552333319
-80.35283520334488
-80.31182521538906
-80.27102771600644
-80.23044496563048
-80.1900790355136
-80.14993180485149
-80.11000495811075
-80.07029998256579
-80.03081816604939
-79.9915605949208
-79.95252815225379
-79.91372151624617
-79.87514115885168
-79.83678734463504
-79.79866012985181
-79.76075936175462
-79.7230846781271
-79.68563550704565
-79.64841106686904
-79.6114103664552
-79.57463220560354
-79.53807517572162
-79.50173766071433
-79.4656178380931
-79.42971368030274
-79.39402295626363
-79.35854323312665
-79.32327187823867
-79.28820606131606
-79.2533427568242
-79.21867874656087
-79.18421062244116
-79.14993478948148
-79.11584746898043
-79.0819447018936
-79.04822235240002
-79.01467611165779
-78.98130150174612
-78.94809387979151
