27.154204968898757
27.25692109046027
27.35965415677534
27.462404487727202
27.56517258608496
27.667959136944766
27.770765006977904
27.87359124348537
27.976439073258796
28.079309901247647
28.182205309033314
28.285127053110777
28.388077062978844
28.49105743904007
28.59407045031193
28.697118531951045
28.80020428259243
28.903330461506126
29.006499985573978
29.10971592608953
29.212981505384615
29.31630009328597
29.419675203405717
29.523110489269527
29.62660974028691
29.730176877568255
29.833815949593372
29.93753112773618
30.041326701650235
30.145207074520073
30.249176758183243
30.353240368128017
30.457402618371848
30.56166831622608
30.666042356952435
30.770529718316883
30.87513545504658
30.979864693195655
31.084722624425872
31.189714500208375
31.294845625952725
31.40012135506948
31.505547082972647
31.611128241028588
31.71687029045794
31.822778716197327
31.928859020727725
32.03511671787661
32.14155732660084
32.24818636475721
32.35500934286752
32.46203175788493
32.56925908696836
32.6766967812719
32.78435025975658
32.89222490303179
33.00032604723363
33.10865897794686
33.21722892417701
33.326041052378585
33.43510046054537
33.54441217236878
33.65398113147053
33.76381219571583
33.87391013161327
33.98427960880706
34.094925194667034
34.205851348981916
34.31706241876116
34.42856263315104
34.54035609847039
34.65244679337186
34.76483856413429
34.87753512009177
34.99054002920487
35.103856713779145
35.217488446335686
35.33143834563847
35.44570937288287
35.56030432804993
35.67522584643074
35.7904763953249
35.90605827091707
36.02197359533534
36.13822431389514
36.254812192531915
36.37173881542546
36.48900558281801
36.606613709028494
36.72456422066497
36.84285795503709
36.96149555877028
37.08047748662315
37.19980400050906
37.31947516872282
37.439490865372875
37.55985077001953
37.6805543675192
37.801600948074885
37.9229896074929
38.04471924764582
38.16678857714144
38.28919611219707
38.41194017771799
38.535018908579026
38.658430251108065
38.78217196476968
38.90624162404661
39.030636620516454
39.155354165121004
39.28039129062533
39.40574485426349
39.531411540567646
39.657387864377526
39.78367017402694
39.91025465470436
40.037137331984624
40.16431407552851
40.2917806029465
40.419532483822806
40.54756514389571
40.6758738693906
40.80445381150177
40.93329999101921
41.062407303096215
41.1917705221532
41.32138430691224
41.45124320555703
41.58134166101279
41.7116740163413
41.84223452024616
41.973017332683746
42.10401653057425
42.235226113607375
42.36664001013644
42.498252083154334
42.630056136344585
42.762045920200244
42.89421513820321
43.02655745305668
43.15906649296346
43.29173585794251
43.42455912617635
43.55752986038124
43.69064161419237
43.82388793855614
43.95726238812205
44.090758527626804
44.22436993826284
44.358090224023044
44.49191301801358
44.62583198872619
44.75984084626209
44.89393334849962
45.02810330719843
45.16234459403251
45.29665114654512
45.4310169740183
45.565436163249906
45.69990288423151
45.83441139572103
45.96895605070416
46.10353130173906
46.23813170617877
46.3727519312663
46.50738675909748
46.642031091446555
46.77667995444922
46.91132850313848
47.0459720258291
47.180605948346866
47.31522583809921
47.44982740798402
47.584406520132816
47.71895918948492
47.85348158718922
47.98797004383131
48.122421052484086
48.25683127158079
48.39119752760941
48.5255168176275
48.65978631159677
48.79400335453638
48.928165468494306
49.06227035433633
49.19631589335241
49.330300148680884
49.464221366549815
49.598077977335116
49.731868596434616
49.86559202495746
49.99924725022819
50.132833446105415
50.26634997311478
50.39979637839573
50.533172395462
50.666477943775334
50.79971312813208
50.93287823786298
51.06597374584649
51.199000307336604
51.33195875860585
51.46485011540503
51.59767557124164
51.73043649547887
51.86313443125678
51.99577109323732
52.128348365175015
52.26086829731523
52.39333310362221
52.52574515883928
52.65810699538404
52.79042130008137
52.92269091073681
53.054918812553275
53.187108134394215
53.31926214489679
53.45138424843848
53.5834779809612
53.71554700565722
53.8475951085213
53.979626193773164
54.11164427915467
54.24365349110597
54.375658059825284
54.507662314216745
54.63967067673137
54.77168765810619
54.90371785200669
55.035765929578176
55.167836633911904
55.29993477443246
55.43206522121265
55.56423289922235
55.69644278251734
55.82869988837494
55.96100927138285
56.09337601748739
56.22580523800757
56.358302063621345
56.49087163833064
56.62351911341141
56.75624964135499
56.88906836980703
57.02198043551032
57.15499095825839
57.28810503486687
57.42132773317035
57.554664086052405
57.688119085516284
57.82169767680323
57.95540475256501
58.089245147097124
58.22322363063869
58.35734490374466
58.49161359173621
58.62603423923514
58.76061130478769
58.89534915558329
59.030252062273746
59.165324193898755
59.30056961292331
59.435992270392205
59.571596001206615
59.70738451952792
59.84336141431339
59.97953014498802
60.115894037256794
60.25245627906128
60.38921991668412
60.526187851005325
60.66336283391423
60.80074746488089
60.93834418769121
61.07615528735011
61.21418288715689
61.3524289459565
61.490895255570486
61.62958343841098
61.768494945280914
61.90763105336311
62.04699286440047
62.1865813030691
62.326397115545724
62.46644086827054
62.60671294690583
62.74721355549066
62.887942715791795
63.02890026685101
63.17008586472862
63.31149898244327
63.453138910107796
63.595004755260405
63.73709544338989
63.87940971865358
64.02194614478692
64.16470310620316
64.30767880928097
64.45087128383808
64.59427838478895
64.73789779398426
64.88172702222944
65.02576341147837
65.17000413719843
65.31444621090306
65.45908648284662
65.60392164487658
65.7489482334378
65.89416263272429
66.03956107797413
66.18513965890364
66.33089432327702
66.47682088060813
66.62291500599045
66.7691722440513
66.91558801302605
67.06215760894756
67.20887620994617
67.3557388806556
67.5027405767199
67.64987614939625
67.79714035024787
67.94452783592155
68.09203317300486
68.23965084295921
68.38737524712448
68.53520071179136
68.6831214933363
68.8311317834139
68.97922571420216
69.12739736369682
69.27564076105025
69.42394989195023
69.57231870403328
69.72074111232762
69.86921100472038
70.0177222474437
70.16626869057386
70.31484417353788
70.46344253062198
70.61205759647616
70.76068321160885
70.90931322786592
71.05794151388896
71.20656196054766
71.35516848634187
71.50375504276916
71.65231561965344
71.80084425042956
71.94933501737874
72.09778205680901
72.24617956417511
72.39452179913097
72.54280309050783
72.69101784121175
72.8391605330355
72.9872257313804
73.13520808988442
73.28310235495262
73.43090337018741
73.57860608071535
73.72620553740848
73.87369690099791
74.02107544607742
74.16833656499426
74.31547577162422
74.46248870502694
74.60937113297854
74.75611895537844
74.90272820752807
75.04919506327929
75.19551583805071
75.34168699171096
75.48770513132729
75.6335670137787
75.7792695482326
75.92480979848415
76.0701849851572
76.21539248776583
76.36042984663504
76.50529476468012
76.64998510904366
76.79449891258946
76.93883437525187
77.08298986523982
77.22696392009482
77.37075524760292
77.51436272656065
77.65778540739495
77.80102251263725
77.94407343725153
78.08693774881671
78.22961518756269
78.37210566626108
78.51440926997056
78.65652625563759
78.79845705155448
78.94020225667602
79.08176263979625
79.22313913858638
79.36433285849377
79.50534507150213
79.64617721475214
79.78683088902234
79.92730785707046
80.06761004183501
80.20773952449782
80.34769854240814
80.48748948686911
80.62711490078802
80.76657747619176
80.90588005161011
81.04502560932964
81.18401727252048
81.32285830223795
81.4615520943013
81.60010217605146
81.73851220298913
81.87678595529452
82.01492733423062
82.15294035843093
82.29082916007351
82.42859798094415
82.56625116839123
82.70379317117548
82.84122853521731
82.9785618992453
83.11579799034908
83.2529416194408
83.38999767662906
83.52697112650904
83.66386700337287
83.80069040634444
83.93744649444241
84.07414048157605
84.2107776314779
84.34736325257703
84.48390269281768
84.62040133442841
84.75686458864735
84.89329789040951
85.0297066930024
85.1660964626956
85.30247267335133
85.43884080102137
85.57520631853689
85.71157469009736
85.84795136586516
85.98434177657171
86.12075132814167
86.25718539634116
86.39364932145638
86.53014840300823
86.66668789450777
86.80327299825755
86.9399088602028
87.07660056483523
87.21335313015258
87.35017150267747
87.48706055253824
87.6240250686157
87.76106975376074
87.89819922008807
88.03541798435155
88.17273046340704
88.31014096976848
88.44765370726354
88.58527276679472
88.72300212221187
88.86084562630121
88.99880700689555
89.13688986310926
89.27509766170071
89.41343373356419
89.5519012703533
89.69050332123781
89.82924278979594
89.9681224310438
90.10714484860448
90.24631249201893
90.38562765420015
90.52509246903291
90.6647089091205
90.80447878368038
90.94440373659023
91.08448524458566
91.22472461561057
91.36512298732083
91.50568132574159
91.64640042407876
91.7872809016855
91.92832320318388
92.06952759774157
92.21089417850334
92.35242286217743
92.49411338877752
92.63596532152104
92.77797804688436
92.92015077481352
93.06248253908922
93.20497219784369
93.34761843422785
93.4904197572269
93.63337450262321
93.77648083410526
93.91973674452123
94.06314005727546
94.20668842786478
94.3503793455522
94.4942101351757
94.63817795909011
94.7822798192405
94.92651255936534
95.07087286732661
95.21535727756412
95.35996217367136
95.5046837910898
95.64951821991775
95.79446140783064
95.93950916311003
96.08465715777898
96.22990093084123
96.37523589162272
96.52065732321269
96.66616038600144
96.81174012131301
96.95739145513012
97.10310920190825
97.24888806847544
97.39472265801437
97.540607474124
97.6865369249568
97.83250532742791
97.97850691149218
98.12453582448661
98.2705861355358
98.41665184001677
98.56272686408018
98.70880506922408
98.85488025691684
99.00094617326518
99.14699651372457
99.29302492784889
99.43902502407646
99.5849903745496
99.73091451996454
99.87679097444818
100.02261323045771
100.16837476369865
100.31406903805755
100.45968951054518
100.60522963624608
100.75068287327026
100.89604268770252
101.0413025585452
101.18645598264922
101.33149647962827
101.47641759675182
101.62121291381342
101.76587604797086
101.91040065855461
102.0547804518412
102.19900918578853
102.34308067472998
102.48698879402397
102.63072748465467
102.77429075777908
102.91767269921624
103.06086747387414
103.20386933010954
103.34667260401451
103.48927172362309
103.6316612130307
103.77383569641958
103.91578990198317
104.05751866574198
104.19901693524477
104.34027977314972
104.48130236068161
104.62208000096072
104.76260812219888
104.90288228075812
105.04289816406694
105.18265159338918
105.32213852644063
105.46135505984873
105.60029743145034
105.73896202242312
105.87734535924741
106.015444115495
106.15325511344153
106.29077532549988
106.4280018754724
106.56493203961983
106.70156324754382
106.83789308288077
106.97391928380613
107.10963974335003
107.24505250952596
107.3801557852746
107.51494792822608
107.64942745028462
107.78359301704027
107.91744344701304
108.05097771073461
108.18419492967358
108.31709437500943
108.44967546626013
108.58193776976735
108.71388099704335
108.84550500298347
108.97680978394781
109.10779547571552
109.23846235131565
109.3688108187382
109.49884141852964
109.62855482127712
109.75795182498506
109.88703335234662
110.01580044791227
110.14425427515742
110.272396113451
110.40022735492526
110.52774950124784
110.65496416029667
110.78187304273864
110.90847795851253
111.03478081321781
111.16078360440927
111.28648841779817
111.41189742335972
111.53701287134787
111.66183708821767
111.78637247245727
111.91062149033279
112.03458667154949
112.15827060483274
112.28167593343163
112.40480535054893
112.52766159470035
112.65024744500634
112.77256571641975
112.89461925489285
113.01641093248791
113.1379436424355
113.25922029414583
113.38024380817954
113.50101711118405
113.62154313080246
113.74182479056286
113.86186500475684
113.98166667331621
114.10123267669724
114.220565870781
114.33966908179912
114.45854510129391
114.5771966811219
114.69562652850914
114.81383730116681
114.9318316024752
115.04961197674368
115.16718090455436
115.28454079819687
115.40169399720128
115.51864276397578
115.63538927955483
115.751935639463
115.86828384969988
115.98443582285131
116.10039337433227
116.21615821876617
116.33173196650455
116.44711612029232
116.5623120720827
116.6773211000068
116.79214436550342
116.90678291061488
117.02123765545377
117.13550939584661
117.24959880115989
117.363506412314
117.47723263999035
117.59077776303604
117.7041419270696
117.81732514329167
117.93032728750347
118.04314809933544
118.15578718168774
118.26824400038254
118.38051788402674
118.49260802408344
118.60451347514947
118.71623315543616
118.82776584744909
118.93911019886207
119.05026472357906
119.16122780297735
119.27199768732453
119.38257249736091
119.49295022603803
119.60312874040346
119.71310578362318
119.82287897713377
119.93244582291607
120.0418037058813
120.15094989636066
120.25988155268863
120.36859572387141
120.47708935233095
120.58535927671551
120.69340223476797
120.80121486624478
120.90879371587857
121.0161352363782
121.1232357914605
121.23009165891085
121.33669903366967
121.44305403094222
121.54915268933041
121.6549909739856
121.76056477978204
121.86586993451101
121.97090220209589
122.0756572858287
122.18013083162873
122.2843184313233
122.3882156259516
122.49181790909199
122.59512073021371
122.69811949805309
122.80080958401449
122.90318632559594
123.00524502983946
123.10698097680508
123.20838942306774
123.30946560523581
123.41020474349024
123.51060204514387
123.6106527082202
123.71035192505157
123.80969488589712
123.9086767825802
124.00729281214468
124.10553818052928
124.20340810625886
124.30089782415168
124.39800258904087
124.49471767950821
124.59103840162767
124.6869600927164
124.78247812509052
124.87758790982288
124.97228490049976
125.0665645969731
125.16042254910441
125.25385436049704
125.34685569221303
125.43942226647108
125.53154987032225
125.62323435930013
125.71447166104157
125.80525777887375
125.89558879536402
125.98546087582999
126.07487027180686
126.16381332446896
126.25228646800214
126.34028623292262
126.42780924933824
126.51485225014905
126.60141207418486
126.68748566927685
126.77307009526056
126.85816252690769
126.94276025678347
127.02686069802805
127.11046138706014
127.19355998620132
127.27615428621961
127.35824220879068
127.43982180887441
127.52089127700368
127.60144894148267
127.68149327049049
127.76102287408686
127.84003650611545
127.91853306600002
127.99651160042812
128.07397130491722
128.15091152525895
128.22733175883673
128.30323165581342
128.37861102018542
128.45346981069974
128.5278081416301
128.60162628340856
128.6749246631107
128.7477038647911
128.8199646296673
128.8917078561483
128.9629345997056
129.03364607258402
129.1038436433496
129.173528836272
129.24270333053914
129.31136895930183
129.37952770854656
129.44718171579362
129.51433326861925
129.58098480300103
129.64713890148622
129.7127982911832
129.77796584157514
129.8426445621558
129.9068375998876
129.9705482364831
130.03377988551168
130.0965360893329
130.15882051585837
130.220636955145
130.2819893158227
130.34288162136116
130.4033180061813
130.4633027116171
130.52284008173447
130.58193455901394
130.6405906799047
130.69881307025858
130.75660644065275
130.8139755816084
130.87092535871207
130.92746070764647
130.98358662913725
131.03930818382324
131.0946304870562
131.1495587036358
131.20409804248393
131.25825375126342
131.31203111094476
131.3654354303261
131.41847204051226
131.471146289358
131.52346353588075
131.57542914464977
131.62704848015835
131.67832690118541
131.7292697551528
131.7798823724837
131.83017006096873
131.88013810014525
131.92979173569609
131.97913617387405
132.02817657595926
132.07691805275556
132.12536565913354
132.1735243886286
132.22139916810136
132.26899485246702
132.31631621950044
132.36336796472358
132.41015469638285
132.45668093052302
132.50295108616422
132.54896948058797
132.59474032473906
132.6402677187483
132.68555564758128
132.73060797681717
132.775428448561
132.82002067749147
132.86438814704763
132.90853420575706
132.952462063707
132.99617478916082
133.0396753053236
133.08296638725926
133.1260506589607
133.16893059057531
133.21160849578712
133.2540865293596
133.29636668484306
133.33845079245145
133.38034051711236
133.42203735669352
133.46354264040804
133.504857527401
133.54598300551936
133.58691989026772
133.62766882395124
133.66823027500675
133.70860453752277
133.74879173094916
133.78879179999637
133.8286045147239
133.86822947081725
133.9076660900522
133.9469136209458
133.98597113959238
134.02483755068272
134.06351158870427
134.10199181932023
134.14027664092453
134.17836428637168
134.216252824879
134.25394016409825
134.2914240523536
134.3287020810434
134.36577168720225
134.40263015621974
134.43927462471186
134.4757020835408
134.51190938097932
134.54789322601584
134.58365019179712
134.61917671920685
134.6544691205778
134.68952358353442
134.724336174963
134.7589028451074
134.79321943178763
134.82728166473873
134.86108517006653
134.89462547481628
134.92789801164975
134.9608981236264
134.99362106908404
135.0260620266148
135.05821610013265
135.0900783240271
135.12164366839704
135.15290704435904
135.18386330942428
135.21450727293802
135.24483370157475
135.27483732488247
135.30451284087155
135.33385492164382
135.36285821905847
135.39151737043278
135.41982700427377
135.44778174603618
135.47537622390143
135.50260507457153
135.5294629490728
135.55594451856166
135.58204448012168
135.60775756254168
135.6330785320639
135.6580021980909
135.68252341883965
135.70663710693145
135.73033823490653
135.7536218406509
135.77648303272395
135.79891699557425
135.82091899463353
135.84248438127884
135.8636085976541
135.88428718134264
135.90451576988312
135.92429010512092
135.94360603738778
135.96245952950403
135.98084666059844
135.99876362974055
136.01620675937966
136.03317249858424
136.04965742607533
136.06565825304847
136.08117182577735
136.09619512799395
136.11072528304135
136.12475955579635
136.13829535436025
136.15133023151543
136.16386188594515
136.17588816321518
136.18740705651658
136.19841670717142
136.20891540490243
136.218901587868
136.22837384246418
136.23733090289602
136.24577165052096
136.25369511296708
136.26110046303074
136.26798701736038
136.27435423493375
136.2802017153383
136.285529196864
136.29033655441685
136.29462379726215
136.2983910666062
136.3016386330262
136.3043668937578
136.30657636985075
136.30826770320255
136.3094416534807
136.31009909494378
136.31024101317075
136.30986850170825
136.3089827586457
136.30758508312852
136.30567687182156
136.30325961533413
136.30033489461812
136.29690437735098
136.2929698143132
136.2885330357692
136.2835959478616
136.27816052902858
136.2722288264531
136.2658029525544
136.25888508153207
136.2514774459744
136.24358233354178
136.23520208373634
136.226339084767
136.21699577051845
136.20717461763047
136.19687814269378
136.18610889956858
136.1748694768312
136.16316249535498
136.15099060603143
136.1383564876371
136.12526284485284
136.11171240643966
136.0977079235754
136.08325216835533
136.06834793245935
136.0529980259862
136.0372052764551
136.02097252797512
136.0043026405824
135.98719848974565
135.96966296604023
135.95169897499136
135.9333094370861
135.91449728795283
135.89526547870628
135.8756169764556
135.85555476497302
135.8350818455217
135.8142012378421
135.79291598129544
135.771229136162
135.74914378509084
135.726663034696
135.70379001729293
135.68052789276817
135.65687985057525
135.63284911184905
135.6084389316311
135.58365260119876
135.55849345049023
135.53296485061674
135.50707021645258
135.48081300929152
135.45419673955826
135.42722496956242
135.3999013162819
135.37222945416022
135.3442131179023
135.31585610525315
135.28716227974485
135.25813557339745
135.22877998935735
135.19909960445705
135.1690985716799
135.13878112251302
135.10815156917158
135.07721430667846
135.04597381478277
135.01443465970112
134.98260149566534
134.9504790662603
134.91807220553744
134.88538583889078
134.8524249836845
134.81919474962126
134.78570033884228
134.7519470457513
134.71794025655583
134.683685448519
134.6491881889168
134.61445413369518
134.57948902582405
134.54429869334865
134.5088890471378
134.473266078331
134.4374358554868
134.40140452143635
134.36517828984609
134.32876344149543
134.29216632027453
134.25539332890787
134.21845092440992
134.18134561328097
134.1440839464518
134.10667251398704
134.06911793955746
134.0314268746914
133.99360599281803
133.95566198311516
133.91760154417497
133.87943137750094
133.84115818084874
133.80278864142596
133.76432942896562
133.72578718868758
133.6871685341633
133.64848004010022
133.60972823506253
133.57091959414637
133.53206053162725
133.49315739359744
133.45421645061137
133.4152438903569
133.37624581037025
133.33722821081105
133.2981969873127
133.25915792392388
133.2201166861556
133.18107881414957
133.14204971598278
133.10303466112268
133.06403877404736
133.02506702804553
132.98612423921108
132.9472150606451
132.90834397687772
132.86951529852158
132.8307331571685
132.79200150053848
132.753324087888
132.7147044856841
132.67614606355002
132.6376519904886
132.59922523138832
132.5608685438144
132.5225844750864
132.48437535964305
132.44624331669476
132.40819024816594
132.3702178369285
132.33232754532716
132.29452061399522
132.25679806095943
132.21916068103312
132.18160904549583
132.14414350205718
132.10676417510214
132.06947096621386
132.03226355496892
131.99514140000198
131.95810374033633
131.92114959697525
131.88427777474905
131.84748686441273
131.81077524499048
131.77414108636273
131.73758235209104
131.7010968024733
131.66468199782295
131.62833530196573
131.59205388594748
131.55583473194562
131.51967463737694
131.48357021919443
131.44751791836708
131.41151400453597
131.3755545808401
131.3396355889058
131.3037528139939
131.26790189029745
131.23207830638327
131.19627741077144
131.16049441764673
131.1247244126957
131.08896235906374
131.05320310342515
131.0174413821587
130.98167182762128
130.94588897451214
130.9100872663182
130.87426106183145
130.83840464172997
130.80251221521277
130.766577926679
130.73059586244196
130.69456005746994
130.65846450214573
130.6223031490367
130.58606991966766
130.5497587112895
130.51336340363648
130.4768778656656
130.44029596227287
130.4036115609816
130.36681853860054
130.3299107878473
130.29288222393322
130.25572679110425
130.21843846913336
130.18101127975942
130.14343929306605
130.10571663379446
130.06783748758343
130.02979610712893
129.99158681825506
129.95320402588763
129.9146422199228
129.87589598098256
129.83695998604853
129.7978290139657
129.7584979508085
129.71896179510063
129.67921566288177
129.63925479261533
129.5990745499315
129.55867043220005
129.5180380729283
129.47717324597951
129.43607186960716
129.39473001030123
129.3531438864437
129.31130987176957
129.2692244986316
129.22688446106642
129.18428661766185
129.14142799422436
129.0983057862471
129.05491736117844
129.0112602604913
128.9673322015528
128.92313107929382
128.87865496767606
128.83390212095364
128.78887097472645
128.74356014678273
128.69796843772843
128.65209483140183
128.60593849507217
128.55949877942356
128.51277521832316
128.46576752837183
128.41847560823584
128.37089953775927
128.32303957685787
128.27489616419592
128.22646991564926
128.17776162255763
128.1287722497703
128.07950293348773
128.0299549789019
127.98012985763815
127.93002920500221
127.87965481703664
127.82900864739004
127.77809280400432
127.72690954562434
127.67546127813428
127.6237505507241
127.57178005189162
127.51955260528537
127.46707116539274
127.41433881307904
127.36135875098188
127.30813429876542
127.25466888824013
127.2009660583538
127.14702945005985
127.09286280107057
127.03846994050383
126.9838547834326
126.92902132534704
126.87397363653969
126.8187158564246
126.76325218780113
126.70758689107316
126.65172427843464
126.59566870803206
126.53942457811496
126.48299632118545
126.42638839815737
126.36960529253582
126.31265150462781
126.25553154579455
126.19824993275705
126.14081118196628
126.0832198040494
126.02548029834185
125.96759714751448
125.9095748123039
125.85141772635342
125.79313029117219
125.7347168712185
125.67618178911181
125.61752932097812
125.55876369193123
125.49988907169137
125.44090957034206
125.38182923422579
125.32265204197887
125.26338190070504
125.20402264228773
125.14457801984173
125.08505170430539
125.02544728117351
124.96576824737139
124.90601800827034
124.84619987484604
124.78631706098014
124.72637268090551
124.66636974679551
124.60631116649773
124.5461997414115
124.48603816450856
124.42582901849613
124.36557477412038
124.30527778860818
124.24494030424529
124.18456444708846
124.12415222581018
124.06370553067431
124.00322613264022
123.94271568259198
123.8821757106903
123.8216076258448
123.76101271530437
123.70039214436399
123.63974695618553
123.57907807173142
123.5183862898105
123.4576722872361
123.3969366190967
123.33617971914116
123.27540190028053
123.21460335520969
123.15378415715104
123.09294426072363
123.03208350294089
122.97120160434012
122.91029817024666
122.84937269217589
122.78842454937585
122.72745301051252
122.6664572354985
122.60543627746556
122.54438908488105
122.48331450380674
122.42221128029841
122.36107806294346
122.29991340553288
122.23871576986282
122.17748352866026
122.11621496862692
122.05490829359626
121.99356162779752
121.93217301922054
121.87074044307637
121.80926180534838
121.74773494642902
121.68615764483722
121.62452762101172
121.56284254117513
121.50110002126421
121.43929763092096
121.37743289753841
121.31550331035525
121.25350632459337
121.19143936563164
121.12929983320934
121.06708510565231
121.00479254411464
120.942419496829
120.87996330335811
120.81742129884007
120.75479081822179
120.69206920047354
120.62925379277878
120.5663419546941
120.50333106227474
120.44021851216239
120.37700172563181
120.31367815259436
120.2502452755554
120.18670061352252
120.12304172586032
120.05926621608675
119.99537173560546
119.93135598736879
119.8672167294666
119.80295177863584
119.73855901368634
119.67403637883834
119.60938188696653
119.54459362274534
119.47966974569025
119.41460849309092
119.34940818283226
119.28406721610091
119.21858407997459
119.15295734989164
119.08718569199894
119.02126786537772
118.95520272414595
118.88898921943579
118.82262640124478
118.75611342016
118.68944952895598
118.6226340840665
118.55566654693135
118.48854648521822
118.42127357392158
118.35384759633976
118.28626844493138
118.21853612205226
118.15065074057432
118.08261252438857
118.01442180879533
117.94607904078535
117.87758477921503
117.80893969487889
117.74014457048125
117.67120030050924
117.60210789100827
117.53286845926087
117.4634832333692
117.39395355174125
117.32428086248174
117.25446672268939
117.18451279766194
117.1144208600106
117.04419278868502
116.97383056790912
116.90333628602869
116.8327121342709
116.76196040541564
116.69108349237789
116.62008388669986
116.54896417695036
116.47772704702962
116.40637527437744
116.33491172808331
116.26333936689811
116.19166123714741
116.11988047054628
116.04800028191609
115.97602396680465
115.9039548990104
115.83179652801142
115.75955237630014
115.6872260366247
115.61482116913727
115.54234149844969
115.46979081059693
115.39717294990898
115.32449181579047
115.25175135940891
115.17895558029308
115.10610852284266
115.03321427275036
114.9602769533375
114.88730072180489
114.81428976540089
114.74124829750873
114.66818055365549
114.5950907874459
114.52198326642544
114.44886226787732
114.37573207455866
114.30259697038254
114.22946123605267
114.15632914465813
114.08320495723457
114.01009291829816
113.93699725135868
113.86392215441823
113.79087179546265
113.71785030795208
113.6448617863165
113.57191028146077
113.4989997962838
113.4261342812165
113.35331762978241
113.28055367418325
113.20784618091376
113.13519884640961
113.06261529273253
112.99009906329708
112.91765361864397
112.8452823322664
112.7729884864964
112.70077526845809
112.62864576609515
112.5566029642804
112.48464974101375
112.4127888637147
112.34102298561538
112.26935464225983
112.19778624811477
112.126320093299
112.05495834043768
111.98370302164642
111.91255603564991
111.84151914503934
111.77059397367191
111.69978200421576
111.62908457584342
111.55850288207671
111.48803796878667
111.41769073235082
111.34746191797035
111.27735211814911
111.20736177133608
111.13749116073257
111.06774041326503
110.99810949872415
110.92859822907053
110.85920625790754
110.78993308012195
110.72077803169293
110.65174028967033
110.58281887232363
110.51401263946184
110.44532029292486
110.37674037724719
110.30827128049475
110.23991123527514
110.17165831992111
110.10351045984726
110.03546542907952
109.96752085195658
109.89967420500295
109.83192281897323
109.76426388106745
109.69669443731823
109.62921139514947
109.56181152610645
109.494491468756
109.42724773175576
109.36007669709124
109.29297462347881
109.22593764993348
109.15896179949937
109.09204298313978
109.02517700378473
108.95835956053202
108.89158625299797
108.82485258581335
108.75815397326028
108.69148574404562
108.62484314620622
108.55822135214123
108.4916154637674
108.4250205177925
108.35843149110154
108.2918433062499
108.2252508370568
108.15864891429281
108.09203233145546
108.02539585062651
107.9587342084037
107.89204212189871
107.82531429479342
107.75854542344585
107.69173020303786
107.62486333375624
107.55793952699933
107.49095351160109
107.4239000400646
107.35677389479723
107.2895698943406
107.2222828995882
107.15490781998334
107.0874396196907
107.01987332373402
106.95220402409221
106.88442688574536
106.81653715266258
106.74853015372308
106.68040130856126
106.61214613332719
106.54376024635415
106.47523937372601
106.40657935473733
106.33777614723816
106.26882583285565
106.19972462208499
106.13046885924255
106.06105502727495
105.99147975241702
105.9217398086921
105.8518321222467
105.78175377551302
105.71150201119222
105.64107423605195
105.57046802453156
105.49968112214968
105.42871144870877
105.35755710129295
105.28621635705575
105.21468767579437
105.1429697023077
105.07106126853647
104.99896139548524
104.92666929492678
104.85418437088957
104.78150622092924
104.70863463718511
104.6355696072237
104.56231131467051
104.488860139631
104.4152166589016
104.34138164597104
104.26735607081272
104.19314109946865
104.11873809342498
104.04414860877941
103.96937439519886
103.8944173946663
103.81927974001539
103.74396375325156
103.66847194365877
103.59280700569022
103.51697181664142
103.44096943410395
103.36480309319879
103.2884762035886
103.21199234626883
103.1353552701373
103.05856888834282
102.9816372744136
102.90456465816757
102.82735542140787
102.75001409340675
102.67254534618152
102.59495398956741
102.51724496609242
102.43942334566097
102.3614943200532
102.28346319724673
102.20533539556774
102.1271164376785
102.04881194441006
101.97042762844919
101.89196928788894
101.81344279965387
101.73485411281067
101.6562092417756
101.57751425942965
101.49877529015268
101.41999850278805
101.34119010354866
101.26235632887582
101.18350343826191
101.104637707048
101.02576541920823
100.94689286013246
100.86802630941881
100.78917203368721
100.71033627942663
100.63152526588769
100.55274517803181
100.4740021595463
100.39530230593479
100.31665165769286
100.23805619357879
100.15952182398925
100.08105438445008
100.00265962923217
99.92434322510276
99.8461107452219
99.76796766319383
99.68991934728236
99.61197105479853
99.53412792666798
99.4563949821855
99.37877711396375
99.30127908308232
99.22390551444319
99.14666089233761
99.069549556229
98.99257569675576
98.91574335195692
98.83905640372377
98.7625185744799
98.68613342409135
98.60990434700803
98.533834569636
98.45792714794057
98.38218496527993
98.30661073046811
98.2312069760654
98.15597605689511
98.08092014878521
98.00604124753256
97.93134116808683
97.85682154395109
97.78248382679631
97.70832928628757
97.6343590101197
97.56057390426061
97.48697469340034
97.4135619216042
97.34033595316846
97.26729697367735
97.19444499125957
97.1217798380422
97.04930117179966
96.9770084777959
96.90490107081708
96.83297809739129
96.76123853819213
96.6896812106224
96.61830477157419
96.5471077203609
96.47608840181688
96.40524500955912
96.33457558940513
96.2640780429402
96.19375013122699
96.12358947865069
96.053593576893
95.98375978902841
95.91408535373633
95.84456738962258
95.77520289964441
95.70598877563255
95.63692180290373
95.56799866495562
95.49921594823691
95.43057014698509
95.3620576681255
95.29367483622498
95.22541789849397
95.1572830298315
95.08926633790743
95.02136386827664
94.95357160951943
94.88588549840239
94.81830142505368
94.7508152381468
94.68342275008757
94.61611974219926
94.54890196990124
94.48176516787572
94.41470505521858
94.34771734057102
94.2807977272285
94.2139419182235
94.14714562137937
94.08040455433132
94.01371444951036
93.94707105908589
93.88047015986302
93.81390755813044
93.74737909445349
93.68088064840634
93.61440814323561
93.54795755044762
93.4815248943109
93.41510625626489
93.34869777922648
93.28229567178658
93.21589621229083
93.14949575279962
93.08309072292326
93.01667763352845
92.95025308031285
92.88381374724435
92.81735640986295
92.7508779384437
92.68437530101875
92.61784556625724
92.55128590620069
92.48469359885263
92.4180660306211
92.35140069861274
92.28469521277776
92.21794729790537
92.15115479546961
92.08431566532641
92.01742798726247
91.95048996239649
91.88349991443448
91.81645629078145
91.74935766351274
91.68220273020864
91.6149903146557
91.54771936741957
91.48038896629504
91.4129983166386
91.34554675158932
91.27803373218313
91.21045884736617
91.14282181391178
91.07512247624499
91.00736080617827
90.93953690256279
90.87165099085831
90.80370342262398
90.73569467493218
90.66762534970809
90.59949617299714
90.53130799416084
90.46306178500225
90.39475863882211
90.32639976940703
90.25798650995063
90.18952031190685
90.12100274377389
90.05243548980678
89.98382034865784
89.91515923194419
89.84645416274174
89.77770727400554
89.70892080691709
89.6400971091602
89.57123863312636
89.5023479340495
89.4334276680692
89.36448059022216
89.29550955236202
89.2265175010081
89.15750747512384
89.08848260382699
89.01944610403375
88.95040127803763
88.88135151102385
88.81230026851874
88.74325109377394
88.67420760508485
88.60517349304284
88.53615251772094
88.46714850579319
88.39816534758772
88.32920699407377
88.26027745378421
88.19138078967505
88.12252111592367
88.0537025946674
87.98492943268506
87.91620587802315
87.84753621656766
87.77892476856236
87.71037588507436
87.64189394440795
87.57348334846817
87.50514851907523
87.43689389423132
87.36872392434036
87.30064306838214
87.2326557900423
87.16476655380045
87.09697982097957
87.02930004576017
86.96173167116324
86.89427912500678
86.82694681584034
86.75973912886325
86.69266042183283
86.6257150209688
86.55890721685982
86.49224126037886
86.42572135861296
86.35935167081338
86.29313630437245
86.22707931083225
86.16118468193126
86.0954563456957
86.02989816258234
85.96451392167994
85.89930733697558
85.83428204369197
85.76944159470138
85.70478945702148
85.64032900839645
85.57606353396743
85.51199622303538
85.44813016592006
85.38446835091933
85.32101366137378
85.25776887284103
85.19473665038463
85.13191954598248
85.06931999605972
85.00694031915172
84.94478271370342
84.8828492560106
84.82114189830911
84.75966246701744
84.6984126611383
84.63739405082303
84.57660807610198
84.51605604578405
84.45573913652758
84.39565839208483
84.33581472272276
84.27620890482221
84.2168415806563
84.15771325834855
84.09882431201179
84.04017498206717
83.98176537574368
83.92359546775678
83.86566510116408
83.8079739883954
83.75052171245515
83.69330772829407
83.63633136434832
83.57959182424354
83.52308818866064
83.4668194173602
83.41078435136117
83.35498171526936
83.29941011974975
83.2440680641362
83.18895393917197
83.13406602987394
83.07940251851326
83.02496148770504
82.9707409235996
82.91673871916831
82.86295267757649
82.80938051563683
82.7560198673373
82.70286828743738
82.64992325512597
82.59718217773403
82.54464239449558
82.49230118035067
82.44015574978417
82.38820326069484
82.33644081828825
82.28486547898777
82.23347425435637
82.18226411502306
82.13123199460736
82.08037479363534
82.02968938344137
81.97917261004991
81.92882129803277
81.8786322543373
81.82860227208178
81.77872813431398
81.7290066177292
81.67943449634416
81.63000854512384
81.58072554355911
81.53158227919303
81.48257555109504
81.43370217328223
81.38495897808676
81.336342819468
81.28785057626877
81.23947915541467
81.1912254950553
81.14308656764698
81.09505938297676
81.04714099112758
80.9993284853837
80.95161900507654
80.90400973837146
80.85649792499706
80.80908085891875
80.76175589095922
80.71452043136847
80.66737195234512
80.62030799051107
80.57332614934128
80.52642410155025
80.47959959143614
80.43285043718393
80.38617453312762
80.33956985197145
80.29303444696907
80.24656645405904
80.20016409395478
80.15382567418615
80.107549591089
80.061334331739
80.01517847582559
79.9690806974609
79.92303976691736
79.87705455228664
79.8311240210518
79.78524724156424
79.7394233844166
79.69365172370377
79.6479316381631
79.60226261218625
79.5566442366949
79.51107620987298
79.46555833774883
79.42009053462121
79.37467282332423
79.3293053353257
79.28398831065343
79.23872209764502
79.19350715251747
79.14834403875275
79.10323342629616
79.0581760905649
79.01317291126546
78.96822487101909
78.92333305379557
78.87849864315606
78.83372292030666
78.78900726196517
78.74435313804454
78.69976210915652
78.65523582394044
78.61077601622233
78.56638450201083
78.52206317633593
78.47781400993634
78.43363904580147
78.38954039557383
78.34552023581774
78.30158080416051
78.25772439531171
78.21395335696629
78.17027008559764
78.12667702214641
78.08317664760956
78.03977147853392
77.99646406241801
77.95325697302646
77.91015280562205
77.86715417212089
77.824263696176
77.78148400819477
77.73881774029589
77.69626752121202
77.65383597114409
77.61152569657385
77.56933928504147
77.52727929989454
77.48534827501454
77.44354870952658
77.40188306249901
77.36035374763925
77.31896312799257
77.27771351065134
77.2366071414822
77.19564619987865
77.15483279354568
77.11416895332356
77.0736566280574
77.03329767951926
76.9930938773905
76.95304689431238
76.91315830101236
76.87342956151294
76.83386202842884
76.79445693835898
76.75521540737954
76.71613842664523
76.67722685810567
76.63848143034365
76.5999027345414
76.56149122058083
76.52324719328273
76.48517080879004
76.44726207110058
76.40952082875346
76.37194677167408
76.33453942818234
76.29729816216879
76.26022217044262
76.22331048025605
76.18656194700908
76.14997525213904
76.11354890119891
76.07728122212872
76.04117036372362
76.00521429430218
75.9694108005781
75.93375748673827
75.89825177372836
75.8628908987472
75.82767191495043
75.79259169136424
75.75764691300935
75.72283408123565
75.68814951426782
75.65358934796245
75.61914953677615
75.58482585494403
75.55061389786783
75.51650908371346
75.48250665521766
75.4486016817034
75.41478906130385
75.38106352339548
75.34741963123997
75.31385178483401
75.28035422396488
75.24692103146924
75.21354613669189
75.18022331914028
75.14694621233093
75.11370830782255
75.08050295942996
75.04732338761198
75.01416268402613
74.9810138162427
74.94786963261004
74.91472286726332
74.88156614526838
74.84839198789302
74.81519281799842
74.78196096554302
74.74868867319208
74.71536810202554
74.6819913373372
74.64855039451857
74.61503722502107
74.58144372239042
74.54776172836694
74.5139830390466
74.48009941109785
74.44610256802991
74.41198420650858
74.37773600271589
74.34334961874936
74.30881670905615
74.27412892689716
74.23927793083595
74.20425539124716
74.16905299683918
74.13366246118534
74.09807552925741
74.06228398395484
74.02627965262269
73.99005441355115
73.95360020244885
73.91690901888234
73.8799729326741
73.842784090252
73.80533472094265
73.7676171432019
73.72962377077572
73.69134711878534
73.65277980973114
73.61391457940981
73.57474428273979
73.5352618994895
73.49546053990348
73.45533345022152
73.41487401808676
73.37407577783897
73.33293241568906
73.2914377747715
73.2495858600709
73.20737084321938
73.16478706716184
73.12182905068566
73.07849149281172
73.03476927704399
72.99065747547478
72.94615135274272
72.90124636984056
72.85593818776918
72.81022267103502
72.76409589098886
72.71755412900357
72.67059387948846
72.62321185273684
72.57540497760293
72.5271704040042
72.47850550524537
72.42940788016061
72.3798753550709
72.3299059855534
72.27949805801994
72.2286500911017
72.17736083683711
72.12562928166084
72.07345464719195
72.02083639081967
71.96777420608451
71.91426802285353
71.86031800728846
71.80592456160637
71.75108832363252
71.69581016614562
71.64009119601614
71.5839327531376
71.52733640915112
71.47030396596374
71.41283745406217
71.35493913062412
71.29661147742961
71.23785719857476
71.17867921799113
71.11908067677386
71.05906493032221
70.99863554529615
70.93779629639202
70.87655116294061
70.81490432533181
70.75286016126975
70.69042324186265
70.62759832755106
70.56439036387977
70.50080447711778
70.43684596973063
70.37252031570964
70.30783315576267
70.24279029237064
70.17739768471452
70.11166144347717
70.04558782552485
69.97918322847246
69.91245418513742
69.84540735788673
69.7780495328827
69.71038761423208
69.64242861804311
69.57417966639613
69.50564798123341
69.4368408781738
69.36776576025758
69.29843011162697
69.22884149114745
69.15900752597517
69.08893590507589
69.0186343727
68.94811072181855
68.8773727875242
68.80642844040173
68.7352855798724
68.66395212751704
68.59243602038256
68.52074520427655
68.44888762705457
68.37687123190531
68.30470395063892
68.23239369698425
68.15994835990048
68.0873757969097
68.01468382745682
67.94188022630377
67.86897271696492
67.79596896519116
67.72287657250958
67.64970306982538
67.5764559110926
67.5031424670591
67.42977001909186
67.3563457530869
67.2828767534685
67.2093699972818
67.13583234838235
67.062270551726
66.98869122776269
66.91510086693786
66.84150582430489
66.76791231425177
66.6943264053461
66.62075401530201
66.54720090607334
66.47367267907767
66.40017477055603
66.32671244707326
66.25329080116417
66.17991474713047
66.10658901699237
66.03331815659881
65.96010652189996
65.88695827538557
65.81387738269298
65.74086760938799
65.66793251792156
65.59507546476449
65.5222995977223
65.44960785343223
65.37700295504398
65.30448741008537
65.23206350851468
65.15973332096145
65.08749869715713
65.01536126455682
64.94332242715274
64.87138336448055
64.79954503081876
64.72780815458128
64.65617323790326
64.58464055641974
64.51321015923617
64.44188186908917
64.37065528269585
64.29952977128892
64.22850448133454
64.15757833542949
64.08675003337476
64.01601805342193
63.94538065368948
63.87483587374663
63.8043815363626
63.734015249418576
63.66373440797969
63.59353619652444
63.52341759132912
63.453375363004625
63.38340607918332
63.31350610735382
63.24367161784221
63.17389858693798
63.10418280016353
63.034519855686135
62.96490516787156
62.89533397097778
62.82580132298795
62.756302109580865
62.68683104823662
62.617382692474386
62.54795143621896
62.47853151829235
62.409117027026916
62.339701904996154
62.27027995385924
62.20084483931509
62.13139009616207
62.06190913345875
61.9923952397811
61.922841588571536
61.853241243575205
61.78358716435894
61.713872211908765
61.64408915430219
61.574230672451435
61.50428936591338
61.43425775876243
61.3641283055221
61.293893397151166
61.22354536707995
61.153076497292474
61.08247902445008
61.01174514605184
60.94086702662706
60.86983680395495
60.798646595306636
60.72728850370446
60.65575462419342
60.584037050119136
60.51212787940658
60.44001922083349
60.367703200292375
60.29517196703521
60.22241769989504
60.149432613479156
60.076208964328295
60.00273905703623
59.92901525032389
59.85502996306227
59.78077568023841
59.70624495885861
59.631430433782874
59.556324823484864
59.48092093573147
59.40521167317602
59.32919003885966
59.25284914161538
59.17618220136914
59.09918255433243
59.021843658080996
58.944159096514426
58.866122584691624
58.78772797353767
58.70896925441795
58.62984056357598
58.55033618643134
58.47045056173462
58.39017828557613
58.309514115244696
58.228452972933525
58.14698994928946
58.065120306803095
57.98283948303717
57.9001430936913
57.81702693550087
57.73348698896799
57.649519420922466
57.565120586910915
57.480287033412445
57.395015499879115
57.3093029205996
57.22314642638511
57.1365433460767
57.04949120787344
56.9619877404813
56.8740308740827
56.78561874112588
56.69674967693364
56.60742222013064
56.51763511288893
56.42738730099184
56.3366779337161
56.24550636353298
56.153872145629194
56.061775037248665
55.96921499685568
55.87619218312024
55.78270695372625
55.688759864004126
55.59435166538982
55.49948330371241
55.40415591731228
55.30837083499206
55.21212957380199
55.11543383666135
55.018285509817595
54.920686660145016
54.822639532285
54.72414654563023
54.625210291154936
54.525833528093706
54.42601918047081
54.32577033348225
54.22509022973299
54.123982265332366
54.02244998585065
53.92049708214069
53.81812738602839
53.71534486587621
53.61215362202449
53.5085578821155
53.40456199630529
53.30017043236825
53.195387770699256
53.09021869921912
52.98466800818892
52.87874058493901
52.77244140851883
52.66577554427374
52.55874813835544
52.45136441217244
52.34362965678724
52.23554922726714
52.12712853699508
52.018373051947144
51.90928828494315
51.799879789876506
51.69015315592963
51.58011400178054
51.469767969806234
51.35912072028838
51.2481779256264
51.136945264563046
51.02542841642752
50.91363305540181
50.80156484481534
50.689229431473386
50.57663244002451
50.46377946737259
50.35067607713903
50.23732779418076
50.12374009916992
50.00991842324076
49.89586814270881
49.78159457386771
49.66710296786913
49.5523985056913
49.43748629320167
49.32237135631901
49.2070586362796
49.091552985012285
48.97585916062665
48.859981823019076
48.7439255296018
48.6276947311603
48.51129376784392
48.39472686529391
48.27799813091233
48.16111155027526
48.04407098369368
47.92688016292514
47.80954268803945
47.692062024441476
47.574441500053446
47.45668430265928
47.33879347741319
47.22077192451482
47.10262239705324
46.98434749902154
46.8659496835036
46.74743125103376
46.62879434812996
46.510040966000844
46.39117293942721
46.27219194581764
46.1530995044383
46.033896975816305
45.91458556131633
45.79516630288955
45.67564008299379
45.55600762468364
45.436269491869346
45.31642608974297
45.19647766537084
45.0764243084516
44.956265952239015
44.83600237462857
44.71563319940625
44.59515789765796
44.47457578933821
44.35388604499641
44.23308768765943
44.11217959486903
43.99116050087282
43.870028998967214
43.7487835439904
43.62742245496277
43.505943917871846
43.38434598859864
43.26262659598213
43.14078354501824
43.01881452018934
42.896717088919516
42.77448870515043
42.6521267130325
42.529628350726405
42.406990754309454
42.2842109617817
42.16128591716683
42.03821247470257
41.914987403115454
41.79160738997434
41.668069046117644
41.544368910149
41.420503452996066
41.29646908252767
41.172262148224725
41.047878945900045
40.923315722462014
40.79856868071664
40.67363398420292
40.54850776205683
40.42318611389936
40.29766511474435
40.171940819921815
40.04600927001212
39.91986649578604
39.79350852314593
39.666931378063
39.54013109150526
39.4131037043511
39.28584527228321
39.158351870657896
39.03061959934529
38.90264458753551
38.77442299850622
38.6459510343472
38.517224940637156
38.38824101106774
38.25899559200973
38.129485087016796
37.99970596126234
37.86965474590476
37.739328042376364
37.608722526591684
37.47783495307066
37.346662158972485
37.21520106803605
37.08344869442324
36.951402146460865
36.81905863027721
36.68641545332939
36.55347002781808
36.420219873986454
36.28666262330016
36.152796021505466
36.0186179315629
35.88412633645389
35.749319341858
35.61419517869861
35.478752205555125
35.34298891094
35.20690391543929
35.07049597371526
34.93376397637008
34.79670695166963
34.65932406712674
34.52161463094345
34.383578093311804
34.24521404757278
34.10652223123291
33.967502526838565
33.82815496270815
33.688479713522334
33.548477100772345
33.408147593066246
33.26749180629315
33.126510503645136
32.98520459549712
32.84357513914554
32.701623338406336
32.55935054307267
32.41675824823287
32.273848093449516
32.13062186180122
31.987081478788806
31.843229011108203
31.699066665291948
31.554596786221165
31.409821855510128
31.264744489765402
31.119367438721774
30.973693583257294
30.827725933289962
30.68146762555846
30.534921921289616
30.388092203755342
30.240981975721656
30.093594856792112
29.945934580648316
29.798004992190233
29.649810044579244
29.50135379618708
29.35264040745388
29.20367413765861
29.05445934160518
28.90500046622772
28.755302047118576
28.605368704982865
28.45520514202333
28.304816138259195
28.154206547782803
28.00338129495783
27.852345370562784
27.70110382788341
27.549661778757763
27.398024389577564
27.24619687724931
27.094184505118342
26.94199257885939
26.789626442337273
26.637091473441423
26.484393079897988
26.331536695062855
26.17852777369902
26.025371787741708
25.872074222054696
25.71864057018144
25.565076330094854
25.411386999949514
25.257578073839994
25.103655037569126
24.949623364429726
24.795488511003327
24.641255912979403
24.486930980998405
24.332519096521818
24.178025607732305
24.023455825466865
23.868815019185856
23.714108412980604
23.559341181622237
23.404518446654514
23.24964527253328
23.09472666281524
22.93976755639863
22.784772823818308
22.629747263597825
22.474695598660833
22.319622472804344
22.164532447236315
22.009429997180053
21.854319508548247
21.69920527468956
21.544091493210303
21.38898226287371
21.23388158057925
21.07879333842446
20.923721320851897
20.768669201883693
20.613640542446273
20.45863878778753
20.303667264988587
20.148729180572285
19.993827618210513
19.838965536532193
19.684145767033847
19.529371012094664
19.374643843098177
19.21996669866281
19.065341882983667
18.910771564287646
18.756257773403778
18.601802402450634
18.447407203642545
18.293073788216194
18.138803625479174
17.984598041981986
17.83045822081486
17.6763852010305
17.522379877193885
17.368442999060107
17.214575171380943
17.060776853840764
16.907048361122303
16.753389863102694
16.599801385179983
16.446282808730242
16.292833871695446
16.13945416930194
15.986143154909067
15.8329001409875
15.679724300226674
15.526614666770818
15.373570137582611
15.220589473933577
15.067671303020097
14.91481411970384
14.76201628837527
14.60927604493887
14.456591498918531
14.303960635681467
14.151381318778876
13.998851292401499
13.846368183948103
13.693929506704933
13.541532662634197
13.38917494526936
13.236853542714869
13.084565540747773
12.93230792601865
12.780077589348975
12.627871329122197
12.475685854765597
12.323517790319894
12.171363678093552
12.019219982398718
11.867083093365602
11.714949330832065
11.56281494830501
11.410676136990197
11.258529029886923
11.10636970594401
10.954194194273517
10.801998478418644
10.649778500672275
10.497530166442647
10.34524934866251
10.192931892238025
10.040573618533516
9.888170329888029
9.735717814159672
9.58321184929355
9.430648207908959
9.278022661901545
9.12533098705606
8.972568967665387
8.819732401151475
8.666817102683778
8.513818909790741
8.360733686959865
8.207557330221778
8.054285771713761
7.90091498421815
7.747440985671114
7.593859843637285
7.440167679745742
7.286360674082915
7.132435069538076
6.978387176097228
6.8242133750812775
6.669910123324454
6.515473957289016
6.360901497112313
6.206189450582326
6.051334617037799
5.896333891189182
5.741184266856602
5.585882840621155
5.430426815385937
5.274813503843341
5.119040331845235
4.963104841672781
4.807004695202728
4.650737676967132
4.494301697103586
4.337694794193135
4.180915137983104
4.023961031992159
3.866830915995063
3.7095233683846582
3.55203710840875
3.394370998279643
3.236524045154228
3.078495402982669
2.9202843742238582
2.761890411425952
2.603313118670474
2.44455225287859
2.285607724978276
2.126479600931253
1.9671681026187244
1.8076736085850704
1.6479966546387905
1.488137934310085
1.3280982991645667
1.167878758972709
1.0074804817347365
0.846904793560775
0.686153178406205
0.5252272776622907
0.3641288896022843
0.20285996868332604
0.041422624704573086
-0.12018087817789433
-0.28194812257871915
-0.4438765391526755
-0.6059634080049285
-0.7682058602411194
-0.9306008796561323
-1.0931453045602832
-1.2558358297415562
-1.418669008562392
-1.5816412551894241
-1.7447488469544334
-1.9079879268446855
-2.0713545061206804
-2.234844467059263
-2.3984535658199477
-2.5621774354322
-2.7260115889013115
-2.889951422430397
-3.053992218755895
-3.218129150593876
-3.3823572841943506
-3.5466715830006867
-3.711066911411137
-3.8755380386393945
-4.040079642671
-4.204686314312348
-4.3693525613289435
-4.534072812669459
-4.698841422772026
-4.863652675949115
-5.0285007908473
-5.193379924978086
-5.358284179315978
-5.523207602959877
-5.688144197853851
-5.853087923563215
-6.018032702101799
-6.182972422806189
-6.347900947252641
-6.512812114212361
-6.677699744640764
-6.842557646696359
-7.0073796207848424
-7.1721594646239915
-7.336890978324971
-7.501567969485633
-7.6661842582913575
-7.8307336826189475
-7.995210103139015
-8.159607408412363
-8.323919519975782
-8.48814039741263
-8.652264043403642
-8.816284508753528
-8.980195897388942
-9.143992371323346
-9.307668155584356
-9.471217543099176
-9.634634899533713
-9.797914668080884
-9.961051374193707
-10.124039630258828
-10.28687414020613
-10.449549704050177
-10.61206122235931
-10.774403700648245
-10.93657225369004
-11.098562109743465
-11.260368614691867
-11.421987236089588
-11.583413567112173
-11.74464333040653
-11.905672381837517
-12.066496714127538
-12.227112460385882
-12.387515897524537
-12.547703449557218
-12.70767169077847
-12.867417348819844
-13.026937307580171
-13.186228610027076
-13.345288460866986
-13.5041142290812
-13.662703450325742
-13.821053829192882
-13.979163241332293
-14.137029735430012
-14.294651535043464
-14.452027040290737
-14.609154829392432
-14.766033660064545
-14.922662470761006
-15.079040381764637
-15.235166696125471
-15.391040900445486
-15.546662665509057
-15.702031846758514
-15.857148484614411
-16.012012804640392
-16.166625217552564
-16.320986319073242
-16.475096889628972
-16.6289578938931
-16.78257048017322
-16.935935979643933
-17.089055905425642
-17.2419319515101
-17.394565991533486
-17.546960077397845
-17.699116437742024
-17.85103747626362
-18.002725769893395
-18.154184066823653
-18.305415284392105
-18.456422506822868
-18.60720898282637
-18.75777812305997
-18.90813349745137
-19.058278832386957
-19.20821800776717
-19.35795505393123
-19.507494148453798
-19.656839612816054
-19.805995908954213
-19.954967635688533
-20.103759525036068
-20.252376438410252
-20.400823362710426
-20.54910540630449
-20.697227794908017
-20.84519586736333
-20.993015071322123
-21.14069095883521
-21.2882291818534
-21.435635487643385
-21.582915714122766
-21.730075785118647
-21.877121705554252
-22.024059556567998
-22.170895490569357
-22.317635726235885
-22.46428654345592
-22.61085427822146
-22.757345317475647
-22.903766093919526
-23.050123080782893
-23.196422786563968
-23.34267174974269
-23.48887653347236
-23.635043720254313
-23.781179906599984
-23.92729169768486
-24.07338570199883
-24.2194685259974
-24.365546768758094
-24.511627016646173
-24.657715837993777
-24.803819777796292
-24.94994535242992
-25.09609904439424
-25.242287297083497
-25.38851650959049
-25.534793031546915
-25.681123158003803
-25.827513124355736
-25.973969101312296
-26.12049718992029
-26.267103416640175
-26.413793728480165
-26.5605739881913
-26.707449969526984
-26.85442735257042
-27.001511719133482
-27.14870854823034
-27.296023211628842
-27.443460969482583
-27.591026966046638
-27.73872622547999
-27.8865636477373
-28.034544004552696
-28.18267193551834
-28.33095194426046
-28.479388394715226
-28.627985507506693
-28.776747356428885
-28.92567786503419
-29.07478080333017
-29.224059784586657
-29.373518262254734
-29.52315952699915
-29.672986703845808
-29.82300274944588
-29.97321044945817
-30.123612416051333
-30.27421108552743
-30.425008716068067
-30.576007385604147
-30.72720898980997
-30.878615240222377
-31.030227662485647
-31.182047594723024
-31.33407618603578
-31.486314395130698
-31.638762989076803
-31.791422542192286
-31.944293435062427
-32.097375853689094
-32.25066978877219
-32.40417503512321
-32.55789119121095
-32.71181765883966
-32.8659536429601
-33.0202981516145
-33.174849996016064
-33.329607790764044
-33.48456995419474
-33.63973470886839
-33.795100082191595
-33.950663907175084
-34.10642382332665
-34.262377277679235
-34.418521525953935
-34.57485363385766
-34.731370478514776
-34.88806875003186
-35.044944953194005
-35.20199540929133
-35.35921625807458
-35.51660345983902
-35.67415279763572
-35.83185987960923
-35.9897201414604
-36.14772884903267
-36.30588110101957
-36.4641718317914
-36.6225958143389
-36.78114766333224
-36.93982183829312
-37.098612646878316
-37.257514248272436
-37.41652065668789
-37.57562574496976
-37.73482324830369
-37.89410676802439
-38.053469775522764
-38.212905616249074
-38.372407513809875
-38.53196857415627
-38.69158178986122
-38.85124004448345
-39.010936117015135
-39.17066268641064
-39.3304123361937
-39.49017755914086
-39.6499507620383
-39.80972427050902
-39.9694903339071
-40.1292411302765
-40.28896877137224
-40.448665307741905
-40.60832273386431
-40.76793299334223
-40.92748798414561
-41.0869795639017
-41.246399555228145
-41.40573975110504
-41.564991920282175
-41.7241478127176
-41.883199165043486
-42.04213770605542
-42.20095516222113
-42.359643263204525
-42.51819374740074
-42.67659836747725
-42.834848895916416
-42.992937130554076
-43.150854900109145
-43.30859406969926
-43.466146546337704
-43.623504284406685
-43.78065929110198
-43.93760363184418
-44.094329435652185
-44.25082890047446
-44.40709429847362
-44.56311798125921
-44.7188923850631
-44.87441003585229
-45.02966355437388
-45.184645661127604
-45.33934918126147
-45.49376704938544
-45.64789231429819
-45.80171814362211
-45.955237828341694
-46.10844478724073
-46.26133257123371
-46.41389486758703
-46.566125504026104
-46.71801845272444
-46.869567834170944
-47.020767920911574
-47.17161314116181
-47.322098082286296
-47.47221749414235
-47.62196629228368
-47.77133956102035
-47.92033255633101
-48.06894070862388
-48.21715962534274
-48.3649850934142
-48.51241308153289
-48.659439742281855
-48.80606141408527
-48.95227462299102
-49.09807608428026
-49.24346270390152
-49.38843157972702
-49.53298000262874
-49.67710545737254
-49.820805623328866
-49.96407837499869
-50.10692178235361
-50.24933411098938
-50.39131382209264
-50.53285957222046
-50.673970212893224
-50.81464479000148
-50.95488254302809
-51.094682904086895
-51.23404549677947
-51.37297013487195
-51.51145682079398
-51.64950574396194
-51.78711727892848
-51.92429198336107
-52.06103059585213
-52.19733403356322
-52.3332033897063
-52.468639930865166
-52.603645094160655
-52.73822048426264
-52.87236787025252
-53.006089182339586
-53.13938650843519
-53.27226209058855
-53.404718321288065
-53.53675773963172
-53.668383027370815
-53.79959700483183
-53.930402626721296
-54.06080297781849
-54.1908012685603
-54.320400830522395
-54.44960511180121
-54.578417672301235
-54.70684217893247
-54.83488240072287
-54.96254220385068
-55.089825546601524
-55.21673647425498
-55.343279113905815
-55.46945766922553
-55.5952764151701
-55.720739692640414
-55.84585190310158
-55.97061750316728
-56.09504099915531
-56.21912694162048
-56.34287991987131
-56.4663045564765
-56.58940550176712
-56.71218742834017
-56.83465502556933
-56.95681299412851
-57.07866604053427
-57.200218871712565
-57.32147618959536
-57.442442685753036
-57.563123036068504
-57.68352189545831
-57.803643892645965
-57.92349362499246
-58.04307565338897
-58.16239449721692
-58.28145462938127
-58.40026047142263
-58.518816388714214
-58.63712668574934
-58.75519560152472
-58.87302730502492
-58.99062589081271
-59.10799537473005
-59.22513968971376
-59.342062681729516
-59.458768105828234
-59.575259622328396
-59.6915407931285
-59.80761507815303
-59.92348583193533
-60.039156300341155
-60.154629617436264
-60.26990880250194
-60.38499675720178
-60.49989626290321
-60.614609978156956
-60.729140436337424
-60.843490043446
-60.95766107607941
-61.07165567956506
-61.18547586626503
-61.29912351404986
-61.41260036494365
-61.52590802394153
-61.6390479580002
-61.752021495202065
-61.864829824093114
-61.97747399319454
-62.0899549106882
-62.20227334427526
-62.314429921207626
-62.42642512849077
-62.53825931325654
-62.649932683304186
-62.76144530780776
-62.87279711818779
-62.98398790914517
-63.09501733985506
-63.205884935318
-63.31659008786566
-63.427132058818174
-63.537509980289244
-63.647722857134895
-63.7577695690416
-63.86764887274994
-63.97735940440991
-64.08689968206384
-64.19626810825291
-64.30546297274331
-64.41448245536814
-64.52332462898083
-64.63198746251605
-64.74046882415392
-64.84876648458321
-64.95687812035872
-65.06480131734791
-65.17253357426141
-65.28007230626285
-65.38741484865345
-65.49455846062646
-65.60150032908705
-65.70823757253258
-65.81476724498945
-65.92108634000219
-66.02719179467094
-66.13308049373357
-66.23874927368841
-66.34419492695393
-66.4494142060614
-66.5544038278757
-66.65916047783911
-66.7636808142323
-66.8679614724466
-66.97199906926197
-67.07579020712534
-67.17933147842324
-67.28261946974236
-67.38565076611165
-67.48842195521989
-67.59092963160298
-67.69317040079578
-67.79514088344273
-67.89683771936153
-67.99825757155429
-68.09939713016013
-68.20025311634367
-68.300822286114
-68.40110143406844
-68.50108739705604
-68.6007770577553
-68.70016734816136
-68.79925525297824
-68.8980378129113
-68.99651212785545
-69.09467535997464
-69.19252473666836
-69.29005755342189
-69.38727117653718
-69.48416304574187
-69.58073067667385
-69.67697166323887
-69.77288367983726
-69.86846448345636
-69.96371191562457
-70.05862390422362
-70.15319846515627
-70.24743370386693
-70.34132781671406
-70.43487909219363
-70.52808591201409
-70.62094675202235
-70.71346018298078
-70.80562487119624
-70.8974395790022
-70.9889031650959
-71.08001458473285
-71.17077288978015
-71.26117722863097
-71.35122684598201
-71.44092108247611
-71.53025937421233
-71.61924125212619
-71.70786634124232
-71.79613435980212
-71.88404511826849
-71.97159851821124
-72.05879455107691
-72.14563329684705
-72.232114922589
-72.31823968090356
-72.40400790827363
-72.48942002331904
-72.5744765249629
-72.65917799051516
-72.743525073679
-72.82751850248559
-72.91115907716329
-72.99444766794744
-73.07738521283653
-73.15997271529994
-73.24221124194202
-73.32410192012748
-73.40564593557264
-73.48684452990648
-73.56769899820557
-73.64821068650559
-73.7283809892919
-73.80821134697152
-73.8877032433283
-73.96685820296278
-74.04567778871757
-74.12416359908906
-74.20231726562605
-74.28014045031642
-74.35763484296257
-74.43480215854692
-74.5116441345885
-74.5881625284913
-74.66435911488537
-74.74023568296133
-74.81579403379845
-74.89103597768764
-74.96596333145061
-75.04057791575752
-75.11488155244393
-75.18887606182801
-75.26256326002823
-75.33594495628216
-75.40902295026768
-75.48179902942849
-75.55427496630574
-75.6264525158777
-75.698333412909
-75.76991936931125
-75.8412120715173
-75.91221317787114
-75.98292431603642
-76.05334708042568
-76.12348302965205
-76.19333368400595
-76.26290052295911
-76.3321849826977
-76.40118845368698
-76.4699122782701
-76.53835774830264
-76.60652610282472
-76.67441852577184
-76.74203614372624
-76.8093800237097
-76.87645117101971
-76.94325052711002
-77.009778967518
-77.0760372998406
-77.14202626176194
-77.20774651913467
-77.27319866411773
-77.33838321337299
-77.40330060632397
-77.46795120347934
-77.53233528482366
-77.59645304827762
-77.66030460823043
-77.72388999414619
-77.78720914924673
-77.8502619292737
-77.91304810133335
-77.97556734282824
-78.03781924048036
-78.09980328945056
-78.16151889256008
-78.22296535961942
-78.28414190687062
-78.34504765654884
-78.40568163656957
-78.46604278034732
-78.5261299267516
-78.58594182020516
-78.64547711092933
-78.7047343553399
-78.7637120165968
-78.82240846531039
-78.88082198040621
-78.93895075014956
-78.99679287333043
-79.05434636060858
-79.11160913601753
-79.16857903862666
-79.22525382436032
-79.2816311679731
-79.33770866518006
-79.39348383494081
-79.44895412189561
-79.5041168989506
-79.55896947000832
-79.61350907283935
-79.66773288209089
-79.72163801242885
-79.7752215218099
-79.82848041487927
-79.88141164648943
-79.93401212533416
-79.98627871769276
-80.03820825127838
-80.0897975191852
-80.14104328392813
-80.19194228156874
-80.24249122592113
-80.2926868128323
-80.34252572453244
-80.39200463404944
-80.44112020968197
-80.48986911952505
-80.53824803604249
-80.58625364068013
-80.63388262851407
-80.6811317129281
-80.72799763031486
-80.77447714479564
-80.82056705295332
-80.86626418857173
-80.91156542737468
-80.95646769175727
-81.00096795550297
-81.04506324848029
-81.08875066131333
-81.13202735002011
-81.1748905406119
-81.21733753364737
-81.25936570873631
-81.30097252898855
-81.34215554540327
-81.38291240119514
-81.4232408360528
-81.46313869032468
-81.50260390912712
-81.5416345463704
-81.58022876869865
-81.61838485933862
-81.65610122185313
-81.69337638379426
-81.7302090002517
-81.76659785729186
-81.80254187528243
-81.83804011209753
-81.87309176619857
-81.90769617958625
-81.9418528406191
-81.97556138669432
-82.0088216067864
-82.0416334438383
-82.07399699700028
-82.10591252371131
-82.13738044161761
-82.16840133032412
-82.19897593297418
-82.22910515765324
-82.25879007861187
-82.2880319373034
-82.31683214323147
-82.34519227460356
-82.37311407878639
-82.40059947255924
-82.42765054216278
-82.45426954314183
-82.48045889998133
-82.50622120553572
-82.53155922025184
-82.55647587118648
-82.58097425082002
-82.60505761566702
-82.62872938468541
-82.65199313748604
-82.67485261234475
-82.697311704019
-82.71937446137105
-82.74104508479883
-82.76232792347679
-82.78322747240912
-82.80374836929826
-82.82389539123159
-82.84367345118818
-82.86308759436753
-82.88214299434213
-82.90084494903584
-82.91919887652995
-82.93721031069998
-82.95488489668634
-82.9722283862024
-82.98924663268446
-83.00594558628774
-83.02233128873314
-83.03840986800805
-83.05418753292582
-83.06967056754803
-83.08486532547278
-83.0997782239927
-83.11441573812618
-83.12878439452487
-83.14289076526103
-83.15674146149848
-83.17034312705124
-83.18370243183455
-83.19682606521309
-83.20972072925093
-83.22239313186861
-83.23484997991403
-83.24709797215525
-83.25914379220427
-83.27099410138118
-83.28265553152784
-83.29413467778062
-83.30543809131228
-83.31657227205397
-83.3275436614087
-83.33835863496807
-83.34902349524447
-83.35954446442923
-83.36992767718783
-83.380179173503
-83.39030489157818
-83.40031066081286
-83.41020219486103
-83.41998508478417
-83.42966479231092
-83.43924664321486
-83.44873582082079
-83.45813735964913
-83.46745613920763
-83.47669687793979
-83.48586412733965
-83.49496226624314
-83.5039954953059
-83.51296783167783
-83.52188310388323
-83.53074494691606
-83.53955679755933
-83.54832188993709
-83.55704325130768
-83.56572369810573
-83.57436583223961
-83.58297203765
-83.5915444771353
-83.6000850894498
-83.60859558668113
-83.61707745191251
-83.62553193717457
-83.633960061692
-83.64236261042817
-83.65074013293173
-83.65909294248712
-83.66742111557102
-83.67572449161543
-83.6840026730776
-83.69225502581656
-83.70048067977501
-83.70867852996452
-83.7168472377511
-83.72498523243695
-83.73309071313321
-83.74116165091863
-83.74919579127828
-83.75719065681614
-83.7651435502367
-83.7730515575899
-83.78091155177361
-83.78872019628892
-83.79647394924285
-83.80416906759359
-83.81180161163303
-83.81936744970113
-83.8268622631262
-83.83428155138432
-83.84162063746959
-83.84887467346681
-83.85603864631736
-83.86310738376898
-83.87007556050031
-83.87693770441018
-83.88368820306147
-83.89032131026971
-83.89683115282577
-83.90321173734213
-83.90945695721149
-83.91556059966598
-83.92151635292493
-83.92731781341894
-83.93295849307884
-83.9384318266778
-83.94373117921606
-83.94884985333834
-83.95378109677466
-83.95851810979542
-83.96305405267225
-83.96738205313596
-83.97149521382397
-83.97538661970913
-83.97904934550246
-83.98247646302337
-83.98566104853143
-83.98859619001308
-83.99127499441721
-83.9936905948328
-83.99583615760326
-83.99770488937206
-83.99929004405423
-84.0005849297285
-84.00158291544442
-84.00227743793896
-84.00266200825733
-84.00273021827324
-84.00247574710458
-84.00189236742067
-84.00097395163827
-83.99971447800412
-83.99810803656094
-83.99614883499366
-83.99383120435259
-83.99114960465026
-83.98809863032913
-83.9846730155961
-83.98086763961958
-83.97667753158491
-83.97209787560386
-83.96712401547443
-83.96175145928696
-83.95597588387311
-83.94979313909396
-83.94319925196446
-83.93619043061135
-83.92876306806106
-83.9209137458552
-83.9126392374914
-83.90393651168658
-83.89480273546023
-83.88523527703619
-83.87523170856166
-83.86478980864256
-83.85390756469478
-83.84258317511107
-83.83081505124282
-83.81860181919699
-83.80594232144851
-83.79283561826928
-83.77928098897443
-83.76527793298798
-83.75082617072978
-83.73592564432447
-83.72057651813297
-83.70477917910607
-83.68853423695877
-83.67184252416477
-83.65470509577032
-83.63712322902659
-83.61909842283926
-83.60063239703508
-83.58172709144473
-83.5623846648022
-83.5426074934607
-83.52239816992487
-83.50175950119869
-83.48069450694975
-83.4592064174913
-83.43729867158281
-83.41497491405077
-83.39223899323069
-83.36909495823095
-83.34554705601958
-83.32159972833408
-83.29725760841431
-83.27252551755934
-83.24740846151
-83.22191162665995
-83.19604037609751
-83.16980024548131
-83.14319693875375
-83.1162363236969
-83.08892442733536
-83.06126743119084
-83.03327166639342
-83.00494360865518
-82.97628987311207
-82.94731720903955
-82.9180324944479
-82.88844273056286
-82.85855503619818
-82.82837664202559
-82.79791488474773
-82.76717720118022
-82.73617112224831
-82.70490426690417
-82.6733843359704
-82.6416191059157
-82.60961642256841
-82.57738419477441
-82.54493038800597
-82.5122630179274
-82.47939014392357
-82.44631986259746
-82.41306030124296
-82.37961961129865
-82.3460059617884
-82.3122275327551
-82.2782925086946
-82.24420907199821
-82.20998539641191
-82.17562964052097
-82.14114994126844
-82.1065544075149
-82.07185111364576
-82.0370480932326
-82.00215333275598
-81.96717476539736
-81.93212026490782
-81.89699763956177
-81.86181462620418
-81.82657888439967
-81.79129799069192
-81.75597943298185
-81.72063060503278
-81.68525880111069
-81.64987121076676
-81.61447491376934
-81.57907687519211
-81.54368394066482
-81.50830283179157
-81.47294014174115
-81.43760233101322
-81.40229572338289
-81.36702650202476
-81.33180070581777
-81.2966242258307
-81.26150280198786
-81.22644201991264
-81.19144730794531
-81.15652393433018
-81.12167700456737
-81.08691145892502
-81.05223207010786
-81.01764344107792
-80.98315000302242
-80.94875601346487
-80.91446555451583
-80.8802825312604
-80.8462106702797
-80.81225351830304
-80.77841444098843
-80.74469662182835
-80.71110306117887
-80.6776365754105
-80.64429979617901
-80.6110951698146
-80.57802495682793
-80.54509123153096
-80.51229588177128
-80.47964060877896
-80.44712692712565
-80.41475616479536
-80.38252946336664
-80.3504477783064
-80.31851187937619
-80.28672235115167
-80.25507959365714
-80.223583823116
-80.19223507281882
-80.1610331941105
-80.12997785749874
-80.09906855388559
-80.06830459592405
-80.03768511950184
-80.0072090853545
-79.9768752808101
-79.9466823216674
-79.91662865420872
-79.8867125573494
-79.8569321449252
-79.82728536811979
-79.7977700180343
-79.76838372840135
-79.73912397844575
-79.70998809589346
-79.68097326013017
-79.65207650551045
-79.62329472481761
-79.59462467287304
-79.56606297029353
-79.53760610739462
-79.5092504482366
-79.4809922348094
-79.45282759135253
-79.4247525288063
-79.39676294939105
-79.36885465131084
-79.3410233335783
-79.31326460095741
-79.28557396902104
-79.25794686931991
-79.23037865465906
-79.20286460447826
-79.17539993033168
-79.14797978146296
-79.120599250472
-79.09325337906958
-79.06593716391572
-79.038645562536
-79.01137349930937
-78.98411587152023
-78.95686755546652
-78.9296234126148
-78.9023782957934
-78.87512705541442
-78.847864545715
-78.82058563100705
-78.7932851919243
-78.76595813165525
-78.73859938215165
-78.71120391030198
-78.68376672405967
-78.65628287851646
-78.62874748191157
-78.60115570156816
-78.57350276974856
-78.54578398942024
-78.5179947399246
-78.49013048254145
-78.4621867659421
-78.43415923152375
-78.40604361861816
-78.37783576956886
-78.34953163467142
-78.32112727697145
-78.2926188769151
-78.26400273684581
-78.23527528534149
-78.20643308138611
-78.17747281836981
-78.14839132791181
-78.11918558350081
-78.08985270394831
-78.060389956651
-78.03079476065844
-78.00106468954291
-77.97119747406808
-77.94119100465414
-77.91104333363754
-77.88075267732384
-77.85031741783362
-77.819736104741
-77.78900745650483
-77.75813036169282
-77.72710387999874
-77.69592724305315
-77.6645998550288
-77.63312129304191
-77.60149130735127
-77.56970982135797
-77.53777693140935
-77.50569290641059
-77.47345818724855
-77.4410733860324
-77.40853928515472
-77.37585683617763
-77.3430271585485
-77.31005153815013
-77.27693142569015
-77.24366843493308
-77.21026434077979
-77.17672107719832
-77.14304073501106
-77.10922555954201
-77.07527794812816
-77.04120044749746
-77.00699575101636
-76.97266669580928
-76.93821625975183
-76.90364755833981
-76.86896384143678
-76.83416848990329
-76.79926501211095
-76.76425704034342
-76.72914832708615
-76.69394274120579
-76.6586442640204
-76.62325698526105
-76.58778509892524
-76.55223289902257
-76.51660477521308
-76.480905208339
-76.44513876585098
-76.40931009713053
-76.37342392871007
-76.3374850593931
-76.30149835527631
-76.26546874467603
-76.22940121296291
-76.19330079730925
-76.15717258135432
-76.12102168979347
-76.08485328289716
-76.04867255096634
-76.01248470873101
-75.97629498969833
-75.9401086404571
-75.90393091494515
-75.86776706868706
-75.83162235300894
-75.7955020092369
-75.75941126288627
-75.72335531784917
-75.68733935058789
-75.65136850434148
-75.61544788335256
-75.57958254712163
-75.54377750469577
-75.50803770899871
-75.47236805120953
-75.43677335519693
-75.40125837201573
-75.3658277744719
-75.33048615176314
-75.29523800420158
-75.26008773802495
-75.22503966030241
-75.19009797394052
-75.15526677279514
-75.12055003689524
-75.08595162778444
-75.05147528398574
-75.01712461659555
-74.98290310501376
-74.9488140928154
-74.9148607837699
-74.8810462380135
-74.84737336837976
-74.81384493689315
-74.78046355143046
-74.7472316625548
-74.71415156052548
-74.68122537248702
-74.6484550598391
-74.61584241578909
-74.58338906308803
-74.5510964519507
-74.51896585816088
-74.48699838136248
-74.45519494353677
-74.42355628766582
-74.3920829765819
-74.36077539200308
-74.32963373375499
-74.29865801917909
-74.26784808272687
-74.23720357573957
-74.20672396641233
-74.17640853994233
-74.14625639885976
-74.11626646354053
-74.08643747289928
-74.05676798526095
-74.02725637940917
-73.9979008558093
-73.9686994380033
-73.93964997417238
-73.91075013886412
-73.88199743488003
-73.85338919532087
-73.82492258578561
-73.7965946067206
-73.76840209591451
-73.74034173113576
-73.71241003290909
-73.68460336742801
-73.65691794959997
-73.62934984622115
-73.60189497927757
-73.57454912936993
-73.54730793925938
-73.52016691753232
-73.49312144238166
-73.46616676550383
-73.43929801610994
-73.41251020504961
-73.38579822904563
-73.35915687503865
-73.33258082464073
-73.30606465869636
-73.2796028619494
-73.25318982781397
-73.22681986324727
-73.20048719372204
-73.17418596829583
-73.14791026477411
-73.12165409496407
-73.09541141001574
-73.06917610584736
-73.04294202865225
-73.01670298048401
-72.99045272491679
-72.964184992777
-72.93789348794252
-72.91157189320467
-72.88521387618852
-72.85881309532618
-72.83236320587793
-72.80585786599568
-72.77929074282292
-72.75265551862447
-72.72594589693972
-72.69915560875256
-72.67227841867066
-72.64530813110684
-72.61823859645483
-72.59106371725147
-72.563777454317
-72.53637383286423
-72.508846948567
-72.48119097357733
-72.45340016248133
-72.42546885818456
-72.39739149771708
-72.36916261794886
-72.34077686120622
-72.31222898078033
-72.28351384631878
-72.25462644909226
-72.22556190712885
-72.1963154702089
-72.16688252471317
-72.13725859831732
-72.10743936452525
-72.07742064703518
-72.04719842393229
-72.0167688317024
-71.98612816906154
-71.95527290059681
-71.9241996602143
-71.89290525439014
-71.86138666522015
-71.82964105326482
-71.79766576018744
-71.76545831118415
-71.7330164172048
-71.70033797696442
-71.6674210787454
-71.63426400199126
-71.60086521869266
-71.56722339456724
-71.53333739003506
-71.49920626099276
-71.46482925938938
-71.43020583360692
-71.39533562864926
-71.36021848614234
-71.32485444414908
-71.2892437368024
-71.25338679376011
-71.21728423948582
-71.18093689236002
-71.144345763626
-71.10751205617555
-71.07043716317924
-71.03312266656621
-70.99557033535791
-70.9577821238604
-70.91976016972058
-70.8815067918515
-70.8430244882307
-70.80431593357486
-70.76538397689438
-70.72623163892996
-70.68686210947277
-70.6472787445694
-70.60748506361193
-70.56748474631291
-70.5272816295655
-70.48687970418831
-70.44628311155526
-70.40549614010973
-70.36452322176211
-70.32336892817017
-70.28203796690258
-70.24053517748592
-70.1988655273355
-70.15703410757038
-70.11504612871403
-70.07290691628128
-70.03062190625309
-69.98819664043987
-69.9456367617359
-69.9029480092675
-69.86013621343801
-69.81720729087232
-69.77416723926405
-69.73102213212842
-69.6877781134646
-69.64444139233221
-69.60101823734696
-69.5575149711007
-69.51393796451138
-69.47029363110941
-69.426588421267
-69.38282881637751
-69.33902132299242
-69.29517246692357
-69.25128878731793
-69.20737683071233
-69.16344314507539
-69.11949427384404
-69.07553674996204
-69.03157708992823
-68.98762178786278
-68.94367730959986
-68.89975008681522
-68.85584651119682
-68.81197292866709
-68.76813563366515
-68.72434086349692
-68.68059479276126
-68.6369035278597
-68.59327310159681
-68.54970946787778
-68.50621849650967
-68.46280596811242
-68.41947756914543
-68.37623888705535
-68.33309540554988
-68.29005250000203
-68.24711543298905
-68.20428934996993
-68.1615792751047
-68.11899010721844
-68.07652661591281
-68.03419343782797
-67.99199507305671
-67.94993588171347
-67.90802008065985
-67.86625174038839
-67.82463478206488
-67.78317297472925
-67.7418699326547
-67.7007291128641
-67.65975381280292
-67.61894716816697
-67.57831215088446
-67.53785156725154
-67.49756805622131
-67.45746408784622
-67.41754196187433
-67.37780380650064
-67.33825157727436
-67.29888705616291
-67.25971185077275
-67.2207273937281
-67.18193494220837
-67.14333557764483
-67.10493020557747
-67.06671955567366
-67.0287041819091
-66.99088446291158
-66.9532606024677
-66.91583263019355
-66.8786004023692
-66.84156360293728
-66.80472174466568
-66.76807417047358
-66.73162005492019
-66.69535840585557
-66.65928806623229
-66.62340771607658
-66.5877158746183
-66.5522109025785
-66.51689100461293
-66.48175423190865
-66.44679848493023
-66.41202151631192
-66.37742093389168
-66.34299420388287
-66.30873865418003
-66.27465147779502
-66.24072973641942
-66.20697036410967
-66.17337017109064
-66.1399258476735
-66.10663396828299
-66.07349099559023
-66.0404932847462
-66.0076370877105
-65.97491855766934
-65.94233375353672
-65.90987864453227
-65.87754911482902
-65.84534096826398
-65.8132499331047
-65.78127166686424
-65.74940176115699
-65.71763574658739
-65.68596909766488
-65.65439723773947
-65.62291554395317
-65.59151935220261
-65.56020396210856
-65.52896464198845
-65.49779663382883
-65.46669515825447
-65.43565541949049
-65.40467261031363
-65.37374191698875
-65.34285852418616
-65.312017619875
-65.2812144001873
-65.250444074247
-65.21970186895787
-65.18898303374446
-65.15828284523961
-65.12759661191198
-65.09691967862749
-65.06624743113859
-65.03557530049567
-65.0048987673749
-64.97421336631746
-64.9435146898742
-64.91279839265101
-64.88206019525043
-64.8512958881063
-64.82050133520826
-64.7896724777136
-64.75880533744393
-64.72789602026458
-64.69694071934506
-64.66593571830006
-64.63487739421086
-64.6037622205275
-64.57258676985137
-64.54134771659918
-64.51004183954862
-64.47866602426606
-64.44721726541596
-64.41569266895144
-64.38408945418504
-64.35240495573888
-64.32063662537357
-64.28878203369558
-64.25683887174236
-64.22480495244409
-64.19267821196067
-64.16045671089242
-64.12813863536323
-64.09572229797467
-64.06320613862991
-64.03058872522652
-63.99786875421771
-63.965045051041876
-63.932116570420966
-63.89908239652889
-63.86594174303119
-63.83269395299792
-63.799338498691476
-63.765874981231974
-63.732303130142924
-63.69862280277957
-63.66483398364275
-63.63093678358152
-63.59693143888748
-63.562818310283575
-63.528597881809986
-63.49427075961066
-63.45983767062418
-63.425299461182505
-63.39065709552099
-63.3559116542032
-63.32106433246403
-63.28611643847515
-63.251069391536504
-63.21592472019822
-63.18068406031662
-63.145349153048386
-63.10992184278658
-63.07440407504217
-63.038797894274154
-63.003105441671465
-62.96732895288997
-62.93147075574811
-62.89553326788442
-62.85951899438058
-62.82343052535296
-62.78727053351534
-62.75104177171531
-62.71474707044635
-62.678389335337584
-62.64197154462303
-62.60549674659214
-62.56896805702249
-62.53238865659503
-62.49576178829116
-62.45909075477081
-62.42237891573049
-62.385629685240616
-62.348846529061206
-62.31203296193482
-62.27519254485591
-62.23832888231581
-62.201445619522616
-62.16454643959534
-62.127635060732274
-62.090715233353336
-62.05379073721642
-62.01686537850773
-61.97994298690688
-61.943027412627686
-61.90612252343644
-61.869232201649
-61.83236034110794
-61.79551084414069
-61.75868761849901
-61.72189457427962
-61.685135620826
-61.64841466361108
-61.6117356011002
-61.57510232159418
-61.53851870005237
-61.501988594895714
-61.4655158447899
-61.429104265409386
-61.39275764618318
-61.356479747023876
-61.320274295041735
-61.28414498124558
-61.248095457232544
-61.21212933186907
-61.17625016796634
-61.14046147895302
-61.104766725549005
-61.0691693124435
-61.03367258498118
-60.99827982586057
-60.96299425184926
-60.92781901052077
-60.892757177018005
-60.85781175084852
-60.82298565271699
-60.788281721399265
-60.753702710662274
-60.719251286234076
-60.684930022828006
-60.650741401224955
-60.616687805417506
-60.58277151981937
-60.54899472654349
-60.51535950275174
-60.48186781807876
-60.44852153213227
-60.41532239207245
-60.38227203027295
-60.34937196206592
-60.31662358357291
-60.2840281696236
-60.25158687176454
-60.219300716360486
-60.1871706027916
-60.15519730174943
-60.12338145363466
-60.09172356705951
-60.06022401745761
-60.02888304580417
-59.99770075744933
-59.96667712106696
-59.93581196772188
-59.90510499005838
-59.87455574161262
-59.84416363625174
-59.81392794774214
-59.783847809448694
-59.75392221416679
-59.72415001408821
-59.69452992090193
-59.66506050603114
-59.63574020100795
-59.60656729798656
-59.57753995039526
-59.548656173727366
-59.51991384647148
-59.4913107111815
-59.46284437568683
-59.43451231444335
-59.406311870025505
-59.3782402547596
-59.35029455249868
-59.3224717205389
-59.29476859167745
-59.267181876411726
-59.23970816527897
-59.21234393133564
-59.18508553277515
-59.157929215682216
-59.13087111692194
-59.103907267161176
-59.07703359401974
-59.05024592534825
-59.02353999262938
-58.99691143449952
-58.97035580038796
-58.94386855427071
-58.91744507853595
-58.89108067795799
-58.864770583776775
-58.83850995788005
-58.81229389708518
-58.78611743751749
-58.75997555908164
-58.73386319002283
-58.70777521157409
-58.68170646268517
-58.65565174482903
-58.62960582688153
-58.6035634500703
-58.5775193329883
-58.55146817666777
-58.52540466970977
-58.49932349346484
-58.47321932725977
-58.44708685366551
-58.42092076380091
-58.39471576266665
-58.36846657450373
-58.3421679481702
-58.31581466253006
-58.289401531848355
-58.26292341118666
-58.236375201792626
-58.209751856477524
-58.183048384975464
-58.156259859277796
-58.12938141893643
-58.10240827632943
-58.075335721881586
-58.04815912923256
-58.020873960345014
-57.9934757705454
-57.965960213489964
-57.93832304604889
-57.9105601331017
-57.88266745223707
-57.854641098351024
-57.82647728813704
-57.79817236446242
-57.76972280062496
-57.74112520448479
-57.712376322465346
-57.68347304341752
-57.65441240234095
-57.62519158395692
-57.59580792612725
-57.56625892311366
-57.53654222867221
-57.506655658978055
-57.47659719537587
-57.4463649869519
-57.41595735292385
-57.38537278484518
-57.35460994862104
-57.323667686333245
-57.292545017872165
-57.26124114237269
-57.22975543945211
-57.198087470248204
-57.16623697825583
-57.13420388996071
-57.101988315268905
-57.06959054773041
-57.03701106455504
-57.00425052641942
-56.971309777064
-56.93818984267967
-56.90489193108386
-56.871417430686286
-56.837767909244526
-56.8039451124102
-56.76995096206685
-56.735787554461304
-56.70145715813067
-56.66696221162807
-56.63230532105025
-56.597489257370974
-56.562516953584016
-56.52739150165963
-56.492116149319266
-56.45669429663395
-56.421129492451946
-56.385425430661265
-56.349585946292514
-56.31361501146848
-56.27751673120691
-56.241295339082974
-56.20495519275813
-56.16850076938244
-56.13193666087711
-56.09526756910373
-56.05849830092695
-56.021633763177086
-55.98467895751873
-55.947638975231094
-55.91051899190632
-55.87332426207201
-55.836060113743834
-55.79873194291424
-55.76134520798269
-55.7239054241328
-55.68641815766217
-55.64888902027065
-55.61132366331277
-55.57372777202023
-55.53610705970102
-55.49846726192147
-55.46081413067754
-55.4231534285612
-55.3854909229276
-55.347832380069235
-55.310183559403356
-55.272550207679046
-55.2349380532105
-55.19735280014339
-55.15980012276151
-55.122285659840315
-55.08481500905373
-55.04739372144007
-55.01002729593273
-54.97272117396045
-54.935480734122564
-54.89831128694391
-54.86121806971397
-54.824206241415425
-54.787280877747605
-54.750446966250365
-54.713709401533606
-54.67707298061765
-54.640542398389414
-54.604122243178836
-54.56781699245977
-54.5316310086788
-54.495568535215
-54.45963369247352
-54.423830474116244
-54.38816274343253
-54.35263422985315
-54.317248525610296
-54.28200908254655
-54.24691920907537
-54.21198206729565
-54.177200670262835
-54.142577879418695
-54.108116402181565
-54.073818789698635
-54.03968743476162
-54.00572456988698
-53.97193226556186
-53.93831242865673
-53.904866801005824
-53.871596958156374
-53.83850430828767
-53.80559009130053
-53.77285537807808
-53.74030106991847
-53.70792789814044
-53.675736423861736
-53.64372703795061
-53.61189996115047
-53.580255244377724
-53.54879276919263
-53.51751224844281
-53.4864132270788
-53.45549508314116
-53.42475702891858
-53.394198112276
-53.36381721815201
-53.33361307022409
-53.30358423274038
-53.27372911251626
-53.244045961093654
-53.214532877060144
-53.18518780852457
-53.15600855574524
-53.12699277390646
-53.09813797603868
-53.069441536077015
-53.0409006920521
-53.01251254940683
-52.98427408443222
-52.956182147815234
-52.9282334682914
-52.90042465639481
-52.87275220829809
-52.84521250973483
-52.817801839997564
-52.790516376004966
-52.763352196432486
-52.73630528590126
-52.70937153921982
-52.68254676567363
-52.65582669335776
-52.6292069735486
-52.6026831851102
-52.57625083893111
-52.549905382387
-52.52364220382514
-52.497456637067096
-52.471343965926444
-52.4452994287385
-52.41931822289927
-52.39339550941087
