30.324036626772596
30.43383302649687
30.543817510490925
30.65398774352443
30.764341372091256
30.874876026470364
30.985589322781298
31.096478865032257
31.207542247158674
31.318777055050194
31.43018086856404
31.541751263522748
31.653485813694324
31.76538209275305
31.877437676219166
31.989650143375492
32.10201707915943
32.214536076029084
32.32720473580219
32.440020671466705
32.55298150896193
32.6660848889294
32.77932846843246
32.892709922643505
33.00622694649785
33.11987725631302
33.2336585913727
33.347568715474935
33.46160541844422
33.57576651760725
33.690049859231365
33.804453319924974
33.91897480799874
34.0336122647865
34.148363665925174
34.263227022592744
34.378200382703696
34.4932818320609
34.608469495462934
34.723761537765874
34.839156164898775
34.95465162483196
35.0702462084971
35.18593825065849
35.3017261307352
35.41760827357401
35.53358315017291
35.64964927835526
35.76580522339466
35.88204959859038
35.99838106579349
36.11479833588378
36.23130016919804
36.347885375910316
36.46455281636497
36.58130140136308
36.69813009240261
36.81503790187281
36.93202389320294
37.049087180965415
37.1662269309339
37.283442360096586
37.40073273662554
37.51809737980332
37.63553565990779
37.75304699805591
37.870630866007076
37.98828678592636
38.106014330108195
38.22381312066105
38.34168282915429
38.459623176228526
38.577633931171114
38.69571491145778
38.813865982260985
38.93208705592597
39.050378091414906
39.16873909371973
39.28717011324378
39.4056712451525
39.52424262869361
39.64288444648745
39.76159692378801
39.880380327715365
39.999234966460314
40.11816118846142
40.23715938155418
40.35622997209224
40.4753734240408
40.594590238042585
40.71388095045721
40.83324613237458
40.95268638860328
41.07220235663418
41.19179470557923
41.31146413508519
41.431211374221945
41.5510371803454
41.67094233793527
41.79092765740795
41.91099397390478
42.031142146055615
42.15137305471767
42.2716876016899
42.39208670840292
42.512571314584925
42.633142376904
42.75380086758843
42.87454777302599
42.995384092343265
43.11631083596574
43.23732902415866
43.358439685549506
43.47964385563295
43.600942575259516
43.722336889109435
43.84382784415356
43.965416488102896
44.08710386784827
44.208891027891525
44.33077900876975
44.452768845473486
44.57486156586015
44.69705818906465
44.81935972390937
44.941767167316016
45.06428150272234
45.18690369850691
45.309634706424674
45.43247546005682
45.55542687327835
45.67848983874609
45.8016652264094
45.92495388204578
46.048356625824404
46.17187425090004
46.29550752203989
46.41925717428604
46.543123911655876
46.66710840588224
46.79121129519468
46.91543318314326
47.03977463746623
47.16423618900337
47.28881833065618
47.41352151639615
47.538346160322085
47.66329263576683
47.788361274454424
47.91355236570867
48.038866155713905
48.16430284682896
48.28986259695519
48.41554551895901
48.54135168014905
48.66728110180834
48.79333375878191
48.91950957912009
49.04580844377752
49.172230186367486
49.29877459297121
49.42544140200154
49.55223030412016
49.67914094220784
49.80617291138681
49.93332575909417
50.060598985204614
50.187992042201266
50.31550433539294
50.44313522317693
50.570884017346735
50.69874998344371
50.82673234115165
50.95483026473308
51.08304288350612
51.2113692823602
51.339808502309516
51.4683595410826
51.59702135374683
51.72579285336635
51.85467291169211
51.9836603598832
52.11275398925861
52.24195255207823
52.37125476235181
52.50065929667474
52.630164795089996
52.75976986197517
52.889473066953855
53.01927294583069
53.1491680015495
53.279156705173904
53.409237496890256
53.53940878703261
53.66966895712986
53.8000163609743
53.93044932571045
54.06096615294266
54.191565119860776
54.322244480383155
54.4530024663167
54.58383728853344
54.71474713816358
54.8457301878049
54.97678459274764
55.107908492213745
55.23910001060896
55.37035725878642
55.50167833532024
55.63306132778789
55.764504314060254
55.89600536359789
56.027562538752235
56.15917389607084
56.2908374876058
56.42255136222444
56.554313566921834
56.68612214813463
56.81797515305537
56.94987063094622
57.08180663445067
57.21378122090134
57.34579245362191
57.47783840322147
57.609917148879546
57.74202677962022
57.87416539557391
58.00633110922586
58.13852204665039
58.27073634872982
58.402972172357174
58.53522769162151
58.667501098975144
58.799790606382366
58.93209444644935
59.06441087353499
59.19673816484231
59.32907462149006
59.4614185695637
59.593768361144264
59.72612237531359
59.8584790191341
59.99083672860161
60.12319396956963
60.25554923864439
60.38790106405003
60.520248006462964
60.65258865981457
60.784921652060916
60.91724564591891
61.04955933956802
61.18186146731688
61.31415080023379
61.446426146740805
61.57868635317129
61.71093030429131
61.84315692378465
61.97536517470138
62.10755405986982
62.23972262227182
62.3718699453815
62.50399515346778
62.63609741186139
62.76817592718675
62.90022994755885
63.03225876274559
63.16426170429606
63.29623814563525
63.42818750212616
63.56010923110029
63.69200283185831
63.82386784564256
63.955703855583415
64.08751048662079
64.21928740540143
64.35103432015269
64.48275098053274
64.6144371774579
64.74609274290692
64.87771754970198
65.00931151126663
65.14087458136142
65.27240675379763
65.40390806212999
65.53537857932925
65.66681841743464
65.79822772718622
65.92960669763791
66.06095555575162
66.19227456597214
66.32356402978236
66.45482428523759
66.58605570647752
66.71725870321428
66.84843372019465
66.97958123663535
67.11070176563068
67.24179585353173
67.37286407929733
67.50390705381747
67.63492541921076
67.76591984809707
67.89689104284687
68.02783973480885
68.1587666835168
68.28967267587669
68.42055852533449
68.55142507102536
68.68227317690443
68.8131037308602
68.94391764381155
69.07471584878814
69.20549929999513
69.33626897186181
69.46702585807438
69.59777097059165
69.72850533864423
69.85923000771751
69.98994603851938
70.12065450593227
70.25135649795035
70.38205311460237
70.51274546686139
70.64343467554332
70.77412187019561
70.90480818797803
71.03549477253674
71.16618277287276
71.29687334220571
71.42756763683364
71.55826681498915
71.68897203569229
71.81968445760042
71.95040523785524
72.08113553092771
72.21187648746199
72.34262925312002
72.473394967428
72.6041747626259
72.73496976252146
72.86578108135085
72.99660982264776
73.12745707812233
73.25832392655114
73.38921143267952
73.5201206461379
73.65105260037295
73.78200831159357
73.91298877773202
74.04399497742041
74.17502786898216
74.30608838943805
74.43717745352659
74.56829595273926
74.69944475437107
74.83062470058717
74.96183660750607
75.09308126430004
75.22435943231334
75.35567184419948
75.48701920307813
75.61840218171221
75.74982142170575
75.88127753272329
76.0127710917319
76.14430264226678
76.27587269372202
76.40748172066765
76.5391301621936
76.67081842128141
76.80254686420392
76.93431581995367
77.06612557970107
77.19797639628337
77.32986848372593
77.46180201679692
77.59377713059666
77.7257939201827
77.8578524402318
77.98995270473938
78.12209468675621
78.25427831816273
78.38650348948147
78.518770049728
78.65107780630069
78.78342652490767
78.915815929529
79.04824570241146
79.18071548409307
79.31322487345517
79.44577342780008
79.57836066295329
79.71098605338977
79.84364903238384
79.97634899218191
80.10908528419817
80.24185721923256
80.37466406771195
80.50750505995485
80.64037938646017
80.77328619822039
80.90622460705971
81.03919368599715
81.17219246963431
81.30521995456697
81.43827509981817
81.57135682729132
81.70446402224162
81.83759553376423
81.97075017529654
82.10392672513252
82.23712392694814
82.37034049033731
82.50357509135746
82.63682637308501
82.7700929461811
82.90337338946769
83.03666625051473
83.16997004623865
83.30328326351322
83.43660435979304
83.56993176374966
83.7032638759214
83.83659906937613
83.96993569038752
84.10327205912473
84.23660647035594
84.36993719416536
84.50326247668376
84.63658054083261
84.76988958708196
84.90318779422174
85.0364733201466
85.16974430265466
85.30299886026003
85.43623509301884
85.56945108336791
85.70264489697493
85.83581458359939
85.96895817796397
86.10207370063509
86.23515915891122
86.36821254771829
86.50123185051146
86.63421504018211
86.76716007996791
86.90006492436297
87.03292752002451
87.16574580667273
87.29851771798045
87.43124118244899
87.56391412426674
87.6965344641475
87.82910012014568
87.96160900844703
88.09405904413396
88.22644814192554
88.35877421689216
88.49103518514553
88.62322896450533
88.75535347514293
88.88740664020307
89.01938638640357
89.15129064461294
89.28311735040543
89.41486444459238
89.54652987372927
89.67811159059889
89.80960755467098
89.94101573253855
90.07233409833034
90.20356063409943
90.33469333018743
90.46573018556346
90.59666920813667
90.72750841504187
90.85824583289848
90.98887949804252
91.11940745673091
91.2498277653173
91.38013849039957
91.5103377089395
91.64042350835625
91.77039398659444
91.90024725216794
92.02998142418066
92.15959463232609
92.28908501686708
92.41845072859739
92.54768992878626
92.67680078910773
92.80578149155706
92.93463022835651
93.06334520185219
93.19192462440292
93.32036671826295
93.44866971545893
93.57683185766182
93.70485139605357
93.83272659118931
93.96045571285383
94.08803703991207
94.21546886015282
94.34274947012527
94.46987717496727
94.59685028822473
94.72366713166143
94.85032603505742
94.97682533599395
95.10316337962324
95.22933851842235
95.35534911193251
95.48119352648455
95.60687013491183
95.73237731625186
95.85771345543735
95.9828769429784
96.10786617463627
96.23267955109092
96.35731547760354
96.48177236367535
96.60604862270331
96.73014267163256
96.85405293060563
96.9777778226075
97.1013157731058
97.22466520968607
97.34782456168108
97.47079225979343
97.59356673571034
97.71614642170931
97.83852975025383
97.9607151535784
98.08270106326285
98.20448590979692
98.32606812213686
98.44744612725589
98.56861834969123
98.68958321109193
98.81033912977142
98.93088452027001
99.05121779293148
99.17133735349859
99.29124160273278
99.41092893606248
99.5303977432639
99.64964640817851
99.76867330847057
99.88747681542935
100.00605529382068
100.12440710179186
100.24253059083327
100.36042410579847
100.47808598498358
100.59551456026571
100.71270815729935
100.82966509576892
100.94638368969521
101.06286224779313
101.17909907387872
101.29509246732397
101.41084072355858
101.52634213461744
101.64159498973225
101.75659757596469
101.87134817887812
101.98584508324603
102.10008657379609
102.21407093598845
102.32779645682723
102.44126142570389
102.55446413527108
102.66740288234615
102.78007596884373
102.89248170273669
103.0046183990442
103.11648438084461
103.22807798031063
103.33939753976433
103.45044141274839
103.56120796511102
103.671695576103
103.78190263948473
103.89182756464125
104.0014687777021
104.11082472266305
104.21989386250694
104.32867468032028
104.43716568040311
104.54536538937005
104.6532723572413
104.76088515852184
104.86820239326751
104.97522268813721
105.08194469742882
105.18836710409728
105.29448862075272
105.40030799063739
105.50582398858042
105.61103542192821
105.71594113144859
105.82053999220666
105.92483091441109
106.02881284423013
106.13248476457655
106.23584569586042
106.33889469670926
106.44163086465456
106.54405333678308
106.64616129035149
106.74795394336282
106.84943055510298
106.95059042663543
107.05143290125234
107.15195736488029
107.25216324643891
107.3520500181515
107.4516171958074
107.55086433897652
107.64979105117659
107.74839697999273
107.84668181714945
107.94464529853572
108.04228720418435
108.13960735820747
108.23660562869061
108.3332819275483
108.42963621034342
108.52566847607245
108.62137876691902
108.71676716797806
108.81183380695298
108.90657885382707
109.00100252051159
109.09510506047202
109.18888676833451
109.28234797947421
109.37548906958621
109.46831045423922
109.56081258841262
109.65299596601717
109.74486111940003
109.83640861883494
109.92763907199726
110.01855312342282
110.10915145395036
110.19943478014814
110.28940385372525
110.37905946092903
110.46840242193034
110.55743359019979
110.6461538518773
110.73456412513698
110.82266535954997
110.91045853544776
110.99794466328828
111.08512478302632
111.17199996349015
111.25857130176686
111.34483992259797
111.43080697778689
111.51647364561947
111.60184113029922
111.68691066139795
111.77168349332166
111.85616090479024
111.94034419832892
112.02423469976938
112.10783375775847
112.19114274327168
112.27416304912819
112.35689608950324
112.43934329943451
112.52150613431874
112.6033860693943
112.68498459920576
112.76630323704657
112.84734351437541
112.92810698020148
113.00859520043488
113.08880975719941
113.16875224810471
113.24842428547387
113.32782749552311
113.40696351749054
113.48583400271113
113.56444061363547
113.64278502279055
113.72086891168132
113.79869396963224
113.87626189256818
113.95357438173457
114.03063314235735
114.10743988224428
114.18399631032887
114.26030413515772
114.33636506332206
114.41218079783332
114.48775303644399
114.56308346991543
114.6381737802345
114.71302563878189
114.78764070445433
114.86202062174365
114.93616701877485
115.01008150530592
115.08376567069294
115.15722108182555
115.23044928103715
115.30345178399406
115.3762300775688
115.44878561770335
115.52111982726919
115.59323409393048
115.66512976801616
115.73680816040675
115.80827054044218
115.8795181338563
115.95055212074394
116.02137363356618
116.0919837551995
116.1623835170337
116.23257389712464
116.30255581840717
116.37233014697435
116.44189769042757
116.51125919630246
116.58041535057461
116.64936677624823
116.71811403203046
116.78665761109241
116.8549979399182
116.92313537724269
116.99107021307836
117.05880266783205
117.1263328915114
117.19366096302142
117.26078688955042
117.32771060604406
117.39443197476643
117.46095078494702
117.52726675251242
117.59337951990184
117.65928865596649
117.72499365595249
117.79049394156718
117.85578886112805
117.92087768979272
117.98575962986862
118.05043381120126
118.11489929164006
118.17915505758182
118.24320002459089
118.30703303809489
118.37065287415507
118.43405824031092
118.49724777649814
118.56022005603924
118.62297358670568
118.68550681184976
118.74781811160435
118.80990580414877
118.87176814703932
118.93340333860223
118.99480951938753
119.05598477368127
119.11692713107479
119.1776345680897
119.2381050098571
119.2983363318485
119.35832636165557
119.4180728808154
119.47757362667957
119.53682629432373
119.59582853849494
119.65457797559472
119.71307218569504
119.77130871458493
119.82928507584492
119.8869987529475
119.94444720138151
120.00162785079883
120.05853810718153
120.11517535502728
120.17153695955173
120.22762026890618
120.28342261640896
120.3389413227894
120.39417369844293
120.44911704569549
120.50376866107555
120.55812583759254
120.61218586701975
120.66594604218093
120.71940365924021
120.77255601999443
120.82540043416768
120.87793422170736
120.9301547150803
120.9820592615674
121.0336452255552
121.08490999082207
121.13585096281585
121.1864655709197
121.23675127070223
121.28670554614948
121.33632591187651
121.3856099153173
121.43455513889134
121.48315920214608
121.53141976387437
121.57933452420477
121.62690122666308
121.67411766020345
121.7209816612071
121.7674911154464
121.81364396001206
121.85943818520227
121.90487183637364
121.94994301575454
121.99464988422116
122.03899066303777
122.08296363556119
122.12656714890997
122.1697996155992
122.21265951514167
122.25514539561627
122.29725587520417
122.33898964369288
122.38034546394837
122.42132217335504
122.46191868522348
122.5021339901659
122.54196715743896
122.58141733625459
122.62048375705908
122.65916573277954
122.69746266003753
122.73537402032977
122.77289938117505
122.81003839722516
122.84679081133763
122.88315645560792
122.91913525235859
122.95472721508301
122.98993244934147
123.02475115360707
123.0591836200584
123.09323023531462
123.1268914811088
123.16016793489584
123.19306027039121
123.22556925803698
123.25769576539139
123.28944075743831
123.3208052968134
123.35179054394368
123.38239775709732
123.4126282923406
123.44248360339881
123.47196524141972
123.50107485463829
123.52981418794158
123.55818508233367
123.5861894743002
123.613829395073
123.64110696979523
123.66802441658805
123.69458404551821
123.72078825746607
123.74663954289414
123.77214048051641
123.79729373586858
123.82210205977921
123.84656828674107
123.87069533318115
123.89448619562697
123.9179439487668
123.94107174340226
123.96387280429244
123.98635042788837
124.00850797995722
124.03034889309512
124.05187666412891
124.07309485140635
124.09400707197571
124.11461699865615
124.13492835700092
124.15494492215655
124.17467051562127
124.1941090019055
124.21326428509732
124.23214030533617
124.25074103519782
124.26907047599488
124.2871326539964
124.30493161657043
124.32247142825449
124.33975616675988
124.35678991891595
124.37357677655925
124.39012083237284
124.40642617568082
124.42249688820422
124.43833703978416
124.45395068407785
124.46934185423353
124.48451455854976
124.49947277612463
124.51422045250078
124.52876149531275
124.54309976994406
124.55723909520142
124.57118323901338
124.58493591416092
124.59850077404812
124.61188140852047
124.62508133973822
124.6381040181113
124.65095281830324
124.6636310353102
124.6761418806228
124.68848847847707
124.70067386220123
124.71270097066437
124.72457264483361
124.73629162444533
124.74786054479748
124.75928193366971
124.77055820837708
124.78169167296309
124.7926845155375
124.80353880576374
124.81425649250147
124.82483940160918
124.83528923391131
124.84560756333516
124.85579583522176
124.86585536481456
124.8757873359294
124.88559279980879
124.89527267416415
124.90482774240908
124.91425865308676
124.92356591949451
124.9327499195094
124.94181089561752
124.95074895514833
124.95956407071546
124.96825608086496
124.97682469093112
124.9852694740998
124.99358987267678
125.0017851995569
125.0098546398876
125.01779725291985
125.02561197403847
125.03329761696452
125.0408528761221
125.04827632916098
125.05556643962572
125.06272155976237
125.06973993345352
125.07661969927264
125.08335889364841
125.08995545413015
125.096407222745
125.10271194943854
125.10886729559033
125.11487083759525
125.12072007050185
125.12641241169874
125.13194520464035
125.13731572260278
125.1425211724613
125.14755869848088
125.15242538611218
125.15711826578567
125.16163431669665
125.16597047057573
125.1701236154399
125.17409059932001
125.17786823396065
125.18145329848855
125.18484254304562
125.18803269238364
125.1910204494171
125.19380249873151
125.19637551004493
125.19873614161983
125.2008810436241
125.20280686143994
125.20451023892016
125.20598782159229
125.20723625981131
125.20825221186291
125.20903234701959
125.2095733485514
125.20987191669357
125.20992477157264
125.20972865609369
125.20928033879031
125.2085766166393
125.20761431784157
125.20639030457139
125.20490147569691
125.20314476947473
125.20111716622111
125.19881569096296
125.19623741607128
125.19337946388006
125.1902390092931
125.18681328238026
125.18309957096434
125.17909522319948
125.17479765014284
125.17020432832086
125.16531280229069
125.16012068719644
125.15462567131962
125.14882551862169
125.14271807127759
125.13630125219854
125.1295730675433
125.12253160921678
125.11517505735465
125.10750168279272
125.09950984951861
125.09119801710285
125.0825647431055
125.07360868545511
125.06432860479659
125.05472336680289
125.04479194444612
125.03453342022279
125.02394698832855
125.01303195677743
125.00178774945933
124.99021390812887
124.97831009431862
124.96607609117014
124.95351180517498
124.9406172678169
124.92739263710708
124.91383819900484
124.89995436871614
124.88574169186263
124.87120084551584
124.85633263909092
124.84113801509541
124.82561804972859
124.8097739533277
124.79360707065742
124.7771188810387
124.76031099831387
124.74318517064599
124.72574328015135
124.7079873423639
124.68991950553091
124.67154204973993
124.65285738587711
124.63386805441856
124.61457672405614
124.59498619015967
124.57509937307789
124.55491931628076
124.53444918434612
124.51369226079369
124.49265194576954
124.47133175358302
124.44973531009914
124.42786634998954
124.40572871384457
124.38332634514934
124.36066328712703
124.33774367945234
124.31457175483963
124.2911518355099
124.26748832954134
124.24358572710828
124.21944859661342
124.19508158071842
124.17048939227898
124.14567681019032
124.1206486751491
124.09540988533702
124.06996539203199
124.04432019515191
124.01847933873712
123.99244790637734
123.9662310165888
123.93983381814822
123.91326148538992
123.88651921347203
123.85961221361704
123.83254570833147
123.80532492660934
123.77795509912444
123.75044145341526
123.72278920906633
123.69500357288833
123.66708973409898
123.63905285950666
123.61089808869845
123.58263052923492
123.55425525185349
123.52577728568333
123.49720161347598
123.46853316685652
123.43977682160023
123.410937392941
123.38201963091815
123.35302821576916
123.32396775337573
123.2948427707707
123.26565771171234
123.23641693233247
123.20712469686356
123.1777851734492
123.1484024300425
123.11898043039645
123.08952303015059
123.0600339730185
123.03051688708143
123.00097528119244
122.97141254149625
122.94183192806969
122.91223657168717
122.88262947071559
122.85301348814147
122.8233913487341
122.79376563634747
122.7641387913647
122.73451310828892
122.70489073348341
122.67527366306439
122.64566374094892
122.61606265705956
122.58647194568704
122.55689298401177
122.52732699078484
122.4977750251681
122.46823798573263
122.43871660961571
122.40921147183627
122.37972298476944
122.35025139778014
122.32079679701604
122.29135910535973
122.2619380825401
122.23253332540418
122.20314426835029
122.17377018392261
122.14441018356655
122.11506321854387
122.08572808100627
122.05640340522524
122.02708766897564
121.99777919506954
121.96847615303665
121.93917656094737
121.90987828737565
121.88057905349825
121.8512764353274
121.82196786607386
121.79265063863744
121.76332190822251
121.73397869507568
121.7046178873432
121.67523624404538
121.6458303981662
121.61639685985739
121.58693201975547
121.55743215241108
121.52789341982958
121.49831187512126
121.46868346625973
121.43900403994695
121.40926934558405
121.3794750393476
121.34961668837065
121.3196897750276
121.28968970132115
121.25961179336872
121.22945130598606
121.1992034273647
121.16886328383777
121.13842594472789
121.10788642727044
121.07723970160617
121.04648069583624
121.01560430113233
120.98460537689465
120.95347875595081
120.92221924978963
120.89082165382348
120.85928075267263
120.82759132546578
120.79574815115079
120.76374601380944
120.73157970796812
120.69924404389671
120.66673385288804
120.63404399251083
120.60116935182934
120.5681048565829
120.53484547431837
120.50138621946887
120.46772215837227
120.43384841422373
120.39976017195788
120.36545268305694
120.33092127028173
120.29616133232268
120.26116834836925
120.22593788259694
120.1904655885716
120.15474721357104
120.11877860282361
120.08255570366434
120.04607456960836
120.00933136434121
119.97232236562586
119.93504396912572
119.89749269214148
119.85966517726017
119.82155819591507
119.78316865185518
119.74449358452266
119.70553017233753
119.66627573588805
119.62672774102468
119.58688380185463
119.54674168363321
119.50629930554798
119.46555474339088
119.4245062321143
119.38315216826634
119.34149111230072
119.29952179075671
119.25724309830359
119.21465409964439
119.17175403127344
119.12854230308282
119.0850184998133
119.04118238234496
118.99703388882408
118.95257313562392
118.90780041813723
118.86271621139842
118.81732117053461
118.77161613104413
118.72560210890155
118.67928030048772
118.63265208234354
118.5857190107469
118.53848282111191
118.49094542721063
118.44310892021853
118.39497556758526
118.34654781173201
118.29782826857836
118.24881972590053
118.19952514152253
118.14994764134194
118.10009051719184
118.04995722453991
117.99955138002603
117.9488767588412
117.89793729195132
117.84673706317078
117.79528030609019
117.74357140086299
117.69161487085516
117.63941537916348
117.58697772500696
117.53430683999571
117.48140778428015
117.42828574258354
117.37494602012092
117.32139403840713
117.26763533095564
117.21367553887038
117.15952040633297
117.10517577598776
117.05064758422625
116.99594185637264
116.94106470177215
116.88602230878544
116.83082093969293
116.77546692551269
116.71996666073656
116.66432659798912
116.6085532426138
116.55265314719091
116.49663290599224
116.44049914937685
116.38425853813354
116.32791775777653
116.27148351280167
116.21496252091006
116.15836150720637
116.10168719837841
116.04494631686512
115.98814557501933
115.93129166927329
115.87439127431381
115.81745103727499
115.76047757195707
115.7034774530795
115.64645721057585
115.58942332393806
115.53238221661732
115.47534025048847
115.41830372038399
115.36127884870214
115.30427178009441
115.24728857623634
115.19033521068573
115.13341756383184
115.07654141793913
115.01971245228768
114.96293623841305
114.90621823544748
114.84956378556447
114.7929781095286
114.73646630235285
114.68003332906451
114.62368402058101
114.56742306969616
114.51125502717835
114.45518429798202
114.39921513757466
114.34335164838106
114.2875977763471
114.23195730762623
114.17643386539126
114.12103090677387
114.06575171993428
114.0105994212637
113.95557695272193
113.90068707931279
113.84593238670028
113.79131527896767
113.73683797652247
113.68250251415101
113.62831073922679
113.57426431007595
113.52036469450276
113.46661316847668
113.41301081498194
113.35955852302983
113.30625698683356
113.2531067051449
113.20010798075158
113.14726092013451
113.09456543328373
113.04202123367169
112.9896278383833
112.93738456840232
112.88529054905383
112.8333447106029
112.78154578900923
112.72989232683837
112.6783826743307
112.62701499063066
112.57578724517772
112.52469721926094
112.47374250773795
112.4229205209191
112.37222848661737
112.32166345236432
112.2712222877931
112.22090168718934
112.17069817221137
112.12060809478125
112.0706276401478
112.02075283012267
111.97097952649041
111.92130343459407
111.87172010709618
111.82222494791473
111.7728132163327
111.72348003128049
111.6742203757906
111.6250291016229
111.57590093405851
111.52683047685811
111.47781221738002
111.42884053185266
111.37990969079478
111.3310138645768
111.28214712911735
111.2333034717084
111.18447679696193
111.13566093287137
111.08684963698194
111.03803660266432
110.98921546548526
110.94037980966836
110.89152317463892
110.84263906164632
110.79372094045688
110.74476225611023
110.69575643573252
110.64669689539939
110.5975770470409
110.54839030537984
110.49913009489525
110.44978985680315
110.4003630560469
110.35084318829013
110.30122378690453
110.25149842994392
110.20166074709664
110.15170442660849
110.10162322216934
110.051410959755
110.00106154441562
109.95056896700123
109.89992731081645
109.84913075819645
109.79817359699678
109.74705022698947
109.69575516615816
109.64428305688375
109.59262867201255
109.54078692079838
109.48875285471036
109.43652167309824
109.38408872870718
109.33144953303406
109.27859976151831
109.22553525855949
109.1722520423533
109.1187463095381
109.06501443964476
109.01105299934261
108.9568587464737
108.9024286338688
108.8477598129399
108.7928496370439
108.73769566461249
108.68229566204445
108.6266476063571
108.57074968759423
108.51460031098827
108.45819809887382
108.40154189235102
108.34463075269821
108.28746396253382
108.23004102672724
108.17236167305884
108.11442585263092
108.05623374003096
107.99778573325034
107.93908245336047
107.8801247439485
107.8209136703141
107.7614505184298
107.70173679366701
107.64177421929071
107.58156473472593
107.5211104935994
107.46041386155969
107.39947741387982
107.33830393284654
107.27689640494225
107.21525801782582
107.15339215711867
107.09130240300249
107.02899252663542
106.96646648639376
106.90372842394572
106.84078266016468
106.7776336908887
106.71428618253458
106.65074496757427
106.58701503988232
106.52310154996132
106.45900980005376
106.39474523914805
106.33031345788652
106.26572018338231
106.20097127395218
106.13607271377214
106.0710306074626
106.0058511746098
105.94054074423036
105.8751057491861
105.80955272055542
105.74388828196732
105.67811914390403
105.61225209797713
105.54629401118221
105.48025182013667
105.41413252530423
105.34794318520856
105.2816909106384
105.2153828588457
105.14902622773864
105.08262825007135
105.01619618763208
104.94973732543257
104.88325896590162
104.81676842308592
104.75027301686076
104.68378006715317
104.61729688818069
104.55083078270944
104.48438903633597
104.41797891179816
104.3516076433193
104.28528243098877
104.21901043518368
104.15279877103625
104.08665450295119
104.02058463917739
103.95459612643843
103.88869584462621
103.82289060156096
103.75718712782042
103.69159207164067
103.62611199389038
103.56075336312027
103.49552255068907
103.4304258259666
103.36546935161378
103.30065917893943
103.23600124333403
103.17150135978135
103.10716521844823
103.04299838035386
102.97900627311911
102.91519418679705
102.85156726978617
102.78813052482688
102.7248888050825
102.6618468103055
102.59900908309076
102.53638000521833
102.47396379408848
102.41176449925273
102.34978599904638
102.28803199732873
102.22650602033728
102.16521141366205
102.10415133934576
102.04332877311582
101.98274650175414
101.92240712061151
101.8623130312727
101.80246643937822
101.74286935260828
101.68352357883417
101.62443072444135
101.56559219282893
101.50700918308836
101.44868268886329
101.39061349739197
101.33280218873367
101.27524913518093
101.21795450085878
101.1609182415119
101.10414010447991
101.04761962886036
100.99135614585825
100.93534877932106
100.87959644645773
100.82409785874003
100.76885152298448
100.71385574261282
100.65910861908921
100.60460805353202
100.55035174849851
100.4963372099397
100.44256174932227
100.38902248591452
100.33571634923234
100.28264008164203
100.2297902411162
100.17716320413919
100.12475516875938
100.07256215778668
100.02058002213445
99.96880444430653
99.91723094202959
99.8658548720309
99.81467143396091
99.76367567446059
99.71286249137344
99.66222663810149
99.6117627281038
99.56146523953598
99.51132852002908
99.4613467916059
99.41151415573174
99.36182459849633
99.31227199592283
99.26285011939805
99.21355264121766
99.16437314024026
99.11530510764405
99.06634195277942
99.01747700911025
98.96870354023619
98.92001474598769
98.87140376858528
98.822863698855
98.77438758249181
98.72596842636378
98.6775992048492
98.62927286619876
98.58098233891425
98.53272053813564
98.48448037202749
98.4362547481563
98.38803657985054
98.3398187925363
98.2915943300421
98.24335616086645
98.19509728440252
98.14681073711435
98.09848959865982
98.05012699795495
98.00171611917321
97.95325020767334
97.9047225758487
97.85612660889214
97.80745577047102
97.75870360830763
97.70986375966046
97.66092995670326
97.61189603179864
97.56275592266294
97.51350367741858
97.46413345953144
97.41463955263166
97.36501636521663
97.3152584352343
97.26536043454503
97.21531717326077
97.16512360396014
97.11477482577796
97.06426608836814
97.01359279573849
96.9627505099565
96.91173495472533
96.86054201882878
96.80916775944509
96.75760840532855
96.70586035985816
96.65392020395173
96.60178469884416
96.5494507887283
96.49691560325682
96.44417645990514
96.39123086619527
96.3380765217807
96.28471132039074
96.23113335163232
96.17734090264692
96.12333245961914
96.0691067091354
96.01466253939084
95.95999904124149
95.90511550909771
95.85001144165547
95.79468654246223
95.7391407203149
95.68337408948726
95.62738696978518
95.57117988642752
95.51475356975068
95.4581089547341
95.40124718034413
95.34416958869492
95.28687772402402
95.22937333148145
95.17165835573117
95.11373493936487
95.0556054211291
94.99727233396625
94.93873840287104
94.88000654256457
94.82107985498938
94.76196162662889
94.70265532565561
94.64316459891207
94.5834932687289
94.5236453295857
94.46362494462001
94.40343644199079
94.34308431110249
94.28257319869574
94.22190790481007
94.16109337862265
94.10013471416705
94.03903714593567
93.97780604437033
93.91644691124493
93.85496537494278
93.79336718563145
93.7316582103385
93.66984442793087
93.60793192400168
93.54592688566682
93.48383559627389
93.42166443002516
93.35941984651602
93.29710838518982
93.23473665971126
93.17231135226196
93.10983920776216
93.04732702802251
92.98478166583034
92.92221001897515
92.85961902421873
92.79701565121486
92.73440689638365
92.67179977674647
92.6092013237274
92.54661857692741
92.4840585778789
92.42152836378767
92.35903496127065
92.29658538009761
92.23418660694546
92.17184559917399
92.10956927863236
92.04736452550577
91.98523817221172
91.92319699735464
91.86124771974727
91.79939699250696
91.73765139723417
91.67601743828112
91.61450153711809
91.55311002680452
91.49184914657172
91.43072503652337
91.36974373245909
91.30891116082552
91.24823313379846
91.18771534449883
91.12736336234462
91.0671826285415
91.00717845171272
90.94735600366897
90.88772031531909
90.82827627272212
90.76902861328148
90.70998192208123
90.65114062836466
90.59250900215517
90.53409115101948
90.47589101697389
90.4179123735343
90.36015882291105
90.30263379334934
90.24534053661756
90.18828212564546
90.1314614523148
90.0748812254048
90.01854396869493
89.9624520192271
89.9066075257287
89.851012447198
89.79566855165348
89.74057741504902
89.68574042035692
89.6311587568211
89.57683341938349
89.52276520828644
89.46895472885336
89.41540239145075
89.36210841163478
89.30907281048604
89.25629541513644
89.20377585949115
89.15151358514862
89.09950784252072
89.04775769215388
88.99626200625215
88.94501947040277
88.89402858550392
88.84328766989387
88.79279486168008
88.74254812126668
88.69254523407739
88.64278381347032
88.59326130384073
88.54397498390728
88.49492197017747
88.44609922058822
88.39750353831613
88.34913157575266
88.30097983863953
88.25304469035797
88.20532235636546
88.15780892877234
88.11050037105036
88.0633925228637
88.0164811050127
87.96976172448063
87.92322987957374
87.87688096514529
87.83071027789396
87.78471302172665
87.73888431317658
87.69321918686848
87.64771260102253
87.60235944299012
87.55715453481315
87.51209263879917
87.46716846310534
87.42237666732439
87.3777118680668
87.33316864453383
87.28874154407634
87.2444250877349
87.2002137757559
87.15610209307867
87.1120845147879
87.0681555115272
87.02430955487095
86.98054112265258
86.93684470424698
86.89321480580433
86.84964595543379
86.8061327083348
86.76266965187396
86.71925141060517
86.67587265123034
86.63252808749796
86.5892124850365
86.54592066611933
86.50264751435809
86.45938797932176
86.41613708107882
86.37288991465986
86.32964165443802
86.28638755842478
86.2431229724795
86.1998433344301
86.15654417810337
86.11322113726412
86.06986994946196
86.02648645978358
85.98306662450834
85.93960651466584
85.89610231949375
85.85255034979518
85.80894704119537
85.76528895729773
85.72157279273794
85.67779537613596
85.63395367294508
85.59004478819661
85.54606596913793
85.50201460776104
85.45788824321873
85.41368456412549
85.36940141074062
85.32503677703112
85.28058881261204
85.2360558245612
85.19143627910482
85.14672880317089
85.10193218580791
85.05704537946649
85.01206750114038
84.96699783336412
84.92183582506463
84.87658109226463
84.8312334186359
84.7857927559002
84.74025922407513
84.69463311156362
84.64891487508491
84.60310513944539
84.55720469714792
84.51121450783857
84.46513569758979
84.41896955802024
84.37271754525015
84.32638127869079
84.2799625396663
84.23346326986625
84.18688556962734
84.14023169604347
84.09350406090293
84.04670522845144
83.99983791298091
83.9529049762438
83.90590942469446
83.85885440655834
83.8117432087311
83.76457925350932
83.71736609515601
83.6701074163041
83.62280702420132
83.5754688468002
83.5280969286985
83.4806954269357
83.43326860665097
83.38582083660894
83.33835658459923
83.29088041271534
83.24339697251837
83.19591100009079
83.1484273109866
83.10095079508407
83.0534864113478
83.0060391825072
82.95861418965778
82.91121656679256
82.86385149527068
82.81652419823051
82.76923993495454
82.72200399519345
82.67482169345708
82.62769836328077
82.58063935147543
82.53365001236936
82.48673570205078
82.43990177261905
82.39315356645345
82.3464964105073
82.29993561063547
82.25347644596188
82.20712416329359
82.16088397158858
82.11476103648366
82.06876047488893
82.02288734965455
81.97714666431526
81.93154335791692
81.88608229992909
81.84076828524647
81.79560602928237
81.75060016315709
81.70575522898426
81.6610756752572
81.61656585233723
81.57223000804541
81.5280722833584
81.4840967082097
81.44030719739729
81.39670754659781
81.35330142848741
81.31009238896903
81.26708384350721
81.2242790735717
81.18168122319119
81.13929329561907
81.09711815011238
81.05515849882536
81.01341690381813
80.97189577418092
80.93059736327442
80.88952376608623
80.84867691670425
80.80805858590784
80.76767037887831
80.72751373303052
80.6875899159676
80.64790002356202
80.608444978167
80.56922552696349
80.5302422404475
80.49149551106294
80.45298555198522
80.4147123960611
80.37667589490994
80.3388757181921
80.30131135304978
80.26398210372568
80.22688709136506
80.19002525400677
80.15339534676801
80.11699594222833
80.08082543101878
80.04488202262215
80.00916374638999
79.97366845278205
79.93839381483204
79.90333732984234
79.86849632131023
79.83386794108642
79.79944917176581
79.76523682930943
79.73122756589592
79.69741787300055
79.6638040846997
79.63038238119785
79.59714879257322
79.56409920273919
79.53122935361674
79.49853484951385
79.4660111617068
79.43365363321871
79.40145748379032
79.3694178150379
79.33752961579265
79.3057877676155
79.27418705048083
79.24272214862222
79.21138765653362
79.18017808511846
79.1490878679787
79.1181113678364
79.08724288307988
79.05647665442578
79.02580687168793
78.99522768064381
78.96473318998895
78.93431747836999
78.90397460148736
78.873698599258
78.8434835030287
78.81332334282925
78.78321215465454
78.75314398776325
78.72311291198119
78.69311302499753
78.66313845964353
78.63318339114326
78.60324204432621
78.57330870079173
78.54337770601572
78.51344347639068
78.48350050619027
78.45354337444965
78.42356675175395
78.39356540692759
78.36353421361642
78.33346815675512
78.30336233891197
78.27321198650239
78.24301245586199
78.21275923916929
78.18244797020796
78.15207442995839
78.1216345520094
78.09112442778022
78.06054031154261
78.0298786252338
77.99913596305171
77.96830909582482
77.93739497514994
77.9063907372911
77.87529370683356
77.844101400087
77.81281152823274
77.78142200021048
77.7499309253408
77.7183366156809
77.68663758811081
77.6548325661486
77.62292048149337
77.59090047529551
77.55877189915398
77.52653431584113
77.49418749975635
77.46173143710953
77.4291663258364
77.39649257524789
77.3637108054169
77.33082184630646
77.29782673664275
77.26472672253615
77.23152325585423
77.1982179923506
77.16481278955408
77.13130970442174
77.09771099076036
77.06401909642014
77.03023666026618
76.99636650893356
76.96241165337145
76.92837528518251
76.89426077276428
76.86007165725894
76.82581164831802
76.79148461968853
76.75709460462659
76.72264579114474
76.68814251709924
76.65358926512343
76.61899065741423
76.58435145037893
76.54967652915005
76.51497090197645
76.48023969449858
76.44548814391536
76.41072159304932
76.37594548431687
76.34116535361105
76.30638682410338
76.27161559997162
76.23685746005948
76.20211825147432
76.16740388312782
76.13272031922408
76.09807357269916
76.06346969861603
76.02891478751782
75.99441495874227
75.95997635370067
75.9256051291252
75.8913074502881
75.8570894841961
75.82295739276289
75.78891732596209
75.7549754149634
75.72113776525477
75.68741044975356
75.65379950190994
75.62031090880613
75.58695060425534
75.55372446190451
75.52063828834527
75.48769781623754
75.4549086974513
75.4222764962325
75.38980668240028
75.35750462458283
75.32537558349999
75.29342470530061
75.2616570149627
75.23007740976472
75.19869065283673
75.16750136680061
75.13651402750874
75.10573295789074
75.07516232191678
75.04480611868668
75.0146681766537
74.98475214799215
74.95506150311725
74.925599525365
74.89636930584017
74.86737373844029
74.83861551506358
74.8100971210081
74.78182083056949
74.7537887028442
74.72600257774504
74.69846407223555
74.67117457679048
74.64413525208876
74.6173470259463
74.59081059049448
74.56452639960993
74.53849466660019
74.51271536214962
74.48718821253011
74.46191269808095
74.4368880519619
74.41211325918381
74.38758705592046
74.36330792910486
74.33927411631272
74.31548360593571
74.2919341376453
74.26862320314719
74.24554804722528
74.22270566907288
74.20009282390801
74.17770602486986
74.15554154519272
74.13359542065321
74.1118634522871
74.09034120937095
74.0690240326639
74.04790703790475
74.02698511955857
74.00625295480764
73.98570500778074
73.96533553401521
73.94513858514547
73.92510801381123
73.90523747877724
73.88552045025718
73.86595021543367
73.84651988416563
73.82722239487391
73.8080505205963
73.78899687520227
73.7700539197577
73.75121396902894
73.73246919811648
73.71381164920768
73.69523323843879
73.67672576285662
73.6582809074709
73.63989025238772
73.62154528001491
73.6032373823304
73.58495786820544
73.56669797077546
73.54844885485176
73.53020162436707
73.5119473298493
73.4936769759168
73.47538152878911
73.45705192380768
73.43867907295993
73.42025387240102
73.40176720996766
73.38320997267846
73.36457305421612
73.34584736238645
73.32702382654935
73.30809340501713
73.28904709241561
73.26987592700328
73.2505709979431
73.2311234525207
73.21152450330248
73.19176543522656
73.17183761261981
73.15173248613416
73.13144159959575
73.11095659676073
73.09026922797136
73.06937135670569
73.04825496601404
73.02691216483572
73.00533519418923
72.98351643322985
72.96144840516774
72.9391237830398
72.91653539532945
72.89367623142823
72.87053944693344
72.84711836877625
72.82340650017545
72.79939752541179
72.7750853144181
72.75046392718082
72.7255276179493
72.70027083924958
72.67468824569971
72.64877469762496
72.6225252644715
72.59593522801697
72.56900008537662
72.54171555180403
72.51407756328547
72.48608227892726
72.45772608313553
72.42900558758811
72.39991763299963
72.37045929068165
72.34062786389973
72.31042088903018
72.27983613651895
72.24887161164509
72.21752555509124
72.1857964433234
72.15368298878144
72.12118413988293
72.0882990808422
72.05502723130729
72.02136824581663
71.98732201307706
71.95288865506421
71.91806852594578
71.88286221082711
71.84727052431793
71.8112945089195
71.77493543323118
71.73819478997547
71.70107429384115
71.66357587914428
71.62570169730765
71.58745411415968
71.54883570705321
71.50984926180517
71.47049776945839
71.43078442286735
71.39071261311067
71.35028592573342
71.30950813682311
71.26838320892311
71.2269152867879
71.185108692985
71.14296792334828
71.10049764228874
71.05770267796963
71.01458801735309
70.97115880112533
70.92742031850626
70.8833780019496
70.83903742173833
70.79440428048018
70.74948440750767
70.7042837531876
70.65880838314511
70.61306447240689
70.56705829946758
70.52079624028362
70.47428476219805
70.42753041779973
70.38053983872008
70.33331972937059
70.28587686062427
70.23821806344516
70.19035022246929
70.1422802695407
70.09401517720526
70.04556195216502
69.99692762869607
69.9481192620335
69.89914392172737
69.85000868497467
69.8007206299328
69.7512868290206
69.70171434221321
69.65201021033708
69.60218144837124
69.55223503876111
69.50217792475125
69.4520170037428
69.40175912068155
69.35141106148266
69.30097954649811
69.25047122403264
69.1998926639149
69.14925035113144
69.0985506795311
69.04779994560673
68.99700434236095
68.94616995326274
68.89530274630116
68.84440856814277
68.79349313839865
68.74256204400766
68.6916207337429
68.64067451284782
68.58972853780838
68.53878781126676
68.48785717708247
68.43694131554551
68.38604473874594
68.3351717861037
68.28432662006136
68.23351322194216
68.18273538797561
68.13199672549294
68.08130064929455
68.03065037819258
67.98004893173183
67.92949912709273
67.87900357618068
67.82856468290694
67.77818464066624
67.72786543001652
67.67760881656645
67.62741634907567
67.5772893577724
67.5272289528917
67.47723602343851
67.42731123617804
67.37745503485584
67.32766763964773
67.27794904683978
67.22829902873761
67.17871713380381
67.12920268702155
67.07975479048142
67.03037232418856
66.98105394708594
66.93179809829033
66.8826029985378
66.83346665183572
66.78438684731842
66.73536116130416
66.68638695955102
66.63746139970957
66.5885814339695
66.53974381189734
66.4909450834631
66.44218160225365
66.39344952887053
66.34474483450971
66.2960633047203
66.24740054333894
66.19875197659566
66.1501128573865
66.10147826970719
66.05284313324184
66.00420220810032
65.95555009969702
65.90688126376365
65.85819001148873
65.80947051477672
65.76071681161973
65.71192281157455
65.66308230133764
65.61418895041136
65.56523631685475
65.51621785311188
65.46712691191154
65.41795675223189
65.3687005453249
65.31935138079469
65.26990227272434
65.22034616584598
65.17067594174974
65.12088442512676
65.07096439004194
65.02090856623109
64.9707096454181
64.92036028764626
64.86985312761853
64.81918078104071
64.76833585096206
64.71731093410763
64.6660986271972
64.61469153324545
64.5630822678382
64.51126346537991
64.45922778530759
64.40696791826561
64.35447659223668
64.30174657862449
64.2487706982829
64.19554182748692
64.14205290384103
64.0882969321201
64.03426699003904
63.97995623394747
63.925357904445725
63.87046533191836
63.81527194198106
63.759771260837
63.703956920538815
63.6478226641525
63.59136235081928
63.534569960710996
63.477439599874515
63.419965504959976
63.36214204782709
63.3039637400239
63.24542523713194
63.18652134297173
63.12724701366267
63.067597361531455
63.007567658864446
62.947153341499416
62.88635001225208
62.82515344417311
62.763559583631604
62.70156455322115
62.639164654485
62.57635637045791
62.51313636802228
62.44950150007667
62.38544880751413
62.320975521007874
62.256079062601536
62.19075704710183
62.12500728327205
62.05882777482474
61.992216721212166
61.92517251821322
61.85769375831568
61.78977923089234
61.72142792216987
61.65263901498968
61.58341188836004
61.51374611679892
61.443641469467586
61.37309790909579
61.302115590699984
61.23069486009602
61.15883625220833
61.086540489177864
61.01380847827174
60.940641309597865
60.867040253628474
60.79300675853703
60.71854244735333
60.64364911494202
60.56832872481026
60.492583405749755
60.41641544831883
60.33982730116962
60.262821567225885
60.18540099971703
60.10756849807408
60.02932710369348
59.95067999557515
59.871630485841116
59.79218201514144
59.71233814795418
59.63210256778601
59.55147907228022
59.470471568237976
59.38908406655893
59.307320677106794
59.2251856035056
59.142683137872815
59.05981765549533
58.97659360945452
58.89301552520684
58.80908799512603
58.72481567301324
58.640203268581075
58.55525554191732
58.469977297934605
58.38437338081283
58.298448668441125
58.21220806686617
58.125656504753664
58.038798927869806
57.95164029358935
57.86418556543637
57.77643970766334
57.68840767987362
57.600094431692725
57.51150489749361
57.42264399118105
57.3335166010398
57.24412758465066
57.154481763878515
57.06458391993632
56.97443878852945
56.88405105508419
56.79342535006489
56.70256624438402
56.61147824490987
56.520165790075815
56.42863324559553
56.336884900287565
56.24492496201233
56.15275755372394
56.06038670963962
55.96781637152931
55.87505038512798
55.78209249667306
55.68894634956918
55.59561548118201
55.502103319762696
55.40841318150457
55.314548267733656
55.220511662234415
55.12630632871243
55.03193510839607
54.937400717778715
54.84270574650289
54.74785265538692
54.65284377459524
54.557681301952826
54.462367301404136
54.3669037016166
54.271292294728546
54.17553473524158
54.07963253905718
53.983587082657216
53.887399602427145
53.791071194121294
53.6946028124699
53.597995270927306
53.501249241560295
53.404365255075625
53.30734370098646
53.21018482791704
53.112888744044604
53.0154554176778
52.91788467797153
52.820176215778076
52.722329584633826
52.62434420188072
52.52621934992135
52.42795417760652
52.32954770175388
52.23099880879596
52.13230625655598
52.03346867614994
51.934484574013425
51.835352334051265
51.73607021990813
51.63663637735874
51.537048836816325
51.43730551595757
51.337404222462105
51.23734265686459
51.13711841551713
51.03672899365932
50.936171788593235
50.83544410296104
50.734543148122945
50.6334660476333
50.532209840812236
50.4307714864098
50.32914786635916
50.2273357896156
50.125331996078266
50.02313316059115
49.92073589701976
49.81813676239976
49.715332261153875
49.6123188493725
49.50909293915349
49.405650902996896
49.30198907824972
49.19810377159551
49.093991263584186
48.98964781319698
48.88506966244164
48.78025304097308
48.6751941707344
48.56988927061268
48.46433456110468
48.35852626898752
48.252460631989415
48.14613390345617
48.03954235700886
47.93268229118829
47.825550034081665
47.71814194792601
47.61045443368224
47.50248393557414
47.39422694558656
47.28568000791726
47.176839723376794
47.06770275373194
46.95826582598787
46.84852573660422
46.738479355640074
46.62812363082296
46.51745559153662
46.406472352722034
46.295171118686454
46.18354918681527
46.07160395118203
45.95933290605208
45.84673364927605
45.73380388556953
45.62054142967551
45.50694420940576
45.39301026855813
45.27873776970702
45.164124996864956
45.049170358013356
44.93387238750054
44.81822974830478
44.70224123415991
44.585905771540716
44.46922242150597
44.35219038139686
44.2348089863897
44.117077710901775
43.9989961698495
43.880564119758354
43.76178145972411
43.64264823222518
43.523164623786066
43.40333096549235
43.28314773335742
43.16261554854147
43.04173517742369
42.92050753152826
42.798933667304496
42.677014785761244
42.554752231955675
42.43214749433709
42.309202203945986
42.1859181334694
42.06229719615318
41.93834144457175
41.81405306925565
41.689434397178175
41.56448789010234
41.43921614279004
41.313621881075626
41.187707959806865
41.06147736065578
40.93493318980217
40.8080786754926
40.68091716547753
40.553452124329404
40.42568713064407
40.29762587412882
40.169272152580454
40.0406298687571
39.91170302714699
39.78249573063744
39.65301217708702
39.523256655804346
39.393233543937015
39.26294730277425
39.13240247396658
39.001603675665365
38.870555598585554
38.73926300199514
38.60773070963501
38.4759636055727
38.34396662999421
38.211744774938154
38.07930307997697
37.94664662784964
37.81378054005017
37.680709972376
37.54744011044061
37.41397616515416
37.28032336817625
37.146486967344906
37.01247222208581
36.87828439880558
36.74392876627291
36.60941059099135
36.474735132567695
36.3399076390797
36.204933342447546
36.06981745381371
35.93456515893571
35.79918161359588
35.663671939032255
35.528041217394886
35.392294487231865
35.25643673900957
35.12047291067152
34.98440788323988
34.84824647646384
34.71199344451908
34.57565347176246
34.43923116854581
34.30273106709269
34.16615761744175
34.02951518346058
33.892808038933744
33.75604036372929
33.61921624004797
33.482339648759286
33.345414465828675
33.208444458839786
33.07143328361554
32.934384480941276
32.797301473393304
32.66018756227584
32.52304592466936
32.385879610593264
32.24869154028562
32.111484501602405
31.974261147538556
31.83702399387309
31.699775416940298
31.562517651529046
31.4252527889125
31.287982775010786
31.150709408688552
31.013434340189004
30.876159069705746
30.738884946093513
30.60161316571881
30.464344771451458
30.327080651797893
30.189821540177
30.052568014339123
29.915320495928587
29.77807925018995
29.640844385818117
29.503615854952432
29.366393453314732
29.229176820491222
29.091965440357928
28.95475864164915
28.817555598668164
28.680355332139257
28.543156710200194
28.405958449534197
28.268759116640425
28.131557129241727
27.99435075782851
27.857138127337276
27.71991721896232
27.58268587209899
27.445441786417103
27.30818252406318
27.17090551198985
27.03360804441045
26.89628728537668
26.75894027147738
26.621563914656498
26.484155005148246
26.34671021452747
26.20922609887325
26.0716991020436
25.934125559059286
25.796501699594447
25.65882365157177
25.521087444860004
25.383289015071657
25.24542420745854
25.107488780902713
24.969478412000228
24.831388699234992
24.69321516723994
24.55495327114275
24.41659840099308
24.27814588626813
24.139591000453148
24.000928965693188
23.862154957512356
23.723264109596666
23.584251518636503
23.445112249224533
23.305841338805116
23.16643380267137
23.02688463900582
22.887188833960458
22.7473413667719
22.60733721490717
22.467171359235653
22.32683878922261
22.18633450813967
22.04565353828774
21.90479092622751
21.76374174801261
21.62250111442056
21.481064176176474
21.339426129164522
21.197582219621992
21.055527749310997
20.91325808066283
20.770768641889973
20.62805493206072
20.48511252613137
20.341937079930982
20.198524335093747
20.05487012393375
19.9109703742569
19.766821114105124
19.62241847642751
19.47775870367318
19.332838152300788
19.187653297199724
19.04220073601821
18.896477193393316
18.750479525078198
18.6042047219616
18.457649913974894
18.31081237388189
18.16368952094719
18.016278924479
17.868578307242505
17.72058554873988
17.572298688353204
17.423715928346738
17.274835636725058
17.125656349943498
16.976176775467707
16.826395794179263
16.676312462624423
16.525926015103394
16.375235865597755
16.2242416095339
16.07294302538055
15.921340076078462
15.769432910300917
15.617221863543486
15.464707459041785
15.311890408516001
15.158771612741043
15.005352161941296
14.85163333600908
14.69761660454622
14.54330362672818
14.388696250990384
14.23379651453647
14.078606642668607
13.92312904794014
13.76736632913111
13.611321270047174
13.45499683814282
13.298396182969897
13.1415226344527
12.984379700991028
12.826971067392734
12.66930059263754
12.51137230747409
12.353190411852507
12.194759272194842
12.036083418505894
11.877167541327207
11.71801648853727
11.558635262001044
11.399029014072024
11.239203043950264
11.07916279389985
10.918913845329493
10.75846191474006
10.597812849542926
10.4369726237532
10.27594733356195
10.114743192791883
9.953366528241025
9.791823774919115
9.630121471181557
9.46826625376588
9.306264852735612
9.14412408633664
8.98185085577108
8.8194521398938
8.656934989836742
8.494306523566188
8.331573920378133
8.168744415337144
8.005825293664165
7.842823885078877
7.679747558102211
7.516603714324664
7.353399782646083
7.190143213492551
7.026841473016009
6.863502037282204
6.700132386452561
6.536739998965545
6.373332345723079
6.2099168842874874
6.046501053094459
5.88309226568743
5.719697904978863
5.556325317543871
5.392981807951576
5.229674633139528
5.066410996836442
4.903198044038429
4.740042855543858
4.57695244255193
4.4139337413299495
4.2509936079542685
4.088138813129781
3.9253760370927924
3.7627118646019886
3.60015278002212
3.437705162504903
3.275375281271541
3.113169291001157
2.951093227329334
2.789153002460807
2.6273544009002014
2.4657030753045626
2.3042045424612687
2.1428641793947554
1.9816872196053024
1.820678749442994
1.659843704619813
1.4991868668626924
1.3387128607101761
1.1784261504551714
1.01833103723611
0.858431656278656
0.698731974289928
0.5392357870070318
0.3799467169015251
0.22086821104126506
0.06200353911091238
-0.09664420840780602
-0.2550721218951457
-0.4132774740909469
-0.5712577214302034
-0.7290105052161835
-0.8865336526308564
-1.0438251775825487
-1.2008832813909183
-1.3577063533094995
-1.51429297088623
-1.6706419001625377
-1.8267520957117291
-1.9826227005175745
-2.1382530456941384
-2.2936426500480582
-2.4487912194846086
-2.6036986462590272
-2.7583650080747275
-2.912790567030202
-3.0669757684165146
-3.2209212393674167
-3.374627787364247
-3.528096398597864
-3.6813282361899637
-3.8343246382762306
-3.9870871159539036
-4.139617351096454
-4.291917194038163
-4.443988661131488
-4.5958339321801605
-4.747455347751066
-4.89885540636803
-5.050036761590714
-5.201002218981929
-5.3517547329667785
-5.502297403587119
-5.652633473154947
-5.802766322808315
-5.95269946897349
-6.102436559737085
-6.251981371131996
-6.401337803341001
-6.550509876821914
-6.699501728358222
-6.8483176070391725
-6.996961870173239
-7.145438979138926
-7.293753495176762
-7.441910075126369
-7.589913467112436
-7.73776850618344
-7.885480109906927
-8.03305327392511
-8.180493067474487
-8.327804628873189
-8.474993160979807
-8.622063926627419
-8.769022244036586
-8.915873482211007
-9.062623056319469
-9.209276423067767
-9.355839076064239
-9.502316541182626
-9.648714371926022
-9.795038144795575
-9.94129345466755
-10.087485910182385
-10.233621129149391
-10.379704733970748
-10.525742347088418
-10.671739586457399
-10.817702061048786
-10.963635366385981
-11.109545080117266
-11.255436757627942
-11.401315927695148
-11.54718808818846
-11.693058701819236
-11.838933191941505
-11.984816938407219
-12.130715273478499
-12.27663347779942
-12.422576776429807
-12.568550334943353
-12.714559255592334
-12.860608573541114
-13.006703253170501
-13.152848184454898
-13.29904817941406
-13.445307968641249
-13.591632197909579
-13.738025424858424
-13.884492115761748
-14.03103664238005
-14.177663278897603
-14.324376198946501
-14.471179472718864
-14.618077064168496
-14.765072828303168
-14.912170508568643
-15.059373734325312
-15.206686018418234
-15.354110754841239
-15.501651216495796
-15.649310553045106
-15.797091788864005
-15.944997821085163
-16.09303141774212
-16.241195216009427
-16.38949172054009
-16.537923301900587
-16.686492195103526
-16.835200498238052
-16.98405017119792
-17.13304303450701
-17.282180768242227
-17.43146491105378
-17.580896859282632
-17.730477866174695
-17.880209041191353
-18.030091349415773
-18.180125611054496
-18.330312501033863
-18.480652548690816
-18.631146137557497
-18.78179350523894
-18.932594743383167
-19.083549797742826
-19.234658468327446
-19.385920409645315
-19.537335131034276
-19.6889019970806
-19.84062022812507
-19.99248890085517
-20.14450694898239
-20.296673164003618
-20.44898619604545
-20.601444554790174
-20.754046610482458
-20.906790595015604
-21.059674603096322
-21.212696593487077
-21.365854390324966
-21.519145684516175
-21.67256803520506
-21.82611887131678
-21.979795493172546
-22.133595074176426
-22.287514662572548
-22.441551183271585
-22.59570143974524
-22.749962115987174
-22.904329778538756
-23.058800878578086
-23.213371754070682
-23.368038631980017
-23.52279763053598
-23.677644761559538
-23.83257593284198
-23.987586950577185
-24.14267352184546
-24.297831257147543
-24.453055672987624
-24.60834219450438
-24.76368615814919
-24.919082814410608
-25.074527330584225
-25.230014793587053
-25.385540212815695
-25.541098523047363
-25.69668458738263
-25.85229320022864
-26.007919090321476
-26.163556923786356
-26.319201307234206
-26.474846790893192
-26.630487871773706
-26.786118996865127
-26.94173456636264
-27.09732893692228
-27.25289642494218
-27.40843130986792
-27.563927837519913
-27.719380223440652
-27.874782656259953
-28.030129301076048
-28.185414302850635
-28.340631789815806
-28.49577587689095
-28.6508406691076
-28.805820265040044
-28.960708760239445
-29.115500250668905
-29.27018883613687
-29.42476862372613
-29.579233731215602
-29.733578290492126
-29.887796450949487
-30.04188238287191
-30.195830280799306
-30.34963436687159
-30.503288894149286
-30.656788149907676
-30.810126458902015
-30.963298186601104
-31.116297742386575
-31.269119582715415
-31.42175821424338
-31.574208196906863
-31.726464146960932
-31.87852073997136
-32.030372713758695
-32.182014871292395
-32.33344208353297
-32.484649292219885
-32.63563151260267
-32.78638383611265
-32.93690143297199
-33.08717955473686
-33.23721353677156
-33.38699880065117
-33.53653085649053
-33.685805305197235
-33.83481784064621
-33.98356425177336
-34.13204042458618
-34.28024234408934
-34.42816609612344
-34.575807869115685
-34.72316395574125
-34.870230754494564
-35.0170047711702
-35.1634826202534
-35.3096610262207
-35.45553682475107
-35.60110696384785
-35.746368504871974
-35.89131862348696
-36.035954610515965
-36.180273872711005
-36.32427393343411
-36.46795243325041
-36.61130713043314
-36.75433590138078
-36.89703674094698
-37.03940776268404
-37.18144719900113
-37.323153401238756
-37.46452483966084
-37.60556010336521
-37.746257900113534
-37.886617056081576
-38.02663651553044
-38.16631534040002
-38.305652709826035
-38.44464791958197
-38.583300381447
-38.721609622501234
-38.85957528434918
-38.997197122272524
-39.13447500431269
-39.27140891028316
-39.40799893071173
-39.54424526571293
-39.68014822379078
-39.81570822057259
-39.95092577747452
-40.085801520300016
-40.22033617777206
-40.35453058000028
-40.4883856568844
-40.62190243645566
-40.755082043157735
-40.88792569606816
-41.020434707061476
-41.15261047891526
-41.2844545033602
-41.415968359075556
-41.54715370963127
-41.678012301378295
-41.808545961288395
-41.93875659474444
-42.06864618328243
-42.19821678228627
-42.327470518636666
-42.456409588315445
-42.5850362539666
-42.713352842415055
-42.84136174214477
-42.96906540073773
-43.09646632227553
-43.22356706470485
-43.350370237168576
-43.47687849730379
-43.60309454850811
-43.729021137175764
-43.85466104990478
-43.98001711067745
-44.105092178015795
-44.22988914211423
-44.354410921951896
-44.478660462386514
-44.602640731231915
-44.72635471632178
-44.849805422562596
-44.97299586897928
-45.09592908575654
-45.21860811127907
-45.3410359891739
-45.4632157653575
-45.58515048509001
-45.70684319003901
-45.82829691535482
-45.949514686759464
-46.070499517651676
-46.19125440622968
-46.31178233263318
-46.43208625610651
-46.552169112185474
-46.672033809910765
-46.79168322907139
-46.91112021748159
-47.03034758829448
-47.149368117355316
-47.26818454059741
-47.38679955148421
-47.505215798501006
-47.62343588269987
-47.7414623553011
-47.85929771535421
-47.97694440746107
-48.0944048195634
-48.21168128079653
-48.32877605941058
-48.445691360760115
-48.56242932536332
-48.678992027032045
-48.79538147107467
-48.911599592573566
-49.027648254738665
-49.14352924733839
-49.25924428520898
-49.37479500684327
-49.49018297306026
-49.605409665756156
-49.720476486737766
-49.835384756638916
-49.950135713920815
-50.06473051395693
-50.17917022820268
-50.29345584345049
-50.40758826117104
-50.52156829694155
-50.63539667996167
-50.74907405265759
-50.86260097037405
-50.975977901153954
-51.08920522560544
-51.202283236855635
-51.315212140589836
-51.42799205517446
-51.54062301186207
-51.653104955076344
-51.76543774277508
-51.87762114688974
-51.98965485384002
-52.10153846512146
-52.213271497964634
-52.3248533860645
-52.436283480378286
-52.54756104999087
-52.658685283046346
-52.76965528774469
-52.8804700934025
-52.991128651576624
-53.10162983724923
-53.21197245007313
-53.32215521567645
-53.432176787025476
-53.54203574584421
-53.65173060408967
-53.76125980548142
-53.870621727084036
-53.97981468094077
-54.088836915757334
-54.19768661863487
-54.30636191685108
-54.41486087968821
-54.52318152030637
-54.63132179766047
-54.739279618458916
-54.84705283916231
-54.95463926801961
-55.0620366671397
-55.169242754595885
-55.27625520656149
-55.38307165947488
-55.48968971223276
-55.596106928410634
-55.702320838509095
-55.808328942224094
-55.91412871073955
-56.01971758904109
-56.125092998249514
-56.230252337972345
-56.335192988672205
-56.43991231405029
-56.54440766344358
-56.6486763742342
-56.75271577426982
-56.856523184293806
-56.96009592038406
-57.063431296399486
-57.166526626433054
-57.26937922727019
-57.37198642085157
-57.474345536740046
-57.576453914591596
-57.67830890662954
-57.7799078801212
-57.881248219856005
-57.98232733062356
-58.083142639690166
-58.1836915992716
-58.2839716889995
-58.38398041837776
-58.483715329225014
-58.58317399809962
-58.68235403870286
-58.781253104255335
-58.879868889840985
-58.978199134713826
-59.07624162456235
-59.17399419372705
-59.27145472736665
-59.368621163569195
-59.46549149540393
-59.5620637729107
-59.65833610502332
-59.75430666142429
-59.84997367432836
-59.94533544019284
-60.04039032135264
-60.135136747577825
-60.229573217551284
-60.3236983002645
-60.41751063632969
-60.51100893920627
-60.604191996339885
-60.697058670212094
-60.78960789929945
-60.88183869894092
-60.973750162112786
-61.06534146010997
-61.15661184313304
-61.2475606407801
-61.338187262442965
-61.42849119760731
-61.518472016056954
-61.608129367982905
-61.697462983998115
-61.786472675059166
-61.875158332295904
-61.963519926750244
-62.05155750902551
-62.13927120884758
-62.2266612345389
-62.31372787240624
-62.40047148604307
-62.48689251554699
-62.57299147665329
-62.6587689597853
-62.74422562902205
-62.82936222098348
-62.91417954363314
-62.99867847499891
-63.082859961812204
-63.16672501806667
-63.25027472349714
-63.33351022197999
-63.41643271985615
-63.49904348417809
-63.581343840882454
-63.66333517288959
-63.74501891813159
-63.8263965675105
-63.90746966278792
-63.98823979440786
-64.06870859925428
-64.14887775834475
-64.22874899446245
-64.30832406972885
-64.38760478311937
-64.46659296792413
-64.54529048915626
-64.62369924090959
-64.70182114366813
-64.7796581415706
-64.85721219963264
-64.93448530092982
-65.01147944374353
-65.08819663867277
-65.16463890571484
-65.2408082713176
-65.31670676540617
-65.39233641838669
-65.46769925813103
-65.54279730694557
-65.61763257852809
-65.69220707491652
-65.76652278343354
-65.84058167363062
-65.914385694235
-65.9879367701026
-66.06123679918008
-66.13428764947903
-66.20709115606715
-66.2796491180807
-66.35196329576345
-66.42403540753756
-66.4958671271119
-66.56746008063422
-66.63881584389301
-66.7099359395742
-66.780821834578
-66.85147493740104
-66.9218965955886
-66.99208809326288
-67.0620506487318
-67.13178541218375
-67.20129346347281
-67.27057580999931
-67.33963338469007
-67.40846704408366
-67.47707756652667
-67.54546565048636
-67.61363191298429
-67.68157688815452
-67.74930102593035
-67.81680469086362
-67.8840881610802
-67.95115162737412
-68.01799519244278
-68.08461887026559
-68.15102258562811
-68.21720617379393
-68.28316938032472
-68.34891186104895
-68.41443318217821
-68.4797328205706
-68.54481016413891
-68.60966451240259
-68.6742950771816
-68.73870098343062
-68.80288127021211
-68.86683489180601
-68.93056071895379
-68.99405754023351
-69.05732406356222
-69.1203589178215
-69.18316065460218
-69.24572775006303
-69.3080586068983
-69.37015155640805
-69.4320048606659
-69.49361671477882
-69.55498524923249
-69.61610853231664
-69.676984572625
-69.73761132162386
-69.79798667628339
-69.8581084817653
-69.91797453416089
-69.97758258327363
-70.03693033544133
-70.09601545639319
-70.15483557413691
-70.21338828187132
-70.27167114091961
-70.32968168367805
-70.38741741657455
-70.4448758230316
-70.50205436642867
-70.55895049305948
-70.61556163507922
-70.67188521343738
-70.72791864079275
-70.78365932440661
-70.83910466901071
-70.89425207964601
-70.94909896446748
-71.00364273751055
-71.05788082141501
-71.11181065010183
-71.16542967139847
-71.21873534960937
-71.27172516802855
-71.32439663139192
-71.37674726826711
-71.42877463337837
-71.48047630986426
-71.53184991146557
-71.58289308464092
-71.6336035106074
-71.68397890730492
-71.73401703128289
-71.78371567950867
-71.8330726910971
-71.88208594896108
-71.93075338138388
-71.97907296351278
-72.02704271877374
-72.07466072020694
-72.12192509172283
-72.16883400927853
-72.21538570197438
-72.26157845307117
-72.3074106009282
-72.35288053986281
-72.39798672093187
-72.44272765263636
-72.48710190155057
-72.53110809287696
-72.57474491092799
-72.61801109953629
-72.6609054623946
-72.70342686332643
-72.74557422648937
-72.78734653651296
-72.82874283857282
-72.86976223840239
-72.91040390224353
-72.95066705673779
-72.9905509887598
-73.03005504519493
-73.06917863266315
-73.1079212171899
-73.14628232382509
-73.18426153621161
-73.22185849610403
-73.25907290283831
-73.29590451275342
-73.33235313856588
-73.3684186486984
-73.40410096656436
-73.43940006980975
-73.47431598951496
-73.50884880935862
-73.54299866474642
-73.5767657419074
-73.61015027696024
-73.64315255495197
-73.67577290887132
-73.70801171863971
-73.739869410083
-73.77134645388779
-73.8024433645451
-73.83316069928495
-73.8634990570055
-73.89345907720033
-73.92304143888717
-73.9522468595408
-73.98107609403317
-74.0095299335832
-74.03760920471805
-74.06531476824742
-74.09264751825074
-74.11960838107692
-74.14619831435542
-74.17241830601793
-74.1982693733294
-74.22375256192689
-74.2488689448642
-74.27361962165995
-74.29800571734657
-74.32202838151673
-74.3456887873638
-74.36898813071267
-74.39192762903716
-74.41450852046083
-74.43673206273857
-74.45859953221716
-74.48011222277356
-74.50127144472961
-74.52207852374218
-74.54253479966795
-74.56264162540302
-74.58240036569785
-74.60181239594752
-74.62087910095718
-74.63960187368289
-74.65798211394761
-74.67602122713222
-74.6937206228412
-74.71108171354231
-74.72810591318094
-74.74479463576941
-74.76114929395285
-74.777171297553
-74.79286205209158
-74.80822295729516
-74.82325540558364
-74.83796078054459
-74.85234045539553
-74.86639579143687
-74.8801281364986
-74.89353882338403
-74.90662916831494
-74.91940046938251
-74.93185400500855
-74.943991032421
-74.95581278614841
-74.96732047653816
-74.97851528830293
-74.98939837909975
-74.99997087814623
-75.01023388487764
-75.02018846764864
-75.02983566248352
-75.03917647187885
-75.04821186366283
-75.05694276991531
-75.06537008595288
-75.07349466938368
-75.08131733923634
-75.0888388751678
-75.09606001675493
-75.1029814628744
-75.1096038711743
-75.1159278576412
-75.12195399626572
-75.12768281881043
-75.13311481468284
-75.13825043091643
-75.14309007226237
-75.14763410139474
-75.15188283923126
-75.15583656537049
-75.1594955186462
-75.162859897799
-75.16592986226547
-75.16870553308425
-75.17118699391781
-75.1733742921879
-75.17526744032196
-75.17686641710762
-75.17817116915218
-75.17918161244326
-75.17989763400602
-75.18031909365199
-75.18044582581457
-75.1802776414661
-75.17981433011086
-75.17905566184892
-75.17800138950544
-75.17665125081943
-75.17500497068683
-75.1730622634516
-75.17082283523759
-75.16828638631365
-75.16545261348416
-75.16232121249665
-75.15889188045868
-75.15516431825553
-75.15113823295987
-75.14681334022522
-75.14218936665488
-75.13726605213948
-75.13204315215695
-75.12652044002859
-75.12069770912525
-75.11457477501757
-75.10815147756445
-75.10142768293578
-75.09440328556549
-75.08707821003146
-75.0794524128594
-75.07152588424778
-75.06329864971214
-75.05477077164757
-75.04594235080869
-75.03681352770674
-75.0273844839236
-75.01765544334229
-75.00762667329413
-74.99729848562278
-74.98667123766599
-74.9757453331563
-74.96452122304198
-74.95299940622944
-74.94118043024834
-74.92906489184055
-74.91665343747333
-74.90394676377731
-74.89094561791002
-74.87765079784516
-74.86406315258832
-74.8501835823197
-74.8360130384656
-74.8215525236999
-74.80680309187791
-74.79176584790447
-74.7764419475392
-74.7608325971404
-74.74493905334988
-74.72876262272065
-74.71230466129033
-74.69556657410239
-74.6785498146768
-74.66125588443198
-74.6436863320596
-74.62584275285396
-74.60772678799698
-74.58934012379952
-74.57068449089981
-74.55176166342041
-74.5325734580846
-74.51312173329315
-74.49340838816171
-74.47343536151892
-74.4532046308657
-74.4327182112968
-74.4119781543857
-74.39098654703402
-74.36974551028688
-74.34825719811569
-74.32652379617032
-74.30454752050271
-74.28233061626368
-74.25987535637485
-74.23718404017752
-74.2142589920605
-74.19110256006861
-74.1677171144939
-74.14410504645089
-74.12026876643797
-74.09621070288604
-74.0719333006959
-74.04743901976549
-74.02273033350737
-73.99780972735728
-73.9726796972745
-73.9473427482347
-73.92180139271643
-73.89605814918237
-73.87011554055671
-73.84397609269998
-73.81764233288216
-73.79111678825548
-73.76440198432779
-73.73750044343836
-73.71041468323796
-73.6831472151751
-73.65570054299127
-73.62807716122762
-73.60027955374545
-73.57231019226305
-73.54417153491141
-73.51586602481149
-73.48739608867533
-73.45876413543391
-73.42997255489382
-73.40102371642598
-73.37191996768973
-73.34266363339606
-73.31325701411293
-73.28370238511599
-73.25400199528718
-73.22415806606404
-73.19417279044097
-73.16404833202438
-73.13378682414299
-73.10339036901559
-73.07286103697794
-73.0422008657709
-73.01141185989076
-72.98049599000257
-72.94945519241571
-72.91829136862088
-72.88700638488797
-72.85560207192361
-72.82408022458674
-72.7924426016607
-72.76069092568048
-72.72882688281243
-72.69685212278398
-72.66476825886116
-72.63257686787097
-72.60027949026505
-72.56787763022123
-72.53537275578026
-72.50276629901498
-72.47005965622895
-72.43725418818167
-72.40435122033784
-72.37135204313813
-72.33825791228901
-72.30507004906951
-72.27178964065263
-72.23841784043884
-72.20495576839892
-72.17140451142393
-72.13776512368077
-72.10403862697194
-72.07022601109838
-72.03632823422424
-72.00234622324342
-71.96828087414781
-71.93413305239756
-71.89990359329363
-71.86559330235218
-71.83120295568028
-71.79673330035337
-71.76218505479505
-71.72755890916073
-71.69285552572615
-71.65807553928289
-71.62321955754294
-71.58828816155426
-71.55328190612943
-71.51820132028956
-71.48304690772648
-71.44781914728549
-71.412518493471
-71.37714537697661
-71.34170020524107
-71.30618336303013
-71.2705952130446
-71.23493609655435
-71.1992063340578
-71.1634062259663
-71.12753605331164
-71.09159607847545
-71.0555865459375
-71.01950768303988
-70.98335970076283
-70.94714279450915
-70.91085714489344
-70.87450291853287
-70.8380802688352
-70.80158933678086
-70.7650302516966
-70.72840313201897
-70.69170808604582
-70.65494521267391
-70.61811460212067
-70.58121633662876
-70.54425049115201
-70.50721713402169
-70.47011632759103
-70.43294812885716
-70.39571259005952
-70.35840975925389
-70.32103968086089
-70.28360239618864
-70.24609794392943
-70.20852636063084
-70.17088768114199
-70.13318193903608
-70.09540916701046
-70.05756939726591
-70.01966266186757
-69.98168899309046
-69.94364842375244
-69.90554098753755
-69.86736671931287
-69.82912565544159
-69.79081783409474
-69.75244329556408
-69.71400208257789
-69.67549424062172
-69.63691981826598
-69.59827886750308
-69.55957144409619
-69.52079760794201
-69.48195742344949
-69.44305095993631
-69.4040782920445
-69.36503950017497
-69.32593467094101
-69.2867638976404
-69.24752728074508
-69.20822492840794
-69.16885695698578
-69.12942349157787
-69.08992466657934
-69.05036062624866
-69.01073152528964
-68.97103752944803
-68.93127881612291
-68.89145557499181
-68.85156800864853
-68.81161633325301
-68.77160077919198
-68.73152159174889
-68.69137903178124
-68.6511733764031
-68.61090491967023
-68.5705739732657
-68.5301808671828
-68.48972595040333
-68.44920959156796
-68.40863217963691
-68.36799412453841
-68.32729585780338
-68.28653783318383
-68.24572052725351
-68.20484443998917
-68.16391009533116
-68.1229180417216
-68.08186885261874
-68.04076312698588
-67.99960148975366
-67.95838459225364
-67.9171131126211
-67.87578775616417
-67.83440925569742
-67.7929783718382
-67.75149589326394
-67.7099626369296
-67.66837944824532
-67.62674720121377
-67.58506679852779
-67.54333917162795
-67.50156528072056
-67.45974611475582
-67.41788269136508
-67.37597605675579
-67.33402728556324
-67.2920374806581
-67.25000777290857
-67.20793932089644
-67.16583331058676
-67.12369095495124
-67.08151349354482
-67.03930219203498
-66.99705834168383
-66.95478325878302
-66.91247828404225
-66.87014478193252
-66.82778413998567
-66.78539776805091
-66.7429870975099
-66.70055358045049
-66.65809868880028
-66.61562391342152
-66.57313076316954
-66.53062076391693
-66.48809545754607
-66.44555640091373
-66.40300516479037
-66.36044333277668
-66.3178725001997
-66.2752942729907
-66.23271026654679
-66.19012210457633
-66.14753141792862
-66.10493984340796
-66.06234902257316
-66.01976060052303
-65.97717622466908
-65.93459754349672
-65.89202620531628
-65.84946385700474
-65.8069121427391
-65.76437270272291
-65.72184717190672
-65.67933717870349
-65.63684434370046
-65.59437027836876
-65.55191658377228
-65.50948484927747
-65.46707665126499
-65.4246935518436
-65.38233709756653
-65.34000881815021
-65.29771022519552
-65.25544281091183
-65.21320804684453
-65.17100738260618
-65.12884224461149
-65.08671403481597
-65.04462412945864
-65.00257387780934
-64.9605646009214
-64.9185975903915
-64.87667410712865
-64.83479538013475
-64.79296260529898
-64.7511769442082
-64.70943952297566
-64.66775143109047
-64.62611372029087
-64.58452740346493
-64.54299345358149
-64.50151280265473
-64.46008634074602
-64.41871491500646
-64.37739932876323
-64.33614034065258
-64.29493866380292
-64.25379496507097
-64.21270986433339
-64.17168393383693
-64.13071769760998
-64.08981163093878
-64.04896615991063
-64.00818166102633
-63.967458460883364
-63.9267968359309
-63.8861970122978
-63.84565916569497
-63.805183421392286
-63.76476985426953
-63.724418488939904
-63.68412929994449
-63.64390221201475
-63.60373710040082
-63.56363379126353
-63.52359206212819
-63.48361164239762
-63.44369221392188
-63.40383341162229
-63.36403482416776
-63.3242959947016
-63.284616421616676
-63.24499555937669
-63.20543281938174
-63.16592757087605
-63.126479141896056
-63.0870868202575
-63.047749854580246
-63.00846745534952
-62.96923879601209
-62.93006301410557
-62.89093921241815
-62.85186646017641
-62.81284379425884
-62.77387022043317
-62.734944714616034
-62.696066224153775
-62.657233669123194
-62.61844594365143
-62.57970191725385
-62.54100043618873
-62.50234032482708
-62.4637203870358
-62.425139407572225
-62.38659615348788
-62.34808937553955
-62.30961780960606
-62.2711801781094
-62.23277519143945
-62.1944015493818
-62.156057942548124
-62.11774305380887
-62.079455559728125
-62.04119413200086
-62.00295743889321
-61.9647441466856
-61.926552921118876
-61.88838242884392
-61.850231338874686
-61.812098324045074
-61.77398206246979
-61.73588123900961
-61.69779454674076
-61.65972068842799
-61.62165837800048
-61.58360634202952
-61.54556332120668
-61.50752807182115
-61.46949936723379
-61.431475999345956
-61.39345678006085
-61.35544054273506
-61.31742614361783
-61.27941246327551
-61.24139840799844
-61.20338291118767
-61.16536493471917
-61.12734347028324
-61.08931754069723
-61.05128620118975
-61.01324854065492
-60.97520368287555
-60.93715078771415
-60.89908905227096
-60.861017712007786
-60.82293604183641
-60.78484335717004
-60.7467390149367
-60.70862241455276
-60.670492998855046
-60.63235025499042
-60.59419371526095
-60.55602295792337
-60.51783760794162
-60.47963733769145
-60.44142186761578
-60.403190966829605
-60.36494445367284
-60.326682196210264
-60.28840411267756
-60.25011017187264
-60.21180039349181
-60.17347484841067
-60.13513365890994
-60.096776998846074
-60.058405093766865
-60.02001822097232
-59.98161670952085
-59.943200940181114
-59.90477134532922
-59.86632840879106
-59.82787266562924
-59.78940470187395
-59.750925154196594
-59.712434709525226
-59.67393410460086
-59.63542412547419
-59.596905606942144
-59.55837943192411
-59.519846530777514
-59.48130788055285
-59.44276450418836
-59.40421746964462
-59.365667888979104
-59.32711691736132
-59.28856575202941
-59.25001563118947
-59.211467832859356
-59.17292367365913
-59.13438450755014
-59.09585172452496
-59.05732674925078
-59.018811039669245
-58.980306085555995
-58.94181340704314
-58.90333455310777
-58.86487110002919
-58.826424649817696
-58.78799682861701
-58.74958928508279
-58.71120368873905
-58.67284172831451
-58.63450511006086
-58.596195556054184
-58.55791480248145
-58.5196645979138
-58.481446701569226
-58.44326288156647
-58.405114913171715
-58.36700457703945
-58.32893365744913
-58.290903940539025
-58.252917212538264
-58.21497525799772
-58.17707985802089
-58.13923278849542
-58.10143581832598
-58.06369070766904
-58.025999206170425
-57.98836305120672
-57.950783966131
-57.91326365852371
-57.875803818449306
-57.838406116719746
-57.801072203166264
-57.7638037049207
-57.72660222470825
-57.68946933915368
-57.65240659710282
-57.61541551796143
-57.578497590053765
-57.541654269002784
-57.50488697613327
-57.46819709689817
-57.431585979328595
-57.39505493250807
-57.358605225071706
-57.32223808373107
-57.28595469182529
-57.249756187899386
-57.21364366431079
-57.17761816586478
-57.14168068847989
-57.105832177884174
-57.070073528343364
-57.03440558142177
-56.998829124777224
-56.963344890991955
-56.92795355644137
-56.892655740203004
-56.8574520030079
-56.82234284623696
-56.78732871096481
-56.752409977053794
-56.71758696230058
-56.68285992163795
-56.64822904639448
-56.61369446361443
-56.57925623543981
-56.54491435855693
-56.51066876370931
-56.476519315278786
-56.442465810936206
-56.408507981362966
-56.374645490043925
-56.34087793313177
-56.3072048393824
-56.27362567016065
-56.240139819515726
-56.206746614325716
-56.17344531451017
-56.140235113310105
-56.10711513763483
-56.074084448475
-56.0411420413808
-56.00828684700418
-55.97551773170404
-55.94283349821348
-55.91023288636797
-55.87771457389312
-55.845277177250864
-55.81291925254243
-55.780639296466916
-55.748435747334156
-55.716306986130974
-55.68425133763998
-55.65226707161048
-55.62035240398086
-55.588505498151676
-55.55672446630916
-55.52500737079879
-55.49335222554856
-55.461756997542125
-55.43021960834136
-55.39873793565778
-55.367309814972145
-55.33593304120171
-55.30460537041466
-55.273324521591576
-55.24208817843339
-55.210893991214846
-55.17973957868196
-55.14862252999154
-55.11754040669052
-55.086490744732714
-55.05547105653039
-55.02447883303847
-54.99351154586935
-54.962566649437065
-54.93164158312959
-54.90073377350819
-54.86984063653239
-54.8389595798086
-54.80808800486108
-54.777223309423164
-54.74636288974688
-54.71550414292835
-54.684644469246734
-54.653781274514074
-54.622911972434224
-54.59203398696849
-54.56114475470571
-54.5302417272344
-54.49932237351436
-54.468384182245245
-54.43742466422958
-54.40644135472769
-54.37543181580162
-54.34439363864527
-54.31332444589793
-54.28222189393841
-54.251083675156906
-54.21990752020167
-54.18869120019815
-54.15743252893827
-54.12612936503842
-54.094779614064464
-54.06338123062221
-54.031932220411534
-54.00043064224269
-53.96887461001336
-53.93726229464511
-53.905591925978
-53.87386179462186
-53.84207025376287
-53.81021572092402
-53.77829667967791
-53.74631168131009
-53.714259346431334
-53.68213836653791
-53.64994750551858
-53.61768560110647
-53.58535156627431
-53.552944390571724
-53.52046314140306
-53.48790696524457
-53.455275088799105
-53.42256682008672
-53.389781549469255
-53.3569187506074
-53.32397798134826
-53.29095888454116
-53.25786118877942
-53.22468470906522
-53.191429347395335
-53.15809509326561
-53.124682024092344
-53.09119030554921
-53.05762019181832
-53.023972025754226
-52.99024623895945
-52.95644335177024
-52.922563973151675
-52.88860880050151
-52.85457861936225
-52.82047430304117
-52.78629681213794
-52.75204719397936
-52.71772658196084
-52.683336194793974
-52.64887733565927
-52.61435139126336
-52.57975983080018
-52.54510420481551
-52.51038614397435
-52.475607357731
-52.44076963290188
-52.40587483214045
-52.37092489231389
-52.33592182278192
-52.300867703577914
-52.26576468349253
-52.23061497806059
-52.19542086745195
-52.160184694267166
-52.12490886123958
-52.089595828845795
-52.05424811282739
-52.0188682816269
-51.98345895374131
-51.94802279499606
-51.912562515742756
-51.877080867984084
-51.84158064242927
-51.80606466548357
-51.770535796175174
-51.73499692302316
-51.69945096085034
-51.663900847545094
-51.62834954077594
-51.5928000146627
-51.55725525640797
-51.521718262892975
-51.48619203724154
-51.45067958535593
-51.41518391242879
-51.37970801943531
-51.344254899609936
-51.308827534911515
-51.27342889248125
-51.23806192109741
-51.202729547631165
-51.16743467350766
-51.13218017117656
-51.09696888059641
-51.061803605737495
-51.02668711110748
-50.99162211830411
-50.956611302599626
-50.92165728956125
-50.8867626517122
-50.851929905236986
-50.81716150673496
-50.78245985002614
-50.74782726301309
-50.713266004602346
-50.678778261688635
-50.64436614620517
-50.61003169224311
-50.575776853243426
-50.54160349926438
-50.507513414328045
-50.47350829384929
-50.439589742151426
-50.405759270072494
-50.37201829266597
-50.338368126999214
-50.3048099900531
-50.27134499672654
-50.23797415794944
-50.204698378907196
-50.17151845737912
-50.13843508219303
-50.105448831798284
-50.07256017295997
-50.03976945957656
-50.00707693162387
-49.97448271422739
-49.94198681686582
-49.90958913270815
-49.87728943808694
-49.845087392109896
-49.812982536411006
-49.780974295042576
-49.74906197450927
-49.71724476394488
-49.68552173543234
-49.65389184446682
-49.62235393056191
-49.590906717997804
-49.55954881671031
-49.52827872331935
-49.497094822295516
-49.4659953872629
-49.434978582436635
-49.4040424641934
-49.37318498277384
-49.34240398411513
-49.31169721181167
-49.28106230920256
-49.25049682158383
-49.21999819854327
-49.189563796414895
-49.15919088084937
-49.128876629496666
-49.09861813479714
-49.06841240687735
-49.03825637654618
-49.00814689838692
-48.97808075394082
-48.94805465497766
-48.91806524684822
-48.88810911191403
-48.85818277304984
-48.82828269721515
-48.79840529909101
-48.76854694477854
-48.73870395555546
-48.70887261168699
-48.679049156287796
-48.649229799230945
-48.619410721100714
-48.589588077186
-48.559758001511604
-48.52991661090446
-48.50006000909193
-48.47018429082946
-48.44028554605482
-48.41035986406664
-48.380403337724864
-48.3504120676706
-48.32038216656273
-48.290309763328516
-48.26019100742557
-48.230022073112515
-48.19979916372504
-48.16951851595386
-48.13917640412084
-48.10876914444962
-48.078293099326665
-48.047744681548785
-48.01712035855284
-47.98641665662334
-47.955630165072854
-47.924757540389784
-47.89379551034765
-47.86274087806985
-47.8315905260441
-47.80034142008041
-47.768990613206405
-47.737535249494364
-47.70597256781415
-47.67429990550634
-47.64251470196988
-47.610614502159116
-47.57859695998466
-47.54645984161281
-47.514201028658
-47.48181852126263
-47.44931044105889
-47.416675034007405
-47.38391067310855
-47.351015860982706
-47.31798923231597
-47.28482955616838
-47.251535738141435
-47.21810682240269
-47.18454199356526
-47.150840578420485
-47.11700204752216
-47.083026016621176
-47.04891224794957
-47.014660651353296
-46.98027128527278
-46.94574435757099
-46.911080226208554
-46.87627939976571
-46.84134253781062
-46.80627045111348
-46.77106410170566
-46.73572460278356
-46.700253218456766
-46.66465136334088
-46.628920601995134
-46.59306264820495
-46.55707936410991
-46.52097275917711
-46.484744989019674
-46.44839835406023
-46.41193529803954
-46.375358406370395
-46.33867040433748
-46.30187415514368
-46.26497265780384
-46.22796904488675
-46.190866580106814
-46.15366865576638
-46.11637879004999
-46.07900062417221
-46.04153791938111
-46.00399455381975
-45.96637451924809
-45.92868191762781
-45.890920957573115
-45.85309595067096
-45.81521130767416
-45.7772715345711
-45.739281228536214
-45.70124507376582
-45.66316783720433
-45.62505436416589
-45.58690957385667
-45.54873845480361
-45.51054606019571
-45.472337503143564
-45.4341179518635
-45.39589262479265
-45.3576667856415
-45.31944573839027
-45.28123482223552
-45.243039406492954
-45.20486488546331
-45.16671667326747
-45.128600198657495
-45.090520899810116
-45.05248421910923
-45.01449559792272
-44.97656047137863
-44.938684263145916
-44.90087238022468
-44.86313020775131
-44.82546310382375
-44.78787639435265
-44.750375367943974
-44.71296527081856
-44.67565130177397
-44.63843860719376
-44.601332276109495
-44.56433733532085
-44.52745874457931
-44.490701391840865
-44.45407008859305
-44.41756956526134
-44.38120446669969
-44.34497934776973
-44.30889866901307
-44.27296679242087
-44.23718797730455
-44.201566376271465
-44.16610603130945
-44.130810869984565
-44.095684701755964
-44.060731214411724
-44.025953970629836
-43.99135640466843
-43.95694181918898
-43.92271338221561
-43.88867412423328
-43.85482693542698
-43.82117456306431
-43.78771960902426
-43.754464527474646
-43.721411622701076
-43.688563047090064
-43.65592079926872
-43.62348672240292
-43.59126250265549
-43.55924966780551
-43.527449586029626
-43.49586346484559
-43.464492350218755
-43.43333712583168
-43.402398512516946
-43.37167706785319
-43.34117318592407
-43.310887097239764
-43.28081886882054
-43.2509684044414
-43.221335445036594
-43.19191956926189
-43.16272019421225
-43.13373657629196
-43.10496781223414
-43.076412840266435
-43.048070441419746
-43.01993924097686
-42.992017710058086
-42.96430416734122
-42.936796780913504
-42.9094935702532
-42.88239240833874
-42.85549102388321
-42.82878700369192
-42.80227779514106
-42.775960708775095
-42.74983292102021
-42.72389147701144
-42.69813329353146
-42.672555162058494
-42.64715375192113
-42.621925613557686
-42.596867181877904
-42.57197477972462
-42.54724462143238
-42.522672816480075
-42.49825537323496
-42.47398820278462
-42.44986712285346
-42.42588786180001
-42.4020460626905
-42.3783372874441
-42.35475702104408
-42.33130067580983
-42.30796359572385
-42.28474106080786
-42.26162829154164
-42.23862045331852
-42.21571266093112
-42.19289998308052
-42.17017744690186
-42.147540042499216
-42.1249827274827
-42.10250043150138
-42.080088060765846
-42.05774050255464
