19.22598436365653
19.30932598110804
19.39266944364949
19.476014684659
19.5593617865676
19.642710980514387
19.7260626458579
19.809417309543967
19.89277564533024
19.9761384728677
20.05950675663969
20.142881604759236
20.226264267625776
20.309656136442538
20.39305874159602
20.4764737508989
20.559902967697962
20.64334832884874
20.726811902559074
20.810295886103873
20.89380260341359
20.977334502539023
21.060894152995402
21.14448424298844
21.228107576524977
21.311767070410994
21.39546575113978
21.47920675167309
21.562993308118408
21.646828756305514
21.73071652826572
21.814660148617197
21.898663230859757
21.98272947358244
22.06686265658728
22.151066636932587
22.235345344899617
22.3197027798867
22.404143006234836
22.488670148988483
22.573288389595454
22.65800196154992
22.74281514598271
22.82773226720311
22.912757688196244
22.997895806080088
23.083151047526194
23.168527864148295
23.254030727862947
23.339664126226577
23.425432557753563
23.51134052721991
23.597392540957028
23.683593102140346
23.769946706077345
23.856457835499295
23.943130955861275
24.02997051065503
24.116980916739433
24.20416655969308
24.29153178919387
24.37908091443046
24.466818199550346
24.554747859149188
24.64287405380591
24.73120088566816
24.81973239409254
24.90847255134409
24.99742525835933
25.08659434057734
25.175983543843476
25.265596530390045
25.355436874898206
25.445508060645412
25.535813475742433
25.62635640946394
25.717140048676246
25.808167474365693
25.899441658271147
25.99096545962383
26.082741621997606
26.174772770272945
26.267061407717428
26.359609913185416
26.452420538439306
26.545495405594785
26.638836504692655
26.73244569139988
26.826324684842415
26.920475065571974
27.01489827366866
27.109595606981213
27.204568219506722
27.29981711991162
27.39534317019574
27.49114708450129
27.58722942806811
27.683590616336502
27.780230914198754
27.877150435400168
27.97434914209019
28.07182684452384
28.16958320091375
28.267617717432913
28.365929748368146
28.46451849642419
28.5633830131783
28.66252219968523
28.761934807232354
28.861619438244293
28.961574547336216
29.061798442514675
29.162289286524857
29.263045098342634
29.36406375480964
29.465342992409482
29.56688040918342
29.66867346678375
29.770719492663027
29.873015682397117
29.97555910214009
30.078346691208445
30.18137526479216
30.2846415167898
30.388142022765006
30.491873243021498
30.595831525793724
30.700013110549914
30.804414131404425
30.909030620636198
31.013858512309977
31.11889364599673
31.224131770589764
31.329568548212677
31.435199558215402
31.54102030125449
31.64702620345389
31.75321262064253
31.859574842664983
31.966108097761236
32.072807557011515
32.179668338842106
32.28668551358808
32.39385410810851
32.50116911044938
32.60862547454966
32.716218124985495
32.823941961747245
32.93179186504441
33.039762700133316
33.147849322162536
33.25604658103101
33.36434932625367
33.472752411828885
33.58125070110203
33.689839071619595
33.798512419968695
33.90726566659669
34.016093760606175
34.12499168452016
34.23395445901233
34.34297714759712
34.45205486127428
34.561182763122346
34.6703560728361
34.779570071203395
34.88882010451685
34.998101588916214
35.107410014657276
35.21674095030319
35.326090046833784
35.435453041668396
35.54482576259802
35.65420413162265
35.76358416868983
35.872961995330925
35.98233383819165
36.09169603245333
36.20104502514111
36.3103773783157
36.419689772145084
36.52897900785319
36.638242010542335
36.747475831887066
36.85667765269718
36.96584478534785
37.07497467607467
37.18406490713172
37.29311319881068
37.40211741131903
37.51107554651562
37.6199857495018
37.72884631006669
37.83765566398514
37.94641239416685
38.055115231655485
38.16376305647677
38.272354898334896
38.380889937156866
38.48936750348432
38.597787078712855
38.70614829517879
38.814450936092925
38.92269493532123
39.030880377012835
39.13900749507607
39.24707667250382
39.355088440549
39.463043477751256
39.57094260881544
39.678786803342376
39.78657717441277
39.89431497702557
40.002001606391985
40.1096385960868
40.21722761605904
40.3247704705033
40.43226909559329
40.53972555707899
40.64714204774905
40.754520884759906
40.86186450683298
40.9691754713218
41.076456451151365
41.18371023163261
41.29093970715494
41.39814787776002
41.505337845600174
41.61251281128515
41.71967607012076
41.82683100824355
41.93398109865533
42.041129897161376
42.1482810382161
42.255438230680156
42.36260525349341
42.469785951268236
42.576984229807906
42.68420405155511
42.79144943097582
42.89872442988393
43.00603315271222
43.11337974173482
43.220768372246354
43.32820324770272
43.43568859482899
43.5432286587005
43.65082769780285
43.758489979077055
43.86621977295583
43.97402134839699
44.081898967919635
44.189856882648876
44.29789932737474
44.40603051563124
44.51425463480091
44.62257584125057
44.73099825550366
44.83952595745523
44.94816298163584
45.056913312530234
45.165780879956735
45.27476955451305
45.38388314309429
45.4931253844885
45.60249994505505
45.71201041449097
45.82166030169076
45.931453030704965
46.04139193680242
46.151480262640746
46.261721154549264
46.37211765892846
46.482672718769834
46.59338917029942
46.70426973974742
46.81531704024627
46.9265335688595
47.03792170374385
47.149483701446854
47.261221694341714
47.37313768820155
47.485233559915
47.59751105534451
47.70997178732773
47.82261723382203
47.93544873619203
48.04846749764016
48.161674581780694
48.27507091135784
48.38865726710822
48.502434286768285
48.6164024642269
48.730562148823886
48.8449135447948
48.959456710862305
49.07419155997378
49.18911785918511
49.30423522969074
49.41954314699951
49.535040941255836
49.65072779770532
49.76660275730354
49.882664717466646
49.99891243296208
50.115344516937405
50.23195944208534
50.34875554194254
50.465731012320035
50.582883912863295
50.70021216873933
50.8177135724484
50.93538578575853
51.05322634176032
51.17123264703993
51.28940198396795
51.40773151310135
51.526218275695854
51.64485919632587
51.76365108560954
51.88259064303607
52.00167445989247
52.120899022286224
52.240260714260124
52.35975582099589
52.47938053210341
52.59913094499196
52.719003068319886
52.83899282551899
52.959096058390195
53.07930853076723
53.199625932244906
53.32004388196852
53.440557932481134
53.56116357362546
53.68185623649722
53.80263129744687
53.92348408212697
54.0444098695822
54.16540389637938
54.2864613607737
54.40757742690735
54.528747229036384
54.64996587578216
54.77122845440377
54.892530035087674
55.01386567525108
55.135230423855575
55.25661932572697
55.37802742587715
55.49944977382384
55.620881427904834
55.74231745958278
55.86375295773698
55.98518303293818
56.106602821702694
56.22800749072215
56.34939224106464
56.4707523123436
56.59208298685119
56.71337959365318
56.83463751264245
56.95585217854839
57.07701908489927
57.198133787934445
57.319191910462656
57.44018914566286
57.561121260823576
57.68198410101716
57.8027735927054
57.923485747273425
58.04411666448832
58.164662535878996
58.28511964803378
58.40548438581236
58.5257532354684
58.64592278767917
58.76598974047896
58.885950902093086
59.005803193669394
59.125543651904124
59.24516943155889
59.36467780786556
59.484066178816065
59.60333206733411
59.72247312332563
59.84148712560453
59.960371983690536
60.07912573947549
60.197746568754994
60.31623278262286
60.43458282872568
60.5527952923756
60.67086889752016
60.78880250756844
60.90659512607288
61.02424589726609
61.141754106452304
61.25911918025371
61.3763406867124
61.493418335248684
61.610351976476515
61.72714160187666
61.84378734332824
61.96028947249959
62.07664840009942
62.192864674988805
62.30893898315508
62.42487214654897
62.540665121786326
62.65631899871636
62.77183499885831
62.88721447370881
63.00245890292274
63.11756989237023
63.23254917207288
63.347398594022366
63.46212012988434
63.57671586859118
63.691188013826775
63.80553888140696
63.91977089655933
64.03388659110584
64.14788860055182
64.26177966108412
64.37556260648142
64.48924036493906
64.60281595581051
64.7162924862672
64.82967314787845
64.94296121311356
65.05616003176851
65.16927302731949
65.28230369320573
65.39525558904427
65.50813233677923
65.62093761676886
65.73367516381393
65.84634876313123
65.95896224627622
66.07151948701905
66.1840243971791
66.29648092242316
66.40889303803205
66.52126474464104
66.63360006395943
66.74590303447452
66.85817770714472
66.97042814108637
67.08265839925845
67.19487254414862
67.30707463346364
67.41926871582628
67.53145882648126
67.64364898301228
67.7558431810731
67.86804539013617
67.98025954926284
68.09248956289908
68.20473929670136
68.31701257339712
68.4293131686846
68.54164480717652
68.65401115839138
68.76641583279623
68.87886237790481
68.99135427443453
69.10389493252565
69.21648768802636
69.32913579884713
69.44184244138764
69.55461070703952
69.66744359876738
69.78034402777043
69.89331481022795
70.00635866413212
70.11947820621107
70.23267594894538
70.34595429768231
70.4593155478523
70.57276188229335
70.68629536868858
70.79991795712218
70.91363147775942
71.02743763865604
71.14133802370137
71.25533409069922
71.36942716958961
71.48361846081414
71.59790903382711
71.71229982575366
71.82679164019689
71.94138514619576
72.05608087733592
72.17087923101505
72.28578046786399
72.4007847113239
72.51589194738003
72.63110202445145
72.74641465343572
72.86182940790772
72.97734572447186
73.09296290326651
73.20868010861997
73.32449636985686
73.44041058225363
73.55642150814126
73.67252777815267
73.78872789261303
73.90502022307047
74.02140301396506
74.13787438443401
74.25443233025047
74.3710747258929
74.48779932674259
74.60460377140592
74.72148558415782
74.83844217750259
74.95547085484763
75.07256881328577
75.18973314648154
75.30696084765655
75.42424881266867
75.54159384317971
75.6589926499065
75.77644185595021
75.89393800020012
76.01147754080772
76.12905685872794
76.24667226132372
76.36431998602994
76.48199620407318
76.59969702424415
76.71741849671876
76.83515661692478
76.95290732944976
77.07066653198602
77.18843007930785
77.306193787276
77.42395343686427
77.54170477820274
77.65944353463236
77.77716540676543
77.89486607654702
78.01254121131284
78.13018646784074
78.24779749639275
78.3653699447451
78.48289946220449
78.60038170360859
78.71781233330931
78.83518702913692
78.95250148634248
79.0697514215152
79.1869325764718
79.30404072211593
79.42107166226492
79.5380212374406
79.65488532861957
79.77165986093928
79.88834080735614
80.0049241922519
80.12140609498442
80.23778265337853
80.35405006715268
80.4702046012776
80.58624258926284
80.70216043636822
80.81795462273772
80.93362170645332
81.04915832650624
81.16456120568307
81.27982715336509
81.39495306823858
81.50993594091335
81.62477285644707
81.739460996773
81.85399764302872
81.96838017778373
82.08260608716455
82.19667296287582
82.3105785041165
82.42432051938874
82.5378969281976
82.65130576264028
82.76454516888282
82.87761340852182
82.99050885982786
83.10323001886854
83.21577550051018
83.32814403929672
83.44033449020571
83.55234582928085
83.66417715414036
83.77582768436014
83.88729676173138
83.99858385039205
84.10968853683245
84.22061052977496
84.33134965992964
84.4419058796275
84.55227926233387
84.66247000204454
84.77247841256668
84.88230492668687
84.99195009522874
85.1014145860022
85.21069918264529
85.3198047833596
85.42873239953907
85.53748315429131
85.64605828085202
85.75445912089312
85.86268712272489
85.97074383939231
86.07863092666504
86.18635014092105
86.29390333692471
86.40129246550158
86.50851957111253
86.61558678932967
86.72249634421702
86.82925054561862
86.93585178635591
87.04230253933567
87.14860535457048
87.25476285611354
87.36077773891056
87.46665276557225
87.57239076307168
87.6779946193707
87.78346727997963
87.88881174445409
87.99403106283252
88.09912833201817
88.20410669210834
88.30896932267423
88.41371943899357
88.51836028823858
88.62289514562157
88.72732731050009
88.83166010244305
88.93589685725875
89.04004092298614
89.14409565585028
89.24806441618252
89.35195056430452
89.45575745637588
89.55948844020499
89.66314685102317
89.76673600722167
89.87025920605119
89.97371971928364
90.07712078883561
90.18046562235396
90.28375738876436
90.38699921378465
90.49019417540457
90.59334529933541
90.69645555443437
90.79952784810884
90.90256502170544
91.00556984588835
91.10854501601219
91.21149314749542
91.3144167712002
91.4173183288257
91.52020016832151
91.62306453932857
91.72591358865523
91.82874935579619
91.93157376850186
92.03438863840475
92.137195656709
92.23999638994943
92.34279227582661
92.44558461912439
92.54837458771536
92.65116320865994
92.75395136440491
92.85673978908758
92.95952906495214
93.0623196188856
93.16511171907999
93.26790547182671
93.37070081844891
93.47349753237759
93.57629521637651
93.67909329992008
93.78189103672756
93.88468750245696
93.98748159256141
94.09027202030941
94.19305731497062
94.29583582016895
94.39860569240469
94.50136489974696
94.60411122069857
94.70684224323557
94.80955536402408
94.91224778781671
95.01491652703137
95.11755840151457
95.2201700384899
95.32274787269219
95.42528814668768
95.52778691138022
95.63024002670377
95.73264316250177
95.8349917995935
95.93728123102792
96.03950656352461
96.14166271910122
96.24374443688785
96.34574627512828
96.44766261336841
96.5494876548328
96.65121542899081
96.75283979431359
96.85435444122325
96.95575289523359
97.05702852028153
97.15817452224806
97.25918395266754
97.36004971262483
97.46076455683911
97.56132109793262
97.66171181088092
97.76192903764198
97.86196499196129
97.96181176434962
98.0614613272293
98.16090554024439
98.26013615573007
98.35914482433637
98.45792310080108
98.55646244986625
98.65475425233163
98.75278981123827
98.85056035817539
98.94805705970364
99.04527102388809
99.14219330693416
99.23881491991907
99.33512683561153
99.43111999537271
99.52678531613086
99.62211369742172
99.71709602848662
99.81172319542
99.9059860883581
99.9998756087007
100.09338267635795
100.1864982370146
100.27921326940398
100.3715187925832
100.46340587320131
100.5548656327517
100.64588925480089
100.73646799218548
100.82659317416929
100.91625621355186
101.00544861372012
101.0941619756351
101.18238800474526
101.27011851781825
101.35734544968264
101.44406085987126
101.53025693915791
101.61592601598059
101.70106056274406
101.7856532019945
101.86969671245882
101.95318403494096
102.0361082780677
102.11846272387609
102.20024083323509
102.28143625109479
102.36204281155759
102.44205454276508
102.52146567159528
102.60027062816417
102.678464050126
102.75604078676693
102.83299590288748
102.90932468246938
102.98502263212326
103.06008548431446
103.1345092003658
103.20828997323638
103.2814242300747
103.35390863454488
103.425740088925
103.49691573597731
103.56743296059021
103.63728939119135
103.70648290093054
103.77501160863248
103.84287387951865
103.91006832569796
103.97659380642658
104.04244942813743
104.10763454424107
104.17214875469953
104.235991905376
104.29916408716285
104.36166563489171
104.42349712602895
104.4846593791613
104.54515345227587
104.6049806408386
104.66414247567495
104.72264072065597
104.78047737019305
104.83765464654498
104.89417499694098
104.95004109052279
105.00525581510844
105.05982227378074
105.11374378130374
105.16702386036995
105.21966623768098
105.27167483986481
105.3230537892329
105.3738073993798
105.42394017062831
105.47345678532331
105.52236210297774
105.57066115527452
105.61835914092755
105.66546142040549
105.71197351052278
105.75790107890366
105.80324993832612
105.84802604095289
105.89223547245744
105.93588444605273
105.97897929643004
106.02152647361588
106.06353253675381
106.10500414781875
106.14594806527082
106.18637113765719
106.22628029717025
106.26568255317027
106.30458498568014
106.34299473885942
106.38091901446437
106.41836506530119
106.45534018868004
106.49185171987772
106.52790702561644
106.56351349756714
106.59867854588497
106.63340959278393
106.66771406615662
106.70159939324496
106.73507299436737
106.76814227670768
106.80081462817127
106.83309741131511
106.86499795735863
106.89652356028174
106.9276814710154
106.95847889173004
106.9889229702267
107.01902079443553
107.04877938702649
107.07820570013703
107.10730661022174
107.13608891302798
107.16455931870226
107.19272444703213
107.22059082282865
107.24816487145418
107.27545291449908
107.30246116561128
107.32919572648282
107.35566258299835
107.38186760154852
107.40781652551223
107.43351497190989
107.45896842823075
107.48418224943649
107.50916165514334
107.53391172698403
107.55843740614947
107.58274349110926
107.60683463550995
107.6307153462499
107.65438998172888
107.67786275027018
107.70113770871163
107.72421876116246
107.74710965792272
107.76981399456204
107.79233521115376
107.81467659165949
107.83684126346
107.8588321970283
107.88065220574109
107.90230394582343
107.92378991642275
107.94511245980792
107.96627376168968
107.98727585165787
108.0081206037311
108.02880973701545
108.0493448164689
108.06972725376991
108.08995830828908
108.11003908816159
108.12997055145777
108.14975350744956
108.16938861797124
108.18887639887308
108.20821722156577
108.22741131465423
108.24645876566049
108.26535952283623
108.28411339706477
108.30272006385272
108.3211790654116
108.33948981282938
108.35765158833172
108.37566354763263
108.39352472237479
108.41123402265887
108.42879023966114
108.44619204833876
108.46343801022184
108.48052657629208
108.49745608994752
108.51422479005171
108.53083081406592
108.54727220126168
108.56354689601122
108.57965275115285
108.59558753142724
108.6113489169808
108.6269345069318
108.64234182299438
108.65756831315574
108.67261135540096
108.68746826147972
108.70213628070942
108.71661260380986
108.73089436676426
108.74497865470155
108.75886250579597
108.77254291517991
108.7860168388668
108.79928119768059
108.81233288118918
108.82516875163927
108.83778564788989
108.85018038934189
108.86234977986035
108.8742906116876
108.8859996693441
108.89747373351511
108.90870958492101
108.91970400816959
108.93045379558899
108.94095575103998
108.9512066937065
108.96120346186311
108.97094291661884
108.98042194563575
108.98963746682094
108.99858643199096
109.00726583050712
109.01567269287924
109.02380409433616
109.03165715836181
109.039229060194
109.04651703028404
109.0535183577156
109.0602303935814
109.06665055431645
109.07277632498577
109.07860526252458
109.08413499892939
109.08936324439767
109.09428779041323
109.09890651277411
109.10321737456039
109.10721842903925
109.11090782250531
109.1142837970547
109.11734469329102
109.12008895296063
109.1225151215148
109.12462185059647
109.12640790044887
109.1278721422423
109.12901356031594
109.129831254332
109.13032444133981
109.13049245774712
109.13033476119509
109.12985093233308
109.12904067648972
109.12790382523545
109.12644033783263
109.12465030256843
109.12253393796655
109.12009159387495
109.11732375242642
109.11423102886923
109.11081417226526
109.10707406605346
109.10301172847736
109.0986283128756
109.09392510783485
109.08890353720452
109.08356515997255
109.0779116700003
109.07194489561394
109.0656667990502
109.05907947575454
109.05218515352934
109.04498619152926
109.037485079101
109.02968443446494
109.02158700323722
109.01319565679128
109.00451339045813
108.99554332156416
108.98628868730523
108.976752842455
108.96693925690616
108.95685151304374
108.94649330295002
108.93586842544144
108.92498078293889
108.91383437817242
108.90243331072284
108.89078177340289
108.87888404848175
108.8667445037569
108.85436758847905
108.84175782913532
108.82891982509592
108.8158582441297
108.80257781779393
108.78908333670292
108.77537964568047
108.76147163880195
108.74736425433117
108.73306246955998
108.7185712955568
108.70389577182938
108.68904096090593
108.67401194283958
108.65881380964176
108.64345165964995
108.62793059183595
108.61225570006003
108.59643206727698
108.58046475970015
108.56435882093025
108.548119266055
108.53175107572635
108.5152591902213
108.49864850349151
108.48192385720769
108.46509003480516
108.44815175553687
108.43111366854147
108.41398034693442
108.39675628192994
108.3794458770026
108.36205344209715
108.34458318789565
108.32703922015106
108.3094255340966
108.29174600893965
108.27400440244902
108.25620434564418
108.23834933759521
108.22044274034205
108.20248777394194
108.1844875116549
108.16644487527721
108.14836263063309
108.13024338323432
108.1120895741176
108.09390347586886
108.07568718884274
108.05744263758574
108.0391715674706
108.02087554154902
108.00255593762871
107.98421394558069
107.96585056488142
107.94746660239379
107.9290626703902
107.91063918482043
107.89219636382576
107.8737342264999
107.85525259189718
107.83675107828846
107.81822910266523
107.79968588049384
107.7811204257214
107.76253155103542
107.7439178683792
107.72527778972461
107.70660952810341
107.68791109889686
107.66918032138257
107.65041482053665
107.63161202908931
107.61276918983164
107.59388335817063
107.57495140492905
107.55597001938692
107.53693571256123
107.51784482072163
107.49869350913947
107.47947777606784
107.46019345694982
107.44083622885115
107.42140161511225
107.40188499021315
107.38228158484435
107.36258649117599
107.34279466831777
107.32290094796042
107.30290004018934
107.28278653946052
107.26255493072756
107.2421995957078
107.22171481927512
107.20109479596817
107.1803336366022
107.1594253749721
107.1383639746349
107.1171433357606
107.0957573020404
107.07419966764053
107.05246418419108
107.0305445677999
107.0084345060817
106.98612766519238
106.96361769685859
106.94089824539299
106.91796295468544
106.89480547516018
106.87141947068892
106.84779862545042
106.82393665072834
106.7998272916393
106.77546433378359
106.75084160981032
106.72595300589046
106.70079246809223
106.67535400865415
106.64963171215118
106.62361974155044
106.59731234415335
106.57070385742145
106.54378871468487
106.51656145073173
106.48901670727594
106.46114923830055
106.43295391527386
106.40442573223504
106.3755598107465
106.34635140471073
106.31679590504928
106.28688884424173
106.25662590072318
106.22600290313858
106.19501583445299
106.16366083591538
106.13193421087385
106.09983242843998
106.06735212699994
106.03449011756948
106.0012433869914
105.96760910097419
105.93358460697084
105.89916743689776
105.86435530969368
105.82914613371929
105.79353800899878
105.75752922930496
105.72111828409038
105.68430386026716
105.64708484383766
105.60946032137736
105.57142958137172
105.53299211540798
105.49414761922299
105.45489599360917
105.41523734518125
105.37517198700664
105.33470043910188
105.29382342879694
105.25254189096825
105.21085696814191
105.16877001046828
105.12628257556878
105.08339642825558
105.0401135401246
104.99643608902113
104.95236645837747
104.90790723642203
104.86306121525956
104.81783138982144
104.77222095668526
104.72623331276236
104.67987205385235
104.6331409730626
104.58604405909033
104.53858549436482
104.4907696530481
104.44260109889295
104.39408458295689
104.34522504117011
104.29602759175451
104.24649753249103
104.19664033783248
104.14646165585974
104.09596730507984
104.0451632710634
103.99405570291911
103.9426509096023
103.89095535605587
103.8389756591822
103.78671858364656
103.73419103751336
103.68140006771692
103.6283528553705
103.575056710917
103.52151906912523
103.46774748393624
103.41374962316466
103.35953326306081
103.30510628273917
103.25047665848045
103.19565245791283
103.14064183407821
103.08545301938885
103.03009431947986
102.97457410696437
102.91890081509767
102.86308293135572
102.80712899093304
102.75104757016446
102.69484727987638
102.63853675867288
102.58212466616293
102.52561967613518
102.46903046968747
102.41236572831791
102.35563412698399
102.29884432713582
102.24200496973013
102.18512466823175
102.12821200161032
102.07127550734002
102.01432367441065
101.95736493635819
101.90040766432206
101.84346016013727
101.78653064946944
101.729627275001
101.672758089677
101.61593105001974
101.5591540095213
101.50243471212353
101.44578078579455
101.38919973621124
101.33269894055705
101.27628564144378
101.2199669409657
101.16374979489431
101.10764100702157
101.05164722365895
100.99577492829927
100.94003043644771
100.88441989062822
100.82894925556965
100.77362431357548
100.71845066008038
100.66343369939577
100.6085786406455
100.55389049389234
100.49937406645606
100.44503395942431
100.39087456435695
100.33690006018466
100.28311441030266
100.2295213598596
100.17612443324114
100.12292693174774
100.06993193146738
100.01714228134264
99.9645606014312
99.91218928135876
99.86003047896358
99.8080861191323
99.7563578928276
99.70484725630817
99.65355543054281
99.60248340082032
99.5516319165566
99.50100149129966
99.45059240293435
99.40040469408822
99.35043817273967
99.3006924130294
99.25116675627518
99.20186031219029
99.15277196030476
99.10390035158875
99.05524391027595
99.00680083588495
98.95856910543725
98.91054647587086
98.86273048664779
98.81511846255361
98.76770751668627
98.7204945536308
98.67347627281615
98.62664917205038
98.58000955122961
98.5335535162163
98.48727698288164
98.44117568130693
98.3952451601393
98.34948079109594
98.30387777361145
98.25843113962148
98.21313575847793
98.16798634199003
98.12297744958593
98.07810349359042
98.03335874461524
97.98873733705906
97.94423327471381
97.89984043647391
97.85555258214524
97.81136335834967
97.76726630452103
97.72325485898816
97.67932236514022
97.63546207766964
97.59166716888771
97.54793073510788
97.50424580309183
97.4606053365529
97.41700224271128
97.37342937889522
97.32987955918301
97.28634556108145
97.24282013223691
97.19929599717382
97.15576586405514
97.11222243146092
97.06865839517975
97.02506645500848
96.98143932155513
96.93776972303984
96.8940504120887
96.85027417251452
96.80643382607782
96.76252223922127
96.7185323297701
96.67445707359123
96.63028951120391
96.58602275433482
96.54164999240977
96.49716449897467
96.45255963803739
96.40782887032363
96.36296575943966
96.31796397793649
96.27281731327089
96.22751967365828
96.18206509381078
96.13644774055327
96.09066191830944
96.04470207445009
95.99856280449565
95.95223885716514
95.90572513926425
95.8590167204057
95.8121088375553
95.76499689939654
95.71767649050749
95.67014337534393
95.6223935020234
95.57442300590499
95.52622821296025
95.47780564293141
95.42915201227329
95.38026423687502
95.33113943455983
95.28177492736229
95.23216824358367
95.1823171196257
95.13221950160239
95.08187354672982
95.03127762449397
94.98043031759853
94.92933042269392
94.87797695088791
94.8263691280393
94.77450639483523
94.72238840665314
94.67001503320894
94.617386357993
94.5645026774966
94.51136450023144
94.45797254554402
94.40432774222616
94.35043122692146
94.2962843423281
94.24188863519858
94.18724585413732
94.13235794719783
94.07722705928104
94.02185552933675
93.96624588737059
93.91040085125913
93.8543233233756
93.79801638702982
93.74148330272529
93.68472750423719
93.62775259451524
93.5705623414147
93.51316067325928
93.4555516742401
93.39773957965491
93.33972877099319
93.28152377087423
93.22312923784585
93.16454996105114
93.10579085477121
93.0468569528528
92.98775340302922
92.92848546114459
92.86905848529074
92.80947792986632
92.74974933956747
92.68987834331807
92.62987064814746
92.56973203302363
92.50946834264897
92.44908548122515
92.38858940619338
92.32798612195614
92.26728167358675
92.20648214053261
92.14559363031873
92.08462227225749
92.02357421117
91.96245560112396
91.90127259919342
91.84003135924576
91.7787380257609
91.71739872768791
91.65601957234395
91.59460663936164
91.53316597469046
91.47170358465922
91.41022543010735
91.34873742059204
91.28724540867898
91.22575518432353
91.16427246934944
91.10280291203259
91.04135208179622
90.97992546402389
90.91852845499608
90.85716635695616
90.79584437331101
90.73456760397079
90.67334104083221
90.61216956341053
90.55105793462513
90.49001079674366
90.42903266748857
90.36812793630901
90.30730086081934
90.2465555634056
90.18589602800006
90.12532609702458
90.0648494685035
90.00446969334706
89.94419017280683
89.88401415610457
89.82394473823655
89.76398485795374
89.70413729591888
89.64440467304
89.58478944898029
89.52529392084391
89.46592022203724
89.40667032130447
89.34754602193543
89.28854896114426
89.229680609618
89.17094227123395
89.11233508294588
89.05386001483889
88.99551787035209
88.93730928666814
88.87923473526841
88.82129452265205
88.76348879121774
88.70581752030698
88.64828052740772
88.590877469517
88.5336078446607
88.47647099356827
88.41946610149971
88.36259220022184
88.30584817013157
88.24923274252403
88.19274450200344
88.13638188903398
88.08014320262821
88.02402660316879
87.96803011535978
87.91215163130225
87.85638891368869
87.80073959911003
87.74520120146921
87.68977111549525
87.63444662035174
87.57922488333308
87.52410296364171
87.46907781624093
87.41414629577893
87.35930516057913
87.30455107669222
87.2498806220065
87.19529029041318
87.14077649602466
87.08633557744376
87.03196380208162
86.97765737052116
86.92341242092225
86.86922503346447
86.81509123482299
86.76100700267288
86.70696827021781
86.6529709307395
86.59901084216567
86.54508383165403
86.4911857001902
86.43731222719786
86.38345917515828
86.32962229423644
86.27579732691144
86.22198001260863
86.1681660923313
86.11435131328999
86.06053143352703
86.00670222653427
85.95285948586051
85.8989990297063
85.84511670550312
85.79120839447403
85.73727001617185
85.68329753299058
85.62928695464522
85.57523434261513
85.52113581454493
85.46698754859806
85.41278578775875
85.35852684407739
85.30420710285311
85.24982302674884
85.19537115983319
85.14084813154366
85.0862506605653
85.03157555861847
84.97681973414981
84.9219801959197
84.86705405648038
84.81203853553816
84.7569309631929
84.70172878304768
84.64642955518187
84.59103095898107
84.53553079581778
84.4799269915766
84.4242175990187
84.36840079998129
84.31247490740796
84.2564383672059
84.2002897599265
84.1440278022666
84.08765134838862
84.03115939105922
83.97455106260682
83.91782563569771
83.86098252393086
83.80402128225242
83.74694160719108
83.68974333691486
83.63242645111089
83.57499107068989
83.51743745731861
83.45976601278326
83.40197727818727
83.34407193298708
83.28605079387003
83.2279148134792
83.16966507898965
83.11130281054105
83.05282935953201
82.99424620678158
82.93555496056288
82.8767573545131
82.81785524542389
82.75885061091472
82.69974554699198
82.64054226549607
82.58124309143969
82.52185046024036
82.46236691485038
82.40279510278779
82.3431377730723
82.2833977730692
82.22357804524407
82.16368162383063
82.10371163141454
82.04367127543608
81.9835638446149
81.9233927053007
81.86316129775312
81.8028731323549
81.74253178576251
81.6821408969985
81.62170416348957
81.56122533705482
81.50070821984983
81.44015666027215
81.37957454883431
81.3189658140108
81.25833441806643
81.19768435287327
81.13701963572353
81.07634430514693
81.01566241674018
80.95497803901688
80.89429524928565
80.83361812956426
80.77295076253634
80.71229722755757
80.65166159671631
80.59104793095345
80.53046027624625
80.46990265986018
80.40937908667264
80.34889353557163
80.28844995593217
80.22805226417269
80.16770434039405
80.10741002510248
80.04717311601736
79.98699736496441
79.92688647485421
79.86684409674571
79.80687382699456
79.74697920448627
79.68716370795302
79.62743075337325
79.56778369145287
79.50822580518708
79.4487603075013
79.38939033897044
79.3301189656154
79.270949176777
79.21188388306736
79.1529259143979
79.09407801808347
79.03534285702257
78.97672300795388
78.91822095979025
78.8598391120321
78.80157977326225
78.74344515972429
78.68543739398673
78.6275585036948
78.56981042041265
78.51219497855858
78.45471391443506
78.39736886535515
78.34016136886636
78.28309286207276
78.22616468105606
78.16937806039654
78.11273413279424
78.0562339287908
77.99987837659229
77.94366830199318
77.88760442840147
77.83168737696509
77.7759176668002
77.72029571532177
77.6648218386771
77.60949625228263
77.55431907146364
77.49929031219575
77.44440989194813
77.38967763062773
77.33509325162426
77.2806563829554
77.22636655851183
77.17222321940109
77.11822571538893
77.06437330643566
77.01066516432458
76.95710037437972
76.90367793726968
76.8503967708947
76.79725571235328
76.74425351998401
76.69138887547878
76.63866038606206
76.58606658673251
76.53360594256255
76.48127685105193
76.42907764453186
76.37700659261579
76.32506190469293
76.27324173246087
76.2215441724942
76.1699672688476
76.11850901569154
76.06716735997908
76.01594020414201
75.96482540881506
75.91382079558709
75.86292414977869
75.81213322324471
75.76144573719922
75.71085938506089
75.66037183531627
75.60998073439897
75.55968370958273
75.50947837188632
75.45936231898828
75.40933313814925
75.35938840913936
75.30952570716819
75.25974260581428
75.21003667995093
75.16040550866536
75.11084667816819
75.06135778469094
75.01193643736998
74.96258026111504
74.91328689946035
74.8640540173965
74.81487930418088
74.76576047612475
74.71669527935451
74.66768149254445
74.61871692961923
74.56979944242399
74.52092692335994
74.47209730798325
74.4233085775647
74.37455876160762
74.32584594032194
74.27716824705222
74.22852387065753
74.17991105784148
74.13132811543068
74.08277341259969
74.03424538304108
73.98574252707846
73.93726341372127
73.88880668266034
73.8403710462033
73.7919552911489
73.74355828059919
73.69517895570851
73.6468163373683
73.59846952782704
73.55013771224407
73.50182016017692
73.45351622700167
73.40522535526662
73.35694707597912
73.30868100982576
73.2604268683263
73.21218445492133
73.16395366599312
73.11573449181896
73.06752701745603
73.0193314235575
72.9711479871184
72.92297708215068
72.87481918028647
72.82667485130872
72.77854476360909
72.73042968457213
72.68233048088592
72.63424811877877
72.58618366418199
72.5381382828196
72.49011324022507
72.44210990168523
72.39412973211228
72.34617429584449
72.29824525637622
72.2503443760167
72.20247351547732
72.1546346333862
72.10682978572834
72.05906112520984
72.0113309005435
71.96364145565337
71.91599522879551
71.86839475159184
71.82084264797402
71.77334163303419
71.7258945117793
71.6785041777863
71.63117361175546
71.58390587995916
71.53670413258294
71.48957160195562
71.44251160066483
71.39552751955489
71.34862282560391
71.30180105967804
71.25506583416086
71.20842083045716
71.16186979637064
71.11541654335531
71.06906494364057
71.02281892723022
70.97668247877652
70.93065963433094
70.88475447797373
70.83897113832495
70.79331378493998
70.74778662459346
70.70239389745507
70.65713987316087
70.61202884678482
70.56706513471545
70.5222530704425
70.47759700025824
70.43310127887855
70.38877026498972
70.34460831672652
70.30061978708773
70.25680901929468
70.21318034209924
70.16973806504672
70.12648647370025
70.08342982483254
70.04057234159035
69.99791820863715
69.95547156727804
69.91323651057127
69.87121707842942
69.82941725271377
69.78784095232385
69.74649202828465
69.70537425883248
69.66449134450119
69.62384690321102
69.58344446536256
69.54328746893856
69.50337925461673
69.46372306089762
69.42432201925173
69.38517914929064
69.34629735396679
69.30767941480774
69.2693279871908
69.23124559566479
69.19343462932572
69.15589733725396
69.11863582401934
69.08165204526124
69.04494780335055
69.00852474314063
68.97238434781427
68.9365279348339
68.90095665200174
68.86567147363773
68.83067319688318
68.79596243813755
68.76153962963592
68.72740501617413
68.69355865198791
68.66000039779168
68.6267299179825
68.59374667801465
68.56104994194992
68.5286387701892
68.49651201739071
68.46466833057899
68.43310614744938
68.40182369487262
68.37081898760299
68.3400898271925
68.30963380111255
68.27944828208398
68.24953042761591
68.21987717975331
68.19048526503319
68.16135119464899
68.1324712648228
68.10384155738505
68.07545794056158
68.04731606996835
68.01941138981418
67.99173913431149
67.96429432929436
67.9370717940427
67.91006614331148
67.8832717895642
67.85668294540902
67.83029362623687
67.80409765305988
67.77808865554844
67.7522600752652
67.72660516909467
67.70111701286645
67.6757885051694
67.65061237135397
67.6255811677198
67.6006872858852
67.57592295733558
67.55128025814729
67.52675111388389
67.50232730466193
67.47800047038304
67.45376211612897
67.42960361771559
67.40551622740138
67.381491079746
67.3575191976136
67.33359149831567
67.30969879988827
67.28583182749814
67.2619812199719
67.23813753644224
67.21429126310527
67.19043282008299
67.1665525683856
67.14264081696756
67.1186878298709
67.09468383344851
67.07061902366016
67.04648357343322
67.0222676400812
66.99796137277215
66.97355492003979
66.94903843732985
66.92440209457439
66.89963608378687
66.87473062667087
66.84967598223537
66.82446245440943
66.7990803996494
66.77352023453139
66.74777244332043
66.72182758550858
66.69567630331406
66.66930932913274
66.64271749293326
66.6158917295866
66.58882308612093
66.5615027288932
66.5339219506694
66.50607217760498
66.47794497611741
66.44953205964279
66.42082529526917
66.39181671023934
66.36249849831617
66.33286302600376
66.30290283861765
66.27261066619823
66.24197942926193
66.2110022443853
66.1796724296174
66.1479835097168
66.1159292212096
66.0835035172656
66.05070057238899
66.01751478692026
65.98394079134559
65.94997345041097
65.915607867038
65.88083938603822
65.84566359762297
65.81007634070622
65.77407370599676
65.7376520388768
65.70080794206373
65.66353827805162
65.62584017132903
65.58771101036947
65.54914844939103
65.51015040988133
65.47071508188353
65.43084092503855
65.39052666937985
65.3497713158769
65.30857413672518
65.26693467538095
65.22485274633928
65.18232843465458
65.13936209520315
65.09595435168845
65.05210609538986
65.00781848365702
64.96309293815207
64.91793114284323
64.87233504175391
64.82630683647183
64.77984898342227
64.73296419091089
64.68565541594138
64.6379258608135
64.58977896950627
64.54121842385088
64.49224813949662
64.44287226167286
64.39309516074958
64.34292142759956
64.29235586876474
64.24140350142956
64.19006954820414
64.13835943172019
64.0862787690428
64.03383336590117
63.98102921074128
63.92787246860463
63.874369474837195
63.82052672863422
63.766350886426565
63.71184875511405
63.657027285152495
63.60189356350101
63.54645480643627
63.49071835224153
63.434691653777364
63.37838227094251
63.32179786303341
63.2649461810109
63.207835059683205
63.15047240981444
63.0928662101676
63.03502449949106
62.97695536845755
62.91866695156388
62.860167418999374
62.8014649684908
62.74256781713155
62.68348419320342
62.624222327998616
62.56479044764996
62.505196764977605
62.445449471360526
62.385556728640275
62.32552666106415
62.265367347275294
62.205086812357315
62.14469301994104
62.08419386438124
62.02359716301152
61.96291064848527
61.90214196121054
61.8412986418868
61.78038812415088
61.71941772733977
61.658394649377904
61.59732595979626
61.53621859289019
61.47507934102288
61.41391484808099
61.35273160308907
61.29153593398911
61.23033400159187
61.16913179370573
61.10793511944877
61.046749603749106
60.985580682038005
60.92443359514044
60.863313384367586
60.80222488681494
60.741172730869835
60.68016133193191
60.61919488835014
60.55827737757943
60.497412552559865
60.43660393832141
60.37585482881701
60.315168283986736
60.254547127055844
60.19399394206903
60.13351107166323
60.07310061508087
60.012764426425115
59.95250411315805
59.89232103484209
59.8322163021246
59.77219077596549
59.712245067107226
59.65237953578639
59.59259429168616
59.53288919412898
59.4732638525084
59.41371762695933
59.354249629265034
59.29485872399942
59.23554352990288
59.17630242148987
59.11713353088657
59.05803474989607
58.99900373228888
58.94003789631602
58.88113442744292
58.822290281301534
58.76350218685819
58.704766649794735
58.64607995610014
58.587438175869394
58.528837167306435
58.4702725809273
58.41173986395937
58.3532342649322
58.294750838455215
58.236284450177195
58.17782978192217
58.11938133699634
58.06093344565987
58.00248027075723
57.944015813499774
57.88553391939358
57.82702828430523
57.76849246065875
57.709919863757634
57.651303778225426
57.592637364557994
57.533913665780155
57.475125614199705
57.41626603825254
57.35732766943253
57.29830314929976
57.239185036560436
57.17996581421156
57.12063789674327
57.061193637390865
57.00162533542832
56.9419252434943
56.88208557494179
56.822098511202206
56.761956209154825
56.70165080849237
56.641174439073644
56.580519228254595
56.51967730818908
56.45864082309104
56.39740193644971
56.335952838189684
56.27428575176796
56.21239294120008
56.1502667180076
56.08789944807958
56.02528355844069
55.96241154391882
55.89927597370499
55.835869497798654
55.77218485333171
55.708214870764806
55.64395247995023
55.57939071605571
55.51452272534428
55.449341770805546
55.38384123763436
55.31801463855274
55.25185561897101
55.18535796198395
55.11851559319839
55.05132258538847
54.98377316297492
54.915861706324925
54.847582755869176
54.77893101603299
54.709901358978776
54.640488828157764
54.57068864166941
54.50049619542724
54.42990706612962
54.35891701403468
54.28752198553823
54.21571811555352
54.14350172969139
54.07086934623984
53.997817677942145
53.924343633573145
53.850444319313354
53.776117039920464
53.70135929969793
53.6261688032604
53.550543456096435
53.47448136492922
53.39798083787606
53.32104038440788
53.24365871510987
53.165834741245035
53.08756757412222
53.0088565242706
52.929701100422804
52.85010100830887
52.77005614926345
52.68956661864883
52.60863270409619
52.527254883567714
52.44543382324219
52.363170375226396
52.280465575094475
52.197320639257505
52.113736962166406
52.02971611335165
51.94525983430356
51.860370035197384
51.77504879146745
51.68929834023556
51.603121076598605
51.51651954978093
51.42949645915678
51.34205465014793
51.25419711000177
51.16592696345464
51.077247468285634
50.9881620107663
50.89867410101175
50.80878736823877
50.71850555593642
50.62783251695453
50.5367722085158
50.4453286871572
50.35350610360666
50.26130869760095
50.16874079265028
50.07580679075499
49.9825111670795
49.88885846458913
49.794853288655695
49.700500301638264
49.60580421744486
49.510769796081654
49.41540183819563
49.31970517961661
49.223684685904054
49.12734524690381
49.03069177132016
48.933729181308074
48.836462407090146
48.738896381603176
48.641036035179
48.542886290264434
48.444452056185625
48.34573822396179
48.24674966117327
48.147491206888716
48.04796766665599
47.94818380756111
47.84814435335936
47.74785397968286
47.64731730932827
47.546538907629085
47.445523277916195
47.344274857070715
47.24279801117289
47.141097031251014
47.03917612913424
46.93703943341283
46.83469098550942
46.73213473586416
46.629374540236235
46.52641415612394
46.42325723930524
46.3199073405007
46.21636790216096
46.112642255380855
46.00873361694202
45.904645086485836
45.80037964381817
45.695940146347
45.59132932665452
45.48654979020543
45.38160401319354
45.27649434052867
45.17122298396586
45.06579202037793
44.960203390173234
44.85445889586063
44.748560200763364
44.64250882788363
44.53630615891936
44.42995343343463
44.32345174818536
44.21680205660149
44.11000516842713
44.00306174951944
43.895972321806504
43.788737263404265
43.68135680889272
43.57383104975164
43.46615993495546
43.35834327172713
43.25038072645028
43.14227182573935
43.03401595766652
42.92561237314438
42.81706018746288
42.70835838197868
42.599505805954735
42.49050117854763
42.381343090939666
42.272030008611935
42.16256027375432
42.052932107808445
41.94314361413974
41.833192780835034
41.72307748362188
41.61279548890606
41.50234445692389
41.39172194500573
41.28092541094681
41.16995221648189
41.05879963086029
40.947464834518264
40.835944922845506
40.724236910042414
40.612337733064926
40.50024425565369
40.387953272444186
40.27546151315398
40.162765646842736
40.04986228624052
39.936747992140006
39.82341927784848
39.70987261369556
39.596104431592785
39.48211112964078
39.367889076779086
39.25343461747338
39.138744076434705
39.02381376336507
38.90863997772345
38.793219013506246
38.67754716403624
38.56162072675437
38.445436008008585
38.32898932783468
38.2122770247239
38.09529546037277
37.97804102441023
37.86051013909781
37.74269926399819
37.624604900608006
37.50622359695052
37.38755195212365
37.26858662079908
37.149324317668196
37.02976182183087
36.90989598112255
36.78972371637581
36.669242025612384
36.54844798816247
36.42733876870772
36.30591162124443
36.18416389296362
36.062093028044835
35.93969657136048
35.81697217208775
35.69391758722556
35.570530685014276
35.44680944825616
35.32275197753411
35.19835649432629
35.07362134401451
34.9485449987839
34.82312606041175
34.69736326294354
34.571255475254176
34.444801703492416
34.31800109340615
34.19085293254629
34.06335665234691
33.93551183007948
33.80731819067939
33.67877560844307
33.549884108593524
33.42064386871272
33.291055220039034
33.161118648627884
33.0308347963738
32.90020446189212
32.76922860125885
32.63790832860756
32.50624491658238
32.374239796646556
32.241894559246084
32.10921095382805
31.97619088871318
31.842836430822164
31.709149805255382
31.5751333947259
31.440789738845353
31.30612153326237
31.1711316286534
31.03582302956596
30.900198893114407
30.764262527528274
30.628017390553595
30.491467087707772
30.35461537038864
30.217466133838624
30.080023414964867
29.94229139001649
29.804274372120457
29.665976808677467
29.527403278619396
29.388558489530077
29.249447274631414
29.110074589636973
28.97044550947526
28.830565224885213
28.690439038886403
28.550072363126606
28.40947071410962
28.268639709306132
28.127585063150367
27.98631258292527
27.84482816453927
27.70313778819771
27.561247513972134
27.41916347727077
27.276891884213867
27.134439006917447
26.99181117868936
26.849014789141634
26.70605627922295
26.562942136175263
26.4196788884186
26.27627310036844
26.132731367190342
25.989060309496733
25.84526656799103
25.701356798064136
25.557337664348616
25.41321583523635
25.26899797736565
25.12469075008395
24.980300799892213
24.835834754877176
24.691299219137793
24.54670076721212
24.40204593851084
24.257341231763807
24.112593099485796
23.96780794246772
23.822992104299548
23.67815186593151
23.53329344028012
23.3884229668858
23.243546506628945
23.098670036511066
22.95379944450761
22.80894052449898
22.664098971286275
22.519280375698056
22.374490219794264
22.22973387217348
22.085016583389542
21.940343481483662
21.79571956763777
21.651149711954695
21.506638649370437
21.362190975703577
21.217811143846397
21.073503460102295
20.92927208067359
20.785121008303967
20.641054089079596
20.497075009392933
20.353187293072654
20.20939429868314
20.065699216996894
19.922105068642697
19.778614701932174
19.635230790867258
19.491955833330806
19.34879214946237
19.205741880221055
19.062806986137034
18.919989246252825
18.77729025725513
18.63471143279783
18.492254003016708
18.34991901423643
18.20770732887001
18.065619625510788
17.923656399216878
17.781817961987894
17.64010444343334
17.498515791631824
17.357051774180057
17.215711979430232
17.074495817914176
16.933402523952687
16.79243115744851
16.651580605861234
16.510849586361864
16.370236648164752
16.229740175034284
16.08935838796346
15.949089348021108
15.808930959364137
15.668880972411275
15.528936987174434
15.389096456743745
15.249356690922044
15.109714860004516
14.970167998699196
14.830713010183857
14.691346670294621
14.5520656318414
14.41286642904515
14.273745482091796
14.134699101797393
13.995723494379032
13.856814766325936
13.717968929365096
13.57918190551565
13.440449532226248
13.301767567589488
13.163131695627493
13.024537531642629
12.885980627627326
12.747456477726907
12.608960523749325
12.470488160715567
12.332034742444455
12.193595587165538
12.055165983153946
11.916741194381235
11.778316466176083
11.639887030888861
11.50144811355408
11.362994937544743
11.224522730212515
11.086026728507834
10.947502184574136
10.808944371310503
10.670348587897138
10.53171016527827
10.393024471597144
10.254286917577756
10.115492961847947
9.976638116198528
9.837717950773238
9.698728099184418
9.559664263549589
9.420522219444177
9.28129782076567
9.141987004504587
9.002585795417732
8.863090310599299
8.723496763945613
8.583801470509357
8.4440008507393
8.304091434601595
8.164069865578774
8.023932904542766
7.883677433498432
7.74330045919425
7.602799116596938
7.462170672226872
7.32141252735131
7.180522221032635
7.039497433029022
6.898335986545158
6.757035850830812
6.615595143625236
6.474012133445464
6.33228524171669
6.1904130447430035
6.048394275516919
5.906227825366371
5.763912745438011
5.621448248015794
5.4788337076739895
5.336068662263945
5.193152813734063
5.050086028782598
4.906868339343066
4.76349994290226
4.619981202651042
4.476312647468285
4.332494971738552
4.188529035004238
4.044415861453022
3.9001566392416644
3.755752719657301
3.611205616117536
3.4665170030107735
3.321688714378334
3.1767227424400035
3.031621235964814
2.886386498489003
2.7410209863832686
2.5955273067715465
2.4499082153036777
2.304166613784472
2.1583055476618034
2.012328203376511
1.8662379055769733
1.7200381142013046
1.573732421430214
1.4273245485136568
1.280818342474511
1.1342177726926095
0.9875269273725492
0.8407500098987948
0.6938913350816811
0.5469553252980115
0.39994650653002956
0.25286950430662947
0.10572903955074893
-0.04147007566304081
-0.1887229424366608
-0.33602457945821446
-0.4833699274890272
-0.6307538539237619
-0.778171157419283
-0.9256165725878855
-1.0730847747504588
-1.2205703847451066
-1.3680679737866972
-1.5155720683727627
-1.6630771552311314
-1.8105776863046414
-1.958068083768243
-2.105542745073763
-2.252996048017592
-2.400422355826542
-2.5478160222570843
-2.6951713967031883
-2.8424828293079734
-2.9897446760744284
-3.13695130397044
-3.284097096023358
-3.4311764563993132
-3.578183815462527
-3.7251136348098446
-3.871960412275766
-4.01871868690329
-4.165383043875886
-4.311948119405975
-4.45840860557531
-4.604759255122772
-4.750994886175153
-4.8971103869166095
-5.043100720192528
-5.188960928043608
-5.334686136165951
-5.480271558293
-5.6257125004952
-5.771004365393306
-5.91614265628137
-6.061122981155475
-6.205941056644376
-6.350592711838194
-6.4950738920114395
-6.639380662236767
-6.783509210885967
-6.927455853014727
-7.071217033627847
-7.2147893308216675
-7.358169458800591
-7.501354270764724
-7.644340761665876
-7.787126070829291
-7.929707484438584
-8.072082437881466
-8.214248517953958
-8.356203464920865
-8.497945174430368
-8.639471699280667
-8.780781251036728
-8.92187220149539
-9.062743083997283
-9.203392594584237
-9.34381959300106
-9.484023103540737
-9.62400231573235
-9.763756584871155
-9.903285432390344
-10.042588546074125
-10.181665780112038
-10.320517154994587
-10.459142857250425
-10.597543239025553
-10.735718817505058
-10.873670274178094
-11.011398453946995
-11.14890436408163
-11.28618917302019
-11.423254209017642
-11.560100958643192
-11.696731065128292
-11.833146326566949
-11.969348693970206
-12.105340269176896
-12.241123302623041
-12.376700190972546
-12.512073474611842
-12.647245835011267
-12.782220091956068
-12.916999200650102
-13.051586248695479
-13.185984452951494
-13.320197156276315
-13.454227824154962
-13.588080041217305
-13.72175750764992
-13.855264035505906
-13.988603544916723
-14.121780060210167
-14.254797705938582
-14.387660702821588
-14.520373363607643
-14.65294008885884
-14.78536536266351
-14.917653748281351
-15.04980988372587
-15.18183847728902
-15.313744303012882
-15.445532196113405
-15.577207048361188
-15.70877380342428
-15.840237452177762
-15.971603027984942
-16.10287560195498
-16.23406027818186
-16.365162188969666
-16.496186490049173
-16.627138355790823
-16.758022974419323
-16.888845543235057
-17.019611263847544
-17.150325337425876
-17.28099295997088
-17.411619317613848
-17.542209581946558
-17.672768905387407
-17.8033024165884
-17.93381521588763
-18.064312370811717
-18.19479891163267
-18.325279826983373
-18.455760059535972
-18.586244501747355
-18.716737991675554
-18.84724530887088
-18.977771170345534
-19.108320226625608
-19.238897057889034
-19.36950617019295
-19.50015199179387
-19.63083886956423
-19.761571065508406
-19.892352753381175
-20.02318801541134
-20.154080839133147
-20.285035114327943
-20.41605463007858
-20.54714307193891
-20.678304019220494
-20.809540942398375
-20.940857200637602
-21.07225603944216
-21.20374058842757
-21.335313859218736
-21.466978743474506
-21.598738011040503
-21.730594308231368
-21.862550156243408
-21.99460794969833
-22.12676995531852
-22.259038310734507
-22.391415023425434
-22.523901969793126
-22.656500894370378
-22.789213409163704
-22.92204099313069
-23.054984991791756
-23.188046616976166
-23.321226946701884
-23.454526925188773
-23.587947363004545
-23.7214889373427
-23.855152192431618
-23.98893754007382
-24.12284526031404
-24.25687550223468
-24.39102828487707
-24.525303498286508
-24.659700904678818
-24.79422013972611
-24.928860713959228
-25.063622014284213
-25.198503305610096
-25.33350373258505
-25.468622321437998
-25.603857981922737
-25.739209509361352
-25.874675586783518
-26.010254787158253
-26.145945575714475
-26.281746312346794
-26.417655254103092
-26.553670557750333
-26.689790282415057
-26.826012392294782
-26.962334759436654
-27.098755166579647
-27.23527131005667
-27.3718808027528
-27.508581177115673
-27.645369888214276
-27.78224431684231
-27.91920177266229
-28.0562394973864
-28.193354667990178
-28.33054439995516
-28.467805750536403
-28.605135722050736
-28.742531265181444
-28.879989282295416
-29.017506630768967
-29.155080126318612
-29.292706546333225
-29.430382633204008
-29.568105097648615
-29.70587062202555
-29.84367586363485
-29.98151745800113
-30.11939202213481
-30.25729615776732
-30.395226454556003
-30.533179493254558
-30.67115184884492
-30.80914009362639
-30.94714080025805
-31.085150544750615
-31.223165909403956
-31.361183485686734
-31.499199877054547
-31.637211701703375
-31.775215595255315
-31.913208213373746
-32.051186234305206
-32.18914636134561
-32.32708532522882
-32.46499988643596
-32.60288683742378
-32.74074300477049
-32.87856525123722
-33.016350477743245
-33.154095625253674
-33.29179767657861
-33.42945365808295
-33.5670606413057
-33.70461574448778
-33.84211613400747
-33.97955902572317
-34.11694168622312
-34.254261433981746
-34.391515640422476
-34.52870173088717
-34.6658171855123
-34.80285954001217
-34.939826386369496
-35.07671537343386
-35.21352420742894
-35.35025065236973
-35.486892530391195
-35.62344772198926
-35.7599141661752
-35.896289860544094
-36.032572861258465
-36.1687612829483
-36.30485329852865
-36.440847138936356
-36.5767410927877
-36.712533505958845
-36.84822278109095
-36.983807377021776
-37.11928580814549
-37.25465664370253
-37.38991850700128
-37.525070074574415
-37.660110075273025
-37.79503728930146
-37.92985054719597
-38.06454872874994
-38.19913076188831
-38.33359562149346
-38.46794232818493
-38.60216994705539
-38.73627758636499
-38.870264396196916
-39.004129567077
-39.137872328560924
-39.27149194779211
-39.40498772803327
-39.53835900717443
-39.67160515621979
-39.80472557775639
-39.93771970440756
-40.07058699727421
-40.20332694436687
-40.33593905903107
-40.46842287836868
-40.600777961657265
-40.73300388876962
-40.86510025859568
-40.997066687469136
-41.12890280760136
-41.26060826552513
-41.3921827205509
-41.52362584323797
-41.65493731388242
-41.78611682102329
-41.917164059968215
-42.0480787313392
-42.17886053963956
-42.309509191843105
-42.44002439600773
-42.57040585991483
-42.70065328973628
-42.83076638873085
-42.96074485597187
-43.09058838510781
-43.22029666315733
-43.349869369339885
-43.479306173942675
-43.60860673722401
-43.73777070835301
-43.86679772438576
-43.99568740927798
-44.1244393729347
-44.253053210297125
-44.381528500466615
-44.509864805866115
-44.63806167143893
-44.76611862388465
-44.89403517093165
-45.02181080064525
-45.14944498077056
-45.27693715810903
-45.404286757927814
-45.531493183401714
-45.65855581508776
-45.78547401043283
-45.91224710331448
-46.03887440361557
-46.16535519683338
-46.29168874372362
-46.41787427997979
-46.54391101594802
-46.66979813637709
-46.79553480020359
-46.921120140372004
-47.046553263689695
-47.171833250716354
-47.29695915568754
-47.42193000647176
-47.54674480455997
-47.671402525086016
-47.79590211687621
-47.920242502525916
-48.04442257850126
-48.16844121526423
-48.29229725741942
-48.41598952388131
-48.539516808060455
-48.66287787806755
-48.786071476934524
-48.90909632285252
-49.031951109426245
-49.154634505944045
-49.27714515766286
-49.39948168610732
-49.52164268938219
-49.64362674249719
-49.765432397703876
-49.88705818484391
-50.00850261170848
-50.12976416440887
-50.250841307758094
-50.37173248566319
-50.49243612152799
-50.61295061866633
-50.73327436072498
-50.85340571211498
-50.97334301844984
-51.09308460698912
-51.212628787086715
-51.331973850643294
-51.45111807256245
-51.57005971121009
-51.68879700887624
-51.80732819223875
-51.925651472828754
-52.04376504749769
-52.16166709888547
-52.27935579588951
-52.39682929413494
-52.514085736445914
-52.63112325331776
-52.74793996338963
-52.86453397391808
-52.980903381251956
-53.09704627130959
-53.21296072005942
-53.328644794005875
-53.44409655068194
-53.55931403915043
-53.674295300516185
-53.78903836845098
-53.90354126973251
-54.017802024798705
-54.13181864831859
-54.24558914978031
-54.359111534096776
-54.47238380222894
-54.585403951826784
-54.69816997788798
-54.810679873434204
-54.922931630205035
-55.03492323936895
-55.14665269225118
-55.258117981078115
-55.3693170997379
-55.480248044556916
-55.590908815091794
-55.70129741493663
-55.81141185254536
-55.92125014206927
-56.03081030420971
-56.140090367086444
-56.24908836712207
-56.357802349942816
-56.46623037129565
-56.57437049798166
-56.682220808805894
-56.78977939554319
-56.89704436391891
-57.004013834603725
-57.11068594422166
-57.217058846370335
-57.32313071265271
-57.42889973371895
-57.534364120317164
-57.639522104351684
-57.74437193994784
-57.84891190452255
-57.95314029985998
-58.0570554531911
-58.16065571827609
-58.26393947648786
-58.3669051378949
-58.46955114234159
-58.57187596052389
-58.67387809505802
-58.775556081538944
-58.87690848958592
-58.97793392387202
-59.07863102513422
-59.178998471160945
-59.27903497775409
-59.378739299663
-59.47811023148878
-59.57714660855728
-59.67584730775942
-59.77421124835731
-59.87223739275523
-59.96992474723461
-60.067272362652055
-60.164279335099614
-60.26094480652622
-60.3572679653196
-60.45324804684801
-60.548884333960665
-60.64417615744613
-60.73912289644826
-60.833723978839
-60.927978881547936
-61.02188713084811
-61.115448302597905
-61.20866202243908
-61.30152796595066
-61.394045858758794
-61.48621547660243
-61.578036645354665
-61.6695092409993
-61.760633189562405
-61.8514084669986
-61.941835099031685
-62.031913160949806
-62.12164277735487
-62.21102412186641
-62.30005741677993
-62.38874293267977
-62.4770809880064
-62.56507194857843
-62.65271622706958
-62.7400142824409
-62.82696661932791
-62.91357378738282
-62.999836380571786
-63.08575503642728
-63.17133043525515
-63.25656329929571
-63.34145439183842
-63.42600451628956
-63.51021451519264
-63.59408526920109
-63.67761769600352
-63.76081274920173
-63.84367141714145
-63.926194721696476
-64.00838371700715
-64.09023948817455
-64.17176314991238
-64.25295584515871
-64.33381874364946
-64.41435304045612
-64.4945599544902
-64.57444072697623
-64.65399661989434
-64.73322891439281
-64.81213890917073
-64.890727918831
-64.9689972722039
-65.04694831064174
-65.12458238628554
-65.20190086030354
-65.27890510110191
-65.35559648250737
-65.43197638192171
-65.5080461784494
-65.58380725099894
-65.65926097635898
-65.73440872725055
-65.80925187035703
-65.88379176433321
-65.95802975779523
-66.03196718729274
-66.10560537526547
-66.17894562798736
-66.25198923350129
-66.32473745954772
-66.3971915514908
-66.46935273024545
-66.54122219020874
-66.61280109719965
-66.68409058641035
-66.75509176037295
-66.82580568694462
-66.89623339731523
-66.96637588404113
-67.03623409910827
-67.10580895202796
-67.1751013079676
-67.24411198591841
-67.31284175690135
-67.3812913422129
-67.44946141171252
-67.5173525821539
-67.58496541556227
-67.65230041766088
-67.71935803635088
-67.78613866024844
-67.8526426172838
-67.91887017336731
-67.98482153112744
-68.05049682872621
-68.11589613875722
-68.18101946723121
-68.2458667526544
-68.31043786520482
-68.37473260601135
-68.43875070653942
-68.50249182808719
-68.56595556139487
-68.62914142636967
-68.69204887192737
-68.75467727595222
-68.81702594537606
-68.87909411637727
-68.94088095470002
-69.00238555609374
-69.06360694687206
-69.12454408458976
-69.18519585883647
-69.24556109214555
-69.30563854101698
-69.36542689705314
-69.42492478820682
-69.48413078014099
-69.54304337770034
-69.60166102649387
-69.6599821145875
-69.71800497430618
-69.77572788414457
-69.83314907078582
-69.89026671122738
-69.94707893501223
-70.0035838265633
-70.05977942761913
-70.11566373976817
-70.17123472707866
-70.2264903188208
-70.28142841227796
-70.33604687564369
-70.39034355100094
-70.44431625737948
-70.49796279388661
-70.55128094290629
-70.60426847336103
-70.65692314403034
-70.70924270691901
-70.76122491066909
-70.81286750400946
-70.86416823923676
-70.91512487572166
-70.96573518343465
-71.0159969464851
-71.06590796666754
-71.11546606700884
-71.16466909531064
-71.21351492768102
-71.26200147204977
-71.31012667166183
-71.35788850854331
-71.4052850069352
-71.45231423668955
-71.49897431662308
-71.5452634178229
-71.59117976689836
-71.63672164917332
-71.68188741181294
-71.72667546687981
-71.77108429431397
-71.81511244483093
-71.85875854273186
-71.90202128861964
-71.94489946201557
-71.98739192387237
-72.02949761897949
-72.07121557825681
-72.11254492093227
-72.15348485660027
-72.19403468715771
-72.23419380861483
-72.27396171277897
-72.31333798880829
-72.35232232463264
-72.39091450823915
-72.42911442882078
-72.46692207778702
-72.50433754963584
-72.54136104268665
-72.57799285967386
-72.61423340820093
-72.6500832010544
-72.68554285637734
-72.720613097702
-72.75529475384158
-72.78958875864137
-72.82349615058948
-72.85701807228762
-72.89015576978298
-72.92291059176264
-72.95528398861202
-72.98727751133961
-73.01889281037009
-73.05013163420827
-73.0809958279772
-73.11148733183373
-73.14160817926418
-73.17136049526314
-73.20074649439883
-73.22976847876888
-73.25842883585076
-73.28673003625082
-73.3146746313561
-73.34226525089369
-73.36950460040126
-73.39639545861306
-73.42294067476556
-73.44914316582677
-73.47500591365306
-73.5005319620773
-73.5257244139323
-73.55058642801421
-73.57512121599089
-73.59933203926064
-73.62322220576746
-73.6467950667782
-73.67005401362829
-73.69300247444235
-73.7156439108359
-73.73798181460407
-73.76001970440339
-73.78176112243196
-73.80320963111322
-73.82436880978858
-73.84524225142391
-73.8658335593341
-73.88614634392891
-73.90618421948264
-73.92595080093034
-73.94544970069208
-73.96468452552645
-73.9836588734145
-74.00237633047462
-74.02084046790802
-74.03905483897498
-74.05702297600251
-74.07474838742397
-74.09223455485122
-74.10948493018
-74.12650293272921
-74.14329194641405
-74.15985531695233
-74.17619634910275
-74.1923183039344
-74.20822439612598
-74.22391779129364
-74.23940160334624
-74.2546788918668
-74.26975265951936
-74.28462584948116
-74.29930134290115
-74.3137819563855
-74.32807043951121
-74.34216947236874
-74.35608166313537
-74.36980954568142
-74.3833555772118
-74.39672213594568
-74.40991151883682
-74.4229259393376
-74.43576752520963
-74.44843831638471
-74.4609402628802
-74.4732752227724
-74.48544496023229
-74.49745114362818
-74.50929534369985
-74.5209790318078
-74.53250357826212
-74.54387025073518
-74.55508021276276
-74.56613452233822
-74.5770341306044
-74.58777988064858
-74.59837250640524
-74.60881263167053
-74.619100769232
-74.62923732011726
-74.63922257296477
-74.64905670352007
-74.65873977426045
-74.66827173415109
-74.67765241853581
-74.68688154916484
-74.69595873436114
-74.70488346932618
-74.71365513658586
-74.72227300657786
-74.7307362383809
-74.7390438805871
-74.74719487231866
-74.7551880443884
-74.76302212060361
-74.77069571921194
-74.77820735448844
-74.7855554384615
-74.79273828277607
-74.79975410069241
-74.80660100921827
-74.81327703137262
-74.819780098579
-74.82610805318629
-74.83225865111464
-74.83822956462447
-74.84401838520577
-74.84962262658573
-74.85503972785224
-74.86026705669073
-74.8653019127307
-74.87014153099821
-74.87478308547068
-74.87922369273068
-74.88346041571461
-74.88749026755275
-74.89131021549636
-74.89491718492755
-74.89830806344676
-74.90147970503224
-74.9044289342651
-74.907152550613
-74.90964733276556
-74.9119100430145
-74.91393743167194
-74.91572624151948
-74.91727321228203
-74.91857508512047
-74.91962860713762
-74.92043053589192
-74.92097764391339
-74.92126672321616
-74.92129458980152
-74.9210580881453
-74.92055409566434
-74.91977952715582
-74.91873133920434
-74.9174065345518
-74.9158021664257
-74.91391534282106
-74.91174323073155
-74.90928306032505
-74.9065321290583
-74.90348780572562
-74.90014753443747
-74.8965088385254
-74.89256932437014
-74.88832668514898
-74.88377870449825
-74.87892326008536
-74.87375832708507
-74.86828198155412
-74.8624924036982
-74.85638788102547
-74.84996681138087
-74.84322770585557
-74.83616919156596
-74.82879001429622
-74.82108904099933
-74.8130652621522
-74.80471779396062
-74.79604588041055
-74.78704889516276
-74.77772634328876
-74.76807786284594
-74.75810322629032
-74.74780234172597
-74.73717525399088
-74.72622214557914
-74.71494333740016
-74.70333928937573
-74.69141060087675
-74.67915801100135
-74.66658239869624
-74.65368478272303
-74.64046632147195
-74.6269283126256
-74.61307219267526
-74.59889953629245
-74.58441205555876
-74.56961159905764
-74.5545001508312
-74.53907982920573
-74.52335288549018
-74.50732170255209
-74.4909887932754
-74.47435679890431
-74.45742848727618
-74.44020675094659
-74.42269460520914
-74.40489518601306
-74.38681174778198
-74.36844766113713
-74.34980641052779
-74.33089159177247
-74.31170690951411
-74.29225617459305
-74.27254330134066
-74.25257230479725
-74.23234729785737
-74.21187248834566
-74.19115217602679
-74.17019074955296
-74.14899268335252
-74.12756253446334
-74.10590493931421
-74.08402461045695
-74.06192633325135
-74.03961496250544
-74.01709541907327
-73.99437268641272
-73.9714518071054
-73.94833787934137
-73.92503605337096
-73.90155152792705
-73.87788954662064
-73.85405539431225
-73.83005439346165
-73.80589190045863
-73.7815733019378
-73.75710401107996
-73.73248946390324
-73.70773511554775
-73.68284643655751
-73.65782890916275
-73.6326880235663
-73.60742927423793
-73.58205815621945
-73.55658016144459
-73.53100077507658
-73.5053254718655
-73.47955971252749
-73.45370894014731
-73.42777857660623
-73.40177401903772
-73.37570063631394
-73.3495637655666
-73.3233687087452
-73.29712072921622
-73.27082504840668
-73.2444868424957
-73.21811123915758
-73.19170331435966
-73.16526808921857
-73.13881052691887
-73.11233552969794
-73.08584793590002
-73.05935251710106
-73.03285397530648
-73.00635694022311
-72.9798659666068
-72.95338553168644
-72.92692003266531
-72.90047378430019
-72.87405101655874
-72.84765587235508
-72.82129240536302
-72.79496457790619
-72.76867625892403
-72.74243122201365
-72.7162331435472
-72.6900856008652
-72.6639920705464
-72.6379559267552
-72.61198043966779
-72.58606877397786
-72.56022398748367
-72.53444902975794
-72.50874674090115
-72.48311985037886
-72.45757097594306
-72.43210262263626
-72.40671718187703
-72.38141693062546
-72.35620403062701
-72.33108052773203
-72.3060483512888
-72.28110931360727
-72.25626510949026
-72.23151731582875
-72.20686739125786
-72.18231667586981
-72.15786639098151
-72.13351763895464
-72.10927140306781
-72.08512854743977
-72.06108981700386
-72.03715583753372
-72.01332711572007
-71.9896040392992
-71.96598687723332
-71.94247577994366
-71.91907077959644
-71.89577179044255
-71.87257860921153
-71.84949091556058
-71.82650827258016
-71.80363012735774
-71.78085581160207
-71.75818454233053
-71.7356154226224
-71.71314744244108
-71.69077947952843
-71.66851030037407
-71.64633856126233
-71.62426280939968
-71.60228148412529
-71.58039291820734
-71.55859533922825
-71.53688687106154
-71.51526553544358
-71.4937292536427
-71.47227584822798
-71.45090304493925
-71.42960847465923
-71.40838967548831
-71.38724409492187
-71.3661690921304
-71.34516194034273
-71.32421982933164
-71.30333986799991
-71.28251908706437
-71.26175444183463
-71.24104281508221
-71.22038101999613
-71.19976580321975
-71.17919384796403
-71.15866177719238
-71.13816615687256
-71.11770349929066
-71.09727026642156
-71.07686287335002
-71.05647769173572
-71.0361110533155
-71.01575925343604
-70.9954185546103
-70.97508519009125
-70.9547553674571
-70.93442527220134
-70.91409107132245
-70.89374891690727
-70.87339494970217
-70.85302530266608
-70.8326361044999
-70.81222348314725
-70.79178356926195
-70.77131249963747
-70.75080642059379
-70.7302614913176
-70.70967388715212
-70.68903980283278
-70.66835545566539
-70.64761708864285
-70.6268209734975
-70.60596341368716
-70.58504074731252
-70.56404934996431
-70.54298563749933
-70.52184606874482
-70.50062714813077
-70.47932542824935
-70.45793751234066
-70.43646005670439
-70.4148897730372
-70.3932234306958
-70.37145785888595
-70.34958994877798
-70.32761665554938
-70.30553500035523
-70.28334207222758
-70.26103502990509
-70.23861110359462
-70.21606759666713
-70.19340188729029
-70.17061143000103
-70.14769375722096
-70.12464648071773
-70.10146729301471
-70.07815396875185
-70.05470436600001
-70.03111642753095
-70.00738818204468
-69.98351774535547
-69.95950332153757
-69.9353432040325
-69.91103577671981
-69.88657951495316
-69.8619729865643
-69.83721485283763
-69.81230386945754
-69.78723888743059
-69.76201885398416
-69.73664281344259
-69.71110990808211
-69.68541937896532
-69.65957056675575
-69.63356291251296
-69.60739595846871
-69.58106934878413
-69.5545828302877
-69.52793625319316
-69.50112957179601
-69.47416284514827
-69.44703623771022
-69.41975001997821
-69.39230456908683
-69.36470036938306
-69.33693801296977
-69.30901820021597
-69.28094174023147
-69.25270955130293
-69.22432266128794
-69.19578220796342
-69.16708943932491
-69.13824571383333
-69.10925250060524
-69.08011137954253
-69.05082404139688
-69.0213922877644
-68.99181803100561
-68.9621032940849
-68.93225021032339
-68.90226102305797
-68.87213808519897
-68.84188385867907
-68.81150091378646
-68.78099192837516
-68.7503596869463
-68.71960707959505
-68.68873710081772
-68.65775284817317
-68.62665752079357
-68.5954544177402
-68.56414693620121
-68.5327385695287
-68.501232905113
-68.4696336220922
-68.43794448889588
-68.40616936062275
-68.37431217625368
-68.34237695570238
-68.31036779670711
-68.27828887156653
-68.24614442372257
-68.21393876419398
-68.18167626786516
-68.14936136963529
-68.1169985604336
-68.08459238310597
-68.05214742817843
-68.01966832950431
-67.98715975980205
-67.95462642609145
-67.92207306503671
-67.88950443820447
-67.85692532724481
-67.82434052900423
-67.79175485057912
-67.7591731043181
-67.72660010278143
-67.69404065366648
-67.66149955470762
-67.62898158856039
-67.59649151767933
-67.5640340791986
-67.53161397982494
-67.49923589075244
-67.46690444260939
-67.43462422044665
-67.40239975877766
-67.37023553667966
-67.33813597296584
-67.30610542143795
-67.27414816622813
-67.2422684172381
-67.21047030568234
-67.17875787974224
-67.14713510033737
-67.1156058370198
-67.0841738639973
-67.05284285629021
-67.02161638602603
-66.99049791887545
-66.95949081063348
-66.92859830394853
-66.89782352520238
-66.86716948154343
-66.83663905807553
-66.80623501520505
-66.77595998614775
-66.74581647459796
-66.71580685256127
-66.68593335835293
-66.6561980947631
-66.62660302738969
-66.59714998313835
-66.56784064888903
-66.53867657032764
-66.50965915094035
-66.48078965116825
-66.45206918771952
-66.42349873303611
-66.39507911491249
-66.36681101626333
-66.33869497503711
-66.31073138427278
-66.2829204922965
-66.25526240305588
-66.22775707658899
-66.20040432962502
-66.17320383631316
-66.14615512907561
-66.11925759958125
-66.09251049983719
-66.06591294339499
-66.03946390666748
-66.01316223035268
-65.98700662096074
-65.9609956524399
-65.93512776789792
-65.90940128141538
-65.88381437994757
-65.85836512531203
-65.8330514562591
-65.807871190623
-65.7828220275512
-65.75790154980949
-65.73310722616075
-65.7084364138161
-65.68388636095709
-65.65945420932825
-65.63513699689894
-65.610931660594
-65.58683503909275
-65.5628438756954
-65.53895482125743
-65.51516443719116
-65.49146919853443
-65.46786549708496
-65.44434964459889
-65.42091787605146
-65.39756635295701
-65.37429116674501
-65.35108834218907
-65.3279538408867
-65.30488356478769
-65.28187335976945
-65.25891901925779
-65.23601628789127
-65.21316086522783
-65.1903484094917
-65.16757454135949
-65.14483484778457
-65.12212488585872
-65.09944018670937
-65.07677625943062
-65.05412859504575
-65.03149267049893
-65.0088639526737
-64.98623790243606
-64.96360997869873
-64.94097564250323
-64.91833036111625
-64.89566961213716
-64.87298888761363
-64.85028369816153
-64.82754957708543
-64.80478208449647
-64.7819768114238
-64.75912938391598
-64.73623546712808
-64.7132907693916
-64.69029104626337
-64.66723210454977
-64.64410980630292
-64.6209200727851
-64.59765888839699
-64.57432230456526
-64.55090644358454
-64.52740750240967
-64.50382175639338
-64.48014556296492
-64.45637536524616
-64.43250769560085
-64.40853917911294
-64.38446653699047
-64.3602865898918
-64.33599626116994
-64.31159258003076
-64.28707268460043
-64.26243382489695
-64.2376733657005
-64.21278878931712
-64.18777769823014
-64.16263781763512
-64.13736699785412
-64.11196321662518
-64.08642458126266
-64.06074933068422
-64.03493583730082
-64.00898260876576
-63.98288828957832
-63.95665166253739
-63.93027165004069
-63.903747315225566
-63.87707786294741
-63.850262640591815
-63.82330113871806
-63.796192991532145
-63.76893797718848
-63.74153601791952
-63.713987179993104
-63.68629167349807
-63.658449851958814
-63.6304622117792
-63.60232939151613
-63.57405217098361
-63.545631470188745
-63.51706834810168
-63.48836400126218
-63.45951976222589
-63.430537097853666
-63.401417607447264
-63.372163020734526
-63.34277519570768
-63.313256116318634
-63.28360789003589
-63.253832745267836
-63.22393302865684
-63.19391120224864
-63.16376984054196
-63.13351162742336
-63.103139352992486
-63.07265591028229
-63.04206429187897
-63.011367586446255
-62.980568975158775
-62.949671728049765
-62.91867920027849
-62.887594828323216
-62.85642212610614
-62.825164681056634
-62.79382615011937
-62.76241025571355
-62.7309207816493
-62.69936156900738
-62.66773651198807
-62.636049553735035
-62.60430468213892
-62.57250592562522
-62.54065734893109
-62.50876304887501
-62.47682715012334
-62.444853800957475
-62.41284716904508
-62.38081143721931
-62.34875079926982
-62.31666945574895
-62.28457160979647
-62.2524614629867
-62.22034321120137
-62.1882210405316
-62.15609912321233
-62.12398161359229
-62.09187264414308
-62.05977632151021
-62.02769672260902
-61.99563789076777
-61.96360383192044
-61.93159851085173
-61.89962584749682
-61.86768971329852
-61.83579392762422
-61.80394225424553
-61.77213839788337
-61.74038600082193
-61.70868863959484
-61.67704982174749
-61.64547298267908
-61.6139614825677
-61.58251860338086
-61.55114754597443
-61.51985142728242
-61.48863327759986
-61.45749603796068
-61.42644255761232
-61.39547559158862
-61.36459779838199
-61.333811737715195
-61.30311986841244
-61.272524546369446
-61.242028022622456
-61.21163244151571
-61.18133983896674
-61.15115214082905
-61.12107116135197
-61.09109860173802
-61.06123604879755
-61.03148497370082
-61.00184673082767
-60.97232255671539
-60.94291356910579
-60.913620766092514
-60.884445025369494
-60.85538710358124
-60.82644763577624
-60.79762713496452
-60.76892599178054
-60.74034447425233
-60.71188272767832
-60.68354077461307
-60.65531851496328
-60.62721572619514
-60.59923206365388
-60.57136706099637
-60.5436201307377
-60.51599056491212
-60.48847753584911
-60.46108009706469
-60.433797184267995
-60.406627616482375
-60.37957009727986
-60.35262321612773
-60.32578544984553
-60.29905516417076
-60.272430615431425
-60.245909952323665
-60.21949121779223
-60.19317235101149
-60.16695118946458
-60.14082547111857
-60.11479283669379
-60.088850832025194
-60.06299691051387
-60.03722843566654
-60.011542683720755
-59.985936846353376
-59.960408033470195
-59.93495327607396
-59.90956952920819
-59.8842536749739
-59.85900252561631
-59.83381282667849
-59.808681260218826
-59.78360444808927
-59.75857895527147
-59.733601293267746
-59.70866792354379
-59.6837752610198
-59.65891967760691
-59.63409750578611
-59.60930504222696
-59.584538551443664
-59.55979426948576
-59.53506840766058
-59.51035715628446
-59.48565668845904
-59.460963163868676
-59.43627273259485
-59.411581538943516
-59.38688572528135
-59.36218143587691
-59.337464820742376
-59.31273203947219
-59.2879792650747
-59.26320268779275
-59.238398518909
-59.21356299453199
-59.188692379358564
-59.16378297040924
-59.138831100733135
-59.1138331430794
-59.08878551353197
-59.06368467510432
-59.03852714129058
-59.013309479569
-58.98802831485416
-58.9626803328937
-58.93726228360579
-58.91177098435334
-58.886203323151065
-58.86055626180162
-58.83482683895649
-58.80901217309771
-58.78310946543645
-58.757116002724516
-58.73102915997568
-58.70484640309378
-58.67856529140472
-58.65218348009013
-58.62569872252068
-58.599108872487434
-58.57241188632993
-58.54560582496033
-58.51868885578274
-58.491659254506956
-58.46451540685639
-58.43725581017016
-58.40987907489922
-58.382383925997104
-58.35476920420537
-58.327033867234334
-58.299176990839
-58.27119776979073
-58.24309551874502
-58.21486967300548
-58.18651978918406
-58.158045545757616
-58.12944674352072
-58.10072330593506
-58.071875279376016
-58.0429028332767
-58.013806260170284
-57.98458597563099
-57.95524251811425
-57.92577654869679
-57.89618885071771
-57.866480329320794
-57.836652010898504
-57.80670504243837
-57.776640690772936
-57.74646034173442
-57.71616549921477
-57.68575778413192
-57.65523893330261
-57.62461079822192
-57.59387534374919
-57.563034646699705
-57.53209089434172
-57.50104638279869
-57.46990351535716
-57.43866480068074
-57.407332850930814
-57.375910379794405
-57.34440020042014
-57.31280522326274
-57.281128453836814
-57.24937299038062
-57.217542021430134
-57.185638823303705
-57.15366675749762
-57.121629267992674
-57.08952987847245
-57.05737218945383
-57.025159875330374
-56.99289668132907
-56.96058642038123
-56.92823296990851
-56.895840268525674
-56.86341231266239
-56.83095315310585
-56.798466891466724
-56.765957676570686
-56.733429700778466
-56.70088719623727
-56.66833443106703
-56.63577570548518
-56.603215347874034
-56.57065771079528
-56.53810716695609
-56.50556810513081
-56.47304492604241
-56.440542038207305
-56.40806385374754
-56.37561478417417
-56.34319923614573
-56.310821607206215
-56.27848628150702
-56.24619762551766
-56.21395998372993
-56.18177767436004
-56.14965498505337
-56.117596168596386
-56.085605438640194
-56.053686965440086
-56.02184487161595
-55.99008322793845
-55.95840604914611
-55.926817289798244
-55.89532084016924
-55.86392052218992
-55.83262008544188
-55.801423203210796
-55.77033346860458
-55.73935439074217
-55.708489391018425
-55.67774179945048
-55.647114851110366
-55.61661168264852
-55.58623532891284
-55.55598871966777
-55.52587467641781
-55.49589590933949
-55.46605501432544
-55.43635447014356
-55.406796635714166
-55.37738374750763
-55.348117917065004
-55.31900112864367
-55.290035236990214
-55.26122196524222
-55.232562902960645
-55.20405950429359
-55.17571308627215
-55.14752482723947
-55.119495765413895
-55.09162679758658
-55.06391867795464
-55.036372017090635
-55.00898728104921
-54.98176479061153
-54.95470472066848
-54.92780709974364
-54.901071809657374
-54.87449858533291
-54.84808701474453
-54.821836539008366
-54.79574645261568
-54.76981590380848
-54.74404389509709
-54.718429283919306
-54.6929707834409
-54.66766696349708
-54.64251625167395
-54.617516934528396
-54.592667158944494
-54.56796493362435
-54.5434081307111
-54.51899448754153
-54.494721608525765
-54.47058696715095
-54.44658790810627
-54.422721649526125
-54.39898528534877
-54.37537578778756
-54.351890009912665
-54.32852468834125
-54.305276446033645
-54.28214179519307
-54.259117140266596
-54.23619878104478
-54.21338291585755
-54.19066564486411
-54.168042973433955
-54.14551081561626
-54.12306499769454
-54.10070126182359
-54.07841526974556
-54.05620260658202
-54.0340587846992
-54.01197924764398
-53.98995937414787
-53.9679944821969
-53.94607983316547
-53.924210636012106
-53.902382051534744
-53.88058919668322
-53.85882714892659
-53.8370909506728
-53.815375613737956
-53.79367612386244
-53.77198744527067
-53.75030452527136
-53.728622298894834
-53.70693569356371
-53.68523963379346
-53.66352904591912
-53.64179886284444
-53.6200440288095
-53.59825950417263
-53.5764402702024
-53.55458133387509
-53.53267773267265
-53.51072453937593
-53.48871686684771
-53.46664987280036
-53.44451876454309
-53.42231880370389
-53.40004531092109
-53.3776936704993
-53.35525933502436
-53.332737829932
-53.31012475802498
-53.2874158039333
-53.26460673851267
-53.24169342317629
-53.2186718141553
-53.19553796668339
-53.17228803910069
-53.14891829687275
-53.12542511652049
-53.10180498945715
-53.078054525727964
-53.05417045764858
-53.03014964333846
-53.00598907014535
-52.981685857957075
-52.957237262396575
-52.93264067789568
-52.907893640643294
-52.882993831403724
-52.85793907820107
-52.83272735886555
-52.80735680343758
-52.781825696425294
-52.756132478911404
-52.73027575050536
-52.70425427113718
-52.67806696268911
-52.65171291046152
-52.62519136446945
-52.598501740566284
-52.57164362139138
-52.54461675713838
-52.51742106614085
-52.490056635272076
-52.462523720156064
-52.43482274518674
-52.40695430335244
-52.37891915586311
-52.350718231578064
-52.32235262623265
-52.2938236014624
-52.26513258362359
-52.23628116240996
-52.207271089265525
-52.17810427559419
-52.148782790766795
-52.11930885992631
-52.089684861592154
-52.059913325064876
-52.02999692763273
-51.99993849158181
-51.96974098101179
-51.93940749845989
-51.908941281336006
-51.878345698172375
-51.84762424469198
-51.81678053970051
-51.7858183208076
-51.75474143998314
-51.72355385895508
-51.69225964445547
-51.66086296332167
-51.62936807745955
-51.597779338675984
-51.566101183388064
-51.53433812721675
-51.502494759472185
-51.47057573753777
-51.43858578116031
-51.4065296666535
-51.374412221021416
-51.34223831600882
-51.31001286208503
-51.277740802368484
-51.245427106499434
-51.21307676446831
-51.18069478040705
-51.14828616635104
-51.115855935979525
-51.083409098342074
-51.05095065157842
-51.01848557663912
-50.98601883101496
-50.953555342483284
-50.92110000287987
-50.888657661904446
-50.85623312096833
-50.82383112709225
-50.791456366862676
-50.759113460454714
-50.72680695572949
-50.694541322413144
-50.662320946364886
-50.63015012394156
-50.59803305646584
-50.56597384480487
-50.53397648406654
-50.50204485842066
-50.470182736052195
-50.438393764253064
-50.406681464659
-50.37504922863762
-50.34350031283337
-50.31203783487517
-50.280664769252255
-50.249383943363725
-50.218198033747214
-50.18710956249207
-50.15612089384261
-50.125234230996895
-50.09445161310559
-50.06377491247575
-50.03320583198392
-50.0027459027027
-49.97239648174461
-49.94215875032664
-49.91203371205914
-49.88202219146261
-49.852124832715376
-49.82234209863445
-49.79267426989104
-49.763121444462044
-49.73368353731824
-49.70436028034963
-49.675151222528584
-49.646055730310806
-49.617072988273705
-49.588201999991995
-49.55944158915047
-49.530790400893
-49.50224690340626
-49.473809389735706
-49.44547597983158
-49.41724462282239
-49.38911309951303
-49.36107902510427
-49.33313985212997
-49.305292873608416
-49.27753522640345
-49.249863894791396
-49.22227571422983
-49.1947673753235
-49.16733542798219
-49.13997628576491
-49.11268623040409
-49.08546141650235
-49.0582978763944
-49.0311915251663
-49.004138165824465
