-5.01845801053768
-4.895679318741416
-4.771824611827953
-4.646902276509323
-4.520921225328838
-4.3938908918180095
-4.2658212251627665
-4.13672268438417
-4.006606232039351
-3.8754833274489338
-3.7433659194577307
-3.6102664387360406
-3.4761977896293703
-3.341173341564878
-3.2052069200233384
-3.068312797085868
-2.9305056815651236
-2.791800708731117
-2.6522134296422273
-2.511759800092381
-2.3704561691857675
-2.228319267550797
-2.085366195205383
-1.9416144090859924
-1.797081710253235
-1.651786230787071
-1.5057464203850368
-1.3589810326771916
-1.2115091112717615
-1.063349975545721
-0.9145232061947726
-0.7650486305574017
-0.6149463077278786
-0.464236513473256
-0.31293972496956435
-0.16107660537253193
-0.008667988238266951
0.14426513819056583
0.297701646817467
0.4516202876280629
0.6059997037136077
0.7608184473663135
0.9160549962307972
1.071687769495949
1.227695144111558
1.3840554710140756
1.5407470913459689
1.6977483526532093
1.855037625045552
2.0125933173043826
2.1703938929230326
2.3284178860646185
2.48664391742261
2.6450507099695213
2.803617104579332
2.9623220755094493
3.1211447457282504
3.280064402074472
3.4390605102349663
3.5981127295275854
3.757200927476188
3.9163051941650315
4.075405856360087
4.234483491385073
4.393518940740285
4.552493323452548
4.711388049144983
4.870184830815558
5.028865697313789
5.187413005505304
5.34580945211438
5.504038085234874
5.662082315500349
5.819925926904554
5.9775530872637725
6.134948358312984
6.292096705428145
6.448983506967319
6.605594563223722
6.761916104984127
6.917934801686504
7.073637769171211
7.229012577020525
7.384047255481717
7.538730301969358
7.693050687142922
7.846997860556193
8.000561755875376
8.153732795663254
8.306501895727267
8.458860469029668
8.610800429158306
8.762314193356975
8.913394685114707
9.06403533631382
9.214230088936779
9.363973396332424
9.513260224042524
9.662086050189956
9.810446865430137
9.958339172467717
10.105759985140864
10.252706827075729
10.399177729913989
10.545171231116784
10.690686371348807
10.835722691446666
10.980280228975833
11.124359514380902
11.267961566734277
11.411087889088583
11.553740463438393
11.695921745297218
11.837634657895968
11.978882586009298
12.119669369416492
12.259999296003649
12.399877094514219
12.539307926955155
12.678297380666246
12.816851460060414
12.954976578042956
13.092679547117807
13.229967570189228
13.36684823106752
13.50332948468771
13.639419647050259
13.775127384893024
13.910461705103856
14.045431943883457
14.180047755668326
14.314319101823969
14.44825623911868
14.581869707988334
14.715170320602754
14.84816914874442
14.980877511510617
15.113306962850178
15.245469278946135
15.377376445455742
15.509040644619452
15.640474242250482
15.771689774616666
15.902699935226371
16.033517561530395
16.164155621551835
16.294627200456027
16.424945487072655
16.555123760382138
16.685175375978467
16.815113752520666
16.94495235818489
17.07470469712923
17.204384295983356
17.33400469037502
17.463579411505602
17.59312197278643
17.72264585654764
17.852164500831133
17.98169128627923
18.11123952313035
18.24082243833287
18.37045316278798
18.5001447187326
18.629910007273054
18.75976179608027
18.889712707256994
19.019775205387536
19.149961585780293
19.28028396291325
19.41075425909239
19.54138419333282
19.67218527047226
19.803168770526558
19.93434573829709
20.065726973239528
20.19732301960324
20.329144156850568
20.461200390364986
20.593501442456876
20.72605674367535
20.858875424434142
20.991966306959295
21.125337897566038
21.25899837927194
21.392955604753052
21.52721708964945
21.661790006226436
21.796681177397133
21.93189707111206
22.067443795121093
22.2033270921127
22.339552335235012
22.4761245240028
22.613048280593958
22.750327846538557
22.887967079803264
23.025969452273603
23.164338047635983
23.303075559661114
23.442184290890214
23.581666151725063
23.721522659922634
23.86175494049467
24.00236372601227
24.143349357315195
24.28471178462498
24.42645056906067
24.568564884555624
24.71105352017315
24.8539148828182
24.99714700034181
25.140747525034353
25.284713737503377
25.429042550931225
25.573730515707553
25.718773824431423
25.86416831727712
26.00990948771772
26.15599248860019
26.302412138565074
26.449162928803503
26.596239030143725
26.74363430045904
26.891342292388604
27.03935626136226
27.187669173919975
27.336273716316104
27.485162303398372
27.634327087750883
27.78375996909009
27.933452603902545
28.083396415313082
28.2335826031723
28.38400215435187
28.53464585323608
28.685504292397592
28.836567883445053
28.98782686802998
29.139271328999722
29.290891201682864
29.442676285293555
29.594616254441245
29.74670067073215
29.898918994448632
30.051260596292664
30.203714769179115
30.356270740064602
30.50891768179754
30.661644724974636
30.814440969788862
30.967295497854067
31.12019738399134
31.273135707962567
31.42609956613676
31.579078083074638
31.73206042301702
31.885035801262593
32.03799349542048
32.190922856523194
32.34381331998542
32.49665441639436
32.64943578211744
32.802147169713656
32.9547784581349
33.10731966270466
33.25976094486136
33.412092621654175
33.564305174979175
33.71638926054421
33.868335716551165
34.020135572084335
34.1717800551942
34.323260600666025
34.47456885746316
34.625696695835806
34.77663621408703
34.92737974498823
35.077919861837074
35.22824938415141
35.378361382993376
35.52824918591841
35.677906381544716
35.82732682373958
35.976504635420014
36.125434211965825
36.27411022424408
36.42252762124443
36.57068163232529
36.718567769071456
36.86618182676426
37.01351988546634
37.160578310723515
37.30735375388702
37.4538431520598
37.600043727671284
37.745952987685634
37.8915687224492
38.036889004184026
38.18191218513429
38.32663689537336
38.471062040279755
38.61518679769066
38.759010614742785
38.902533204410226
39.045754541749695
39.18867485986338
39.33129464558969
39.47361463493256
39.6156358082407
39.75735938514906
39.898786819294784
40.0399197928201
40.18076021067451
40.321310194728696
40.461572077712546
40.6015483969898
40.74124188818233
40.88065547865726
41.01979228089003
41.158655585715785
41.29724885548108
41.435575717107376
41.5736399550783
41.711445504362864
41.84899644328652
41.9862969863617
42.12335147708961
42.260164380744634
42.39674027715301
42.533083853476846
42.66919989701466
42.805093288029234
42.94076899261352
43.076232055604855
43.211487593557536
43.34654078778391
43.48139687747357
43.616061152899476
43.750538948719566
43.8848356373818
44.01895662263951
44.1529073331842
44.286693216402114
44.42031973226051
44.55379234732965
44.68711652894598
44.820297739521266
44.95334143100155
45.08625303947957
45.21903797996482
45.35170164131478
45.484249381331104
45.61668652202355
45.7490183450446
45.8812500872968
46.013386936715456
46.14543402822881
46.27739643989816
46.40927918923996
46.54108722973144
46.67282544750072
46.80449865820163
46.93611160407358
47.067668951186604
47.19917528687132
47.33063511733339
47.46205286545201
47.593432868761695
47.7247793776158
47.856096553530406
47.98738846770665
48.118659099729726
48.24991233644148
48.381151970983026
48.512381702003395
48.64360513303042
48.77482577199943
48.90604703093551
49.03727222578495
49.16850457639136
49.29974720661172
49.43100314456685
49.562275323021105
49.693566579886486
49.824879658846235
49.956217210092596
50.08758179117378
50.21897586794508
50.3504018156187
50.481861919907395
50.61335837825791
50.74489330116998
50.876468713596154
51.008086556417226
51.13974868798849
51.27145688575226
51.4032128479121
51.535018195164156
51.666874472481624
51.79878315094905
51.93074562964287
52.062763237555174
52.1948372355574
52.326968818400566
52.459159116748516
52.59140919924105
52.72372007458447
52.856092693667314
52.988527951698906
53.121026690368105
53.25358970001978
53.38621772184738
53.518911450099985
53.651671534302785
53.784498581489444
53.91739315844539
54.05035579396092
54.183386981093335
54.31648717943732
54.44965681740244
54.58289629449693
54.7162059836168
54.84958623333959
54.98303737022188
55.11655970109926
55.25015351538769
55.383819087385454
55.517556678575595
55.65136653992828
55.78524891420272
55.919204038247805
56.053232145300846
56.1873334672835
56.32150823709434
56.45575669089737
56.590079070406084
56.724475625162306
56.858946614808296
56.993492311351304
57.12811300141988
57.26280898851104
57.397580595226486
57.53242816549573
57.66735206678413
57.80235269228342
57.93743046308197
58.072585830312164
58.20781927727205
58.34313132151874
58.478522516931264
58.61399345573989
58.74954477051813
58.88517713613334
59.020891271651756
59.15668794219352
59.292567960733614
59.42853218984465
59.56458154337788
59.70071698807835
59.8369395451303
59.973250291628354
60.109650361970075
60.2461409491653
60.3827233060585
60.51939874646042
60.65616864618489
60.793034443986706
60.929997642396195
61.06705980844533
61.204222574280166
61.34148763765474
61.478856762301646
61.61633177817471
61.7539145815593
61.89160713504596
62.02941146736278
62.167329673062184
62.30536391205818
62.443516409010456
62.58178945255163
62.72018539435415
62.858706648033504
62.997355687885104
63.136135047452186
63.27504731792284
63.41409514635423
63.553281233722274
63.692608332795615
63.8320792458327
63.97169682210138
64.1114639552202
64.25138358032139
64.39145867103493
64.53169223629358
64.67208731695827
64.81264698226302
64.95337432607887
65.09427246299636
65.23534452422622
65.37659365331906
65.5180230017054
65.65963572405805
65.80143497347923
65.94342389651446
66.08560562799529
66.22798328571334
66.37055996492803
66.51333873271145
66.65632262213344
66.79951462629143
66.94291769218879
67.08653471446749
67.23036852900069
67.3744219063515
67.51869754510417
67.66319806507445
67.80792600040766
67.95288379257377
68.09807378326926
68.24349820723606
68.38915918500786
68.53505871559454
68.6811986691167
68.82758077940204
68.97420663655575
69.12107767951633
69.26819518860893
69.41556027810825
69.56317388882346
69.71103678071697
69.85914952556934
70.00751249970287
70.15612587677649
70.30498962066505
70.45410347843662
70.60346697344093
70.75307939852311
70.90293980937619
71.05304701804684
71.20339958660881
71.35399582101829
71.50483376516465
71.65591119513041
71.80722561367432
71.958774244951
72.11055402948116
72.26256161938582
72.4147933738981
72.56724535516506
72.71991332435053
72.87279273804953
73.02587874502345
73.17916618326494
73.332649577401
73.48632313644241
73.64018075188703
73.7942159961837
73.94842212156327
74.10279205924296
74.25731841900954
74.41199348918637
74.56680923698916
74.72175730927505
74.87682903368965
75.03201542021598
75.18730716312972
75.34269464336442
75.49816793129024
75.65371678990788
75.80933067845977
75.9649987564594
76.12070988813899
76.27645264731494
76.43221532266931
76.58798592344498
76.74375218555177
76.89950157808163
77.05522131023086
77.21089833862742
77.36651937506075
77.52207089461159
77.67753914417789
77.83291015139285
77.98816973393012
78.14330350919056
78.29829690436486
78.45313516686576
78.60780337512301
78.7622864497323
78.91656916494844
79.07063616051266
79.22447195380278
79.37806095229473
79.53138746632305
79.68443572212709
79.83718987517
79.98963402371805
80.14175222266795
80.2935284976088
80.4449468591049
80.59599131718369
80.74664589601343
80.89689464875516
81.0467216725724
81.19611112378243
81.3450472331316
81.49351432117646
81.64149681375204
81.78897925750744
81.9359463354889
82.08238288274958
82.22827390196596
82.3736045790398
82.51836029866547
82.66252665984234
82.80608949131329
82.94903486690907
83.09134912077855
83.2330188624843
83.37403099194434
83.5143727141997
83.65403155398907
83.79299537011163
83.93125236955906
84.06879112139929
84.20560057039428
84.34167005033454
84.47698929707305
84.6115484612417
84.74533812063363
84.87834929223472
85.01057344388677
85.1420025055652
85.27262888025406
85.40244545440136
85.53144560793693
85.65962322383497
85.78697269720443
85.91348894389183
86.03916740858098
86.16400407237553
86.28799545985034
86.41113864555861
86.53343125998255
86.6548714949155
86.77545810826497
86.89519042826693
87.01406835710215
87.13209237390687
87.24926353716957
87.36558348650625
87.48105444380816
87.5956792137563
87.70946118369763
87.82240432287894
87.93451318103486
88.04579288632762
88.15624914263675
88.26588822619694
88.37471698158232
88.4827428170362
88.58997369914438
88.69641814685191
88.8020852248235
88.9069845361495
89.01112621440076
89.11452091503807
89.21717980618351
89.31911455876426
89.42033733604106
89.52086078253583
89.62069801237388
89.71986259705753
89.81836855268958
89.91623032666544
90.01346278385384
90.11008119228691
90.20610120838049
90.30153886170481
90.39641053932635
90.49073296974112
90.58452320641996
90.67779861098612
90.77057683604565
90.86287580769115
90.95471370769954
91.04610895544457
91.13708018954574
91.22764624927473
91.3178261557396
91.4076390928673
91.49710438820435
91.58624149355651
91.67506996548869
91.76360944570584
91.85187964133596
91.93990030513604
92.02769121564248
92.1152721572877
92.20266290050611
92.28988318185284
92.37695268415897
92.463891016747
92.5507176957299
92.63745212441702
92.72411357385013
92.81072116349267
92.89729384209616
92.98385036876724
93.07040929425833
93.15698894250446
93.24360739242789
93.33028246003201
93.41703168080497
93.50387229245294
93.59082121798215
93.67789504914938
93.76511003030126
93.85248204262123
93.94002658880359
94.0277587781724
94.11569331226318
94.203844470884
94.29222609867172
94.38085159215909
94.4697338873671
94.55888544793656
94.64831825381081
94.7380437904814
94.82807303880911
94.91841646543223
95.0090840137721
95.10008509564481
95.19142858348702
95.2831228032026
95.37517552763647
95.4675939706821
95.56038478202838
95.6535540425513
95.74710726035475
95.84104936746307
95.93538471716822
96.03011708203285
96.12524965255027
96.22078503646155
96.31672525872834
96.41307176215996
96.50982540869329
96.60698648132363
96.70455468668483
96.80252915827582
96.90090846032892
96.99969059231516
97.09887299408096
97.19845255161094
97.29842560341085
97.39878794750477
97.4995348490401
97.60066104849254
97.70216077046216
97.80402773305019
97.90625515780545
98.00883578022814
98.1117618608177
98.21502519665029
98.31861713347081
98.42252857828322
98.52675001242181
98.6312715050845
98.73608272730831
98.84117296636674
98.94653114056865
99.05214581443835
99.15800521425564
99.26409724393562
99.37040950122804
99.47692929421618
99.5836436580949
99.69053937220775
99.79760297732247
99.90482079312397
100.0121789359028
100.11966333641561
100.2272597578945
100.3349538141818
100.44273098796674
100.55057664909947
100.65847607295842
100.76641445884655
100.87437694839122
100.9823486439222
101.09031462680201
101.19825997568302
101.30616978466588
101.41402918133446
101.52182334464175
101.62953752262234
101.73715704990644
101.84466736501025
101.95205402737844
102.0593027341543
102.16639933665334
102.27332985651645
102.38008050152024
102.48663768102261
102.59298802102234
102.69911837881222
102.80501585720748
102.91066781833098
103.01606189693604
103.12118601324795
103.22602838530582
103.33057754078669
103.43482232829473
103.53875192809909
103.64235586230569
103.74562400445024
103.84854658850026
103.95111421725466
104.05331787012989
104.15514891032257
104.25659909133827
104.35766056287645
104.45832587606282
104.55858798802291
104.65844026579106
104.75787648955071
104.85689085520386
104.95547797626801
105.05363288510051
105.15135103345091
105.24862829234343
105.34546095129298
105.44184571685838
105.53777971053745
105.63326046600963
105.72828592573359
105.82285443690597
105.91696474678855
106.01061599741234
106.10380771966817
106.1965398267933
106.28881260726388
106.38062671710298
106.4719831716157
106.56288333656386
106.65332891879342
106.74332195632934
106.83286480795317
106.92196014228028
107.01061092635467
107.09882041378052
107.18659213241102
107.27392987161551
107.36083766914584
107.44731979762406
107.53338075067421
107.61902522872055
107.70425812447496
107.78908450813736
107.87350961233227
107.957538816806
108.04117763290816
108.12443168788178
108.20730670898678
108.28980850748161
108.37194296248794
108.45371600476273
108.5351336004016
108.61620173449813
108.6969263947837
108.77731355527197
108.85736915993226
108.93709910641502
109.01650922985328
109.09560528676269
109.1743929390629
109.25287773824351
109.33106510969668
109.40896033723669
109.48656854782695
109.56389469653396
109.64094355172807
109.7177196805506
109.79422743466779
109.87047093633059
109.94645406475915
110.02218044287024
110.09765342436587
110.17287608120095
110.24785119144614
110.32258122756325
110.39706834511087
110.47131437189664
110.54532079759251
110.61908876382829
110.69261905477894
110.76591208826089
110.83896790735155
110.91178617254529
110.98436615445898
111.05670672709975
111.12880636170716
111.20066312118063
111.2722746551015
111.34363819535797
111.41475055238043
111.48560811199495
111.55620683290105
111.62654224477846
111.69660944702746
111.76640310814598
111.83591746574648
111.90514632721435
111.97408307100993
112.04272064861429
112.11105158711898
112.17906799245831
112.24676155328318
112.31412354547551
112.38114483730253
112.44781589520862
112.51412679024229
112.58006720511348
112.64562644187474
112.71079343021908
112.77555673638703
112.83990457267355
112.90382480752469
112.96730497621267
113.03033229207828
113.09289365832824
113.15497568037442
113.21656467870154
113.27764670224887
113.33820754229104
113.39823274680138
113.45770763528064
113.51661731403333
113.57494669187354
113.63268049624087
113.68980328970672
113.74629948685178
113.8021533714945
113.85734911424895
113.91187079038961
113.9657023980008
114.01882787638799
114.07123112472782
114.12289602093306
114.17380644070879
114.22394627677595
114.27329945823742
114.32184997006111
114.36958187265456
114.41647932150481
114.46252658685789
114.50770807341159
114.55200833999497
114.59541211920775
114.63790433699243
114.67947013211283
114.72009487551286
114.75976418952887
114.79846396692828
114.83618038974707
114.87289994789982
114.90860945753586
114.94329607911577
114.97694733518328
115.00955112780734
115.04109575567024
115.0715699307771
115.10096279476197
115.12926393476657
115.15646339886739
115.18255171102776
115.20751988555257
115.231359441023
115.25406241368925
115.27562137030081
115.2960294203554
115.31528022774869
115.33336802180763
115.35028760769073
115.36603437613978
115.38060431256854
115.39399400547545
115.4062006541681
115.41722207578805
115.42705671162666
115.43570363272299
115.44316254473613
115.44943379208716
115.45451836136628
115.45841788400121
115.46113463818487
115.46267155006119
115.46303219416897
115.4622207931448
115.46024221668613
115.45710197977716
115.4528062401818
115.44736179521048
115.44077607776858
115.4330571516952
115.42421370640243
115.41425505082582
115.40319110669854
115.39103240116258
115.37779005872976
115.3634757926067
115.3481018953975
115.33168122919919
115.31422721510584
115.29575382213629
115.2762755556004
115.25580744491928
115.23436503091482
115.21196435258587
115.18862193338934
115.16435476704468
115.13918030288077
115.11311643074434
115.08618146548922
115.05839413106598
115.02977354423153
115.00033919789784
114.97011094413999
114.9391089768831
114.90735381428833
114.87486628085792
114.84166748927923
114.80777882202703
114.77322191274418
114.7380186274218
114.7021910454004
114.66576144021387
114.62875226029762
114.59118610958312
114.55308572800065
114.51447397191207
114.47537379449527
114.43580822610208
114.39580035461158
114.35537330580148
114.3145502237599
114.27335425135986
114.23180851081842
114.18993608436078
114.14775999500971
114.1053031875205
114.06258850948124
114.01963869259798
113.97647633418391
113.93312387887072
113.88960360055903
113.84593758462464
113.80214771039655
113.75825563392166
113.71428277103112
113.67025028072365
113.62617904888114
113.58208967233068
113.53800244326638
113.49393733404386
113.44991398235985
113.4059516768281
113.36206934296322
113.31828552958339
113.2746183956423
113.23108569750096
113.18770477664978
113.14449254789182
113.10146548799676
113.05863962483559
113.01603052700594
112.97365329395862
112.93152254663497
112.8896524186238
112.8480565478458
112.80674806877303
112.76573960519036
112.72504326350523
112.6846706266106
112.64463274830555
112.60494014827796
112.56560280765385
112.52663016511727
112.48803111360431
112.44981399757378
112.41198661085619
112.37455619508071
112.33752943868004
112.30091247647138
112.26471088981228
112.22892970732815
112.19357340620857
112.15864591406913
112.12415061137565
112.09009033442672
112.05646737888881
112.02328350387873
111.990539936587
111.95823737743527
111.92637600576066
111.89495548601943
111.86397497450176
111.83343312654952
111.80332810426833
111.7736575847238
111.74441876861115
111.7156083893872
111.68722272285223
111.65925759716893
111.63170840330409
111.60457010587768
111.57783725440302
111.55150399490074
111.52556408186993
111.50001089059893
111.47483742979799
111.45003635453511
111.42559997945605
111.401520292269
111.37778896747525
111.35439738032701
111.331336620994
111.30859750892094
111.28617060735704
111.26404623803879
111.24221449600785
111.22066526454503
111.1993882302011
111.17837289790467
111.15760860612866
111.137084542096
111.1167897570065
111.096713181267
111.07684363970796
111.05716986676956
111.03768052164153
111.01836420334055
110.9992094657097
110.98020483232418
110.96133881128677
110.94259990989738
110.92397664918158
110.90545757826354
110.88703128856892
110.86868642784466
110.85041171398169
110.83219594862695
110.81402803057156
110.7958969689021
110.77779189590231
110.75970207969308
110.74161693659894
110.72352604322933
110.70541914826359
110.68728618393041
110.66911727717289
110.65090276048991
110.63263318244506
110.61429931783462
110.5958921775065
110.57740301782272
110.55882334975902
110.54014494763581
110.52135985747637
110.50246040499022
110.48343920317964
110.46428915956804
110.44500348304874
110.42557569035344
110.4059996121396
110.38626939869667
110.36637952527147
110.34632479701273
110.32610035353471
110.30570167310023
110.28512457642401
110.26436523009639
110.2434201496275
110.22228620211311
110.20096060852327
110.17944094561577
110.15772514747655
110.13581150669009
110.11369867514193
110.09138566445623
110.0688718460705
110.04615695095143
110.02324106895517
110.0001246478362
109.97680849190877
109.95329376036514
109.92958196525527
109.90567496913289
109.88157498237277
109.85728456016332
109.83280659917912
109.80814433393803
109.7833013328474
109.75828149394479
109.73308904033846
109.70772851535233
109.68220477738001
109.65652299445256
109.63068863852462
109.60470747948355
109.57858557888713
109.55232928343551
109.52594521818381
109.4994402795019
109.47282162778814
109.44609667994408
109.4192731016183
109.39235879922663
109.36536191175642
109.3382908023631
109.31115404976643
109.28396043945307
109.25671895469125
109.22943876736329
109.20212922862166
109.17479985937385
109.14746034060173
109.12012050352192
109.0927903195948
109.06547989038975
109.03819943731483
109.01095929121928
108.98376988187707
108.95664172735954
108.9295854233059
108.90261163209973
108.87573107196047
108.8489545059596
108.82229273097144
108.79575656656826
108.76935684387016
108.74310439436195
108.71701003868978
108.69108457545022
108.66533876998554
108.63978334319896
108.61442896040435
108.58928622022498
108.56436564355604
108.53967766260669
108.51523261003629
108.49104070820002
108.46711205851832
108.44345663098412
108.42008425382133
108.3970046033086
108.37422719378074
108.35176136782061
108.32961628665353
108.30780092075557
108.28632404068665
108.26519420815922
108.24441976735218
108.22400883647938
108.20396929962047
108.18430879882172
108.16503472647426
108.14615421797615
108.12767414468513
108.10960110716886
108.09194142875893
108.07470114941478
108.05788601990267
108.0415014962945
108.02555273479143
108.01004458687615
107.99498159479768
107.9803679873925
107.96620767624486
107.95250425218993
107.93926098216289
107.92648080639779
107.91416633597956
107.90231985075289
107.89094329759078
107.88003828902393
107.86960610223221
107.85964767839849
107.85016362242519
107.8411542030141
107.83261935310796
107.82455867069135
107.81697141994894
107.80985653277881
107.80321261065765
107.79703792685441
107.79133042898778
107.78608774192233
107.7813071709974
107.77698570558269
107.77312002295517
107.76970649249157
107.76674118017038
107.76421985337655
107.76213798600125
107.76049076382927
107.75927309020452
107.75847959196474
107.75810462563507
107.75814228386926
107.75858640212655
107.75943056557188
107.76066811618742
107.76229216008394
107.7642955749998
107.76667101797571
107.76941093319309
107.77250755996354
107.77595294085737
107.7797389299582
107.78385720123177
107.78829925699634
107.79305643648357
107.79811992447836
107.80348076002625
107.80912984519685
107.81505795389185
107.82125574068598
107.82771374968925
107.83442242341849
107.84137211166708
107.84855308036165
107.85595552039516
107.86356955642626
107.87138525563424
107.87939263641923
107.88758167703784
107.89594232416565
107.9044645013785
107.91313811754517
107.92195307512432
107.93089927835948
107.93996664136458
107.94914509609148
107.95842460017073
107.96779514461687
107.9772467613897
107.98676953080272
107.99635358877143
108.00598913389368
108.0156664343555
108.0253758346561
108.03510776214583
108.04485273337119
108.05460136022126
108.06434435586985
108.07407254050943
108.08377684687267
108.09344832553839
108.10307815001775
108.11265762161693
108.12217817407387
108.13163137796633
108.14100894488902
108.15030273139669
108.15950474271042
108.16860713618465
108.17760222453288
108.18648247881063
108.19524053115484
108.20386917727959
108.21236137872839
108.22071026488462
108.22890913474296
108.23695145844582
108.24483087858917
108.25254121130243
108.2600764471064
108.26743075155267
108.27459846564707
108.28157410606062
108.28835236513137
108.29492811066123
108.30129638551105
108.30745240699721
108.3133915660924
108.31910942643393
108.32460172314316
108.32986436145998
108.3348934151966
108.33968512501636
108.34423589654253
108.34854229830219
108.35260105951093
108.35640906770394
108.35996336621955
108.36326115154125
108.36629977050384
108.36907671736972
108.37158963078221
108.37383629060346
108.3758146146454
108.37752265530222
108.37895859609264
108.38012074812107
108.38100754646578
108.38161754650346
108.38194942017893
108.38200195222865
108.38177403636567
108.3812646714338
108.38047295753873
108.37939809216383
108.37803936627861
108.3763961604483
108.37446794095287
108.37225425592455
108.36975473151143
108.36696906807619
108.36389703643887
108.36053847417351
108.35689328196783
108.35296142005542
108.34874290472852
108.34423780493843
108.33944623899073
108.33436837134265
108.32900440950972
108.32335460108915
108.31741923090591
108.31119861828746
108.30469311447258
108.29790310015859
108.29082898319088
108.28347119639774
108.27583019557325
108.26790645761106
108.2597004787914
108.2512127732232
108.2424438714436
108.2333943191767
108.22406467625298
108.21445551569015
108.20456742293483
108.19440099526379
108.1839568413426
108.17323558093825
108.16223784478156
108.15096427457469
108.13941552313862
108.12759225469541
108.11549514528112
108.1031248832859
108.09048217011754
108.07756772098448
108.06438226579452
108.05092655016485
108.03720133653793
108.02320740539768
108.00894555657977
107.99441661066977
107.97962141048323
107.9645608226216
107.9492357390982
107.93364707902812
107.91779579037588
107.90168285175538
107.88530927427668
107.86867610343428
107.85178442103201
107.83463534713941
107.8172300420746
107.79956970840705
107.78165559297362
107.76348898890059
107.74507123762568
107.72640373091487
107.70748791286964
107.6883252819198
107.66891739279767
107.64926585848947
107.62937235215976
107.60923860904462
107.5888664283092
107.568257674865
107.547414281142
107.52633824881163
107.50503165045679
107.48349663118474
107.46173541017926
107.4397502821886
107.41754361894586
107.39511787051755
107.37247556657645
107.34961931759496
107.32655181595625
107.30327583698069
107.27979423986473
107.25610996853074
107.2322260523862
107.20814560698967
107.18387183461972
107.15940802474269
107.13475755437629
107.10992388834462
107.08491057941923
107.0597212683423
107.03435968372902
107.00882964184645
106.9831350462671
106.95727988739613
106.9312682418712
106.90510427183325
106.87879222406663
106.85233642900552
106.82574129960484
106.7990113300748
106.77215109447776
106.74516524518687
106.7180585112069
106.69083569635792
106.66350167732152
106.63606140154958
106.60851988503568
106.58088220995036
106.55315352214235
106.52533902850759
106.49744399422833
106.46947373988498
106.44143363844366
106.4133291121225
106.38516562913959
106.3569487003473
106.32868387575878
106.30037674097265
106.27203291350112
106.24365803900709
106.21525778745549
106.18683784918473
106.15840393090458
106.12996175162642
106.10151703853207
106.07307552278793
106.04464293531147
106.01622500249768
105.98782744191273
105.95945595796105
105.93111623753067
105.90281394562045
105.87455472095316
105.8463441715776
105.81818787046292
105.79009135108846
105.76206010303169
105.73409956755712
105.70621513321011
105.6784121314197
105.65069583211609
105.62307143936734
105.59554408703947
105.56811883448371
105.54080066225426
105.51359446786093
105.48650506156186
105.45953716220085
105.43269539309394
105.40598427796989
105.37940823696933
105.35297158270807
105.32667851641033
105.30053312411759
105.27453937297845
105.24870110762414
105.22302204663494
105.19750577910283
105.17215576129514
105.14697531342348
105.12196761652264
105.09713570944417
105.07248248596785
105.0480106920344
105.0237229231035
104.99962162164117
104.97570907473995
104.95198741187586
104.92845860280615
104.90512445561241
104.88198661489345
104.8590465601127
104.8363056041053
104.81376489174876
104.79142539880094
104.76928793090782
104.74735312278337
104.72562143756365
104.70409316633756
104.68276842785669
104.6616471684264
104.64072916198064
104.6200140103439
104.59950114368361
104.57918982115565
104.55907913174441
104.5391679952992
104.5194551637676
104.49993922262696
104.4806185925138
104.4614915310507
104.44255613486918
104.42381034182746
104.40525193342161
104.38687853738772
104.36868763049178
104.35067654150295
104.33284245434574
104.31518241142739
104.2976933171367
104.2803719415107
104.2632149240659
104.24621877779147
104.22937989330025
104.21269454313394
104.19615888621662
104.17976897245161
104.16352074745636
104.14741005743078
104.13143265415341
104.1155842001008
104.09986027368497
104.08425637460358
104.06876792929621
104.05339029649998
104.03811877289719
104.02294859884684
104.0078749641922
103.9928930141373
103.97799785518511
103.96318456113012
103.94844817909679
103.93378373561508
103.919186242724
103.90465070409415
103.89017212115984
103.87574549925081
103.86136585371504
103.8470282160231
103.83272763984645
103.81845920710226
103.80421803395701
103.78999927678184
103.7757981380529
103.76160987218942
103.74742979132351
103.73325327099589
103.71907575577235
103.70489276477578
103.69069989712695
103.67649283728794
103.6622673603023
103.64801933692651
103.63374473864782
103.6194396425823
103.60510023624819
103.59072282221042
103.57630382259175
103.56183978344599
103.54732737898804
103.5327634156754
103.51814483613613
103.5034687229395
103.48873230220683
103.47393294706013
103.45906818090658
103.44413568055622
103.42913327917019
103.41405896903645
103.39891090417031
103.38368740273815
103.36838694930192
103.35300819688236
103.33754996883864
103.32201126056226
103.30639124098299
103.2906892538855
103.27490481903523
103.25903763311102
103.24308757044243
103.22705468354935
103.21093920348177
103.19474153995715
103.17846228129362
103.16210219413746
103.1456622229838
103.12914348949086
103.11254729158851
103.09587510238147
103.07912856884754
103.06230951033127
103.04541991683222
103.02846194708674
103.01143792644247
102.99435034452496
102.97720185269817
102.9599952613204
102.94273353679718
102.9254197984326
102.90805731508034
102.89064950159731
102.87319991510346
102.85571225105254
102.83819033911904
102.82063813890649
102.80305973548208
102.78545933474335
102.76784125862368
102.75020994014336
102.73256991831353
102.714925832899
102.69728241904603
102.67964450178137
102.6620169903896
102.64440487267667
102.62681320912749
102.60924712696557
102.59171181412229
102.57421251312213
102.5567545148897
102.53934315248536
102.5219837947766
102.50468184005241
102.48744270958834
102.47027184116963
102.45317468258021
102.43615668506483
102.4192232967712
102.40237995617908
102.38563208552466
102.36898508422814
102.35244432233242
102.33601513396104
102.3197028108026
102.30351259562883
102.28744967585396
102.2715191771423
102.25572615707154
102.24007559885933
102.22457240516042
102.2092213919409
102.19402728243699
102.1789947012054
102.16412816827233
102.14943209338787
102.13491077039191
102.12056837169803
102.10640894290145
102.09243639751787
102.07865451186035
102.06506692006019
102.05167710923763
102.03848841482795
102.025504016068
102.01272693164674
102.00016001552376
101.98780595291953
101.97566725648073
101.96374626262343
101.95204512805594
101.94056582648284
101.92931014549174
101.91827968362475
101.90747584763585
101.89689984993674
101.88655270623315
101.87643523335339
101.86654804727107
101.856891561324
101.84746598463244
101.83827132071838
101.82930736632863
101.82057371046255
101.81206973360474
101.80379460716335
101.79574729311491
101.78792654385643
101.78033090226484
101.77295870196417
101.76580806780169
101.75887691653452
101.75216295772873
101.74566369487218
101.73937642670285
101.73329824875361
101.72742605511507
101.72175654041723
101.71628620203
101.71101134248238
101.70592807209937
101.7010323118559
101.69631979644669
101.69178607757112
101.68742652743242
101.6832363424503
101.67921054718443
101.67534399846602
101.67163138973422
101.66806725557262
101.66464597644176
101.66136178360387
101.65820876423652
101.65518086673183
101.6522719061769
101.64947557001051
101.64678542385002
101.64419491748288
101.6416973910159
101.63928608117567
101.6369541277528
101.63469458018255
101.63250040425385
101.63036448893854
101.62827965333202
101.62623865369676
101.62423419060053
101.62225891614185
101.62030544125548
101.61836634309145
101.61643417246091
101.61450146134155
101.6125607304349
101.61060449676904
101.60862528133896
101.60661561677625
101.60456805503998
101.60247517511993
101.60032959074317
101.59812395807523
101.59585098340733
101.59350343082144
101.5910741298253
101.5885559829486
101.58594197329262
101.58322517202578
101.58039874581891
101.5774559642133
101.57439020691574
101.57119497101452
101.56786387811054
101.56439068135775
101.56076927240714
101.55699368824925
101.55305811795155
101.54895690928721
101.54468457525196
101.54023580046534
101.53560544745189
101.53078856279787
101.5257803831794
101.52057634125823
101.51517207144049
101.50956341549364
101.50374642801684
101.49771738176015
101.49147277278884
101.48500932548826
101.47832399740561
101.471413983924
101.46427672276356
101.45690989830395
101.44931144572321
101.4414795549467
101.43341267439963
101.4251095145569
101.41656905128333
101.40779052895859
101.39877346338052
101.3895176444412
101.38002313856852
101.37029029092754
101.36031972737568
101.35011235616675
101.33966936939841
101.32899224419704
101.31808274363483
101.30694291737463
101.29557510203837
101.28398192129556
101.27216628566875
101.26013139205328
101.24788072294895
101.2354180454014
101.2227474096518
101.20987314749313
101.19679987033147
101.18353246695098
101.17007610098177
101.1564362080709
101.14261849275603
101.1286289250419
101.11447373667967
101.10015941715052
101.0856927093554
101.07108060501368
101.05633033977325
101.04144938803599
101.02644545750344
101.01132648344857
100.99610062271894
100.9807762474776
100.96536193868782
100.94986647934856
100.93429884748925
100.91866820893246
100.90298390983402
100.88725546900959
100.87149257005741
100.85570505328702
100.83990290746375
100.82409626137918
100.8082953752578
100.79251063201083
100.77675252834821
100.76103166575969
100.74535874137577
100.72974453871929
100.71419991835866
100.69873580847288
100.68336319533798
100.6680931137454
100.65293663736158
100.63790486903862
100.62300893108649
100.60825995551694
100.5936690742691
100.5792474094268
100.56500606343742
100.55095610934167
100.53710858102365
100.52347446349155
100.5100646831993
100.49689009841849
100.48396148967096
100.4712895502313
100.45888487670801
100.44675795971138
100.43491917461621
100.42337877242745
100.41214687075559
100.40123344490839
100.39064831910493
100.3804011578177
100.37050145724835
100.36095853694327
100.35178153155563
100.34297938276053
100.33456083133036
100.32653440937669
100.3189084327653
100.3116909937104
100.30488995355428
100.29851293573951
100.29256731898057
100.28706023064218
100.28199854033132
100.27738885370947
100.27323750653171
100.26955055892007
100.26633378987835
100.26359269205558
100.26133246676547
100.25955801926808
100.25827395431976
100.2574845719969
100.25719386380048
100.25740550904722
100.2581228715526
100.25934899661128
100.2610866082804
100.26333810697055
100.2661055673491
100.26939073656003
100.27319503276341
100.27751954399731
100.28236502736412
100.28773190854271
100.2936202816269
100.3000299092895
100.30696022327108
100.31441032519253
100.32237898769087
100.33086465587634
100.33986544910807
100.34937916308594
100.35940327225605
100.3699349325267
100.38097098429024
100.39250795574584
100.40454206651783
100.41706923156359
100.430085065364
100.44358488639001
100.45756372183816
100.47201631262807
100.48693711865475
100.50232032428814
100.51815984411282
100.53444932890069
100.55118217180906
100.56835151479574
100.585950255242
100.60397105277447
100.62240633627597
100.64124831107485
100.66048896630231
100.6801200824075
100.7001332388203
100.72051982175255
100.74127103212744
100.76237789362712
100.78383126084886
100.80562182756093
100.82774013504822
100.85017658053813
100.87292142569676
100.89596480518493
100.91929673526353
100.94290712243834
100.96678577213505
100.99092239739595
101.01530662758911
101.03992801712117
101.06477605414456
101.08984016925059
101.1151097441399
101.1405741202624
101.16622260741828
101.1920444923111
101.21802904704454
101.24416553755476
101.27044323197175
101.29685140890298
101.32337936563296
101.3500164262323
101.37675194957127
101.40357533723206
101.43047604131279
101.45744357211653
101.48446750571851
101.5115374914052
101.53864325897906
101.56577462592351
101.59292150442288
101.62007390823136
101.64722195938624
101.67435589476123
101.70146607245591
101.72854297801724
101.75557723048907
101.78255958828505
101.80948095488215
101.83633238433164
101.86310508658507
101.88979043263113
101.91637995944008
101.94286537471181
101.96923856142361
101.99549158217407
102.02161668331941
102.04760629889894
102.07345305434673
102.09914976998654
102.12468946430774
102.15006535701947
102.17527087188115
102.20029963930735
102.22514549874565
102.24980250082639
102.2742649092827
102.29852720264127
102.32258407568453
102.34643044068515
102.37006142841382
102.3934723889205
102.41665889208959
102.4396167279698
102.4623419068803
102.48483065929499
102.50707943550721
102.52908490507674
102.55084395606151
102.57235369403647
102.59361144090248
102.61461473348801
102.63536132194646
102.65584916795218
102.67607644269869
102.69604152470255
102.71574299741668
102.73517964665668
102.75435045784504
102.77325461307841
102.79189148802358
102.81026064864774
102.828361847789
102.84619502157285
102.86376028568112
102.88105793148056
102.89808842201775
102.91485238788734
102.93135062297996
102.94758408011695
102.96355386657844
102.97926123953131
102.99470760136377
103.00989449493387
103.02482359873967
103.03949672201817
103.05391579978097
103.06808288779395
103.08200015750903
103.09566989095585
103.10909447560086
103.12227639918082
103.13521824451767
103.14792268432065
103.16039247598088
103.17263045636425
103.18463953660797
103.19642269692726
103.2079829814377
103.21932349299927
103.23044738808746
103.24135787169622
103.252058192277
103.26255163671864
103.27284152537358
103.28293120713603
103.29282405457788
103.30252345914882
103.31203282644618
103.32135557156018
103.33049511449964
103.33945487570294
103.34823827163838
103.35684871049911
103.36528958799626
103.37356428325428
103.38167615481213
103.3896285367339
103.39742473483308
103.40506802301424
103.41256163973664
103.41990878460389
103.42711261508306
103.4341762433561
103.44110273330604
103.44789509764043
103.4545562951537
103.46108922813052
103.46749673989201
103.47378161248675
103.47994656452808
103.48599424917951
103.4919272522899
103.49774809067902
103.50345921057273
103.5090629861868
103.51456171845804
103.51995763392019
103.52525288372318
103.53044954279439
103.53554960913961
103.54055500328128
103.54546756783067
103.55028906719066
103.55502118738606
103.55966553601765
103.56422364233721
103.56869695744037
103.57308685457396
103.57739462955534
103.58162150130057
103.58576861245787
103.58983703014236
103.59382774676818
103.59774168097319
103.60157967863121
103.60534251394644
103.6090308906246
103.612645443116
103.61618673792499
103.61965527498013
103.62305148905774
103.62637575125133
103.62962837047941
103.63280959502517
103.63591961410135
103.63895855943453
103.64192650686347
103.64482347794787
103.64764944158277
103.65040431561387
103.65308796844808
103.655700220653
103.65824084653958
103.66070957572232
103.66310609465224
103.66543004811787
103.66768104071049
103.66985863825063
103.67196236917427
103.67399172587751
103.67594616601913
103.67782511377995
103.67962796107862
103.68135406874411
103.68300276764582
103.68457335978225
103.68606511932946
103.68747729364999
103.68880910426368
103.69005974778021
103.69122839679325
103.69231420073608
103.69331628669944
103.69423376021236
103.69506570598675
103.69581118862733
103.69646925330848
103.6970389264202
103.6975192161856
103.69790911325187
103.69820759125618
103.6984136073669
103.69852610280113
103.69854400331896
103.6984662196951
103.69829164816896
103.69801917087501
103.69764765625509
103.69717595945362
103.69660292269727
103.6959273756603
103.6951481358167
103.69426400877946
103.69327378862819
103.6921762582249
103.69097018951778
103.68965434383212
103.68822747214745
103.68668831536024
103.68503560453178
103.68326806112032
103.68138439719621
103.67938331563812
103.67726351030853
103.67502366620681
103.67266245959877
103.67017855812264
103.6675706208714
103.66483729845072
103.66197723301161
103.65898905825702
103.65587139942193
103.6526228732265
103.64924208780269
103.64572764259424
103.64207812822997
103.63829212637086
103.63436820953211
103.6303049408807
103.62610087400856
103.6217545526822
103.61726451057086
103.61262927095618
103.60784734642755
103.60291723856687
103.59783743762671
103.59260642220511
103.58722265892095
103.58168460209356
103.5759906934303
103.5701393617253
103.56412902257136
103.55795807808647
103.55162491665646
103.5451279126961
103.53846542643032
103.53163580369755
103.52463737577716
103.51746845924288
103.51012735584425
103.50261235241783
103.49492172083035
103.4870537179554
103.47900658568437
103.470778550972
103.46236782591791
103.45377260788564
103.44499107966055
103.43602140964765
103.42686175210963
103.41751024744485
103.40796502250612
103.39822419096117
103.38828585369481
103.37814809925283
103.36780900432802
103.35726663428852
103.34651904374903
103.33556427718588
103.32440036959667
103.31302534720578
103.30143722821651
103.28963402361046
103.27761373799501
103.26537437050104
103.25291391573262
103.2402303647699
103.22732170622544
103.21418592735392
103.20082101521518
103.18722495789007
103.17339574574885
103.15933137277148
103.14502983791772
103.13048914654462
103.11570731186873
103.10068235647111
103.08541231384345
103.06989522997446
103.05412916497517
103.03811219474096
103.02184241264888
103.0053179312888
102.98853688422695
102.97149742780037
102.95419774293985
102.93663603701701
102.91881054571091
102.90071953488926
102.88236130249946
102.86373418046377
102.8448365365716
102.82566677636179
102.80622334498774
102.78650472905836
102.7665094584472
102.74623610806394
102.72568329958209
102.70484970311792
102.68373403885504
102.66233507860998
102.6406516473338
102.61868262454367
102.59642694567911
102.57388360337733
102.55105164866346
102.52793019205261
102.50451840455979
102.48081551861422
102.45682082887525
102.4325336929479
102.40795353199597
102.38307983124967
102.35791214040488
102.33245007391166
102.30669331115006
102.28064159649192
102.25429473924679
102.22765261348887
102.20071515776293
102.17348237466761
102.1459543303158
102.11813115367168
102.0900130357653
102.06160022878599
102.03289304505698
102.00389185589448
101.9745970903558
101.94500923388055
101.91512882682945
101.88495646292516
101.85449278760028
101.82373849625695
101.79269433244438
101.76136108596027
101.72973959088277
101.69783072353867
101.6656354004143
101.63315457601423
101.60038924067234
101.56734041831928
101.53400916420875
101.50039656260546
101.46650372443659
101.43233178490979
101.39788190110025
101.36315524950984
101.3281530236014
101.29287643131133
101.25732669254373
101.22150503664815
101.18541269988245
101.14905092286253
101.11242094800102
101.07552401693633
101.03836136795505
101.00093423341102
100.96324383714497
100.92529139191024
100.8870780968102
100.84860513475402
100.80987366993551
100.77088484534065
100.73163978028921
100.69213956801545
100.65238527329277
100.61237793010852
100.57211853939518
100.53160806682362
100.49084744066451
100.44983754972279
100.4085792413508
100.36707331954457
100.32532054312671
100.28332162401918
100.24107722560936
100.19858796121113
100.15585439262324
100.1128770287871
100.06965632454634
100.02619267950942
99.98248643701615
99.9385378832088
99.89434724620853
99.84991469539838
99.80524034081358
99.7603242326397
99.71516636081978
99.66976665477213
99.62412498322087
99.57824115414073
99.53211491481827
99.48574595203112
99.4391338923468
99.39227830254228
99.34517869014607
99.29783450410432
99.25024513557273
99.2024099188362
99.15432813235779
99.10599899995961
99.05742169213815
99.00859532751585
98.95951897442976
98.91019165265877
98.86061233529117
98.81077995073392
98.7606933848651
98.71035148333097
98.65975305398838
98.60889686949356
98.55778167003628
98.50640616621884
98.45476904207824
98.40286895824961
98.35070455526893
98.29827445701251
98.24557727427175
98.19261160846072
98.13937605545296
98.08586920954322
98.03208966752898
97.97803603290579
97.92370692016978
97.86910095921947
97.81421679984904
97.75905311632478
97.70360861203672
97.64788202421728
97.59187212871923
97.53557774484462
97.47899774021762
97.42213103569334
97.36497661029473
97.30753350616847
97.24980083354963
97.19177777572368
97.13346359397458
97.074857632508
97.01595932333835
96.95676819112778
96.89728385796475
96.83750604807047
96.77743459242124
96.71706943327554
96.65641062859511
96.59545835635022
96.53421291869945
96.47267474603525
96.41084440088703
96.34872258167407
96.28631012630122
96.2236080155911
96.1606173765468
96.09733948543926
96.0337757707144
95.96992781571562
95.90579736121738
95.84138630776529
95.7766967178181
95.71173081768661
95.64649099926312
95.58097982153511
95.51520001187733
95.44915446711714
95.38284625436786
95.3162786116256
95.24945494812523
95.1823788444512
95.11505405239933
95.04748449458685
94.97967426380757
94.91162762213065
94.84334899974232
94.77484299353063
94.70611436541373
94.63716804041263
94.56800910447004
94.4986428020166
94.42907453328706
94.35930985138708
94.28935445911219
94.21921420552047
94.14889508226071
94.07840321965745
94.00774488255394
93.9369264659145
93.86595449018802
93.79483559643432
93.72357654121623
93.65218419126057
93.58066551789142
93.50902759123966
93.43727757423375
93.3654227163774
93.29347034732046
93.22142787022909
93.14930275496141
93.07710253105546
93.00483478053451
92.9325071305355
92.86012724576739
92.78770282080683
92.71524157223887
92.64275123065083
92.57023953248817
92.49771421178154
92.42518299175428
92.3526535763197
92.28013364147743
92.20763082661851
92.13515272574777
92.06270687863268
91.99030076188812
91.91794178000718
91.8456372563475
91.7733944240819
91.70122041712231
91.62912226102632
91.55710686389618
91.48518100727954
91.41335133708189
91.34162435450109
91.27000640699434
91.19850367928704
91.1271221844326
91.0558677549323
90.98474603392519
90.9137624664583
90.8429222908484
90.772230530146
90.70169198371005
90.63131121890277
90.5610925629135
90.4910400947206
90.42115763720008
90.35144874938979
90.28191671891639
90.21256455459277
90.14339497919323
90.07441042241467
90.00561301403232
89.93700457725859
89.86858662231421
89.8003603402191
89.73232659681005
89.6644859269924
89.59683852923152
89.52938426029007
89.46212263021746
89.39505279759786
89.32817356506385
89.26148337508292
89.19498030602406
89.12866206851257
89.06252600208066
88.99656907212194
88.93078786715695
88.86517859641721
88.7997370877546
88.73445878588315
88.66933875096039
88.60437165751456
88.53955179372419
88.47487306105621
88.41032897426852
88.3459126617819
88.28161686642649
88.21743394656745
88.15335587761412
88.08937425391674
88.0254802910538
87.96166482851164
87.897918332759
87.83423090071814
87.77059226363532
87.7069917913533
87.6434184969876
87.57986104200769
87.51630774172362
87.45274657117831
87.38916517144538
87.32555085633227
87.26189061948789
87.19817114191314
87.13437879987283
87.0704996732069
87.00651955403761
86.9424239558689
86.87819812307158
86.81382704074849
86.74929544497297
86.6845878333935
86.61968847619676
86.55458142741986
86.48925053660219
86.42367946076763
86.35785167672748
86.29175049369383
86.22535906619453
86.1586604072802
86.0916374020137
86.0242728212321
85.95654933556989
85.88844952973261
85.81995591700922
85.75105095401022
85.68171705561838
85.6119366101376
85.54169199462456
85.47096559038698
85.3997397986326
85.32799705625246
85.25571985172269
85.18289074110771
85.10949236414876
85.03550746042163
84.9609188855485
84.88570962744905
84.8098628226154
84.73336177239537
84.65618995926832
84.57833106309829
84.49976897734928
84.42048782524716
84.34047197587233
84.2597060601654
84.17817498682757
84.09586395809583
84.01275848537239
83.92884440468788
83.84410789197796
83.75853547815439
83.67211406395086
83.58483093452377
83.49667377378783
83.40763067846807
83.31769017185012
83.22684121721225
83.13507323092254
83.04237609518553
82.94874017042433
82.85415630728424
82.75861585824485
82.66211068882795
82.56463318838972
82.46617628048624
82.36673343280141
82.26629866662721
82.16486656588675
82.06243228569052
81.95899156041729
81.85454071131242
81.74907665359534
81.64259690306743
81.5350995822116
81.42658342577464
81.31704778582444
81.20649263627455
81.09491857686827
80.98232683661534
80.86871927667504
80.75409839268035
80.63846731649879
80.52182981742725
80.4041903028177
80.28555381813042
80.16592604641197
80.04531330719622
79.92372255482768
79.80116137620699
79.67763798795976
79.55316123302997
79.42774057670077
79.30138610204548
79.17410850481176
79.04591908774213
78.91682975433443
78.78685300204617
78.65600191494772
78.52429015582888
78.39173195776502
78.25834211514913
78.12413597419638
77.98912942292768
77.85333888063948
77.71678128686764
77.57947408985328
77.44143523451893
77.30268314996314
77.16323673648228
77.02311535213002
76.88233879882577
76.74092730802428
76.59890152596094
76.45628249848798
76.3130916555177
76.16935079508877
76.02508206707157
75.88030795652807
75.73505126674215
75.58933510193614
75.44318284969071
75.29661816308473
75.14966494257246
75.00234731761506
74.8546896280836
74.70671640545115
74.55845235379276
74.40992233061253
74.26115132751694
74.11216445075344
73.9629869016335
73.81364395685866
73.66416094876708
73.51456324551852
73.36487623123527
73.2151252861167
73.06533576654529
72.91553298520155
72.76574219120467
72.61598855029543
72.46629712507816
72.31669285533822
72.16720053845206
72.01784480990632
71.86865012394237
71.71964073434272
71.5708406753749
71.42227374290867
71.27396347572183
71.12593313701025
70.97820569611805
70.83080381050333
70.68374980795524
70.53706566907819
70.39077301005808
70.2448930657256
70.09944667293223
69.95445425425487
69.80993580204483
69.6659108628362
69.52239852212813
69.3794173895551
69.23698558445926
69.09512072187874
68.95383989896578
68.81315968184782
68.6730960929437
68.53366459874593
68.39488009807945
68.2567569108466
68.11930876726893
67.9825487976355
67.84648952256583
67.71114284379524
67.5765200354902
67.44263173610142
67.30948794076147
67.17709799423318
67.04547058441455
66.91461373640573
66.78453480714313
66.65524048060513
66.52673676359325
66.39902898209152
66.27212177820581
66.14601910768418
66.02072423801859
65.89623974712843
65.77256752262564
65.64970876166102
65.52766397135166
65.40643296978804
65.28601488762
65.16640817021947
65.04761058041815
64.9296192018176
64.81243044267005
64.6960400403277
64.58044306625764
64.46563393161863
64.35160639339539
64.23835356108479
64.12586790392713
64.01414125867517
63.90316483789336
63.79292923877891
63.68342445249617
63.574639874014885
63.46656431244222
63.35918600183826
63.252492612504774
63.14647126273773
63.04110853103342
62.93639046873793
62.83230261312881
62.72883000091728
62.62595718215781
62.52366823455154
62.421946778128905
62.320775990296774
62.220138621235186
62.12001700962842
62.02039309871438
61.92124845263592
61.822564273077006
61.724321416166816
61.6265004096351
61.529081470202044
61.4320445211857
61.33536921030961
61.239034927692984
61.14302082400579
61.04730582877099
60.95186866879615
60.85668788671646
60.76174185963171
60.66700881781989
60.57246686350956
60.478093989693285
60.383868098963625
60.28976702235317
60.19576853815979
60.10185039073851
60.007990309241414
59.914166026287454
59.82035529654424
59.72653591520454
59.6326857363405
59.53878269111893
59.44480480586176
59.35073021993602
59.25653720345823
59.16220417479692
59.06770971785734
58.973032599132594
58.87815178450559
58.78304645578676
58.68769602697235
58.592080160208425
58.496178781446204
58.39997209577497
58.30344060241943
58.20656510938956
58.10932674777173
58.01170698564984
57.91368764164578
57.81525089806907
57.716379313665534
57.61705583595535
57.51726381315053
57.416987005642916
57.31620959705396
57.214916204838126
57.11309189043238
57.0107221689446
56.907793018374385
56.804290888359965
56.70020270844578
56.595515895865454
56.49021836283566
56.38429852335645
56.27774529951358
56.170548127279005
56.06269696180601
55.95418228221621
55.84499509587607
55.73512694216089
55.62456989570461
55.513316569134474
55.40136011528995
55.288694228926374
55.175313147904085
55.06121165386451
54.94638507239579
54.83082927269054
54.71454066669849
54.597516207777225
54.479753388844806
54.36125024003774
54.24200532587843
54.122017741956135
54.00128711112591
53.87981357923075
53.75759781035275
53.63464098159976
53.510944777433664
53.3865113835473
53.26134348029727
53.13544423570055
53.00881729800294
52.881466787827705
52.75339728991291
52.624613844446785
52.49512193801108
52.36492749414274
52.23403686352433
52.10245681381392
51.97019451912562
51.83725754917274
51.70365385808535
51.569391772914095
51.43447998183277
51.29892752205226
51.16274376745876
51.02593841598949
50.88852147675872
50.750503256946814
50.61189434846622
50.47270561441863
50.332948175357984
50.192633395374486
50.05177286801481
49.91037840205442
49.76846200713814
49.626035879305135
49.48311238641449
49.339704053487566
49.195823547983615
49.05148366502484
48.90669731258665
48.76147749666884
48.61583730646324
48.46978989953376
48.32334848702461
48.176526318912316
48.02933666931627
47.88179282188283
47.73390805525761
47.585695628660766
47.43716876758005
47.28834064959621
47.13922439035481
46.98983302969812
46.84017951797024
46.69027670250888
46.540137314336576
46.38977395506397
46.23919908401787
46.08842500560577
45.93746385692869
45.78632759565404
45.635027988159955
45.48357659796222
45.331984774435234
45.180263641837776
45.02842408865468
44.876476757265216
44.72443203394881
44.57230003923832
44.420090618630475
44.26781333366319
44.1154774533693
43.96309194611576
43.81066547183718
43.658206374671806
43.505722676007906
43.35322206794791
43.200711907197274
43.04819920938485
42.895690643820956
42.74319252869884
42.59071082674427
42.438251141317664
42.2858187129724
42.13341841647241
41.98105475827134
41.82873187445472
41.67645352914564
41.52422311337346
41.37204364440418
41.21991776553113
41.067847746323984
40.91583548333397
40.76388250125256
40.61198995452087
40.46015862938662
40.30838894640521
40.156680963381056
40.00503437874442
39.853448535358886
39.701922424754336
39.5504546917798
39.399043639670474
39.24768723552289
39.09638311617134
38.94512859445864
38.79392066589354
38.64275601568657
38.49163102615596
38.34054178449473
38.18948409089022
38.038453466986695
37.88744516468198
37.73645417524783
37.58547523876386
37.4345028538542
37.28353128771549
37.13255458642438
36.98156658551217
36.83056092079409
36.67953103944013
36.52847021127446
36.377371540290376
36.226227976367234
36.075032327175826
35.92377727025829
35.77245536526855
35.62105906635893
35.46958073469833
35.31801265110736
35.16634702879603
35.01457602618937
34.86269175982583
34.71068631731334
34.55855177032749
34.40628018763619
34.253863648134946
34.10129425387703
33.94856414308259
33.795665503110854
33.64259058337967
33.48933170821721
33.33588128963075
33.1822318399779
33.0283759845253
32.874306473879784
32.72001619627716
32.56549818971419
32.4107456539098
32.255751962081774
32.10051067252573
31.945015539983526
31.78926052678855
31.633239813775756
31.47694781094469
31.32037916786373
31.16352878380422
31.00639181759342
30.84896369717529
30.691240128868536
30.533217106312
30.374890919087953
30.21625816101419
30.057315738096257
29.89806087613149
29.73849112795704
29.57860438033429
29.418398860462208
29.257873142112647
29.09702615138072
28.9358571720437
28.774365850522106
28.612552200436756
28.450416606755898
28.2879598295272
28.125183007189875
27.96208765946257
27.79867568980312
27.63494938743672
27.470911428949464
27.306564879444707
27.141913193260038
26.976960214243046
26.811710175584505
26.646167699207904
26.480337794714938
26.31422585788688
26.147837668742323
25.981179389152583
25.814257560016507
25.647079097996972
25.479651291822115
25.31198179815477
25.144078637034006
24.975950186893336
24.807605179160653
24.639052692445322
24.47030214631795
24.301363294688773
24.132246218790986
23.962961319775932
23.79351931092717
23.62393120950094
23.454208328200792
23.284362266294266
23.11440490037998
22.944348374813558
22.774205091801434
22.603987701171974
22.433709089833624
22.26338237093017
22.093020872703587
21.922638127075228
21.7522478579566
21.581863969301306
21.41150053290988
21.24117177599961
21.070892068551778
20.900675910448733
20.730537918413596
20.56049281276531
20.39055540400212
20.220740579226845
20.051063288427503
19.88153853062703
19.712181339915976
19.543006771381915
19.37402988694952
19.205265741145457
19.03672936680222
18.868435760715087
18.700399869266548
18.53263657403265
18.36516067738596
18.19798688810978
18.031129807038578
17.864603912739565
17.698423547250595
17.532602901889117
17.367156003147
17.202096698686045
17.037438643448947
16.8731952859004
16.709379854413008
16.546005343812375
16.383084502095706
16.220629817338313
16.058653504802244
15.897167494261003
15.736183417554122
15.575712596385348
15.415766030377998
15.256354385400616
15.09748798217578
14.939176785184545
14.781430391878631
14.624258022212231
14.467668508505
14.311670285647324
14.15627138165867
14.00147940860944
13.847301553916479
13.693744572021954
13.540814776465108
13.388518032355872
13.236859749258993
13.085844874496809
12.935477886878155
12.785762790860568
12.636703111152492
12.488301887761672
12.340561671495472
12.193484519918393
12.0470719937716
11.901325153858812
11.756244558402534
11.611830260874147
11.468081808300855
11.324998240052029
11.182578087106922
11.040819371805158
10.899719608080874
10.759275802180953
10.619484453867173
10.480341558101415
10.341842607212499
10.203982593542719
10.066756012571814
9.93015686651563
9.79417866839624
9.658814446579722
9.524056749777156
9.389897652503901
9.25632876099166
9.123341219547344
8.99092571735227
8.859072495694969
8.727771355630296
8.597011666057242
8.466782372207355
8.33707200453538
8.2078686880033
8.079160151748694
7.950933739127846
7.823176418123805
7.695874792109163
7.569015110953114
7.442583282462085
7.316564884143065
7.190945175278482
7.065709109301283
6.940841346458621
6.816326266752328
6.692147983144161
6.568290355013566
6.4447370018554295
6.321471317205038
6.198476482777294
6.075735482807018
5.953231118577035
5.830946023120665
5.70886267608518
5.586963418742681
5.465230469134841
5.343645937337879
5.222191840834203
5.100850119977134
4.979602653535063
4.858431274301312
4.7373177847559464
4.616243972765788
4.495191627308881
4.374142554209676
4.253078591871148
4.131981626990111
4.010833610241941
3.889616571920931
3.7683126375225466
3.6469040432538673
3.525373151458561
3.403702465942829
3.2818746471887903
3.159872527441852
3.037679125658691
2.9152776623025316
2.7926515739725297
2.669784527854171
2.546660435977697
2.423263469271729
2.2995780713994316
2.175588972364713
2.0512812018761224
1.9266401024562998
1.8016513422850098
1.676300927763999
1.5505752157921473
1.4244609257396303
1.2979451511100717
1.1710153708799131
1.0436594605045042
0.9158657025806908
0.787622797155978
0.6589198716746598
0.5297464905516297
0.400092664364938
0.2699488586585255
0.13930600234694157
0.008155495714243118
-0.12351078200033375
-0.25570046543693115
-0.38842069637643173
-0.5216781174347671
-0.6554788661958663
-0.7898285697884804
-0.924732339911649
-1.0601947683130921
-1.1962199227243229
-1.332811343255781
-1.46997203925478
-1.607704486628557
-1.7460106256342016
-1.8848918591366866
-2.024349051335701
-2.164382526961458
-2.3049920709391203
-2.446176928520953
-2.5879358058847766
-2.7302668711967732
-2.873167756136178
-3.016635557878862
-3.1606668415362713
-3.3052576430456946
-3.450403472507328
-3.596099317963101
-3.7423396496117287
-3.889118424453947
-4.036429091361395
-4.184264596562166
-4.332617389535571
-4.48147942930822
-4.63084219114305
-4.780696673612561
-4.931033406047143
-5.081842456349024
-5.2331134391619845
-5.384835524386611
-5.536997446030563
-5.689587511382949
-5.842593610501619
-5.996003226001963
-6.149803443135556
-6.303980960146748
-6.458522098894978
-6.613412815730445
-6.7686387126106204
-6.924185048444873
-7.080036750654398
-7.2361784269345835
-7.392594377206881
-7.5492686057471206
-7.7061848334771215
-7.863326510406379
-8.020676828210616
-8.178218732933976
-8.33593493780163
-8.493807936129548
-8.651820014318181
-8.809953264916826
-8.968189599745541
-9.12651076306166
-9.284898344758076
-9.443333793580635
-9.601798430352112
-9.76027346119043
-9.918739990708865
-10.077179035186127
-10.23557153569434
-10.39389837117323
-10.55214037143903
-10.710278330116873
-10.86829301748565
-11.026165193224779
-11.183875619052623
-11.341405071246692
-11.498734353035951
-11.65584430685575
-11.812715826456307
-11.96932986885606
-12.125667466131484
-12.28170973703521
-12.437437898434592
-12.592833276563194
-12.747877318078064
-12.90255160091601
-13.056837844942532
-13.2107179223872
-13.364173868059535
-13.517187889339848
-13.66974237593993
-13.821819909428795
-13.973403272519048
-14.124475458109655
-14.275019678081277
-14.425019371840575
-14.574458214610216
-14.723320125461681
-14.871589275088395
-15.01925009331694
-15.166287276354394
-15.31268579377003
-15.458430895210029
-15.60350811684414
-15.747903287543366
-15.89160253478812
-16.034592290306534
-16.17685929544278
-16.318390606255335
-16.459173598345203
-16.599195971414545
-16.738445753556334
-16.87691130527594
-17.014581323246006
-17.151444843796384
-17.28749124614126
-17.42271025534598
-17.557091945036067
-17.690626739851158
-17.823305417646626
-17.955119111445885
-18.08605931114646
-18.216117864982852
-18.345286980749382
-18.473559226786467
-18.600927532733937
-18.72738519005519
-18.852925852336075
-18.977543535362475
-19.101232616980656
-19.223987836744374
-19.345804295353066
-19.46667745388537
-19.586603132832373
-19.705577510934965
-19.823597123829778
-19.94065886250791
-20.056759971590814
-20.17189804742778
-20.286071036019557
-20.399277230772633
-20.511515270088715
-20.622784134793925
-20.73308314541216
-20.842411959287084
-20.950770567556894
-21.058159291986236
-21.164578781659735
-21.270030009541692
-21.374514268906545
-21.47803316964484
-21.580588634449292
-21.682182894885383
-21.782818487350678
-21.88249824892713
-21.981225313130462
-22.079003105560812
-22.175835339458924
-22.271726011172117
-22.366679395534188
-22.460700041163303
-22.55379276568169
-22.645962650861005
-22.737215037697094
-22.827555521417874
-22.916989946428
-23.00552440119372
-23.093165213071412
-23.17991894308295
-23.26579238064104
-23.350792538227434
-23.43492664602695
-23.518202146520135
-23.600626689037224
-23.68220812427603
-23.7629544987864
-23.84287404942347
-23.9219751977719
-24.00026654454294
-24.07775686394629
-24.154455098038596
-24.23037035105031
-24.305511883692617
-24.379889107446047
-24.453511578832547
-24.526388993672697
-24.59853118132972
-24.669948098941944
-24.740649825645306
-24.81064655678759
-24.879948598136224
-24.94856636008143
-25.016510351836445
-25.08379117563632
-25.150419520936595
-25.216406158612955
-25.281761935162734
-25.346497766908954
-25.41062463420755
-25.474153575658306
-25.537095682320142
-25.599462091931287
-25.661263983134972
-25.722512569711654
-25.783219094819145
-25.84339482524223
-25.903051045653342
-25.96219905288618
-26.020850150223968
-26.079015641704135
-26.136706826441216
-26.19393499296982
-26.250711413609825
-26.307047338855998
-26.362953991794516
-26.418442562548965
-26.473524202758146
-26.52821002008793
-26.582511072779656
-26.636438364237538
-26.69000283765749
-26.74321537070003
-26.796086770209715
-26.84862776698367
-26.90084901059203
-26.952761064252943
-27.004374399764917
-27.055699392498983
-27.106746316453414
-27.157525339373482
-27.20804651793893
-27.258319793021887
-27.3083549850183
-27.35816178925612
-27.40774977148371
-27.457128363442
-27.506306858523608
-27.55529440752253
-27.604100014477787
-27.652732532614642
-27.701200660386895
-27.749512937623543
-27.797677741783055
-27.845703284318496
-27.893597607157098
-27.941368579298036
-27.989023893532256
-28.036571063288143
-28.084017419606376
-28.131370108247246
-28.178636086933814
-28.22582212273418
-28.27293478958601
-28.319980465966246
-28.366965332708737
-28.41389537097249
-28.460776360363333
-28.507613877211817
-28.55441329300988
-28.60117977300866
-28.64791827497968
-28.694633548141276
-28.741330132251882
-28.788012356871583
-28.834684340792997
-28.881349991642374
-28.928013005651543
-28.974676867600728
-29.02134485093189
-29.06802001803198
-29.11470522068516
-29.161403100692873
-29.208116090660248
-29.254846414946833
-29.301596090779334
-29.348366929523685
-29.39516053811341
-29.44197832063086
-29.488821480037593
-29.535691020049917
-29.58258774715558
-29.629512272767478
-29.67646501551011
-29.72344620363433
-29.770455877555698
-29.817493892511273
-29.86455992132972
-29.91165345730949
-29.95877381719979
-30.005920144279067
-30.053091411525493
-30.100286424874106
-30.14750382655513
-30.194742098508137
-30.24199956586657
-30.28927440050743
-30.33656462466076
-30.383868114573495
-30.43118260422205
-30.47850568906805
-30.525834829851853
-30.57316735641863
-30.620500471572036
-30.667831254950507
-30.715156666921253
-30.76247355248723
-30.809778645202506
-30.857068571091737
-30.904339852569628
-30.95158891235645
-30.99881207738583
-31.046005582701106
-31.09316557533678
-31.140288118181825
-31.187369193821677
-31.23440470835565
-31.281390495186837
-31.32832231878187
-31.37519587839837
-31.42200681177813
-31.468750698804183
-31.515423065120284
-31.562019385711164
-31.608535088441965
-31.65496555755551
-31.701306137126306
-31.74755213447035
-31.79369882351001
-31.83974144809356
-31.885675225268823
-31.93149534851055
-31.977196990901245
-32.022775308265274
-32.068225442256484
-32.11354252340016
-32.15872167409089
-32.203758011548345
-32.248646650733164
-32.293382707225064
-32.33796130006549
-32.382377554567384
-32.426626605094114
-32.470703597809305
-32.514603693399195
-32.55832206976926
-32.601853924716906
-32.645194478581814
-32.68833897687581
-32.731282692894226
-32.77402093031087
-32.816549025758476
-32.858862351396496
-32.90095631746807
-32.94282637484817
-32.98446801758452
-33.02587678543274
-33.067048266386806
-33.10797809920588
-33.148661975938595
-33.1890956444458
-33.229274910922825
-33.269195642421906
-33.30885376937535
-33.34824528812
-33.387366263423544
-33.42621283101285
-33.46478120010444
-33.50306765593713
-33.54106856230659
-33.57878036410155
-33.61619958984086
-33.65332285421097
-33.69014686060321
-33.726668403651004
-33.762884371766816
-33.7987917496783
-33.83438762096331
-33.86966917058301
-33.90463368741233
-33.9392785667669
-33.97360131292548
-34.007599541647025
-34.04127098268144
-34.074613482272625
-34.107625005652366
-34.1403036395232
-34.17264759452779
-34.204655207702146
-34.23632494490981
-34.26765540325407
-34.298645313464924
-34.32929354225728
-34.35959909465651
-34.38956111628726
-34.419178895620966
-34.448451866177656
-34.47737960867777
-34.505961853139915
-34.53419848092101
-34.562089526695836
-34.58963518037262
-34.61683578894132
-34.64369185825125
-34.670204054714894
-34.69637320693473
-34.722200307249885
-34.74768651319939
-34.772833148898506
-34.79764170632475
-34.82211384651011
-34.84625140063607
-34.87005637102785
-34.89353093204445
-34.91667743086074
-34.93949838813804
-34.96199649857967
-34.98417463136811
-35.00603583048072
-35.02758331488095
-35.048820478582705
-35.069750890585645
-35.090378294679304
-35.11070660911374
-35.130739926134446
-35.15048251137946
-35.16993880313694
-35.18911341146204
-35.20801111715257
-35.226636870583256
-35.24499579039843
-35.26309316206288
-35.280934436270506
-35.29852522721091
-35.31587131069414
-35.332978622133616
-35.34985325438753
-35.36650145545939
-35.38292962605788
-35.399144317016514
-35.41515222657346
-35.43096019751214
-35.446575214163715
-35.462004399272644
-35.47725501072688
-35.49233443815422
-35.50725019938608
-35.52200993678974
-35.53662141347013
-35.55109250934248
-35.56543121707739
-35.57964563791967
-35.59374397738276
-35.607734540820616
-35.621625728879394
-35.63542603283105
-35.6491440297911
-35.66278837782261
-35.67636781092841
-35.68989113393417
-35.70336721726494
-35.716804991618005
-35.73021344253408
-35.7436016048693
-35.75697855717016
-35.770353415953764
-35.78373532989622
-35.797133473932604
-35.81055704327218
-35.824015247332596
-35.83751730359731
-35.85107243140092
-35.864689845647064
-35.87837875046401
-35.892148332803146
-35.90600775598543
-35.91996615320099
-35.93403262096709
-35.948216212549454
-35.96252593135219
-35.97697072428136
-35.9915594750876
-36.00630099769316
-36.02120402950888
-36.03627722474633
-36.05152914773052
-36.06696826621854
-36.08260294472976
-36.09844143789317
-36.11449188381735
-36.130762297488644
-36.14726056420338
-36.1639944330403
-36.18097151037975
-36.19819925347585
-36.2156849640883
-36.23343578218007
-36.25145867968715
-36.26976045436683
-36.28834772373111
-36.30722691907201
-36.32640427958583
-36.3458858466029
-36.36567745792976
-36.385784742310676
-36.40621311401529
-36.4269677675596
-36.448053672567056
-36.46947556877646
-36.491237961203666
-36.51334511546341
-36.535801053257586
-36.55860954803583
-36.58177412083401
-36.605298036296205
-36.62918429888592
-36.653435649291765
-36.67805456103284
-36.7030432372687
-36.72840360781848
-36.754137326393135
-36.780245768044466
-36.80673002683366
-36.83359091372196
-36.86082895468539
-36.888444389055365
-36.91643716808656
-36.94480695375282
-36.97355311777201
-37.0026747408601
-37.032170612214344
-37.062039229225576
-37.092278797419425
-37.12288723062639
-37.15386215138042
-37.18520089154535
-37.21690049316814
-37.248957709557914
-37.28136900658953
-37.31413056423057
-37.347238278290575
-37.38068776239115
-37.41447435015502
-37.44859309761202
-37.483038785819446
-37.51780592369417
-37.5528887510537
-37.588281241863655
-37.62397710768883
-37.65996980134483
-37.69625252074664
-37.732818212950775
-37.76965957838743
-37.80676907527882
-37.8441389242395
-37.88176111305435
-37.91962740163004
-37.957729327115686
-37.99605820918853
-38.0346051555006
-38.07336106728215
-38.112316645097366
-38.151462394747654
-38.190788633317794
-38.23028549535994
-38.26994293921021
-38.30975075343312
-38.34969856338901
-38.3897758379197
-38.42997189614741
-38.470275914382256
-38.51067693313385
-38.55116386422205
-38.591725497982026
-38.63235051055912
-38.67302747128903
-38.71374485015909
-38.754491025346255
-38.79525429082733
-38.83602286405633
-38.87678489370407
-38.917528467455014
-38.95824161985635
-38.99891234021405
-39.03952858053108
-39.08007826348339
-39.12054929042918
-39.1609295494479
-39.20120692340484
-39.2413692980376
-39.28140457006023
-39.321300655280965
-39.36104549672919
-39.40062707278733
-39.44003340532302
-39.47925256781704
-39.51827269348209
-39.55708198336774
-39.595668714446475
-39.63402124767575
-39.67212803603067
-39.70997763250236
-39.74755869805679
-39.78486000954874
-39.821870467585
-39.858579104331255
-39.894975091256214
-39.931047746806854
-39.96678654400793
-40.00218111797895
-40.037221273361496
-40.07189699164954
-40.10619843841582
-40.14011597042756
-40.1736401426447
-40.206761715093734
-40.239471659610814
-40.27176116644799
-40.30362165073646
-40.33504475880093
-40.366022374318874
-40.39654662431852
-40.42660988500958
-40.456204787440896
-40.485324222979074
-40.51396134860241
-40.54210959200415
-40.569762656499535
-40.59691452573102
-40.62355946816635
-40.64969204138359
-40.675307096137345
-40.70039978020023
-40.724965541974115
-40.749000133865394
-40.772499615418354
-40.79546035620129
-40.817879038439884
-40.839752659392076
-40.86107853345922
-40.88185429402867
-40.90207789504328
-40.9217476122935
-40.94086204442752
-40.95942011367541
-40.97742106628371
-40.994864472657326
-41.01175022720625
-41.02807854789452
-41.04384997548934
-41.0590653725084
-41.073725921863996
-41.08783312520225
-41.10138880093669
-41.11439508197614
-41.12685441314753
-41.13876954831406
-41.15014354718974
-41.16097977185129
-41.17128188294927
-41.1810538356211
-41.19029987510933
-41.19902453208911
-41.20723261770874
-41.21492921834758
-41.22211969009592
-41.22880965296221
-41.23500498481323
-41.24071181505374
-41.245936518052616
-41.2506857063228
-41.254966223462894
-41.25878513686856
-41.262149730222255
-41.26506749577063
-41.267546126399246
-41.269593507514536
-41.271217708743244
-41.27242697545997
-41.27322972015363
-41.273634513644105
-41.273650076161026
-41.273285268296455
-41.27254908184292
-41.27145063052867
-41.269999140661604
-41.26820394169348
-41.26607445671598
-41.26362019289987
-41.260850731888716
-41.257775720158314
-41.25440485935339
-41.250747896613085
-41.24681461489697
-41.24261482332306
-41.23815834752846
-41.23345502006324
-41.228514670827586
-41.223347117562945
-41.21796215640736
-41.21236955252524
-41.20657903082169
-41.20060026675153
-41.19444287723288
-41.18811641167533
-41.18163034313263
-41.17499405959014
-41.168216855396814
-41.16130792285056
-41.15427634394498
-41.147131082284965
-41.13988097517838
-41.132534725910624
-41.125100896208515
-41.11758789889992
-41.11000399077553
-41.10235726565909
-41.094655647692115
-41.08690688483838
-41.07911854261331
-41.071297998043256
-41.063452433858764
-41.05558883292601
-41.04771397292031
-41.03983442124498
-41.03195653019875
-41.02408643239473
-41.01623003643393
-41.008393022835456
-41.00058084022569
-40.992798701788296
-40.98505158197687
-40.977344213491925
-40.969681084523835
-40.96206643626291
-40.954504260677844
-40.946998298563436
-40.9395520378579
-40.932168712229746
-40.92485129993374
-40.917602522935304
-40.910424846302384
-40.903320477864064
-40.89629136813439
-40.889339210499905
-40.882465441669034
-40.875671242381905
-40.86895753837867
-40.86232500162421
-40.855774051787044
-40.84930485797084
-40.842917340696225
-40.8366111741308
-40.830385788564705
-40.824240373129236
-40.81817387875602
-40.81218502137383
-40.80627228533998
-40.80043392710328
-40.794667979094946
-40.7889722538438
-40.783344348311935
-40.7777816484469
-40.77228133394586
-40.7668403832267
-40.761455578600156
-40.756123511637405
-40.75084058872741
-40.74560303681809
-40.74040690933477
-40.73524809226952
-40.73012231043477
-40.725025133874475
-40.71995198442621
-40.71489814242735
-40.70985875355776
-40.70482883581101
-40.6998032865857
-40.69477688988828
-40.68974432363839
-40.68470016706774
-40.67963890820365
-40.67455495142794
-40.669442625101986
-40.664296189248795
-40.65910984328345
-40.65387773378264
-40.6485939622843
-40.64325259310802
-40.637847661186946
-40.632373179901855
-40.626823148908066
-40.621191561946056
-40.61547241462656
-40.60965971218112
-40.60374747716909
-40.59772975713169
-40.59160063218367
-40.5853542225329
-40.57898469591841
-40.57248627495689
-40.565853244387725
-40.55907995820645
-40.55216084667639
-40.54509042320895
-40.53786329110336
-40.53047415013664
-40.522917802995224
-40.51518916154039
-40.507283252899654
-40.499195225377505
-40.490920354179494
-40.4824540469444
-40.47379184907966
-40.464929448895546
-40.45586268253341
-40.44658753868471
-40.437100163097924
-40.427396862870594
-40.41747411052411
-40.40732854785877
-40.396956989587196
-40.386356426744626
-40.37552402987514
-40.36445715199302
-40.353153331319064
-40.34161029379182
-40.329825955354195
-40.317798424015805
-40.30552600169166
-40.29300718581847
-40.28024067074956
-40.267225348929756
-40.25396031185177
-40.240444850795896
-40.22667845735448
-40.21266082374298
-40.19839184289954
-40.18387160837564
-40.169100414020036
-40.154078753458364
-40.1388073193706
-40.12328700256889
-40.10751889087847
-40.09150426782442
-40.075244611126905
-40.0587415910078
-40.041997068312256
-40.02501309244896
-40.007791899152906
-39.9903359080741
-39.972647720196065
-39.95473011508825
-39.93658604799698
-39.918218646779636
-39.89963120868687
-39.88082719699749
-39.86181023751051
-39.8425841148988
-39.8231527689281
-39.80352029054514
-39.78369091783857
-39.76366903187649
-39.74345915242442
-39.7230659335474
-39.70249415909991
-39.6817487381074
-39.660834700042884
-39.639757190002015
-39.6185214637804
-39.59713288285714
-39.57559690928919
-39.553919100520844
-39.53210510411306
-39.51016065239692
-39.48809155705591
-39.465903703641246
-39.44360304602482
-39.42119560079415
-39.398687441593964
-39.376084693419514
-39.35339352686715
-39.33062015234795
-39.30777081427006
-39.28485178519521
-39.26186935997436
-39.23882984986762
-39.215739576653114
-39.192604866729546
-39.16943204521693
-39.14622743005999
-39.12299732613861
-39.0997480193895
-39.076485770943414
-39.05321681128232
-39.02994733442052
-39.0066834921135
-38.98343138809822
-38.96019707236872
-38.93698653549115
-38.91380570296213
-38.89066042961435
-38.86755649407315
-38.844499593268104
-38.82149533700386
-38.7985492425944
-38.775666729564826
-38.75285311442514
-38.73011360552028
-38.70745329796103
-38.684877168641044
-38.662390071344994
-38.6399967319531
-38.61770174374727
-38.5955095628242
-38.573424503620636
-38.55145073455572
-38.52959227379541
-38.507852985143934
-38.48623657406666
-38.4647465838483
-38.44338639189039
-38.42215920615161
-38.40106806173436
-38.38011581762101
-38.35930515356342
-38.33863856712873
-38.31811837090482
-38.29774668986847
-38.27752545891946
-38.257456420582805
-38.237541122880664
-38.217780917375656
-38.1981769573867
-38.17873019637876
-38.15944138652776
-38.14031107746155
-38.12133961517765
-38.102527141138864
-38.08387359154756
-38.06537869679937
-38.04704198111699
-38.02886276236427
-38.01084015204117
-37.99297305545997
-37.9752601721035
-37.95769999616624
-37.94029081727888
-37.923030721416865
-37.90591759199344
-37.88894911113783
-37.87212276115912
-37.85543582619664
-37.8388853940574
-37.82246835824111
-37.806181420153166
-37.790021091505594
-37.773983696905816
-37.75806537663328
-37.74226208960397
-37.72656961652211
-37.71098356321801
-37.6954993641703
-37.680112286210885
-37.6648174324103
-37.649609746141266
-37.63448401531741
-37.61943487680463
-37.604456821002316
-37.589544196590964
-37.574691215442215
-37.559891957687
-37.545140376937354
-37.53043030565726
-37.515755460677724
-37.50110944885148
-37.4864857728424
-37.47187783704419
-37.45727895362273
-37.44268234867599
-37.428081168505514
-37.41346848599346
-37.39883730707834
-37.38418057732275
-37.36949118856626
-37.35476198565618
-37.339985773249225
-37.32515532267661
-37.310263378865784
-37.29530266731183
-37.280265901091695
-37.26514578791409
-37.24993503719793
-37.23462636717173
-37.21921251198651
-37.20368622883447
-37.188040305065584
-37.172267565294106
-37.15636087848654
-37.14031316502238
-37.124117403718486
-37.10776663880776
-37.09125398686243
-37.074572643652544
-37.05771589093055
-37.04067710313293
-37.023449753990256
-37.00602742303706
-36.9884038020132
-36.970572701148534
-36.95252805532274
-36.93426393009266
-36.91577452757971
-36.8970541922101
-36.87809741630101
-36.85889884548586
-36.83945328397251
-36.81975569962835
-36.79980122888676
-36.779585181469905
-36.75910304492313
-36.738350488955824
-36.71732336958433
-36.69601773307266
-36.674429819667004
-36.65255606711991
-36.63039311400012
-36.60793780278458
-36.58518718272938
-36.56213851251703
-36.538789262677874
-36.515137117783574
-36.4911799784113
-36.46691596287757
-36.44234340874055
-36.417460874069484
-36.392267138480456
-36.36676120393803
-36.34094229532274
-36.31480986076428
-36.288363571740824
-36.26160332294506
-36.23452923191774
-36.20714163845053
-36.17944110375986
-36.151428409434224
-36.12310455615761
-36.0944707622126
-36.06552846176708
-36.03627930294885
-36.00672514571283
-35.976868059505186
-35.94671032072937
-35.916254410018944
-35.8855030093224
-35.854458998805505
-35.823125453576715
-35.79150564024166
-35.75960301329308
-35.72742121134234
-35.694964053199264
-35.662235533807454
-35.62923982004195
-35.59598124637642
-35.562464310426996
-35.52869366838012
-35.4946741303118
-35.460410655406115
-35.42590834708073
-35.39117244802713
-35.35620833517361
-35.32102151457905
-35.28561761626536
-35.25000238899667
-35.21418169501276
-35.17816150472435
-35.14194789137775
-35.105547025696346
-35.06896517050614
-35.03220867535202
-34.995283971111284
-34.95819756461042
-34.92095603325088
-34.88356601964994
-34.84603422630254
-34.80836741026996
-34.77057237790114
-34.73265597959243
-34.694625104591005
-34.65648667584707
-34.618247644919784
-34.57991498694178
-34.54149569564668
-34.50299677846373
-34.46442525168339
-34.42578813569775
-34.38709245031952
-34.34834521018302
-34.30955342023065
-34.27072407128781
-34.23186413572906
-34.19298056323836
-34.15408027666589
-34.11517016798401
-34.07625709434435
-34.037347874237604
-33.99844928375747
-33.95956805296978
-33.920710862387715
-33.881884339554084
-33.84309505573102
-33.8043495226976
-33.765654189655514
-33.7270154402428
-33.68843958965535
-33.6499328818763
-33.61150148701372
-33.573151498747016
-33.5348889318827
-33.49671972001973
-33.45864971332471
-33.42068467641658
-33.38283028636064
-33.34509213077117
-33.307475706021386
-33.26998641555891
-33.232629568324704
-33.19541037727296
-33.158333957989115
-33.12140532740308
-33.08462940259456
-33.04801099968752
-33.01155483283078
-32.975265513261846
-32.939147548451004
-32.90320534132253
-32.86744318954983
-32.83186528492128
-32.79647571277373
-32.76127845149075
-32.726277372063194
-32.69147623770921
-32.656878703551186
-32.62248831634652
-32.58830851426934
-32.554342626740166
-32.520593874300445
-32.48706536852923
-32.453760111998875
-32.42068099826706
-32.38783081190205
-32.355212228538264
-32.32282781495955
-32.29068002920759
-32.258771220712916
-32.22710363044585
-32.19567939108491
-32.16450052720039
-32.13356895545128
-32.10288648479384
-32.07245481670033
-32.04227554538686
-32.012350158049756
-31.982680035110278
-31.953266450468206
-31.92411057176504
-31.895213460657786
-31.86657607310447
-31.838199259662773
-31.810083765803213
-31.782230232238433
-31.7546391952702
-31.727311087155798
-31.700246236495346
-31.673444868641766
-31.646907106134947
-31.620632969161917
-31.59462237604474
-31.568875143757722
-31.543390988475394
-31.518169526152334
-31.493210273135517
-31.4685126468094
-31.44407596627356
-31.41989945305251
-31.395982231837095
-31.372323331256652
-31.348921684680974
-31.325776131050972
-31.302885415737094
-31.280248191424548
-31.257863019024583
-31.235728368611248
-31.21384262038329
-31.19220406565104
-31.17081090784835
-31.14966126356957
-31.128753163631686
-31.108084554161522
-31.08765329770769
-31.067457174376884
-31.0474938829944
-31.027761042288898
-31.008256192101424
-30.98897679461852
-30.969920235629314
-30.951083825806375
-30.932464802010042
-30.914060328615772
-30.895867498864032
-30.877883336232298
-30.860104795829
-30.842528765809288
-30.82515206881258
-30.807971463421847
-30.79098364564474
-30.774185250416462
-30.757572853124014
-30.741142971151714
-30.7248920654476
-30.708816542110252
-30.69291275399551
-30.67717700234247
-30.66160553841787
-30.64619456517799
-30.630940238947073
-30.615838671111202
-30.60088592982653
-30.586078041740944
-30.571410993728318
-30.556880734634586
-30.542483177034637
-30.52821419899892
-30.51406964586864
-30.500045332038365
-30.48613704274468
-30.47234053585968
-30.458651543687928
-30.445065774765574
-30.431578915660346
-30.418186632771445
-30.404884574128552
-30.391668371189162
-30.378533640633613
-30.3654759861573
-30.3524910002594
-30.339574266027235
-30.3267213589154
-30.313927848518865
-30.301189300339622
-30.28850127754618
-30.275859342725205
-30.263259059624694
-30.250695994887913
-30.238165719777335
-30.225663811888133
-30.213185856850693
-30.200727450021738
-30.188284198163792
-30.175851721112743
-30.163425653433173
-30.151001646061367
-30.13857536793592
-30.126142507616102
-30.113698774887986
-30.10123990235835
-30.08876164703623
-30.076259791902096
-30.063730147464476
-30.051168553303775
-30.038570879603192
-30.025933028666465
-30.013250936422317
-30.000520573915658
-29.98773794878543
-29.974899106728948
-29.96200013295269
-29.949037153609687
-29.936006337223724
-29.92290389610077
-29.90972608772831
-29.896469216163105
-29.883129633408068
-29.86970374077888
-29.856187990261027
-29.842578885857712
-29.828872984929156
-29.815066899523636
-29.801157297700804
-29.78714090484798
-29.773014504989966
-29.75877494209295
-29.744419121363002
-29.72994401053979
-29.71534664118594
-29.700624109972587
-29.685773579961626
-29.67079228188522
-29.655677515422873
-29.64042665047632
-29.625037128442536
-29.609506463485197
-29.59383224380486
-29.57801213290788
-29.56204387087414
-29.545925275623723
-29.529654244182446
-29.513228753946244
-29.496646863944257
-29.479906716100437
-29.463006536493516
-29.445944636614747
-29.42871941462284
-29.411329356595594
-29.393773037777756
-29.37604912382455
-29.358156372040163
-29.34009363261044
-29.32185984982909
-29.303454063316572
-29.28487540923104
-29.266123121470578
-29.24719653286588
-29.22809507636226
-29.208818286189718
-29.18936579901979
-29.169737355107948
-29.149932799420533
-29.1299520827451
-29.109795262782974
-29.089462505222833
-29.06895408479395
-29.04827038629805
-29.027411905618585
-29.006379250706154
-28.98517314253875
-28.963794416055357
-28.94224402106122
-28.92052302310308
-28.898632604312702
-28.876574064216705
-28.85434882051039
-28.83195840979321
-28.809404488263176
-28.786688832367055
-28.763813339403022
-28.740780028072017
-28.717591038973815
-28.69424863504384
-28.670755201926656
-28.647113248282157
-28.623325406020374
-28.59939443046068
-28.575323200411024
-28.551114718162527
-28.526772109394617
-28.502298622985624
-28.47769763072367
-28.45297262691253
-28.428127227867154
-28.403165171293782
-28.378090315549603
-28.352906638777316
-28.327618237910176
-28.302229327543305
-28.276744238667167
-28.251167417259015
-28.225503422728337
-28.199756926212302
-28.173932708717473
-28.148035659104266
-28.122070771910927
-28.09604314501388
-28.069957977121305
-28.043820565097036
-28.017636301111907
-27.99141066961994
-27.96514924415706
-27.938857683960236
-27.91254173040494
-27.886207203259175
-27.859859996752586
-27.83350607545972
-27.807151469996878
-27.78080227253238
-27.754464632110082
-27.728144749786306
-27.701848873580868
-27.675583293243246
-27.649354334835177
-27.623168355131494
-27.59703173584131
-27.570950877652106
-27.544932194099967
-27.51898210526971
-27.493107031329366
-27.467313385904212
-27.441607569295762
-27.41599596155148
-27.39048491539136
-27.365080748997904
-27.339789738676608
-27.314618111394616
-27.289572037205566
-27.26465762156885
-27.239880897571815
-27.215247818063766
-27.19076424771111
-27.166435954983303
-27.142268604079494
-27.118267746805987
-27.09443881441486
-27.0707871094145
-27.047317797363167
-27.024035898657008
-27.000946280323763
-26.97805364783365
-26.955362536938896
-26.932877305553507
-26.910602125685205
-26.8885409754313
-26.866697631050346
-26.84507565912132
-26.823678408802053
-26.80250900419871
-26.781570336858138
-26.760865058394742
-26.74039557326374
-26.720164031692647
-26.700172322782848
-26.68042206779306
-26.660914613616583
-26.64165102646423
-26.622632085764636
-26.603858278293288
-26.58532979254143
-26.567046513335796
-26.54900801671998
-26.531213565108075
-26.513662102720886
-26.49635225131463
-26.479282306211513
-26.4624502326411
-26.44585366240106
-26.429489890845456
-26.413355874208417
-26.397448227270853
-26.381763221377735
-26.366296782813162
-26.351044491540176
-26.336001580311784
-26.321162934159144
-26.30652309026247
-26.292076238209898
-26.27781622064948
-26.263736534339255
-26.24983033159985
-26.236090422173486
-26.22250927549258
-26.209079023360328
-26.195791463045037
-26.18263806078924
-26.169609955734114
-26.156697964259262
-26.143892584737653
-26.131184002704924
-26.118562096441515
-26.106016442965235
-26.093536324431376
-26.08111073493695
-26.068728387725123
-26.056377722785392
-26.044046914844365
-26.031723881741335
-26.01939629318219
-26.00705157986463
-25.994676942967068
-25.982259363993315
-25.96978561496457
-25.957242268949962
-25.94461571092635
-25.931892148957793
-25.919057625684424
-25.906098030110122
-25.892999109677795
-25.879746482620398
-25.8663256505752
-25.852722011448442
-25.83892087251713
-25.82490746375408
-25.810666951362187
-25.796184451503258
-25.781445044206357
-25.766433787440384
-25.751135731335275
-25.735535932535957
-25.719619468672708
-25.703371452930984
-25.686777048703764
-25.669821484309185
-25.652490067756165
-25.6347682015404
-25.616641397453268
-25.598095291386077
-25.579115658111906
-25.559688426027467
-25.53979969183752
-25.519435735164397
-25.49858303306525
-25.4772282744398
-25.455358374311633
-25.432960487966174
-25.41002202492891
-25.386530662767516
-25.362474360701842
-25.337841373005777
-25.312620262184996
-25.286799911914844
-25.260369539722664
-25.23331870939896
-25.205637343121854
-25.177315733279503
-25.148344553975537
-25.118714872202535
-25.088418158668958
-25.057446298265205
-25.025791600155202
-24.993446807480524
-24.960405106664638
-24.926660136305543
-24.892205995645924
-24.857037252610468
-24.82114895140046
-24.784536619636185
-24.747196275038334
-24.70912443163968
-24.670318105518845
-24.630774820048742
-24.590492610652774
-24.54947002906269
-24.507706147072383
-24.465200559782488
-24.421953388331076
-24.377965282106686
-24.33323742044061
-24.287771513776136
-24.24156980431303
-24.19463506612621
-24.14697060475774
-24.098580256281707
-24.049468385841887
-23.999639885662756
-23.949100172534994
-23.897855184777338
-23.845911378677325
-23.79327572441431
-23.739955701468656
-23.685959293521673
-23.63129498285141
-23.57597174423014
-23.519999038329782
-23.463386804641853
-23.406145453919176
-23.34828586014697
-23.289819352051662
-23.230757704156584
-23.17111312739439
-23.110898259286497
-23.050126153700457
-22.988810270196634
-22.92696446297617
-22.864602969442494
-22.801740398388965
-22.738391717825287
-22.674572242455433
-22.610297620819942
-22.545583822115923
-22.48044712270859
-22.414904092348245
-22.3489715801067
-22.28266670004762
-22.216006816645567
-22.14900952996873
-22.081692660640464
-22.014074234594936
-21.946172467642235
-21.87800574985851
-21.809592629816983
-21.740951798675884
-21.672102074139236
-21.603062384306572
-21.53385175142778
-21.46448927557937
-21.394994118277953
-21.325385486046276
-21.255682613947517
-21.185904749103276
-21.11607113421066
-21.04620099107375
-20.97631350416494
-20.90642780423146
-20.836562951962538
-20.76673792173249
-20.696971585435012
-20.627282696423936
-20.557689873575573
-20.48821158548789
-20.418866134831674
-20.349671642868756
-20.28064603415193
-20.21180702142128
-20.143172090711502
-20.07475848668487
-20.006583198204154
-19.938662944159276
-19.871014159561085
-19.803652981915306
-19.736595237889375
-19.66985643028461
-19.60345172532594
-19.53739594028106
-19.471703531420772
-19.406388582331928
-19.34146479259404
-19.27694546683044
-19.21284350414446
-19.1491713879508
-19.08594117621213
-19.02316449209043
-18.960852515022324
-18.89901597222716
-18.837665130656276
-18.776809789391432
-18.716459272499787
-18.65662242235207
-18.597307593410076
-18.538522646489437
-18.480274943503044
-18.422571342690073
-18.36541819433506
-18.30882133698122
-18.252786094141708
-18.197317271512002
-18.14241915468632
-18.088095507380626
-18.034349570164533
-17.98118405970369
-17.92860116851362
-17.876602565225237
-17.825189395361445
-17.774362282623553
-17.72412133068566
-17.6744661254947
-17.625395738073347
-17.57690872782244
-17.529003146319194
-17.481676541607026
-17.434925962972113
-17.38874796620153
-17.34313861931717
-17.2980935087792
-17.253607746152593
-17.20967597522957
-17.166292379600403
-17.123450690664438
-17.081144196072582
-17.039365748591845
-16.99810777538192
-16.957362287673302
-16.917120890835943
-16.877374794827112
-16.83811482500669
-16.79933143330785
-16.761014709750746
-16.72315439428666
-16.68573988895971
-16.64876027037314
-16.612204302446592
-16.576060449450743
-16.540316889305124
