32.05084489213024
32.148727937016254
32.24658037720739
32.3444050875518
32.442205124565966
32.539983723229234
32.63774429361022
32.73549041732762
32.83322584384815
32.93095448662462
33.028680419077666
33.12640787042461
33.224141221359396
33.32188499958779
33.41964387522217
33.51742265604046
33.61522628261324
33.71305982330373
33.81092846914485
33.90883752859769
34.006792422195744
34.10479867707936
34.20286192142525
34.30098787877607
34.39918236227477
34.497451268808746
34.595800573068246
34.694236321523775
34.79276462632755
34.891391659144304
34.99012364491729
35.08896685557609
35.187927603692245
35.287012236088955
35.386227127411004
35.485578673661095
35.58507328570874
35.684717382777926
35.78451738591962
35.88447971147507
35.98461076453622
36.08491693240946
36.185404578088956
36.28608003374537
36.386949594236306
36.48801951064487
36.589295983852786
36.69078515815439
36.79249311491767
36.894425866298626
36.99658934901537
37.09898941818806
37.20163184125118
37.30452229194486
37.40766634439194
37.51106946726708
37.614737018064176
37.71867423746775
37.82288624383378
37.927378027785466
38.03215444692964
38.137220220699845
38.24257992533214
38.34823798897898
38.454198686966805
38.56046613720255
38.667044295734144
38.773936952469825
38.8811477270614
38.98868006495641
39.09653723362428
39.204722318961366
39.31323822187935
39.42208765508119
39.5312731400284
39.64079700410347
39.750661377970836
39.860868193139346
39.97141917972912
40.08231586444541
40.19355956876186
40.30515140731482
40.417092286510616
40.52938290334769
40.642023744455265
40.75501508535033
40.86835698991415
40.98204931008944
41.09609168579941
41.21048354508979
41.325224104494666
41.44031236962677
41.55574713599201
41.671526990027516
41.787650310362025
41.9041152692963
42.020919834500816
42.13806177092759
42.25553864293356
42.373347816612394
42.491486462331395
42.6099515574695
42.7287398893527
42.84784805838262
42.96727248135374
43.08700939495463
43.20705485944841
43.32740476252797
43.44805482334066
43.56900059667736
43.69023747732074
43.81176070454739
43.93356536677799
44.05564640636975
44.17799862454569
44.300616686455776
44.423495126364735
44.54662835296074
44.67001065477922
44.79363620573582
44.91749907076195
45.0415932115356
45.16591249230032
45.290450685765336
45.415201479080054
45.54015847987614
45.665315222369884
45.79066517351788
45.91620173921871
46.04191827055337
46.16780807005773
46.29386439801999
46.420080478796486
46.54644950713885
46.67296465452541
46.79961907548995
46.926405913941274
47.05331830946722
47.180349403616795
47.307492346153545
47.43474030127391
47.56208645378417
47.689524015229956
47.817046229972114
47.94464638120281
48.07231779689619
48.20005385568778
48.32784799267712
48.455693705147965
48.58358455820037
48.71151419028975
48.83947631866779
48.967464744720715
49.09547335920037
49.223496147343965
49.35152719387817
49.479560687904055
49.60759092765933
49.73561232515455
49.863619410680215
49.99160683718215
50.11956938450216
50.24750196348119
50.37539961992203
50.503257538408626
50.631071045979034
50.758835615649524
50.886546869787445
51.01420058333061
51.14179268685117
51.26931926946164
51.396776581561106
51.524161037419866
51.65146921760108
51.77869787121855
51.905843918030335
52.032904450368875
52.15987673490767
52.28675821426489
52.4135465084436
52.540239416108506
52.666834915698956
52.79333116637807
52.91972650881789
53.04601946582065
53.172208742776064
53.29829322795521
53.42427199264168
53.550144291101304
53.675909560391716
53.801567420013015
53.92711767140136
54.0525602972671
54.177895460779304
54.30312350459892
54.428244949762394
54.55326049441758
54.67817101241386
54.802977551748235
54.92768133286851
55.05228374683427
55.17678635333616
55.30119087857421
55.42549921299585
55.549713408894355
55.67383567786849
55.797868388144515
55.921814061761935
56.045675371624654
56.16945513841931
56.29315632740246
56.416782045058355
56.54033553562964
56.66382017752305
56.78723947959246
56.910597077302256
57.03389672877465
57.15714231072427
57.28033781428381
57.40348734072448
57.526595097074605
57.64966539163969
57.77270262942794
57.89571130748566
58.01869601014669
58.141661404200015
58.264612233979385
58.38755331637872
58.51048953579737
58.633425839019814
58.756367230034975
58.87931876480035
59.00228554595616
59.12527271749416
59.24828545938583
59.3713289821743
59.49440852153463
59.61752933280729
59.740696685509526
59.86391585783025
59.987192131114455
60.11053078434372
60.23393708861897
60.35741630165194
60.480973662271765
60.60461438495241
60.7283436543666
60.85216661997259
60.97608839064054
61.10011402932503
61.22424854779024
61.34849690139333
61.472863983932086
61.59735462256282
61.721973572793615
61.84672551355749
61.97161504237011
62.09664667057678
62.22182481869306
62.34715381184396
62.47263787530648
62.59828113016011
62.72408758904988
62.85006115206597
62.97620560274334
63.10252460418463
63.22902169530955
63.355700287234136
63.48256365978336
63.609614958140135
63.736857189633845
63.86429322067086
63.991925773808944
64.11975742497641
64.24779060083672
64.37602757629908
64.50447047217598
64.63312125298786
64.7619817249152
64.89105353389864
65.02033816388804
65.14983693524114
65.27955100327263
65.40948135695454
65.5396288177695
65.66999403871837
65.80057750348404
65.93137952575223
66.06240024869068
66.19363964458763
66.32509751465126
66.4567734889712
66.5886670266432
66.7207774160578
66.85310377535328
66.98564505303378
67.118400028754
67.251367314271
67.38454535456381
67.51793242912098
67.65152665339579
67.7853259804289
67.91932820263665
68.05353095376367
68.18793171099762
68.32252779724419
68.45731638356025
68.59229449174185
68.72745899706442
68.86280663117154
68.99833398510859
69.13403751249777
69.26991353285129
69.4059582350196
69.54216768077103
69.6785378084987
69.81506443705072
69.9517432696791
70.08856989810252
70.22553980667922
70.3626483766864
70.49989089070269
70.63726253709015
70.77475841457218
70.91237353690319
71.05010283762537
71.18794117490715
71.32588333645803
71.4639240445138
71.60205796088603
71.74027969207025
71.87858379440722
72.01696477929191
72.15541711842444
72.29393524909686
72.43251357950952
72.57114649411106
72.70982835895619
72.84855352707517
72.98731634384909
73.12611115238393
73.26493229887716
73.40377413796999
73.54263103807806
73.68149738669352
73.82036759565186
73.95923610635747
74.09809739496283
74.23694597749663
74.37577641493662
74.51458331822407
74.65336135321597
74.79210524557236
74.93080978557629
75.06946983288356
75.20808032119885
75.34663626287443
75.4851327534268
75.62356497596681
75.76192820553842
75.90021781336134
76.03842927097344
76.17655815426963
76.31460014743357
76.45255104675914
76.59040676435905
76.72816333175751
76.8658169033647
77.0033637598309
77.14080031127924
77.27812310041486
77.41532880550926
77.55241424325845
77.68937637151407
77.82621229188612
77.96291925221522
78.09949464891156
78.23593602915764
78.37224109297154
78.50840769512865
78.64443384694039
78.7803177178888
78.91605763711654
79.05165209477038
79.18709974319746
79.32239939799344
79.45755003890226
79.59255081056769
79.72740102313709
79.86210015271878
79.99664784169353
80.13104389887975
80.26528829955215
80.39938118531326
80.53332286381796
80.66711380835183
80.80075465726397
80.93424621325563
81.06758944252626
81.20078547377831
81.33383559708274
81.46674126260679
81.59950407920645
81.73212581288625
81.86460838512859
81.99695387109433
82.12916449769627
82.26124264154636
82.39319082677686
82.52501172273493
82.65670814155045
82.78828303557636
82.91973949470164
83.05108074353748
83.18231013847745
83.31343116463339
83.44444743264799
83.57536267538572
83.70618074450331
83.83690560690187
83.96754134106223
84.09809213326653
84.22856227370906
84.35895615250004
84.48927825556487
84.6195331604412
84.74972553197588
84.87986011792387
85.00994174445114
85.1399753115443
85.26996578833067
85.39991820831338
85.52983766452692
85.6597293046182
85.78959832585898
85.91944997009549
86.0492895186409
86.17912228711614
86.30895362024515
86.43878888661087
86.56863347337733
86.69849278098346
86.82837221781452
86.95827719485695
87.08821312034254
87.21818539438782
87.3481994036345
87.47826051589679
87.60837407482022
87.73854539455606
87.8687797544565
87.9990823937956
88.12945850652174
88.25991323604676
88.39045167007639
88.52107883548688
88.65179969325384
88.78261913344072
88.91354197025412
89.0445729371725
89.175716682154
89.30697776292884
89.43836064238148
89.5698696840265
89.70150914758112
89.83328318463752
89.9651958344371
90.09725101974941
90.22945254285769
90.36180408165312
90.49430918583953
90.62697127325013
90.75979362627804
90.8927793884216
91.0259315609457
91.1592529996597
91.29274641181364
91.42641435311434
91.56025922486327
91.69428327121824
91.82848857658092
91.96287706311244
92.09745048837766
92.2322104431185
92.3671583491568
92.50229545742701
92.63762284613819
92.77314141906442
92.90885190396517
93.04475485113772
93.18085063210452
93.31713943843778
93.45362128072355
93.59029598766853
93.7271632053525
93.86422239662983
94.00147284068265
94.13891363272847
94.27654368388465
94.41436172119205
94.55236628780011
94.69055574331509
94.82892826431322
94.96748184501922
95.10621429814995
95.24512325592269
95.38420617122785
95.52346031896565
95.66288279754662
95.80247053055524
95.94222026857648
96.08212859118345
96.22219190908396
96.36240646642221
96.50276834323229
96.64327345803947
96.78391757060508
96.9246962848111
97.065605051682
97.20663917254122
97.34779380229959
97.48906395287334
97.63044449672925
97.77193017055409
97.91351557904461
98.05519519881473
98.19696338241472
98.33881436245697
98.4807422558434
98.6227410680893
98.7648046977376
98.9069269408579
99.04910149562427
99.19132196696599
99.33358187128529
99.47587464123644
99.61819363055993
99.76053211896483
99.90288331705365
100.04524037128381
100.18759636895989
100.32994434325106
100.47227727822833
100.61458811391635
100.75686975135518
100.899115057668
101.04131687113143
101.18346800624404
101.32556125878814
101.46758941088065
101.6095452360092
101.75142150404925
101.89321098625915
102.0349064602502
102.17650071493026
102.31798655541863
102.45935680792999
102.60060432462521
102.7417219884272
102.88270271779956
103.02353947148535
103.16422525320351
103.3047531163007
103.4451161683572
103.58530757574496
103.72532056813506
103.86514844295161
104.0047845697687
104.144222394646
104.28345544439819
104.42247733079293
104.56128175467197
104.69986250998986
104.83821348776357
104.97632867992579
105.11420218307589
105.25182820212214
105.38920105380984
105.52631517013012
105.66316510160445
105.79974552044163
105.93605122356436
106.07207713550335
106.20781831115639
106.34326993840975
106.47842734061894
106.61328597894644
106.74784145455314
106.88208951064038
107.01602603433989
107.14964705844918
107.28294876301047
107.41592747673164
107.5485796782485
107.68090199722891
107.8128912153189
107.94454426693048
108.07585823987105
108.20683037581408
108.33745807061176
108.46773887445043
108.59767049184903
108.72725078150243
108.85647775597282
108.98534958123183
109.11386457605612
109.24202121127904
109.36981810890164
109.49725404106628
109.62432792889648
109.75103884120664
109.87738599308567
110.00336874435855
110.12898659793119
110.25423919802357
110.37912632829578
110.50364790987076
110.62780399925792
110.75159478618171
110.87502059131815
110.99808186394272
111.12077917949306
111.24311323704954
111.36508485673686
111.48669497704996
111.60794465210766
111.72883504883679
111.84936744408922
111.96954322169391
112.08936386944559
112.20883097603222
112.32794622790298
112.44671140607873
112.56512838290574
112.68319911875322
112.80092565865526
112.91831012889848
113.03535473355713
113.15206175097659
113.2684335302066
113.38447248738565
113.50018110207837
113.61556191356782
113.73061751710621
113.84535056012736
113.95976373842358
114.07385979229001
114.18764150263904
114.30111168708832
114.41427319602529
114.52712890865165
114.63968172901149
114.75193458200714
114.86389040940661
114.97555216584679
115.08692281483637
115.19800532476255
115.30880266490622
115.41931780147013
115.52955369362405
115.63951328957239
115.7491995226494
115.85861530744683
115.96776353597852
116.0766470738863
116.1852687566909
116.29363138609176
116.40173772631852
116.50959050053655
116.61719238730882
116.72454601711615
116.83165396893867
116.93851876690076
117.04514287698157
117.1515287037937
117.25767858743257
117.36359480039857
117.46927954459522
117.5747349484069
117.67996306386067
117.78496586387757
117.88974523961895
117.99430299793312
118.09864085890854
118.20276045353899
118.306663321506
118.41035090908224
118.51382456715942
118.61708554940367
118.72013501054175
118.82297400478137
118.92560348436939
119.02802429829148
119.13023719111698
119.23224280199236
119.33404166378614
119.4356342023874
119.53702073615977
119.6382014755527
119.73917652287037
119.83994587219763
119.94050940948239
120.04086691277223
120.14101805260327
120.24096239253822
120.34069938984908
120.44022839633931
120.53954865929984
120.63865932259284
120.73755942785624
120.83624791582213
120.93472362774241
121.03298530691472
121.13103160030153
121.22886106023464
121.32647214619772
121.4238632266804
121.52103258109764
121.61797840176814
121.71469879594736
121.81119178791164
121.90745532109042
122.00348726024436
122.09928539368707
122.19484743554881
122.2901710280812
122.38525374400228
122.4800930888805
122.57468650355577
122.66903136659596
122.76312499678613
122.85696465565002
122.95054755000353
123.04387083454083
123.13693161445362
123.22972694808415
123.32225384961158
123.41450929177155
123.50649020860818
123.5981934982574
123.68961602576032
123.78075462590586
123.87160610610114
123.96216724926786
124.05243481676406
124.14240555133019
124.23207618005883
124.32144341738787
124.41050396811751
124.49925453045195
124.58769179906677
124.67581246820261
124.76361323478547
124.85109080157316
124.9382418803266
125.02506319500345
125.11155148497177
125.19770350824128
125.28351604471062
125.36898589942872
125.45410990586755
125.53888492920397
125.62330786960833
125.7073756655383
125.79108529703502
125.87443378901789
125.95741821457501
126.04003569824728
126.12228341930349
126.20415861500489
126.28565858385572
126.36678068883624
126.44752236061551
126.52788110074006
126.607854484795
126.68744016553366
126.76663587597194
126.84543943244388
126.92384873761377
127.00186178343951
127.07947665408223
127.15669152875672
127.23350468451657
127.30991449896761
127.38591945290263
127.4615181328494
127.53670923352469
127.61149156018861
127.68586403089525
127.7598256786364
127.83337565337628
127.90651322397402
127.97923777999053
128.0515488333765
128.12344602003964
128.1949291012894
128.2659979651578
128.33665262759382
128.40689323352808
128.47672005780385
128.54613350597037
128.61513411493388
128.68372255345992
128.7518996225209
128.8196662554824
128.8870235181222
128.95397260847665
129.02051485650736
129.08665172358394
129.15238480177777
129.2177158129631
129.28264660772277
129.3471791640551
129.4113155858787
129.4750581013343
129.5384090608834
129.60137093520495
129.66394631289052
129.72613789793922
129.7879485070556
129.84938106675327
129.91043861026867
129.9711242742901
130.03144129550697
130.09139300698394
130.15098283436498
130.21021429191194
130.26909097838256
130.32761657275478
130.38579482980458
130.44362957554506
130.50112470253475
130.55828416506313
130.61511197422215
130.67161219287254
130.72778893051384
130.78364633806802
130.8391886025862
130.89441994188712
130.9493445991369
131.00396683737915
131.0582909340252
131.11232117531347
131.1660618507466
131.219517247515
131.27269164491474
131.32558930876723
131.37821448584748
131.43057139832683
131.48266423823554
131.53449716195098
131.58607428471817
131.6373996752094
131.68847735012912
131.7393112688718
131.78990532823934
131.84026335722467
131.89038911186765
131.94028627018895
131.98995842720808
132.03940909005144
132.08864167315585
132.13765949357355
132.18646576638514
132.23506360022736
132.28345599294346
132.3316458273638
132.37963586722424
132.42742875322858
132.47502699925906
132.52243298873952
132.5696489711562
132.61667705873913
132.66351922330762
132.71017729328366
132.75665295087754
132.8029477294491
132.84906301104718
132.89500002413013
132.94075984146968
132.98634337823853
133.03175139028156
133.07698447257042
133.12204305783928
133.16692741539862
133.21163765012363
133.25617370161547
133.30053534353294
133.34472218309213
133.38873366073096
133.43256904993552
133.4762274572239
133.5197078222842
133.56300891826402
133.60612935220786
133.64906756563835
133.6918218352772
133.7343902739027
133.7767708313405
133.81896129558447
133.86095929404416
133.90276229491803
133.9443676086904
133.98577238975042
134.02697363813184
134.06796820137367
134.10875277650246
134.14932391213745
134.18967801071983
134.2298113308674
134.26971998985516
134.30939996622135
134.34884710249764
134.38805710806434
134.4270255621317
134.4657479168476
134.50421950053317
134.5424355210488
134.58039106929334
134.61808112283836
134.65550054969924
134.69264411224447
134.72950647124287
134.76608219004754
134.8023657389141
134.8383514994515
134.87403376920395
134.9094067663633
134.94446463461247
134.97920144809916
135.01361121654043
135.04768789045795
135.08142536654339
135.11481749315192
135.14785807592204
135.18054088351766
135.21285965348886
135.2448080982473
135.27637991115137
135.3075687726954
135.33836835679665
135.3687723371737
135.3987743938095
135.42836821949425
135.45754752644336
135.4863060529866
135.5146375703256
135.54253588935683
135.56999486755728
135.59700841592814
135.6235705059911
135.64967517682987
135.67531654216975
135.70048879748754
135.7251862271445
135.7494032115345
135.7731342342396
135.7963738891841
135.81911688777893
135.84135806604525
135.86309239170703
135.88431497123918
135.90502105685744
135.92520605343464
135.9448655253276
135.96399520309922
135.98259099011864
136.00064896902325
136.01816540802577
136.03513676704893
136.05155970366968
136.06743107885563
136.08274796247792
136.0975076385855
136.1117076104258
136.1253456051984
136.1384195785306
136.15092771866398
136.16286845034028
136.17424043837786
136.18504259092902
136.19527406240945
136.20493425609084
136.21402282634813
136.2225396805543
136.23048498061507
136.23785914413747
136.24466284522646
136.25089701490515
136.2565628411544
136.26166176856873
136.26619549762722
136.27016598357818
136.27357543493645
136.2764263115946
136.27872132255084
136.28046342325752
136.2816558125951
136.2823019294765
136.2824054490875
136.28197027877013
136.28100055355662
136.27950063136154
136.27747508784137
136.2749287109309
136.27186649506802
136.26829363511888
136.26421552001625
136.25963772612317
136.2545660103351
136.2490063029336
136.24296470020477
136.23644745683782
136.22946097811905
136.22201181193714
136.2141066406166
136.20575227259587
136.19695563396613
136.18772375988806
136.17806378590512
136.16798293917077
136.15748852960837
136.14658794102274
136.1352886221814
136.12359807788357
136.11152386003437
136.09907355873997
136.0862547934396
136.07307520408904
136.0595424424107
136.0456641632229
136.031448015862
136.01690163571016
136.00203263584126
135.9868485987961
135.97135706849804
135.9555655423194
135.93948146330763
135.92311221257978
135.90646510189276
135.8895473663979
135.87236615758957
135.8549285364586
135.83724146686063
135.81931180910942
135.80114631380366
135.7827516158968
135.7641342290192
135.74530054006027
135.7262568040196
135.70700913913333
135.68756352228252
135.66792578468835
135.64810160789784
135.62809652006194
135.60791589250698
135.58756493660007
135.56704870090834
135.54637206865118
135.52553975544424
135.5045563073329
135.48342609911265
135.46215333293412
135.4407420371897
135.4191960656774
135.39751909703978
135.3757146344733
135.35378600570198
135.3317363632067
135.3095686847015
135.28728577384948
135.2648902612101
135.24238460540994
135.21977109452826
135.1970518476909
135.17422881686537
135.15130378884817
135.12827838743385
135.10515407575338
135.08193215876815
135.058613785906
135.03519995382396
135.0116915092832
134.98808915212078
134.96439343830264
134.94060478304198
134.91672346396751
134.8927496243274
134.86868327621494
134.8445243038035
134.82027246657992
134.79592740256624
134.77148863152104
134.74695555811297
134.72232747505848
134.69760356621543
134.67278290962588
134.6478644805037
134.62284715416388
134.59772970889173
134.57251082875166
134.54718910633403
134.5217630454414
134.49623106371553
134.47059149520658
134.4448425928855
134.4189825311022
134.39300940799228
134.36692124783497
134.34071600336586
134.31439155804776
134.2879457283028
134.2613762657089
134.23468085916429
134.20785713702352
134.18090266920908
134.15381496930272
134.12659149661985
134.09922965827
134.07172681120787
134.0440802642805
134.0162872802765
133.988345077984
133.9602508342633
133.9320016861403
133.90359473292787
133.87502703838013
133.84629563288408
133.81739751569316
133.7883296572082
133.7590890013124
133.7296724677668
133.70007695467334
133.67029934101092
133.6403364892502
133.61018524805203
133.57984245505403
133.54930493974857
133.51856952645548
133.48763303739278
133.45649229584873
133.42514412945783
133.39358537358143
133.36181287479312
133.32982349446942
133.29761411248623
133.26518163101977
133.23252297845065
133.199635113369
133.1665150286784
133.13315975579448
133.0995663689342
133.06573198949044
133.03165379048582
132.99732900109947
132.96275491126002
132.92792887629784
132.89284832164932
132.85751074760466
132.8219137340893
132.7860549454683
132.7499321353616
132.71354315145706
132.67688594030867
132.6399585521087
132.60275914542123
132.56528599186296
132.52753748071765
132.48951212347058
132.45120855824914
132.41262555415594
132.37376201548133
132.33461698578296
132.2951896518209
132.2554793473375
132.21548555667138
132.17520791819308
132.13464622755166
132.09380044072188
132.05267067684096
132.01125722082472
131.96956052575362
131.92758121502058
131.8853200842327
131.84277810286082
131.79995641563275
131.7568563436657
131.71347938533378
131.66982721686438
131.62590169265715
131.58170484532
131.53723888541728
131.4925062009265
131.4475093563992
131.40225109182367
131.356734321188
131.3109621307435
131.2649377769712
131.21866468425398
131.17214644225916
131.12538680303712
131.07838967784002
131.03115913366648
130.9836993895378
130.93601481251196
130.88810991344232
130.83998934249004
130.79165788439897
130.74312045354347
130.6943820887595
130.6454479479696
130.59632330261226
130.54701353188838
130.49752411683662
130.44786063425224
130.39802875046243
130.3480342149712
130.29788285398578
130.2475805638364
130.19713330430133
130.14654709184796
130.0958279928005
130.0449821164453
129.9940156080846
129.94293464204893
129.89174541467864
129.84045413728458
129.7890670290984
129.7375903102231
129.68603019459565
129.63439288297238
129.58268455594995
129.530911367034
129.47907943576976
129.4271948409466
129.375263613888
129.32329173183788
129.2712851114545
129.2192496024206
129.16719098117957
129.11511494480473
129.06302710500856
129.01093298229816
128.95883800028352
128.90674748014462
128.85466663526196
128.80260056601625
128.75055425476236
128.69853256098506
128.64654021664384
128.59458182171474
128.54266183993386
128.4907845947466
128.4389542654661
128.3871748836436
128.3354503296524
128.28378432948438
128.2321804517573
128.18064210492872
128.12917253471431
128.07777482170553
128.0264518791817
127.97520645111224
127.9240411103436
127.87295825696556
127.82196011685217
127.77104874037248
127.72022600126702
127.6694935956868
127.61885304139237
127.56830567711025
127.51785266204304
127.46749497552885
127.4172334168472
127.36706860516888
127.31700097964615
127.26703079963984
127.21715814508009
127.16738291695852
127.11770483794949
127.06812345315855
127.01863813099676
126.96924806418106
126.91995227086177
126.87074959587865
126.82163871214591
126.77261812216699
126.7236861596786
126.67484099142342
126.62608061905104
126.57740288114604
126.5288054553817
126.48028586079766
126.43184146019979
126.38346946268138
126.33516692626455
126.28693076066082
126.2387577301493
126.19064445657074
126.14258742243516
126.09458297414056
126.0466273253009
125.99871656018212
125.9508466372452
125.90301339279557
125.85521254473866
125.80743969644158
125.75969034069959
125.71195986380616
125.66424354972497
125.61653658436256
125.56883405993977
125.52113097946102
125.4734222612804
125.42570274376402
125.3779671900466
125.33021029287892
125.28242667956164
125.2346109169618
125.18675751660709
125.1388609398536
125.09091560312191
125.04291588319523
124.99485612257291
124.9467306348725
124.89853371027283
124.8502596209907
124.80190262678406
124.75345698047471
124.70491693348373
124.65627674137266
124.60753066938338
124.55867299797029
124.50969802831918
124.46060008784588
124.41137353566813
124.3620127680444
124.31251222377392
124.26286638955258
124.21306980527919
124.1631170693077
124.11300284364091
124.06272185906067
124.0122689201898
123.96163891048053
123.91082679712412
123.85982763587589
123.80863657579033
123.75724886386064
123.70565984955641
123.65386498925267
123.60185985054346
123.54964011643351
123.49720158940049
123.44454019532138
123.39165198725645
123.33853314908542
123.28517999899013
123.23158899277932
123.17775672705186
123.12367994219487
123.06935552521468
123.01478051239864
122.95995209180698
122.90486760559524
122.84952455216835
122.79392058816693
122.73805353028654
122.68192135693089
122.62552220970058
122.56885439471914
122.51191638379923
122.45470681545298
122.39722449575099
122.33946839903392
122.28143766848079
122.22313161653771
122.16454972520982
122.10569164621965
122.04655720103453
121.9871463807646
121.92745934593283
121.86749642611782
121.80725811946961
121.74674509209846
121.68595817733721
121.62489837487821
121.56356684978657
121.50196493139053
121.44009411205063
121.37795604580928
121.31555254692255
121.25288558827519
121.18995729968076
121.12676996606915
121.06332602556465
120.99962806745752
120.9356788300717
120.87148119853116
120.8070382024279
120.7423530133937
120.6774289425769
120.61226943802642
120.54687808198439
120.481258588089
120.41541479848927
120.34935068087229
120.28307032540367
120.21657794158186
120.14987785500857
120.08297450407717
120.01587243658064
119.94857630624044
119.8810908691568
119.81342098018061
119.74557158920689
119.67754773738855
119.60935455327004
119.54099724883943
119.4724811154986
119.40381151995123
119.33499390000864
119.26603376031235
119.19693666797335
119.12770824812836
119.05835417941447
118.9888801893625
118.919292049711
118.84959557164305
118.77979660094903
118.70990101311887
118.6399147083678
118.5698436066007
118.49969364232064
118.42947075948805
118.35918090633803
118.28883003016372
118.21842407207512
118.14796896174178
118.07747061212868
118.0069349142332
117.93636773183144
117.86577489624281
117.79516220112126
117.72453539728068
117.65390018756219
117.58326222174995
117.51262709154221
117.44200032558345
117.37138738456375
117.30079365639236
117.23022445145173
117.15968499793738
117.08918043728752
117.01871581970548
116.94829609977822
116.87792613219463
116.8076106675658
116.73735434834944
116.66716170487953
116.59703715150161
116.52698498281555
116.45700937002769
116.38711435741439
116.31730385889958
116.24758165474933
116.17795138838656
116.10841656332924
116.03898054025423
115.96964653418901
115.9004176118341
115.83129668901815
115.7622865282881
115.69338973663834
115.624608763383
115.55594589817544
115.48740326917734
115.41898284138007
115.35068641508009
115.28251562450852
115.21447193661551
115.14655665001023
115.07877089405635
115.01111562812322
114.94359164099252
114.87619955041954
114.80893980284726
114.74181267327096
114.67481826525012
114.60795651106493
114.54122717201496
114.47462983885852
114.40816393239119
114.34182870416375
114.27562323733981
114.20954644769405
114.1435970847523
114.07777373307535
114.01207481368796
113.94649858565448
113.88104314780186
113.81570644059117
113.75048624813918
113.6853802003924
113.62038577545663
113.55550030208452
113.49072096232364
113.4260447943275
113.36146869533174
113.29698942479696
113.23260360771884
113.16830773810433
113.10409818261259
113.0399711843594
112.97592286688293
112.91194923826744
112.84804619542093
112.78420952850185
112.72043492549018
112.6567179768988
112.59305418062037
112.52943894690476
112.46586760346146
112.40233540068029
112.33883751696443
112.27536906416937
112.21192509314041
112.14850059934192
112.08509052857109
112.02168978274904
111.95829322578197
111.89489568948545
111.83149197956459
111.76807688164342
111.70464516733671
111.64119160035693
111.57771094264865
111.5141979605412
111.45064743090984
111.38705414733408
111.32341292624187
111.2597186130289
111.19596608814356
111.13215027312845
111.06826613660826
111.00430870021421
110.94027304443568
110.87615431439019
110.81194772550293
110.7476485690861
110.6832522178089
110.61875413105088
110.55414986013056
110.48943505340105
110.42460546120378
110.35965694067261
110.29458546038063
110.22938710482288
110.16405807872763
110.09859471118978
110.03299345961989
109.96725091350447
109.901363797974
109.83532897717691
109.7691434574582
109.7028043903423
109.63630907532081
109.56965496244607
109.50283965473113
109.43586091035695
109.36871664468765
109.3014049320958
109.2339240075994
109.16627226831167
109.09844827470533
109.03045075169177
108.96227858951693
108.89393084447556
108.82540673944663
108.75670566425163
108.6878271758386
108.61877099829451
108.54953702268836
108.48012530674885
108.41053607437891
108.34076971501042
108.27082678280226
108.200707995686
108.13041423426239
108.05994654055235
107.98930611660683
107.91849432297977
107.84751267706861
107.77636285132724
107.7050466713565
107.63356611387802
107.56192330459656
107.49012051595558
107.41816016479025
107.34604480988149
107.27377714941393
107.2013600183394
107.1287963856473
107.05608935154224
106.98324214452974
106.91025811841085
106.83714074918667
106.76389363187432
106.69052047723675
106.61702510842814
106.54341145755699
106.46968356216881
106.39584556165094
106.32190169356191
106.24785628988751
106.17371377322443
106.09947865289244
106.02515552097621
105.95074904829868
105.87626398032681
105.80170513301174
105.72707738856626
105.65238569118286
105.57763504269506
105.50283049818539
105.42797716154244
105.3530801809702
105.27814474445232
105.20317607517426
105.12817942690616
105.05316007935038
104.97812333345676
104.90307450670876
104.8280189283838
104.75296193479208
104.67790886449824
104.60286505353075
104.5278358305843
104.45282651222043
104.37784239807307
104.3028887660647
104.22797086764
104.15309392302423
104.0782631165141
104.00348359180906
103.9287604473901
103.8540987319527
103.77950343990084
103.70497950690934
103.63053180556061
103.55616514106087
103.48188424704094
103.40769378144634
103.33359832252083
103.2596023648857
103.18571031571705
103.11192649102279
103.03825511202112
102.96470030162263
102.89126608101762
102.81795636636943
102.74477496561346
102.67172557536136
102.59881177790996
102.52603703835561
102.45340470181574
102.38091799075912
102.3085800024464
102.23639370648229
102.16436194247964
102.09248741783708
102.02077270563186
101.94922024262891
101.87783232740773
101.80661111860908
101.73555863330247
101.66467674547502
101.59396718464299
101.52343153458614
101.45307123220547
101.3828875665059
101.3128816777049
101.24305455646774
101.17340704326918
101.10393982788125
101.0346534489864
100.96554829391445
100.89662459850157
100.82788244706953
100.7593217725233
100.69094235656607
100.62274383003111
100.55472567333126
100.48688721702646
100.41922764251032
100.35174598281625
100.2844411235437
100.21731180390438
100.1503566178886
100.0835740155521
100.01696230442425
99.95051965103832
99.8842440825841
99.81813348868351
99.75218562328902
99.68639810670467
99.62076842772885
99.55529394591835
99.48997189397377
99.4247993802447
99.35977339135249
99.2948907949287
99.23014834246746
99.1655426722901
99.10107031262176
99.03672768477857
98.97251110646467
98.9084167951781
98.84444087172422
98.78057936383478
98.71682820989231
98.65318326275799
98.5896402936997
98.52619499641601
98.46284299115162
98.39957982889923
98.33640099568215
98.27330191691244
98.21027796182018
98.14732444794875
98.08443664571173
98.02160978300647
97.95883904987927
97.89611960323778
97.8334465716052
97.77081505991175
97.70822015431743
97.6456569270601
97.58312044132317
97.52060575611684
97.45810793116762
97.3956220318117
97.33314313388765
97.27066632862359
97.20818672751405
97.14569946718184
97.08319971422038
97.02068267001125
96.95814357551349
96.89557771602047
96.83298042588076
96.77034709317975
96.70767316437873
96.64495414890855
96.58218562371447
96.51936323774824
96.45648271640364
96.39353986589147
96.33053057754951
96.26745083208307
96.20429670373126
96.14106436435414
96.07775008743677
96.01435025200642
95.95086134645835
95.88727997228621
95.82360284771399
95.75982681122646
95.69594882499571
95.63196597820179
95.56787549024587
95.50367471385319
95.4393611380627
95.3749323910999
95.31038624312949
95.24572060888438
95.1809335501684
95.11602327822898
95.05098815599702
94.98582670018978
94.9205375832724
94.85511963527422
94.78957184545614
94.72389336382578
94.6580835024965
94.59214173688675
94.52606770675716
94.45986121708263
94.39352223875706
94.32705090912869
94.26044753236484
94.19371257964629
94.12684668919174
94.05985066611272
93.9927254821002
93.92547227494373
93.85809234788513
93.79058716880894
93.72295836927259
93.65520774337978
93.58733724650023
93.51934899383917
93.45124525885984
93.38302847156268
93.31470121662613
93.2462662314137
93.17772640385255
93.10908477018876
93.04034451262311
92.97150895683063
92.90258156936665
92.83356595496122
92.7644658537036
92.69528513811798
92.6260278101318
92.5566979979373
92.48729995274658
92.4178380454394
92.34831676310324
92.27874070546494
92.20911458121299
92.13944320421007
92.06973148959531
91.99998444977524
91.93020719030238
91.86040490564068
91.79058287481831
91.7207464569695
91.65090108676753
91.58105226975255
91.5112055775582
91.44136664304216
91.37154115532525
91.30173485474535
91.2319535277324
91.16220300161177
91.09248913934329
91.02281783420409
90.95319500442469
90.8836265877872
90.81411853619426
90.74467681021616
90.67530737362523
90.60601618792526
90.53680920688413
90.46769237107736
90.39867160245188
90.32975279891917
90.26094182898743
90.19224452644181
90.12366668508054
90.05521405351288
89.9868923300242
89.91870715751355
89.85066411850897
89.78276873026522
89.71502643994876
89.6474426199141
89.58002256307458
89.5127714783701
89.44569448633564
89.37879661477399
89.31208279453625
89.24555785541435
89.17922652214958
89.11309341056113
89.04716302379694
88.98143974870919
88.91592785235599
88.85063147863042
88.78555464501852
88.72070123948896
88.65607501751623
88.59167959923997
88.52751846676341
88.46359496159488
88.39991228223556
88.33647348191658
88.27328146648921
88.21033899247215
88.14764866525951
88.0852129374926
88.02303410759775
87.96111431849117
87.89945555645117
87.83805965015851
87.77692826990464
87.7160629269677
87.65546497315647
87.59513560052305
87.53507584124388
87.47528656766967
87.4157684925447
87.35652216939654
87.29754799309653
87.23884620059043
87.18041687179839
87.122259930683
87.0643751464833
87.00676213511251
86.94942036071727
86.89234913739544
86.83554763106922
86.77901486151033
86.72274970451342
86.66675089421396
86.6110170255477
86.55554655684766
86.50033781257541
86.44538898618207
86.39069814309532
86.33626322382854
86.28208204720822
86.2281523137165
86.1744716089451
86.12103740715683
86.06784707495096
86.01489787502798
85.96218697005047
85.9097114265957
85.85746821919672
85.8054542344684
85.75366627531564
85.7021010652184
85.65075525258867
85.59962541519455
85.54870806464696
85.4979996509441
85.44749656706965
85.39719515364077
85.34709170360206
85.29718246696147
85.24746365556261
85.19793144788643
85.1485819938752
85.09941141977122
85.05041583296263
85.00159132682852
84.95293398557617
84.90443988906377
84.85610511760096
84.80792575671971
84.75989790190776
84.7120176632972
84.66428117030118
84.61668457619173
84.56922406261133
84.52189584401144
84.47469617201197
84.42762133967544
84.3806676856896
84.33383159845259
84.28710952005444
84.24049795014928
84.19399344971127
84.14759264466743
84.10129222940127
84.05508897012218
84.0089797080946
83.96296136272206
83.91703093448102
83.87118550769985
83.82542225317825
83.77973843064346
83.73413139103984
83.68859857864952
83.64313753304286
83.5977458908573
83.55242138740395
83.50716185810136
83.46196523973587
83.4168295715488
83.37175299615005
83.32673376025882
83.28177021527158
83.23686081765827
83.19200412918808
83.14719881698629
83.10244365342446
83.05773751584802
83.01307938614609
82.96846835016815
82.92390359699168
82.87938441804503
82.83491020609021
82.7904804540705
82.74609475382799
82.70175279469542
82.65745436196691
82.61319933525127
82.5689876867124
82.52481947920083
82.48069486427917
82.43661408014512
82.39257744945488
82.34858537705034
82.30463834759283
82.2607369231055
82.21688174042654
82.17307350857416
82.12931300602409
82.08560107790075
82.04193863308379
81.99832664123144
81.95476612972291
81.91125818052174
81.86780392696167
81.82440455045756
81.78106127714435
81.73777537444678
81.69454814758231
81.6513809359997
81.60827510975756
81.56523206584703
81.5222532244625
81.47934002522598
81.4364939233707
81.39371638589026
81.35100888765956
81.30837290753439
81.26580992443579
81.22332141342568
81.18090884178028
81.13857366506764
81.09631732323535
81.05414123671451
81.01204680254571
80.97003539053256
80.92810833942659
80.88626695314682
80.84451249703685
80.80284619416207
80.76126922164863
80.71978270706623
80.67838772485666
80.63708529281055
80.59587636859536
80.5547618463377
80.51374255326257
80.47281924639188
80.43199260930433
80.3912632489594
80.35063169258822
80.31009838465471
80.2696636838912
80.2293278604125
80.1890910929126
80.14895346594895
80.10891496731895
80.06897548553403
80.02913480739747
79.98939261569299
79.94974848699056
79.91020188957592
79.87075218150984
79.83139860882217
79.79214030384527
79.75297628369039
79.71390544886982
79.67492658206733
79.63603834705886
79.59723928778409
79.55852782756837
79.5199022684941
79.48136079092082
79.44290145315246
79.40452219125065
79.36622081899272
79.32799502797299
79.28984238784598
79.25176034670928
79.2137462316232
79.17579724926442
79.13791048671068
79.10008291235535
79.06231137695
79.02459261477362
78.9869232449263
78.94929977274627
78.91171859134819
78.87417598328024
78.83666812229787
78.7991910752511
78.7617408040826
78.72431316793315
78.68690392535133
78.64950873660486
78.61212316609057
78.57474268484044
78.53736267312082
78.49997842312236
78.46258514173884
78.42517795343339
78.38775190319008
78.35030195954984
78.31282301772968
78.27530990282413
78.23775737308735
78.20016012329337
78.16251278817118
78.12480994591091
78.08704612173757
78.04921579154826
78.01131338560891
77.97333329230698
77.93526986195731
77.89711741065868
77.8588702241973
77.82052256199383
77.7820686610893
77.7435027401656
77.70481900359529
77.66601164551618
77.62707485392538
77.58800281478752
77.54878971615223
77.50942975227679
77.46991712774945
77.43024606160952
77.39041079146
77.35040557756884
77.3102247069553
77.26986249745869
77.22931330178665
77.18857151154054
77.14763156121592
77.10648793217604
77.06513515659697
77.02356782138236
76.981780572047
76.93976811656864
76.89752522920799
76.85504675429536
76.8123276099816
76.76936279194945
76.72614737708238
76.68267652708721
76.6389454920668
76.59494961403834
76.55068433039241
76.50614517728809
76.46132779297977
76.41622792107103
76.37084141369087
76.32516423458742
76.27919246213423
76.23292229224523
76.18635004119506
76.13947214834172
76.0922851787484
76.04478582570096
75.9969709131185
75.9488373978545
75.90038237188628
75.85160306439104
75.80249684370744
75.75306121918209
75.70329384290085
75.65319251130518
75.6027551666939
75.55197989861176
75.50086494512652
75.44940869399704
75.39760968373537
75.34546660456499
75.29297829927759
75.24014376398998
75.18696214880208
75.13343275835621
75.07955505229745
75.02532864563443
74.97075330899963
74.91582896880857
74.86055570731719
74.80493376257766
74.74896352829278
74.69264555356885
74.63598054256708
74.57896935405294
74.52161300084303
74.46391264914887
74.40586961781689
74.34748537746411
74.28876154950846
74.22969990509357
74.17030236390774
74.11057099289728
74.05050800487497
73.99011575702518
73.92939674930709
73.86835362275689
73.80698915768902
73.74530627179682
73.68330801815362
73.62099758311489
73.55837828412187
73.49545356740713
73.43222700560112
73.36870229523923
73.30488325416796
73.24077381884943
73.17637804156321
73.11170008750479
73.04674423178061
72.9815148563
72.91601644656429
72.85025358835365
72.78423096431264
72.71795335043588
72.65142561245567
72.58465270213365
72.51763965345843
72.45039157875094
72.38291366467995
72.31521116818969
72.24728941234268
72.17915378208163
72.11080971991412
72.04226272152395
71.97351833131295
71.90458213787717
71.83545976942212
71.76615688912072
71.69667919041765
71.62703239228327
71.5572222344206
71.4872544724291
71.41713487292887
71.34686920865013
71.27646325349215
71.20592277755637
71.13525354215781
71.0644612948187
70.99355176424754
70.92253065530721
70.85140364397566
70.78017637230343
70.70885444337259
70.63744341626168
70.56594880102236
70.49437605367345
70.42273057121847
70.35101768669298
70.27924266424824
70.2074106942782
70.13552688859701
70.06359627567369
69.99162379593005
69.91961429710804
69.84757252971266
69.7755031425364
69.7034106782697
69.6312995692019
69.55917413301594
69.48703856868096
69.41489695244607
69.34275323393868
69.27061123237038
69.1984746328541
69.12634698283571
69.05423168864414
68.98213201216336
68.9100510676299
68.83799181855889
68.76595707480273
68.69394948974538
68.6219715576366
68.5500256110703
68.4781138186104
68.40623818256667
68.33440053692154
68.26260254540831
68.19084569974099
68.11913131799555
68.04746054314326
67.97583434173642
67.90425350274684
67.83271863655757
67.76123017410767
67.68978836618938
67.6183932828978
67.54704481323263
67.47574266485158
67.40448636397532
67.33327525544458
67.26210850293019
67.1909850892966
67.1199038171189
67.04886330935308
66.97786201015943
66.906898185878
66.8359699261551
66.76507514521985
66.69421158331001
66.62337680824534
66.55256821714751
66.48178303830561
66.41101833318568
66.34027099858294
66.26953776891561
66.19881521865955
66.12809976492304
66.05738767016055
65.98667504502339
65.91595785134587
65.84523190526556
65.77449288047569
65.7037363116076
65.63295759774155
65.56215200604333
65.49131467552405
65.42044062091935
65.34952473668415
65.27856180109865
65.20754648048165
65.13647333350747
65.06533681562217
64.99413128355417
64.9228509999129
64.85149013786975
64.78004278591436
64.70850295267991
64.63686457183053
64.56512150700468
64.4932675568084
64.42129645985312
64.34920189983251
64.276977510633
64.20461688147185
64.13211356205676
64.05946106776179
63.98665288481373
63.913682475482794
63.84054328327101
63.76722873809171
63.69373226143369
63.62004727150366
63.546167188341194
63.47208543890087
63.397795462096376
63.32329071380138
63.248564671802164
63.17361084069744
63.098422756741165
63.02299399262477
62.94731816219608
62.87138892511267
62.79519999142785
62.71874512610758
62.642018153476656
62.56501296159324
62.48772350655081
62.41014381670628
62.33226799683307
62.25409023219838
62.17560479256444
62.096806036112795
62.0176884132902
61.9382464705743
61.858474854157336
61.778368313545954
61.69792170507468
61.61712999533044
61.53598826448545
61.45449170953592
61.37263564744453
61.29041551818424
61.207826887681314
61.12486545065534
61.04152703335442
60.957807596183365
60.87370323622256
60.78921018963511
60.70432483396028
60.61904369029103
60.53336342533371
60.44728085334808
60.36079293796539
60.273896793882415
60.186589688429905
60.09886904301433
60.01073243443179
59.92217759605322
59.83320241888018
59.7438049524703
59.65398340573185
59.56373614758692
59.47306170750247
59.38195877588842
59.29042620436181
59.19846300587582
59.10606835471319
59.01324158634347
58.9199821971446
58.82628984398874
58.73216434369257
58.63760567233205
58.54261396442242
58.44718951196378
58.35133276335235
58.255044322157595
58.158324945765536
58.06117554388967
57.96359717695102
57.86559105432948
57.76715853248802
57.668301112971754
57.569020440283815
57.46931829964031
57.36919661460725
57.26865744462238
57.16770298240489
57.066335551256046
56.964557602253834
56.862371711345034
56.75978057633803
56.65678701380047
56.55339395586624
56.44960444695626
56.34542164041717
56.240848795082584
56.13588927176103
56.030546529655176
55.92482412271648
55.81872569593947
55.71225498160005
55.60541579544242
55.49821203281903
55.39064766478777
55.28272673417053
55.17445335157681
55.06583169139555
54.95686598775854
54.84756053047847
54.73791966096474
54.627947768120244
54.517649284222784
54.407028680794554
54.296090464462566
54.184839172812985
54.07327937024229
53.96141564380844
53.849252599085446
53.7367948560248
53.624047044826455
53.51101380182257
53.39769976537741
53.28410957180694
53.17024785132145
53.05611922399464
52.94172829576171
52.82707965444916
52.71217786583923
52.597027469771994
52.481632976287806
52.36599886181312
52.25012956539262
52.13402948497042
52.01770297372331
51.90115433644916
51.78438782601369
51.667407639858645
51.55021791657378
51.43282273253503
51.31522609861143
51.197431956943475
51.07944417779531
50.96126655648315
50.84290281038152
50.724356576008674
50.60563140619256
50.48673076731835
50.36765803665831
50.24841649978474
50.12900934806679
50.009439676251915
49.88971048013267
49.769824654299875
49.6497849899831
49.52959417297976
49.4092547816741
49.28876928514703
49.168140041378116
49.04736929554057
48.92645917839085
48.80541170475406
48.684228772105975
48.562912159252086
48.441463525104304
48.3198844075562
48.19817622245753
48.076340262689115
47.95437769733891
47.83228957097984
47.71007680304993
47.5877401873357
47.46528039155973
47.342697957073796
47.21999329865898
47.09716670443473
46.97421833587882
46.85114822796007
46.727956289384984
46.60464230295886
46.48120592606167
46.35764669123906
46.23396400690839
46.11015715817975
45.9862253077924
45.862167497166716
45.73798264757189
45.613669561409004
45.48922692360943
45.36465330314834
45.23994715467315
45.115106820246936
44.99013053120622
44.86501641013213
44.73976247293287
44.614366631035935
44.488826693688125
44.36314037036148
44.237305273263146
44.11131891994701
43.985178736024764
43.858882057973986
43.73242613604067
43.60580813723324
43.47902514840491
43.3520741794211
43.22495216640875
43.09765597508454
42.9701824041589
42.84252818881175
42.71469000423628
42.58666446924702
42.458448149948715
42.330037563462504
42.201429181705755
42.07261943522196
41.943604717056424
41.81438138667381
41.68494577391374
41.55529418298079
41.42542289646531
41.295328179391504
41.165006283289074
41.034453450284786
40.903665917210276
40.772639919722394
40.641371696432145
40.509857493038226
40.37809356646147
40.246076188976645
40.113801652338
39.98126627189486
39.848466390693424
39.71539838356107
39.58205866116935
39.44844367407193
39.314549916714036
39.18037393141008
39.04591231228675
38.911161709188484
38.77611883154264
38.64078045218155
38.505143411118176
38.36920461927229
38.232961062143815
38.09640980342958
37.95954798857956
37.822372848288396
37.684881701918
37.54707196084739
37.408941131746005
37.270486819767015
37.1317067316575
36.99259867878253
36.85316058006008
36.713390464803595
36.573286475469345
36.43284687030587
36.292070025902895
36.15095443963725
36.00949873201382
35.86770164889905
35.72556206364502
35.583078979101494
35.44025152951375
35.29707898230405
35.153560739734736
35.00969634045115
34.86548546090274
34.72092791664074
34.5760236634909
34.430772798600174
34.285175561356084
34.13923233417745
33.99294364317572
33.84631015868669
33.699332695672325
33.5520122139923
33.40434981854477
33.25634675927583
33.108004431057395
32.9593243734339
32.810308270238004
32.66095794907567
32.51127538068061
32.361262678137756
32.210922095976194
32.060256029132056
31.909267011782156
31.757957716048985
31.606330950577522
31.454389658984205
31.302136918178338
31.14957593655591
30.996710052065925
30.84354273015011
30.69007756155698
30.536318260031624
30.38226865988257
30.22793271342745
30.07331448831927
29.91841816475538
29.763248032571667
29.607808488224563
29.45210403166369
29.296139263097768
29.1399188796566
28.983447671952188
28.826730520542082
28.669772392298295
28.512578336685216
28.355153481949806
28.197503031227463
28.03963225856689
27.88154650487747
27.723251173803057
27.56475172752616
27.4060536825065
27.2471626051578
27.08808410746696
26.928823842559584
26.76938750021623
26.609780802343664
26.45000949840562
26.290079360817487
26.129996180309178
25.969765761260533
25.809393917013608
25.64888646516638
25.4882492228524
25.32748800201099
25.16660860465282
25.005616818125585
24.844518410384804
24.683319125274544
24.522024677823133
24.360640749558733
24.199172983849756
24.037626981274904
23.876008295027866
23.714322426361708
23.55257482007811
23.390770860066585
23.22891586489853
23.067015083480857
22.90507369077419
22.743096783580782
22.58108937640715
22.419056397406237
22.257002684404043
22.09493298101536
21.93285193285338
21.770764083837673
21.608673872604793
21.446585629025787
21.284503570834612
21.122431800371356
20.960374301443874
20.798334936311626
20.636317442795367
20.47432543151647
20.312362383269353
20.150431646530087
19.988536435104187
19.826679825916422
19.66486475694558
19.503094025306954
19.341370285484746
19.179696047716366
19.018073676530467
18.85650538944032
18.69499325579389
18.533539195781685
18.372144979603277
18.210812226793166
18.049542405706376
17.888336833163947
17.727196674258337
17.566122942318525
17.405116499034346
17.24417805473939
17.083308168851627
16.922507250470826
16.761775559131802
16.601113205712302
16.440520153494113
16.27999621937591
16.11954107523612
15.95915424944409
15.798835128517899
15.638582958926994
15.478396849037457
15.318275771197651
15.158218563961913
14.998223934449928
14.838290460839222
14.67841659498818
14.518600665186726
14.358840879031606
14.199135326423104
14.039481982680002
13.879878711769365
13.720323269647691
13.560813307709806
13.401346376341847
13.241919928574642
13.082531323833546
12.923177831780674
12.763856636245375
12.604564839238657
12.44529946504708
12.286057464401674
12.126835718717253
11.967631044397542
11.808440197201413
11.649259876665544
11.490086730578758
11.330917359503195
11.171748321337438
11.012576135916806
10.853397289645844
10.694208240157966
10.535005420997125
10.375785246316314
10.21654411558771
10.057278418319399
9.897984538773471
9.738658860680346
9.579297771944113
9.419897669333848
9.260454963155778
9.100966081901275
8.941427476865716
8.781835626733358
8.622187042123326
8.46247827009186
8.302705898586057
8.142866560844405
7.982956939739624
7.8229737720592505
7.662913852719548
7.502774038908349
7.342551254152695
7.182242492307216
7.021844821459302
6.861355387747172
6.700771419087059
6.540090228805806
6.379309219175322
6.218425884845433
6.057437816171765
5.896342702435435
5.7351383349515155
5.573822610063375
5.412393532020239
5.2508492157354985
5.089187889423456
4.927407897112408
4.765507701032005
4.6034858838729535
4.441341150917264
4.279072332037437
4.116678383563193
3.95415839001454
3.7915115657001
3.628737256179773
3.465834939590928
3.302804227837403
3.139644867640733
2.9763567414531584
2.81293986823207
2.64939440407567
2.485720642719753
2.321919015895639
2.1579900935494045
1.9939345839226925
1.8297533334954794
1.6654473267913308
1.5010176860457791
1.336465670738581
1.1717926769907077
1.00700023682705
0.8420900173059258
0.6770638195165829
0.5119235774459965
0.34667135671637145
0.18130935319487138
0.0158398914771931
-0.14973457675328503
-0.31541147448895623
-0.4811881012821209
-0.6470616352477933
-0.8130291351830796
-0.979087542800941
-1.1452336850760616
-1.3114642767004574
-1.4777759226463685
-1.6441651208338928
-1.8106282649007304
-1.9771616470713365
-2.143761461122707
-2.3104238054439445
-2.477144686186684
-2.643920020503402
-2.8107456398705484
-2.9776172934933833
-3.1445306517893377
-3.3114813099466143
-3.4784647915546825
-3.6454765523032977
-3.81251198374664
-3.979566417129144
-4.146635127269547
-4.313713336499656
-4.480796218654348
-4.647878903109313
-4.814956478863018
-4.982023998659306
-5.149076483147041
-5.316108925073144
-5.483116293505375
-5.650093538081222
-5.817035593279301
-5.98393738270965
-6.1507938234193364
-6.317599830209768
-6.484350319962072
-6.651040215966862
-6.8176644522547365
-6.984217977923874
-7.150695761461
-7.317092795052047
-7.483404098878885
-7.649624725398461
-7.815749763600764
-7.98177434324201
-8.147693639049487
-8.313502874894562
-8.479197327930333
-8.64477233269059
-8.810223285146652
-8.97554564671867
-9.140734948238117
-9.305786793858251
-9.470696864909371
-9.635460923695753
-9.800074817231156
-9.964534480909942
-10.128835942110948
-10.292975323731264
-10.456948847647109
-10.620752838099019
-10.784383724998602
-10.947838047154061
-11.111112455411783
-11.274203715711307
-11.437108712051154
-11.599824449363027
-11.762348056291842
-11.92467678787915
-12.086808028147532
-12.248739292583695
-12.410468230518164
-12.571992627399514
-12.733310406961127
-12.894419633278577
-13.05531851271572
-13.21600539575771
-13.376478778729242
-13.536737305396407
-13.696779768450675
-13.856605110873623
-14.016212427180996
-14.17560096454468
-14.334770123791296
-14.493719460276091
-14.652448684630809
-14.810957663384468
-14.96924641945618
-15.127315132519113
-15.285164139234892
-15.442793933357889
-15.600205165709042
-15.757398644018878
-15.914375332639537
-16.071136352125578
-16.22768297868339
-16.384016643489137
-16.54013893187521
-16.69605158238541
-16.851756485699187
-17.007255683425374
-17.16255136676583
-17.31764587504937
-17.472541694136588
-17.62724145469644
-17.781747930355657
-17.93606403572236
-18.09019282428509
-18.244137486188613
-18.39790134588801
-18.551487859682762
-18.70490061313259
-18.85814331835672
-19.011219811218563
-19.16413404839771
-19.316890104351398
-19.46949216816766
-19.621944540312498
-19.774251629273593
-19.92641794810295
-20.07844811086123
-20.230346828966262
-20.3821189074486
-20.533769241116815
-20.68530281063524
-20.83672467851706
-20.988039985035773
-21.13925394405796
-21.290371838800457
-21.441399017514943
-21.59234088910306
-21.743202918665293
-21.893990622986813
-22.044709565963664
-22.195365353972726
-22.345963631188617
-22.49651007485067
-22.647010390482784
-22.797470307069254
-22.9478955721897
-23.098291947116333
-23.2486652018766
-23.399021110284334
-23.549365444942676
-23.699703972222434
-23.850042447219376
-24.00038660869407
-24.150742173997568
-24.301114833986304
-24.451510247929463
-24.60193403841214
-24.75239178623758
-24.902889025332087
-25.053431237656042
-25.204023848124535
-25.354672219541072
-25.505381647547782
-25.656157355595784
-25.807004489939434
-25.957928114658333
-26.108933206711217
-26.260024651026246
-26.411207235632336
-26.56248564683631
-26.713864464450445
-26.865348157075154
-27.01694107744141
-27.168647457817208
-27.3204714054825
-27.47241689827687
-27.624487780224435
-27.77668775724036
-27.9290203929233
-28.08148910443806
-28.2340971584925
-28.386847667412564
-28.539743585319496
-28.69278770441296
-28.84598265136405
-28.999330883822022
-29.152834687038375
-29.306496170611965
-29.460317265358597
-29.61429972030855
-29.768445099835375
-29.922754780919107
-30.077229950546993
-30.231871603254675
-30.386680538811092
-30.54165736005045
-30.696802470854255
-30.85211607428626
-31.007598170882847
-31.163248557101088
-31.319066823926807
-31.475052355644795
-31.63120432877317
-31.78752171116388
-31.944003261271313
-32.10064752759086
-32.25745284826902
-32.41441735088642
-32.57153895241509
-32.72881535935152
-32.88624406802685
-33.043822365095444
-33.201547328202615
-33.35941582683227
-33.517424523335244
-33.67556987413888
-33.833848131138495
-33.992255343271324
-34.15078735827336
-34.30943982461923
-34.4682081936449
-34.62708772185232
-34.78607347339485
-34.945160322742225
-35.10434295752398
-35.26361588154995
-35.42297341800585
-35.58240971282194
-35.741918738212775
-35.901494296385664
-36.06113002341522
-36.22081939328115
-36.380555722066674
-36.54033217231473
-36.70014175753921
-36.85997734688835
-37.01983166995672
-37.17969732174249
-37.33956676774668
-37.499432349210714
-37.659286288488126
-37.819120694546235
-37.978927568593555
-38.13869880982899
-38.29842622130847
-38.458101515924206
-38.61771632249205
-38.77726219194219
-38.93673060360815
-39.09611297160868
-39.25540065131672
-39.41458494590914
-39.57365711299137
-39.732608371290084
-39.89142990740787
-40.050112882633854
-40.20864843980449
-40.367027710208035
-40.52524182052609
-40.68328189980507
-40.84113908645013
-40.99880453523427
-41.15626942431514
-41.313524962252515
-41.47056239501954
-41.627373013001076
-41.78394815797223
-41.94027923005006
-42.096357694611065
-42.25217508916739
-42.40772303019451
-42.562993219903596
-42.71797745295185
-42.872667623083935
-43.027055729697615
-43.18113388432675
-43.334894317034745
-43.48832938271192
-43.64143156726998
-43.794193493727384
-43.946607928179326
-44.098667785645766
-44.250366135791005
-44.40169620850872
-44.55265139936636
-44.70322527490287
-44.853411577773386
-45.0032042317352
-45.15259734646918
-45.30158522223087
-45.45016235432536
-45.59832343739998
-45.74606336954878
-45.89337725622289
-46.04026041394172
-46.18670837380017
-46.332716884767876
-46.47828191677689
-46.623399663594626
-46.76806654547909
-46.91227921161408
-47.05603454232153
-47.199329651048686
-47.342161886128
-47.48452883230817
-47.62642831205574
-47.76785838662676
-47.908817356908806
-48.049303764033375
-48.18931638975915
-48.32885425662659
-48.46791662788463
-48.60650300719028
-48.74461313808178
-48.88224700322588
-49.01940482343992
-49.15608705648987
-49.29229439566553
-49.42802776813415
-49.56328833307402
-49.69807747958988
-49.83239682441212
-49.96624820938212
-50.09963369872623
-50.232555576121634
-50.36501634155736
-50.497018707993966
-50.62856559782507
-50.75966013914429
-50.89030566182164
-51.02050569339367
-51.150263954771916
-51.27958435577433
-51.40847099048371
-51.536928132437666
-51.66496022965522
-51.79257189950495
-51.919767923420025
-52.046553241465475
-52.17293294676303
-52.29891227977937
-52.42449662248363
-52.549691492380376
-52.6745025364245
-52.798935524824245
-52.922996344739104
-53.04669099387941
-53.17002557401476
-53.293006284398544
-53.41563941511596
-53.53793134036336
-53.659888511666644
-53.78151745104659
-53.902824744138535
-54.023817033274234
-54.144501010532984
-54.264883410769094
-54.38497100462333
-54.50477059152583
-54.6242889926984
-54.74353304416362
-54.8625095897681
-54.981225474227095
-55.09968753619781
-55.21790260138888
-55.335877475713026
-55.453618938490216
-55.57113373570822
-55.68842857334757
-55.805510110777355
-55.92238495422756
-56.03905965034337
-56.15554067982722
-56.271834451174094
-56.387947294505544
-56.50388545550762
-56.619655089477384
-56.73526225548229
-56.85071291063625
-56.96601290449652
-57.081167973585735
-57.19618373604314
-57.311065686408966
-57.425819190545354
-57.540449480696935
-57.65496165069382
-57.76936065129959
-57.88365128570669
-57.99783820518158
-58.11192590486226
-58.22591871971056
-58.33982082062178
-58.45363621069416
-58.56736872166064
-58.681022010485464
-58.79459955612836
-58.908104656479196
-59.02154042546525
-59.13490979033381
-59.248215489112994
-59.36146006825376
-59.47464588045537
-59.58777508267636
-59.700849634332855
-59.81387129568597
-59.92684162642056
-60.03976198441715
-60.15263352471866
-60.26545719869345
-60.378233753396195
-60.49096373112773
-60.603647469194165
-60.71628509986565
-60.828876550534154
-60.941421544070046
-61.05391959937695
-61.16637003214422
-61.27877195579632
-61.39112428263818
-61.50342572519592
-61.615674797752696
-61.72786981807966
-61.84000890936128
-61.952090002313845
-62.0641108374957
-62.1760689678076
-62.28796176118167
-62.39978640345735
-62.51153990144261
-62.62321908615812
-62.73482061626212
-62.84634098165353
-62.957776507250436
-63.06912335694061
-63.18037753770044
-63.29153490387823
-63.402591161638256
-63.51354187356149
-63.62438246339859
-63.73510822097073
-63.845714307214095
-63.956195759363695
-64.06654749627187
-64.17676432385615
-64.28684094067027
-64.39677194359199
-64.50655183362072
-64.61617502177772
-64.72563583510076
-64.83492852272512
-64.94404726204202
-65.05298616492506
-65.1617392840157
-65.27030061905963
-65.37866412328542
-65.48682370981628
-65.59477325810603
-65.70250662039011
-65.81001762814223
-65.9173000985284
-66.02434784084998
-66.13115466296851
-66.23771437770544
-66.34402080921045
-66.45006779929228
-66.55584921370671
-66.66135894839549
-66.76659093567018
-66.8715391503345
-66.976197615739
-67.08056040976201
-67.1846216707106
-67.2883756031349
-67.39181648354973
-67.49493866605665
-67.59773658785899
-67.70020477466242
-67.80233784595394
-67.9041305201524
-68.00557761962408
-68.10667407555717
-68.20741493269041
-68.30779535389046
-68.40781062457334
-68.50745615696609
-68.60672749420392
-68.70562031425855
-68.80413043369275
-68.90225381123729
-68.99998655118655
-69.09732490660939
-69.19426528237214
-69.29080423797154
-69.38693849017511
-69.48266491546701
-69.57798055229728
-69.6728826031333
-69.76736843631215
-69.86143558769243
-69.95508176210512
-70.04830483460296
-70.14110285150753
-70.2334740312532
-70.32541676502683
-70.41692961720287
-70.5080113255741
-70.59866080137886
-70.68887712912544
-70.77865956621486
-70.8680075423623
-70.95692065881883
-71.04539868739425
-71.13344156928315
-71.22104941369548
-71.30822249629318
-71.39496125743369
-71.48126630022114
-71.56713838836595
-71.65257844385292
-71.73758754441815
-71.82216692083523
-71.90631795401112
-71.99004217189281
-72.07334124618808
-72.15621698890504
-72.23867134871637
-72.32070640715438
-72.40232437464408
-72.48352758638151
-72.56431849806489
-72.64469968148677
-72.72467381999485
-72.80424370382997
-72.88341222534979
-72.96218237414672
-73.04055723206903
-73.11853996815336
-73.1961338334765
-73.27334215593436
-73.35016833495598
-73.42661583616012
-73.50268818596277
-73.57838896614345
-73.65372180837795
-73.72869038874484
-73.80329842221323
-73.877549657119
-73.95144786963618
-74.02499685824972
-74.09820043823555
-74.17106243615382
-74.24358668436156
-74.31577701555085
-74.38763725731775
-74.45917122676718
-74.53038272515954
-74.60127553260457
-74.67185340280759
-74.74212005787314
-74.81207918317222
-74.88173442227941
-74.95108937198626
-75.0201475773967
-75.08891252710947
-75.15738764849272
-75.22557630305545
-75.29348178192043
-75.36110730140314
-75.42845599870117
-75.4955309276981
-75.56233505488598
-75.62887125541039
-75.69514230924159
-75.76115089747537
-75.82689959876785
-75.8923908859079
-75.9576271225306
-76.02261055997502
-76.0873433342893
-76.1518274633857
-76.21606484434818
-76.28005725089412
-76.34380633099164
-76.40731360463434
-76.47058046177568
-76.5336081604251
-76.59639782490757
-76.65895044428868
-76.72126687096801
-76.78334781944301
-76.84519386524613
-76.90680544405785
-76.96818285099761
-77.02932624009458
-77.09023562394037
-77.15091087352613
-77.21135171826603
-77.27155774620877
-77.33152840443819
-77.39126299966387
-77.45076069900216
-77.51002053094754
-77.569041386533
-77.62782202067825
-77.68636105372417
-77.74465697315219
-77.80270813548697
-77.86051276838094
-77.91806897287853
-77.97537472585753
-78.03242788264396
-78.08922617979619
-78.14576723805357
-78.2020485654437
-78.25806756054243
-78.31382151588042
-78.36930762149058
-78.42452296858954
-78.47946455338712
-78.53412928101699
-78.5885139695826
-78.6426153543128
-78.69643009182192
-78.74995476446901
-78.80318588480912
-78.85611990013052
-78.90875319707078
-78.96108210630547
-79.01310290730254
-79.06481183313548
-79.11620507534889
-79.16727878886974
-79.21802909695822
-79.2684520961912
-79.3185438614716
-79.36830045105688
-79.41771791160062
-79.46679228320039
-79.51551960444516
-79.56389591745511
-79.61191727290765
-79.65957973504402
-79.70687938665077
-79.75381233401032
-79.80037471181521
-79.84656268804036
-79.8923724687674
-79.93780030295517
-79.98284248715032
-80.02749537013182
-80.07175535748337
-80.11561891608875
-80.15908257854522
-80.20214294749093
-80.24479669984152
-80.28704059093178
-80.32887145855733
-80.37028622691122
-80.41128191041054
-80.45185561740885
-80.49200455379054
-80.53172602644321
-80.57101744660423
-80.6098763330778
-80.64830031531864
-80.68628713637867
-80.72383465571426
-80.76094085185099
-80.79760382490377
-80.8338217989504
-80.86959312425648
-80.90491627934938
-80.93978987293787
-80.97421264567441
-81.00818347175715
-81.04170136036902
-81.07476545695118
-81.10737504430796
-81.13952954354085
-81.1712285148106
-81.20247165792676
-81.23325881276372
-81.2635899595013
-81.29346521868894
-81.32288485113173
-81.35184925759796
-81.38035897834828
-81.40841469248704
-81.43601721713691
-81.46316750643808
-81.48986665037347
-81.51611587342205
-81.54191653304275
-81.56727011799154
-81.59217824647459
-81.61664266413953
-81.64066524190702
-81.66424797364454
-81.68739297368444
-81.71010247418855
-81.73237882236202
-81.75422447751913
-81.77564200800379
-81.79663408796824
-81.81720349401365
-81.83735310169703
-81.85708588191011
-81.87640489713584
-81.89531329758898
-81.91381431724727
-81.93191126977973
-81.94960754437892
-81.96690660150347
-81.98381196853819
-82.00032723537907
-82.01645604994911
-82.03220211365084
-82.04756917676121
-82.06256103377399
-82.07718151869511
-82.09143450029711
-82.10532387733866
-82.11885357375553
-82.13202753382853
-82.14484971733424
-82.15732409468404
-82.16945464205679
-82.18124533653048
-82.19270015121896
-82.20382305041954
-82.2146179847786
-82.22508888648228
-82.2352396644806
-82.24507419975286
-82.2545963406224
-82.26380989812849
-82.27271864146307
-82.28132629347924
-82.28963652627901
-82.2976529568886
-82.30537914302981
-82.31281857899539
-82.31997469163632
-82.32685083646918
-82.33345029391198
-82.33977626565654
-82.34583187118464
-82.3516201444343
-82.357144030622
-82.36240638322572
-82.3674099611333
-82.37215742596008
-82.37665133954003
-82.38089416159305
-82.38488824757114
-82.38863584668483
-82.39213910011033
-82.3954000393782
-82.39842058494462
-82.4012025449454
-82.40374761413288
-82.40605737299488
-82.40813328705603
-82.40997670636095
-82.41158886513908
-82.41297088164963
-82.41412375820396
-82.41504838136397
-82.41574552231513
-82.41621583741203
-82.41645986889402
-82.41647804576773
-82.41627068485245
-82.41583799198354
-82.41518006336746
-82.41429688708165
-82.41318834471308
-82.41185421312962
-82.41029416637814
-82.40850777770372
-82.40649452168377
-82.4042537764714
-82.40178482614253
-82.39908686314031
-82.39615899081188
-82.39300022603167
-82.38960950190624
-82.38598567055594
-82.38212750596931
-82.3780337069267
-82.37370289999016
-82.36913364255535
-82.36432442596065
-82.35927367864842
-82.35397976937365
-82.34844101045375
-82.34265566105323
-82.33662193049638
-82.33033798160243
-82.3238019340369
-82.31701186767263
-82.30996582595394
-82.3026618192578
-82.29509782824702
-82.28727180720993
-82.27918168738306
-82.27082538025324
-82.26220078083684
-82.25330577093318
-82.24413822235003
-82.23469600009928
-82.22497696556188
-82.21497897962074
-82.20469990576025
-82.1941376131313
-82.18328997958126
-82.17215489464893
-82.16073026252484
-82.14901400497767
-82.13700406424725
-82.12469840590511
-82.11209502168383
-82.09919193227579
-82.08598719010301
-82.07247888206
-82.05866513223047
-82.04454410457986
-82.03011400562552
-82.01537308708673
-82.00031964851614
-81.98495203991506
-81.9692686643338
-81.95326798045816
-81.93694850518231
-81.9203088161684
-81.90334755439339
-81.88606342668224
-81.86845520822571
-81.85052174508114
-81.83226195665479
-81.81367483816398
-81.79475946307768
-81.77551498553343
-81.75594064272711
-81.73603575727297
-81.71579973953116
-81.69523208989987
-81.67433240106872
-81.6531003602302
-81.63153575124595
-81.60963845676478
-81.58740846028893
-81.56484584818422
-81.54195081163043
-81.5187236485073
-81.49516476521197
-81.47127467840394
-81.4470540166732
-81.42250352212628
-81.39762405188472
-81.37241657948985
-81.34688219620764
-81.32102211222733
-81.29483765774776
-81.26833028394506
-81.24150156381452
-81.2143531928821
-81.18688698978113
-81.15910489669093
-81.13100897963344
-81.10260142862481
-81.07388455767833
-81.04486080465531
-81.01553273096127
-80.98590302108428
-80.95597448197375
-80.92575004225753
-80.89523275129639
-80.864425778075
-80.83333240992832
-80.80195605110342
-80.77030022115756
-80.73836855319362
-80.7061647919351
-80.67369279164384
-80.64095651388553
-80.6079600251467
-80.57470749430857
-80.54120318998324
-80.50745147771764
-80.47345681707193
-80.43922375857963
-80.40475694059788
-80.37006108605615
-80.3351409991117
-80.30000156172096
-80.26464773013666
-80.22908453133962
-80.19331705941502
-80.157350471883
-80.1211899859932
-80.08484087499224
-80.04830846437315
-80.01159812811468
-79.97471528491806
-79.93766539444815
-79.90045395358621
-79.86308649270111
-79.82556857194496
-79.787905777578
-79.75010371832789
-79.71216802178802
-79.67410433086027
-79.63591830024691
-79.59761559299628
-79.5592018771064
-79.52068282218991
-79.48206409620289
-79.44335136224007
-79.40455027539784
-79.365666479706
-79.3267056051275
-79.28767326462562
-79.24857505129776
-79.209416535575
-79.17020326248692
-79.13094074899075
-79.0916344813634
-79.05228991265383
-79.0129124601929
-78.97350750315744
-78.93408038018575
-78.89463638704117
-78.85518077432008
-78.81571874519992
-78.77625545322317
-78.73679600011317
-78.6973454336185
-78.65790874538155
-78.61849086882765
-78.57909667707136
-78.53973098083705
-78.50039852639114
-78.46110399348382
-78.42185199329882
-78.38264706641033
-78.34349368074632
-78.30439622955831
-78.26535902939852
-78.22638631810574
-78.18748225280038
-78.14865090788967
-78.10989627308348
-78.07122225142282
-78.03263265732394
-77.9941312146415
-77.95572155475512
-77.91740721468344
-77.87919163522989
-77.84107815916437
-77.80307002944508
-77.76517038748491
-77.72738227146627
-77.6897086147084
-77.65215224409124
-77.6147158785391
-77.57740212756656
-77.54021348988944
-77.50315235210259
-77.46622098742593
-77.42942155451978
-77.39275609636992
-77.35622653924317
-77.31983469171372
-77.28358224376008
-77.24747076593202
-77.21150170858722
-77.17567640119593
-77.13999605171252
-77.10446174601203
-77.06907444739001
-77.03383499612336
-76.99874410909037
-76.96380237944824
-76.92901027636698
-76.89436814481861
-76.85987620542063
-76.825534554333
-76.79134316320905
-76.75730187920091
-76.72341042502036
-76.68966839905649
-76.65607527555223
-76.62263040484233
-76.58933301365518
-76.55618220548025
-76.52317696100307
-76.49031613860951
-76.45759847496142
-76.42502258564618
-76.39258696590288
-76.36028999142754
-76.32812991925961
-76.29610488875177
-76.26421292262468
-76.23245192810852
-76.20081969817319
-76.16931391284938
-76.1379321406422
-76.1066718400398
-76.07553036111837
-76.04450494724541
-76.01359273688105
-75.98279076547728
-75.95209596747488
-75.92150517839708
-75.8910151370393
-75.86062248775376
-75.83032378282725
-75.80011548494976
-75.76999396977193
-75.73995552855003
-75.70999637087745
-75.68011262750225
-75.65030035323038
-75.62055552991411
-75.59087406952541
-75.56125181731308
-75.53168455504307
-75.5021680043218
-75.47269783000094
-75.44326964366111
-75.41387900717213
-75.38452143632709
-75.35519240454825
-75.32588734666207
-75.29660166274074
-75.2673307220074
-75.23806986680246
-75.20881441660835
-75.17955967213017
-75.15030091942971
-75.12103343411026
-75.09175248554915
-75.06245334117513
-75.03313127078708
-75.00378155091074
-74.97439946918975
-74.94498032880666
-74.9155194529293
-74.8860121891769
-74.85645391410061
-74.82684003767237
-74.79716600777512
-74.76742731468677
-74.73761949554991
-74.70773813881966
-74.67777888868228
-74.64773744943751
-74.61760958983793
-74.58739114737848
-74.55707803252967
-74.52666623290743
-74.4961518173737
-74.46553094006158
-74.43479984431993
-74.40395486657322
-74.37299244009235
-74.34190909867216
-74.31070148021179
-74.2793663301937
-74.24790050505676
-74.21630097545865
-74.18456482942209
-74.1526892753604
-74.12067164497678
-74.08850939603151
-74.05620011497179
-74.02374151941918
-73.99113146050986
-73.95836792508312
-73.92544903771393
-73.89237306258629
-73.85913840520352
-73.8257436139316
-73.79218738137281
-73.75846854556762
-73.72458609102291
-73.69053914956505
-73.6563270010177
-73.62194907370491
-73.58740494478019
-73.55269434038217
-73.51781713561826
-73.48277335437791
-73.44756316897809
-73.4121868996437
-73.37664501382648
-73.34093812536565
-73.30506699349422
-73.26903252169456
-73.23283575640784
-73.1964778856015
-73.1599602371985
-73.12328427737344
-73.08645160872067
-73.04946396830024
-73.01232322556763
-72.97503138019266
-72.93759055977335
-72.90000301744982
-72.86227112942328
-72.82439739238526
-72.78638442086225
-72.7482349444802
-72.70995180515348
-72.67153795420182
-72.63299644939855
-72.59433045195192
-72.55554322342118
-72.51663812256913
-72.47761860215246
-72.43848820565131
-72.39925056393906
-72.3599093918931
-72.32046848494713
-72.28093171558578
-72.24130302978222
-72.2015864433796
-72.16178603841706
-72.12190595940103
-72.0819504095225
-72.04192364682149
-72.00182998030027
-71.96167376598726
-71.92145940295336
-71.88119132928341
-71.84087401800491
-71.80051197297678
-71.76010972474046
-71.7196718263358
-71.67920284908439
-71.63870737834384
-71.59819000923608
-71.55765534235275
-71.51710797944088
-71.47655251907258
-71.43599355230288
-71.39543565832048
-71.35488340009704
-71.3143413200404
-71.27381393565736
-71.23330573523151
-71.19282117352282
-71.15236466749536
-71.11194059207958
-71.07155327597548
-71.03120699750355
-70.99090598051009
-70.95065439033374
-70.91045632984049
-70.8703158355346
-70.83023687375169
-70.79022333694058
-70.7502790400406
-70.71040771696039
-70.67061301716399
-70.63089850236884
-70.59126764336037
-70.551723816927
-70.51227030291813
-70.47291028142735
-70.43364683010253
-70.39448292158437
-70.35542142107369
-70.31646508402758
-70.2776165539837
-70.2388783605117
-70.20025291729104
-70.16174252031414
-70.12334934621327
-70.08507545070898
-70.04692276717805
-70.00889310533915
-69.97098815005478
-69.93320946024807
-69.8955584679332
-69.85803647735798
-69.82064466425737
-69.78338407521647
-69.74625562714124
-69.70926010683428
-69.67239817067404
-69.63567034439613
-69.59907702297612
-69.56261847061323
-69.52629482081413
-69.49010607657617
-69.45405211067025
-69.41813266602325
-69.38234735620033
-69.34669566598704
-69.3111769520712
-69.27579044382394
-69.24053524418063
-69.20541033062209
-69.17041455625615
-69.1355466510003
-69.10080522286562
-69.06618875934286
-69.031695628892
-68.99732408253662
-68.96307225556511
-68.92893816933979
-68.89491973321508
-68.86101474656486
-68.82722090091981
-68.79353578221485
-68.75995687314678
-68.726481555642
-68.6931071134341
-68.65983073475074
-68.6266495151085
-68.5935604602132
-68.56056048896288
-68.52764643654938
-68.49481505765424
-68.46206302973393
-68.42938695638973
-68.39678337081749
-68.36424873933184
-68.33177946495981
-68.29937189109806
-68.26702230522879
-68.23472694268922
-68.20248199049057
-68.1702835911817
-68.13812784675223
-68.10601082256936
-68.07392855134229
-68.04187703710839
-68.00985225923499
-67.9778501764308
-67.94586673076127
-67.91389785166164
-67.88193945994202
-67.84998747177757
-67.81803780267829
-67.78608637143292
-67.75412910402211
-67.72216193749601
-67.69018082381125
-67.65818173362298
-67.62616066002748
-67.59411362225147
-67.562036669285
-67.52992588345568
-67.49777738394219
-67.46558733022583
-67.43335192547839
-67.40106741988517
-67.3687301139016
-67.33633636144235
-67.30388257300102
-67.27136521869998
-67.23878083126964
-67.20612600895707
-67.17339741836416
-67.14059179721515
-67.10770595705331
-67.07473678586642
-67.04168125064096
-67.00853639984471
-66.97529936583724
-66.94196736720697
-66.90853771103353
-66.87500779507421
-66.8413751098734
-66.80763724079394
-66.7737918699688
-66.7398367781718
-66.70576984660634
-66.67158905861122
-66.63729250128215
-66.60287836700745
-66.56834495491596
-66.53369067223507
-66.49891403555698
-66.46401367201206
-66.4289883203483
-66.39383683191572
-66.35855817155463
-66.32315141838664
-66.28761576650747
-66.25195052558108
-66.216155121335
-66.18022909595724
-66.14417210839535
-66.1079839345587
-66.07166446742421
-66.03521371704612
-65.99863181046946
-65.96191899154739
-65.92507562066275
-65.88810217435416
-65.85099924484659
-65.81376753948557
-65.77640788007425
-65.7389212021134
-65.70130855394373
-65.66357109578965
-65.62571009870388
-65.5877269434126
-65.54962311906073
-65.51140022185749
-65.4730599536231
-65.4346041202372
-65.39603462998949
-65.35735349183395
-65.31856281354831
-65.27966479980094
-65.24066175012663
-65.20155605681268
-65.16235020269622
-65.12304675887364
-65.08364838232299
-65.04415781344053
-65.00457787349265
-64.9649114619834
-64.92516155393801
-64.88533119710232
-64.84542350905829
-64.80544167425595
-64.76538894096208
-64.72526861812659
-64.68508407216737
-64.64483872367597
-64.60453604404606
-64.56417955202787
-64.52377281021259
-64.48331942145094
-64.44282302521069
-64.40228729387795
-64.36171592900675
-64.32111265752215
-64.28048122788263
-64.23982540620736
-64.1991489723741
-64.15845571609358
-64.11774943296601
-64.07703392052517
-64.03631297427532
-63.99559038372624
-63.95486992843175
-63.91415537403745
-63.87345046834312
-63.83275893738548
-63.792084481545686
-63.75143077168505
-63.71080144531206
-63.67020010278375
-63.62963030354442
-63.58909556240431
-63.54859934586105
-63.50814506846629
-63.46773608924045
-63.427375708138214
-63.3870671625684
-63.34681362397143
-63.306618194457855
-63.2664839035111
-63.22641370475728
-63.18641047280519
-63.14647700015999
-63.106615994213456
-63.06683007431363
-63.02712176891683
-62.98749351282484
-62.947947644509696
-62.90848640352871
-62.869111928032304
-62.82982625236698
-62.79063130477581
-62.751528905198164
-62.712520763170765
-62.67360847583196
-62.634793526031295
-62.5960772805466
-62.557460988411286
-62.51894577935487
-62.48053266236021
-62.44222252434056
-62.40401612894018
-62.36591411546177
-62.32791699792349
-62.29002516424824
-62.25223887558783
-62.214558265784056
-62.17698334096914
-62.13951397930733
-62.102149930879385
-62.064890817710726
-62.02773613394415
-61.99068524615702
-61.95373739382264
-61.91689168991561
-61.88014712166076
-61.84350255142535
-61.80695671775347
-61.77050823654158
-61.73415560235346
-61.69789718987308
-61.66173125549428
-61.625655939046474
-61.589669265655594
-61.55376914773901
-61.51795338713267
-61.482219677348176
-61.44656560595771
-61.4109886571048
-61.37548621413875
-61.34005556237005
-61.304693891943906
-61.269398300828605
-61.23416579791503
-61.19899330622419
-61.16387766621889
-61.12881563921584
-61.09380391089419
-61.05883909489673
-61.02391773652007
-60.98903631648974
-60.954191254815804
-60.91937891472448
-60.884595606660945
-60.84983759235811
-60.815101088965854
-60.78038227323534
-60.745677285753025
-60.71098223521928
-60.6762932027665
-60.641606246311554
-60.606917404936794
-60.572222703293974
-60.537518156025456
-60.50279977219772
-60.46806355974236
-60.43330552989973
-60.39852170166047
-60.36370810620055
-60.3288607913055
-60.293975825779754
-60.259049303836335
-60.22407734946263
-60.18905612075743
-60.153981814234456
-60.118850669087536
-60.08365897141313
-60.04840305838577
-60.01307932238139
-59.97768421504328
-59.9422142512861
-59.90666601323285
-59.871036154080755
-59.83532140189182
-59.79951856330412
-59.76362452716019
-59.727636268048755
-59.69155084975604
-59.655365428623284
-59.61907725680716
-59.58268368544039
-59.546182167690134
-59.509570261711886
-59.47284563349713
-59.43600605961366
-59.39904942983709
-59.361973749671975
-59.324777142760766
-59.28745785317882
-59.25001424761355
-59.21244481742629
-59.17474818059527
-59.13692308353798
-59.098968402810854
-59.06088314668473
-59.02266645659388
-58.984317608457005
-58.94583601386866
-58.90722122115996
-58.86847291632729
-58.82959092382835
-58.790575207244856
-58.75142586981157
-58.71214315481076
-58.67272744583086
-58.63317926688809
-58.59349928241012
-58.55368829708085
-58.51374725554565
-58.473677241976375
-58.4334794794964
-58.393155329466154
-58.3527062906298
-58.31213399812408
-58.271440222350414
-58.23062686771153
-58.18969597121379
-58.14864970093641
-58.107490354369254
-58.06622035662105
-58.02484225850049
-57.983358734472525
-57.941772580492234
-57.90008671171848
-57.85830416010908
-57.81642807189906
-57.77446170496331
-57.73240842606487
-57.690271707990355
-57.6480551265741
-57.60576235761318
-57.56339717367553
-57.52096344080321
-57.478465115113245
-57.43590623929828
-57.393290939028994
-57.35062341926079
-57.30790796044733
-57.26514891466321
-57.222350701638796
-57.179517804710606
-57.13665476669082
-57.09376618566035
-57.05085671069009
-57.0079310374955
-56.96499390402983
-56.92205008602151
-56.87910439246179
-56.83616166104901
-56.79322675359567
-56.750304551405016
-56.707399950623376
-56.664517857574204
-56.62166318407987
-56.578840842776806
-56.536055742429035
-56.49331278324468
-56.45061685219992
-56.407972818374965
-56.365385528306724
-56.32285980136317
-56.2804004251446
-56.23801215091709
-56.19569968908372
-56.1534677046991
-56.11132081303317
-56.06926357518922
-56.027300493781645
-55.98543600867822
-55.94367449281191
-55.90202024806666
-55.86047750124203
-55.819050400100764
-55.7777430095033
-55.73655930763266
-55.695503182312905
-55.65457842742376
-55.613788739414304
-55.57313771391847
-55.53262884247471
-55.49226550935157
-55.45205098848038
-55.41198844049586
-55.37208090988548
-55.332331322248024
-55.29274248166212
-55.25331706816513
-55.214057635342726
-55.174966608029365
-55.13604628012013
-55.097298812494046
-55.05872623104881
-55.020330424846804
-54.982113144372704
-54.94407599990279
-54.90622045998629
-54.86854785003982
-54.831059351056126
-54.793755998428026
-54.7566386808889
-54.71970813957131
-54.68296496718557
-54.64640960731998
-54.610042353864344
-54.57386335055827
-54.53787259066581
-54.50206991677783
-54.46645502074335
-54.431027443730954
-54.39578657642079
-54.36073165932822
-54.3258617832596
-54.291175889901126
-54.256672772542004
-54.222351076932625
-54.18820930227923
-54.15424580237658
-54.12045878688042
-54.086846322721385
-54.05340633566135
-54.02013661199328
-53.98703480038512
-53.954098413867996
-53.92132483196866
-53.88871130298617
-53.85625494641317
-53.82395275550169
-53.79180159997236
-53.7597982288662
-53.727939273537515
-53.6962212507862
-53.66464056612727
-53.63319351719479
-53.60187629727664
-53.570684998975985
-53.5396156179957
-53.508664057041635
-53.47782612984053
-53.447097565267875
-53.41647401158104
-53.385951040753234
-53.355524152903335
-53.32518878081628
-53.29494029454883
-53.264774006114855
-53.23468517424481
-53.20466900921371
-53.174720677732175
-53.14483530789504
-53.115007994181774
-53.08523380250261
-53.05550777528446
-53.02582493659036
-52.99618029726633
-52.966568860109525
-52.93698562505124
-52.90742559434778
-52.87788377777235
-52.848355197801475
-52.81883489478951
-52.789317932124895
-52.75979940136164
-52.73027442731972
-52.700738173148174
-52.6711858453446
-52.64161269872505
-52.61201404133828
-52.58238523931862
-52.55272172167201
-52.523018984989555
-52.49327259808279
-52.46347820653505
-52.43363153716353
-52.40372840238677
-52.37376470449248
-52.34373643980086
-52.31363970271894
-52.28347068968201
-52.25322570297805
-52.222901154451044
-52.192493569079424
-52.161999588425765
-52.131415973953885
-52.10073961020941
-52.069967507860376
-52.03909680659438
-52.00812477786888
-51.97704882751179
-51.94586649816926
-51.914575471598475
-51.88317357080296
-51.851658762008235
-51.820029156476316
-51.7882830121581
-51.756418735182244
-51.724434881179825
-51.69233015644408
-51.66010341892535
-51.62775367906186
-51.59528010044726
-51.56268200033593
-51.52995884998699
-51.4971102748484
-51.46413605458263
-51.43103612293526
-51.39781056744811
-51.364459629018306
-51.33098370130454
-51.297383329981855
-51.263659211846104
-51.229812193769575
-51.19584327150896
-51.16175358836681
-51.1275444337072
-51.093217241327224
-51.058773587685536
-51.024215189990045
-50.98954390414711
-50.954761722574446
-50.91987077187973
-50.884873310407144
-50.84977172565418
-50.81456853156139
-50.779266365678026
-50.74386798620644
-50.70837626892829
-50.67279420401631
-50.637124892736026
-50.60137154404167
-50.56553747107067
-50.52962608754062
-50.49364090405298
-50.45758552430782
-50.4214636412335
-50.3852790330357
-50.34903555917002
-50.312737156242335
-50.27638783384087
-50.23999167030426
-50.2035528084305
-50.16707545113137
-50.13056385703696
-50.09402233605498
-50.05745524488928
-50.02086698252229
-49.9842619856655
-49.94764472418193
-49.911019696484786
-49.87439142491671
-49.837764451113614
-49.80114333135718
-49.76453263192012
-49.72793692440813
-49.69136078110266
-49.65480877030869
-49.61828545171214
-49.58179537175151
-49.54534305900846
-49.50893301962189
-49.47256973273038
-49.436257645947464
-49.40000117087429
-49.36380467865381
-49.32767249557081
-49.29160889870194
-49.255618111619626
-49.21970430015385
-49.18387156821579
-49.14812395368737
-49.112465424380424
-49.07689987406949
-49.0414311186016
-49.00606289208688
-48.97079884317353
-48.93564253141128
-48.90059742370713
-48.86566689087707
-48.83085420429749
-48.796162532659345
