39.9421849738109
40.036141249360846
40.13019720828627
40.2243623798577
40.31864641222459
40.41305906416975
40.507610196695374
40.60230976444789
40.697167806989036
40.792194439920515
40.88739984586947
40.98279426534286
41.07838798745898
41.17419134056483
41.27021468274823
41.366468392253566
41.462962857810496
41.559708468885376
41.65671560586502
41.7539946301827
41.851555874396
41.94940963222648
42.04756614857176
42.14603560950103
42.24482813224522
42.34395375519328
42.44342242790513
42.54324400115159
42.643428216991296
42.74398469889422
42.84492294192136
42.94625230297043
43.04798199109711
43.15012105792169
43.252678388130725
43.355662690083754
43.459082486534776
43.56294610547837
43.667261671129715
43.772037095047715
43.87728006741019
43.982998048450376
44.08919826006319
44.19588767758989
44.303073021789935
44.41076075100914
44.51895705355275
44.62766784027173
44.73689873737061
44.8466550794447
44.95694190275481
45.06776393874702
45.179125607825085
45.29103101338251
45.40348393610128
45.51648782852391
45.63004580990531
45.74416066135137
45.85883482125041
45.97407038100397
46.08986908106266
46.20623230727199
46.32316108753298
46.440656088782305
46.55871761429677
46.677345601326586
46.796539619061384
46.916298866932785
47.03662217325678
47.15750799421853
47.278954413201696
47.40095914046379
47.52351951315877
47.64663249570766
47.77029468051746
47.894502289048326
48.01925117322879
48.14453681721876
48.27035433951972
48.396698495431345
48.5235636798534
48.650943930431204
48.77883293104266
48.90722401562472
49.03611017233665
49.165484048056854
49.295337953209824
49.42566386691961
49.55645344248576
49.68769801317707
49.81938859833777
49.951515909800904
50.08407035860343
50.21704206199776
50.350420850754645
50.48419627675118
50.61835762083753
50.752893900975344
50.88779388064071
51.02304607748399
51.15863877223901
51.29456001787391
51.43079764897677
51.56733929136802
51.70417237193188
51.84128412865882
51.97866162089141
52.11629173976555
52.2541612188385
52.392256644895006
52.530564468923295
52.669071017251355
52.807762502833526
52.94662503667692
53.085644639397316
53.22480725289424
53.364098752134424
53.50350495703279
53.643011644419715
53.782604560082945
53.92226943087255
54.06199197685734
54.20175792352083
54.341553013984054
54.48136302124292
54.62117376040752
54.760971100931535
54.900740978819876
55.040469408803155
55.180142496467944
55.31974645033197
55.459267593853134
55.59869237736164
55.7380073899046
55.87719937099289
56.01625522223933
56.15516201887758
56.293907021151185
56.432477685562546
56.570861675971784
56.70904687453553
56.84702139247604
56.98477358067076
57.122292040052216
57.259565631808115
57.396583487371956
57.53333501819439
57.66980992528606
57.80599820852227
57.94189017570038
58.07747645134105
58.212747985224944
58.347696060656965
58.48231230245039
58.616588684623814
58.75051753780394
58.88409155632717
59.01730380503363
59.15014772574744
59.282617143437214
59.4147062720504
59.54640972001527
59.677722495404105
59.808640010751276
59.93915808752007
60.06927296021314
60.1989812801221
60.328280118712144
60.45716697063807
60.5856397563885
60.71369682455605
60.84133695373134
60.96855935401908
61.09536366817423
61.22174997235703
61.34771877650536
61.47327102432354
61.598408092886594
61.72313179185938
61.84744436233053
61.97134847526173
62.09484722955347
62.2179441497292
62.340643183240054
62.4629486973924
62.58486547590025
62.70639871506558
62.82755401958946
62.948337398017436
63.06875525782255
63.188814400129395
63.308522014082435
63.427885670862295
63.54691331735428
63.66561326947381
63.78399420515355
63.90206515699755
64.01983550460814
64.13731496659138
64.25451359224799
64.37144175295658
64.48811013325668
64.60452972164036
64.72071180106174
64.8366679391735
64.95240997829951
65.06795002515254
65.18330044030598
65.29847382742857
65.41348302229052
65.5283410815505
65.64306127133194
65.75765705559822
65.87214208433535
65.98653018155211
66.10083533310628
66.21507167436667
66.32925347772064
66.44339513993671
66.55751116939328
66.6716161731845
66.78572484411418
66.89985194758768
67.01401230841216
67.12822079751518
67.24249231859275
67.35684179469862
67.47128415478684
67.58583432021985
67.70050719125433
67.81531763351788
67.93028046448896
68.04541043999333
68.16072224072977
68.2762304588384
68.39194958452524
68.50789399275683
68.62407793003919
68.7405155012951
68.85722065685442
68.97420717957155
69.09148867208447
69.20907854422947
69.32699000062613
69.4452360284462
69.56382938537982
69.68278258781132
69.80210789921698
69.9218173187957
70.04192257034349
70.1624350913825
70.28336602255517
70.40472619729319
70.52652613177104
70.64877601515381
70.77148570014957
70.89466469387592
71.01832214905117
71.1424668555196
71.26710723212032
71.39225131890849
71.5179067697379
71.6440808452138
71.77078040602395
71.89801190665536
72.02578138950263
72.15409447937382
72.28295637839948
72.41237186135037
72.54234527136968
72.67288051612529
72.8039810643882
72.93564994304283
73.06788973453449
73.20070257475872
73.33409015139641
73.46805370269664
73.60259401670868
73.73771143096377
73.87340583260578
74.00967665896945
74.1465228986047
74.28394309274444
74.42193533721246
74.56049728476842
74.69962614788733
74.83931870197227
74.9795712889985
75.12037982158665
75.2617397875025
75.40364625457994
75.54609387606297
75.68907689636171
75.83258915721626
75.9766241042613
76.12117479398341
76.26623390106226
76.41179372608576
76.55784620362897
76.70438291068638
76.85139507544625
76.99887358639592
77.1468090017471
77.29519155917092
77.444011185832
77.59325750870995
77.74291986519644
77.89298731395606
78.04344864603924
78.19429239623538
78.34550685465457
78.497080078526
78.64899990420078
78.80125395934546
78.9538296753117
79.10671429966716
79.25989490887288
79.41335842109187
79.56709160911466
79.72108111338697
79.87531345512458
80.02977504949992
80.18445221888534
80.33933120613871
80.4943981879161
80.64963928799581
80.80504059059707
80.96058815367657
81.1162680221852
81.27206624126815
81.42796886939142
81.5839619913777
81.74003173133487
81.89616426546037
82.05234583470522
82.20856275728195
82.36480144100315
82.52104839543827
82.6772902438777
82.83351373509336
82.98970575488491
83.14585333740027
83.30194367621951
83.45796413519102
83.6139022590094
83.76974578352386
83.92548264576604
84.0811009936854
84.23658919558025
84.3919358492133
84.54712979060164
84.70216010247307
84.85701612238145
85.01168745047588
85.16616395691929
85.32043578895221
85.47449337759784
85.62832744400433
85.78192900542084
85.93528938080433
86.08840019605398
86.24125338887055
86.39384121323988
86.54615624353963
86.69819137826894
86.84993984340069
87.00139519535496
87.15255132359395
87.30340245283769
87.45394314490083
87.60416830015212
87.75407315859813
87.90365330059369
88.05290464718182
88.20182346006645
88.35040634122213
88.49865023214538
88.64655241275311
88.79411049993375
88.94132244575853
89.08818653535972
89.2347013844831
89.38086593672146
89.52667946043736
89.67214154538276
89.81725209902326
89.9620113425738
90.10641980675273
90.25047832726084
90.39418803999256
90.53755037598744
90.68056705612996
90.82324008560583
90.96557174812374
91.10756459991153
91.24922146349518
91.39054542126921
91.53153980886809
91.67220820834807
91.81255444118919
91.95258256112612
92.09229684681617
92.23170179435311
92.37080210963478
92.50960270059232
92.64810866928866
92.78632530389251
92.92425807053365
93.06191260504528
93.19929470459994
93.3364103192468
93.4732655433582
93.60986660699513
93.74621986720143
93.88233179923753
94.01820898776378
94.15385811798359
94.28928596675627
94.42449939368925
94.55950533221954
94.69431078069402
94.82892279345702
94.96334847195288
95.09759495585132
95.23166941420396
95.36557903664158
95.49933102462074
95.63293258272944
95.76639091006172
95.89971319167097
96.0329065901114
96.16597823707679
96.29893522514516
96.43178459963752
96.56453335059956
96.69718840491481
96.82975661855694
96.96224476898858
97.094659547713
97.22700755298474
97.359295282686
97.49152912737527
97.62371536351516
97.75586014688584
97.88796950618946
98.02004933685005
98.15210539501307
98.28414329174787
98.41616848745544
98.54818628648395
98.68020183195434
98.81222010079826
98.94424589901094
99.07628385712094
99.20833842587997
99.34041387217515
99.47251427516547
99.60464352264371
99.73680530762483
99.8690031251618
100.00124026938927
100.13351983079504
100.26584469371899
100.39821753407996
100.53064081733005
100.66311679663563
100.79564751128358
100.92823478531155
101.06088022636034
101.19358522474609
101.32635095274937
101.45917836411748
101.59206819377546
101.72502095774128
101.8580369532411
101.99111625902044
102.12425873584682
102.25746402719992
102.3907315601459
102.52406054639229
102.65744998352088
102.79089865639659
102.92440513875178
103.05796779494582
103.19158478190113
103.32525405121609
103.45897335145523
103.59274023061661
103.72655203877625
103.86040593090897
103.99429886988591
104.12822762964774
104.26218879855284
104.39617878289855
104.53019381061219
104.66422993510818
104.7982830393058
104.93234883980173
105.06642289119085
105.20050059052821
105.33457718192525
105.46864776127379
105.60270728109137
105.73675055548287
105.87077226521214
106.00476696287726
106.13872907818299
106.2726529233033
106.40653269832657
106.54036249677628
106.67413631119993
106.80784803881917
106.94149148723474
107.07506038017968
107.2085483633144
107.34194901005762
107.47525582744672
107.60846226202145
107.74156170572391
107.87454750180856
108.00741295075554
108.14015131618041
108.27275583073377
108.40521970198414
108.53753611827788
108.66969825457055
108.80169927822372
108.9335323547608
109.06519065357507
109.19666735358395
109.32795564882393
109.45904875398138
109.58993990985435
109.72062238874047
109.85108949974641
109.98133459401548
110.11135106986977
110.2411323778632
110.37067202574154
110.4999635833053
110.62900068717202
110.75777704543496
110.88628644221431
111.01452274209701
111.14247989446186
111.2701519376868
111.39753300323603
111.52461731962454
111.6513992162587
111.7778731271511
111.90403359450862
112.02987527219192
112.15539292904428
112.28058145208784
112.4054358495856
112.52995125396727
112.65412292461734
112.77794625052296
112.90141675277856
113.0245300869435
113.1472820452501
113.26966855865986
113.39168569876675
113.51332967954612
113.63459685894905
113.75548374034109
113.87598697378381
113.99610335715828
114.11582983712957
114.23516350995133
114.35410162210995
114.47264157080825
114.59078090428942
114.70851732200218
114.82584867460842
114.94277296383471
115.05928834216955
115.17539311240886
115.29108572705182
115.40636478755015
115.52122904341375
115.63567739117546
115.74970887321795
115.86332267646706
115.97651813095626
116.08929470826706
116.2016520198489
116.31358981522192
116.42510798006606
116.53620653419921
116.64688562944798
116.75714554741432
116.86698669714087
116.97640961267712
117.08541495054794
117.19400348712543
117.30217611590501
117.4099338446872
117.51727779266525
117.62420918741918
117.73072936181643
117.83683975081885
117.94254188819582
118.04783740314281
118.15272801680533
118.25721553870721
118.36130186308333
118.46498896511741
118.568278897087
118.67117378441787
118.7736758216505
118.87578726832157
118.97751044476502
119.07884772783655
119.17980154656709
119.28037437775072
119.38056874147219
119.48038719658007
119.57983233611208
119.67890678268054
119.7776131838259
119.87595420734635
119.97393253661085
120.07155086586351
120.16881189552828
120.26571832752302
120.3622728605933
120.45847818567495
120.55433698129434
120.64985190901507
120.74502560894075
120.83986069528328
120.93435975200578
121.02852532854877
121.12235993564707
121.21586604124502
121.30904606651677
121.40190238199762
121.49443730383211
121.58665309014395
121.67855193753223
121.7701359776969
121.86140727419615
121.95236781933795
122.04301953120705
122.13336425082957
122.22340373947713
122.31313967611288
122.40257365498121
122.49170718334244
122.58054167935302
122.66907847009134
122.75731878972852
122.84526377784323
122.93291447787965
123.02027183574683
123.10733669855847
123.19410981351132
123.28059182690004
123.3667832832665
123.45268462468107
123.53829619015312
123.62361821516856
123.70865083135209
123.79339406625104
123.8778478432373
123.96201198152346
124.04588619628976
124.12947009891866
124.21276319733352
124.29576489643705
124.3784744986458
124.46089120451677
124.54301411346307
124.62484222455646
124.70637443741418
124.78760955316864
124.86854627551872
124.94918321186174
125.02951887450445
125.10955168195085
125.18927996026355
125.26870194449589
125.34781578019124
125.42661952494518
125.505111150027
125.58328854205627
125.66114950473047
125.7386917606002
125.81591295288797
125.89281064734666
125.96938233415392
126.0456254298399
126.12153727924658
126.19711515751612
126.27235627210757
126.34725776484197
126.42181671397486
126.49603013629633
126.56989498925861
126.64340817313177
126.7165665331886
126.78936686191992
126.86180590128072
126.93388034496866
127.00558684073701
127.07692199274379
127.14788236393952
127.21846447849543
127.28866482427372
127.35847985534042
127.42790599452155
127.49693963600339
127.56557714797702
127.6338148753282
127.70164914237216
127.76907625563297
127.836092506667
127.90269417493005
127.96887753068825
128.03463883797258
128.09997435757623
128.16488035009377
128.2293530790016
128.29338881377805
128.3569838330609
128.42013442784128
128.4828369046926
128.5450875890341
128.60688282842898
128.66821899591525
128.7290924933667
128.78949975488047
128.84943725018752
128.90890148808262
128.96788901987145
129.02639644283227
129.08442040368902
129.1419576020943
129.19900479412024
129.25555879575563
129.31161648640557
129.367174812391
129.4222307904455
129.4767815112083
129.53082414271353
129.58435593387514
129.63737421796702
129.6898764160985
129.7418600406844
129.79332269890858
129.84426209618255
129.89467603960043
129.94456244139337
129.9939193223861
130.04274481545917
130.09103716901927
130.13879475047906
130.18601604974958
130.23269968274656
130.27884439491277
130.32444906475723
130.3695127074103
130.4140344781939
130.45801367620618
130.50144974791897
130.5443422907855
130.58669105685544
130.62849595639466
130.66975706150686
130.71047460975217
130.75064900775794
130.7902808348175
130.82937084647267
130.86791997807484
130.9059293483191
130.9434002627446
130.98033421719367
131.0167329012205
131.05259820143954
131.08793220480345
131.12273720180053
131.15701568956194
131.19077037486898
131.22400417704864
131.25672023074537
131.2889218885574
131.3206127235261
131.35179653146645
131.38247733312767
131.4126593761731
131.4423471369688
131.47154532216962
131.50025887009213
131.528492951864
131.55625297234008
131.58354457077542
131.61037362124546
131.6367462328045
131.66266874937412
131.6881477493538
131.7131900449466
131.73780268119265
131.76199293470302
131.78576831208682
131.80913654806398
131.83210560325858
131.85468366166845
131.87687912780723
131.89870062351508
131.9201569844339
131.94125725614492
131.96201068996663
131.98242673841276
132.00251505031076
132.02228546558365
132.04174800969952
132.06091288779305
132.07979047846254
132.09839132724653
132.1167261397842
132.13480577466532
132.15264123597683
132.170243665552
132.18762433492964
132.2047946370309
132.22176607756126
132.23855026614672
132.25515890721283
132.27160379061604
132.28789678203736
132.30404981314712
132.32007487154954
132.33598399051687
132.3517892385231
132.36750270858772
132.38313650743987
132.39870274451516
132.4142135207968
132.42968091751402
132.44511698471172
132.46053372970675
132.47594310544775
132.49135699879537
132.50678721873976
132.52224548457332
132.53774341403584
132.55329251145042
132.56890415586906
132.58458958924837
132.60035990467566
132.61622603466446
132.63219873953824
132.64828859592023
132.66450598534823
132.68086108303112
132.69736384676355
132.71402400601585
132.73085105121675
132.74785422324692
132.76504250316168
132.7824246021588
132.80000895180672
132.81780369454748
132.83581667448846
132.85405542849492
132.87252717759532
132.8912388187117
132.9101969167283
132.92940769690915
132.9488770376762
132.96861046375727
132.98861313971508
133.00888986386633
133.02944506259917
133.05028278509633
133.07140669847
133.09282008331263
133.11452582966615
133.13652643341186
133.15882399308236
133.18142020709809
133.20431637143054
133.2275133776942
133.25101171166978
133.27481145226136
133.29891227088876
133.32331343131443
133.34801378990517
133.37301179632834
133.3983054946815
133.42389252505325
133.4497701255126
133.47593513452318
133.50238399377838
133.52911275145232
133.55611706586126
133.58339220953042
133.61093307366048
133.6387341729877
133.66678965103245
133.6950932857286
133.7236384954275
133.75241834526844
133.78142555390707
133.81065250059248
133.84009123258295
133.86973347289074
133.8995706283448
133.92959379795946
133.95979378159598
133.99016108890248
134.0206859485171
134.05135831751716
134.0821678910969
134.1131041124571
134.14415618289115
134.17531307205138
134.20656352837898
134.2378960896799
134.26929909382943
134.3007606895867
134.3322688475007
134.3638113708912
134.39537590688792
134.42694995751162
134.4585208907813
134.4900759518339
134.52160227404215
134.55308689011622
134.58451674317507
134.6158786977735
134.6471595508715
134.67834604273253
134.7094248677381
134.74038268510503
134.7712061294917
134.8018818214798
134.83239637791712
134.8627364221088
134.89288859384556
134.922839559257
134.95257602048036
134.98208472513488
135.01135247559387
135.04036613804783
135.06911265135295
135.09757903566128
135.1257524008297
135.15361995460466
135.18116901057988
135.20838699592377
135.235261458874
135.26178007599606
135.287930659204
135.31370116254243
135.33907968873132
135.36405449547465
135.38861400153633
135.41274679258618
135.43644162681971
135.4596874403553
135.48247335241263
135.50478867027505
135.52662289403952
135.54796572115742
135.56880705077083
135.5891369878475
135.6089458471181
135.62822415681694
135.64696266222904
135.6651523290468
135.68278434654144
135.69985013055407
135.71634132631334
135.73224981108547
135.74756769666192
135.7622873316891
135.77640130384452
135.78990244186434
135.8027838174262
135.81503874689065
135.82666079290652
135.83764376588374
135.8479817253383
135.85766898111456
135.86670009449108
135.87506987917618
135.8827734022018
135.88980598472403
135.89616320273922
135.90184088772298
135.90683512720057
135.91114226525542
135.91475890298352
135.91768189890036
135.919908369307
135.92143568862002
135.92226148966802
135.9223836639569
135.92180036190666
135.9205099930614
135.91851122627554
135.91580298987856
135.91238447181877
135.90825511978733
135.90341464132166
135.8978630038864
135.8916004349278
135.88462742189768
135.8769447122445
135.86855331336824
135.85945449253632
135.8496497767569
135.8391409526073
135.82793006601423
135.81601942198245
135.80341158426745
135.7901093749865
135.77611587416118
135.76143441918407
135.7460686042034
135.73002227941902
135.71329955028546
135.69590477661836
135.67784257159997
135.6591178006795
135.63973558036378
135.6197012768937
135.59902050480196
135.57769912534695
135.55574324481654
135.5331592126954
135.50995361969035
135.48613329560908
135.4617053070881
135.43667695516467
135.41105577268888
135.38484952157103
135.35806618985964
135.33071398864524
135.302801348785
135.27433691744443
135.2453295544516
135.21578832846046
135.18572251291914
135.15514158183657
135.12405520534105
135.09247324502292
135.06040574905307
135.0278629470689
134.99485524482077
134.96139321857424
134.92748760926463
134.89314931639967
134.85838939170674
134.82321903252148
134.78764957491478
134.75169248655664
134.7153593593165
134.67866190160055
134.64161193042798
134.60422136325053
134.56650220952122
134.52846656201962
134.49012658794152
134.45149451976192
134.41258264588134
134.3734033010668
134.33396885669924
134.29429171084064
134.25438427813526
134.21425897956271
134.1739282320592
134.13340443802315
134.09269997472268
134.05182718362255
134.01079835964845
133.96962574040742
133.92832149538265
133.8868977151193
133.84536640041767
133.8037394515501
133.76202865751713
133.7202456853587
133.67840206953508
133.636509201394
133.59457831873908
133.5526204955164
133.5106466316355
133.4686674429432
133.426693451369
133.38473497525965
133.34280211992095
133.3009047683839
133.25905257241183
133.21725494376446
133.17552104573574
133.1338597849818
133.09227980365458
133.05078947185447
133.00939688041544
132.96810983403506
132.92693584476305
132.8858821258601
132.84495558603757
132.80416282408814
132.76351012391714
132.7230034499856
132.68264844317477
132.6424504170819
132.6024143547555
132.56254490587648
132.52284638439127
132.48332276660207
132.44397768971848
132.40481445087298
132.36583600660205
132.32704497279482
132.28844362511003
132.25003389986122
132.2118173953705
132.17379537379165
132.13596876340247
132.09833816136583
132.06090383695582
132.02366573524486
131.98662348124535
131.94977638449913
131.91312344410707
131.87666335418803
131.84039450975374
131.8043150129848
131.7684226798934
131.73271504735712
131.69718938050787
131.6618426804599
131.6266716923595
131.59167291373794
131.55684260314862
131.52217678906774
131.48767127903758
131.45332166903242
131.4191233530273
131.38507153274983
131.35116122759425
131.31738728467596
131.28374438900798
131.25022707378
131.21682973072026
131.18354662051976
131.15037188329822
131.11729954909217
131.08432354834574
131.05143772238418
131.01863583385077
130.98591157708753
130.95325858844032
130.92067045646806
130.88814073203682
130.85566293827875
130.8232305803967
130.79083715529597
130.75847616102598
130.72614110601668
130.6938255180937
130.66152295325693
130.6292270042088
130.59693130861828
130.56462955710967
130.53231550096504
130.49998295953273
130.46762582733444
130.43523808086488
130.40281378507697
130.37034709954807
130.33783228432387
130.3052637054378
130.27263584010538
130.2399432815939
130.20718074376813
130.17434306531365
130.14142521363928
130.10842228846204
130.07532952507867
130.04214229732892
130.0088561202559
129.9754666524702
129.94196969822335
129.90836120919639
129.87463728600957
129.84079417945892
129.80682829148506
129.77273617588034
129.73851453874065
129.70416023866707
129.66967028672295
129.63504184615064
129.6002722318535
129.5653589096481
129.5302994952933
129.49509175330238
129.45973359554623
129.42422307965646
129.38855840723667
129.3527379218908
129.31676010707812
129.28062358380473
129.24432710815935
129.2078695687023
129.1712499837158
129.13446749832357
129.09752138148664
129.06041102288142
129.0231359296658
128.98569572313883
128.94809013530025
128.91031900531502
128.8723822758877
128.8342799895514
128.79601228487817
128.75757939261902
128.71898163178068
128.68021940564833
128.64129319776313
128.6022035678653
128.56295114781344
128.52353663749076
128.4839608007073
128.44422446110693
128.4043284980872
128.36427384274018
128.3240614738207
128.28369241375012
128.2431677246618
128.20248850449534
128.16165588314422
128.12067101866077
128.0795350935219
128.0382493109589
127.99681489135305
127.95523306869843
127.91350508713249
127.87163219753695
127.82961565421029
127.78745671161194
127.74515662117717
127.70271662820092
127.66013796878902
127.61742186687611
127.5745695313105
127.53158215300682
127.48846090216894
127.44520692558486
127.40182134399488
127.35830524953458
127.31465970325424
127.27088573271597
127.22698432966816
127.18295644779694
127.1388030005548
127.09452485906509
127.05012285010135
127.00559775414156
126.96095030349859
126.91618118052936
126.871291015924
126.8262803870768
126.7811498165424
126.73589977057993
126.6905306577897
126.64504282784613
126.59943657033178
126.55371211367613
126.5078696242028
126.4619092052887
126.41583089663875
126.3696346736794
126.32332044707454
126.27688806236682
126.23033729974742
126.18366787395638
126.13687943431518
126.08997156489346
126.04294378481217
125.99579554868427
125.94852624719437
125.90113520781739
125.85362169567708
125.80598491454367
125.7582240079708
125.7103380605725
125.66232609944058
125.61418709570074
125.56591996620699
125.51752357537356
125.46899673714319
125.42033821708964
125.37154673465221
125.32262096549908
125.27355954401588
125.2243610659146
125.17502409095852
125.12554714579966
125.07592872692459
125.02616730370374
124.97626132153886
124.92620920510382
124.87600936167365
124.8256601845356
124.77516005647561
124.72450735333308
124.67370044761566
124.62273771216661
124.57161752387691
124.52033826743417
124.46889833910058
124.41729615051116
124.36553013248425
124.31359873883565
124.26150045018818
124.20923377776813
124.1567972671806
124.10418950215643
124.0514091082635
123.99845475657543
123.94532516729208
123.89201911330639
123.8385354237119
123.78487298724559
123.73103075566138
123.67700774702956
123.62280304895768
123.56841582172859
123.51384530135232
123.45909080252858
123.40415172151785
123.34902753891839
123.29371782234676
123.2382222290193
123.18254050823151
123.12667250373255
123.07061815599269
123.01437750436179
122.95795068911599
122.90133795338926
122.84453964498533
122.78755621806573
122.73038823470887
122.673036366335
122.61550139499234
122.55778421449956
122.49988583144072
122.44180736600781
122.38355005268708
122.32511524078534
122.26650439479242
122.20771909457726
122.14876103541512
122.08963202784416
122.03033399734925
121.97086898387128
121.9112391411417
121.85144673584368
121.79149414660212
121.73138386280554
121.67111848326333
121.6107007147023
121.55013337010796
121.48941936691544
121.42856172505633
121.36756356486812
121.30642810487488
121.24515865944777
121.18375863635326
121.1222315341959
121.06058093976291
120.99881052527762
120.93692404556798
120.87492533515562
120.81281830526989
120.75060694079075
120.68829529712416
120.62588749701312
120.56338772728797
120.50080023555897
120.43812932685505
120.37537936021197
120.31255474521338
120.24965993848893
120.1866994401734
120.12367779032984
120.06059956533936
119.99746937425998
119.93429185515747
119.8710716714118
119.80781350800252
119.74452206777669
119.68120206770259
119.61785823511325
119.55449530394303
119.49111801095994
119.42773109199679
119.364339278185
119.30094729219415
119.2375598444791
119.1741816295377
119.11081732218149
119.04747157382091
118.98414900876746
118.92085422055497
118.85759176828292
118.79436617298545
118.73118191402914
118.66804342554228
118.6049550928781
118.54192124911393
118.4789461715882
118.41603407847734
118.3531891254145
118.29041540215135
118.22771692926327
118.16509765489937
118.10256145157817
118.04011211303
117.97775335108693
117.91548879262044
117.85332197652806
117.79125635077006
117.72929526945794
117.6674419899986
117.60569967029792
117.54407136602813
117.48256002796202
117.42116849937727
117.35989951353363
117.29875569122649
117.23773953842002
117.17685344396321
117.11609967739233
117.05548038682403
116.99499759694382
116.93465320709404
116.87444898946617
116.81438658740242
116.75446751381153
116.69469314970368
116.6350647428491
116.57558340656593
116.51625011864249
116.45706572039833
116.39803091588729
116.33914627124537
116.28041221418553
116.22182903364038
116.16339687955272
116.10511576281354
116.04698555534608
115.9890059903345
115.93117666259482
115.8734970290864
115.81596640956164
115.75858398735139
115.70134881028324
115.64425979172987
115.58731571178308
115.53051521855005
115.47385682956897
115.41733893334177
115.36095979098175
115.30471753797329
115.24861018604011
115.19263562511858
115.13679162543113
115.08107583965491
115.02548580518058
114.9700189464559
114.9146725774091
114.859443903948
114.80433002653197
114.74932794281474
114.69443455035574
114.63964664939809
114.5849609457115
114.53037405349905
114.4758824983668
114.42148272035628
114.36717107703977
114.3129438466798
114.25879723145387
114.20472736074545
114.15073029450117
114.0968020266538
114.04293848860961
113.98913555279718
113.93538903627383
113.88169470438574
113.8280482744773
113.77444541964498
113.72088177253057
113.66735292914827
113.61385445273926
113.56038187764774
113.50693071321145
113.45349644766158
113.40007455202728
113.34666048404019
113.29324969203527
113.23983761884462
113.18641970568059
113.13299139600498
113.0795481393808
113.02608539530344
112.97259863700732
112.91908335524467
112.86553506203292
112.81194929436766
112.75832161789869
112.70464763056783
112.65092296620743
112.59714329809835
112.54330434248767
112.48940186206586
112.43543166940266
112.38138963034068
112.32727166734573
112.27307376281364
112.21879196233375
112.16442237790899
112.10996119113123
112.05540465631056
112.00074910355683
111.9459909418115
111.8911266618269
111.83615283908968
111.7810661366856
111.7258633081017
111.67054119996102
111.61509675468541
111.55952701308173
111.50382911684655
111.44800031098488
111.39203794613844
111.335939480819
111.27970248354326
111.22332463486545
111.16680372930365
111.11013767715703
111.05332450621019
110.99636236332242
110.93924951589952
110.88198435324648
110.82456538779923
110.76699125623372
110.70926072045131
110.65137266843954
110.59332611500713
110.53512020239191
110.47675420074074
110.41822750846177
110.35953965244937
110.30069028818173
110.24167919969034
110.18250629940042
110.12317162784109
110.06367535322465
110.00401777089428
109.94419930264007
109.88422049588291
109.82408202272529
109.76378467886741
109.70332938238755
109.64271717238626
109.58194920749372
109.52102676424022
109.45995123529053
109.39872412754346
109.33734706009773
109.27582176208637
109.21415007038229
109.15233392717778
109.09037537744132
109.02827656625561
108.96603973604033
108.90366722366286
108.84116145744065
108.77852495403863
108.71576031526604
108.65287022477708
108.58985744468066
108.52672481206457
108.46347523544
108.40011169111256
108.33663721948551
108.2730549213012
108.20936795382704
108.14557952699306
108.0816928994883
108.01771137482388
107.95363829736993
107.8894770483746
107.82523104197173
107.7609037211837
107.69649855392572
107.63201902901812
107.56746865221214
107.50285094223386
107.43816942684998
107.37342763895856
107.30862911270799
107.2437773796479
107.17887596491676
107.11392838347216
107.04893813636816
106.98390870708418
106.91884355790931
106.85374612638519
106.78861982181057
106.72346802181117
106.6582940689784
106.59310126757951
106.52789288034101
106.46267212530732
106.39744217277574
106.33220614230878
106.26696709982444
106.2017280547659
106.13649195735205
106.07126169591082
106.00604009429672
105.9408299093951
105.87563382871632
105.81045446808274
105.74529436941178
105.68015599859744
105.61504174349305
105.54995391199769
105.48489473024914
105.41986634092528
105.35487080165557
105.28991008354375
105.22498606980353
105.1601005545085
105.09525524145691
105.03045174315251
104.96569157990199
104.90097617902983
104.83630687421145
104.77168490492475
104.70711141601963
104.6425874574047
104.57811398385068
104.51369185490988
104.44932183495017
104.38500459330236
104.32074070451982
104.25653064874892
104.19237481220885
104.12827348777999
104.06422687569885
104.00023508435775
103.93629813120741
103.8724159437604
103.80858836069409
103.74481513305226
103.68109592554411
103.61743031793843
103.55381780655078
103.49025780582245
103.42674964999001
103.3632925948442
103.29988581957672
103.23652842871364
103.17321945413367
103.1099578571693
103.04674253078927
102.98357230185978
102.92044593348247
102.85736212740618
102.79431952650815
102.73131671734095
102.66835223274026
102.60542455448896
102.54253211603313
102.4796733052452
102.4168464672293
102.35404990716424
102.29128189317996
102.22854065926353
102.1658244081901
102.10313131447558
102.04045952734768
101.97780717373186
101.91517236124852
101.85255318121787
101.78994771166899
101.72735402034922
101.66477016773044
101.60219421000929
101.53962420209788
101.47705820060068
101.41449426677329
101.35193046945832
101.28936488799351
101.22679561508798
101.16422075966247
101.1016384496505
101.03904683475773
100.97644408917822
100.91382841426625
100.85119804116275
100.78855123337527
100.7258862893103
100.66320154475679
100.60049537532015
100.53776619880566
100.47501247755062
100.41223272070496
100.34942548646094
100.2865893842322
100.22372307678094
100.16082528229137
100.09789477638716
100.03493039409054
99.97193103172046
99.90889564872859
99.84582326947188
99.78271298492038
99.71956395429854
99.65637540665782
99.59314664237829
99.52987703459698
99.46656603056155
99.40321315290893
99.33981800086835
99.27638025138819
99.21289966018603
99.14937606272107
99.08580937508859
99.02219959483509
98.95854680169347
98.89485115823638
98.83111291044733
98.76733238820927
98.70351000571051
98.6396462617698
98.5757417400823
98.5117971093882
98.4478131235654
98.38379062164776
98.31973052777104
98.25563385104667
98.1915016853628
98.12733520911192
98.06313568484458
97.99890445884941
97.9346429606596
97.87035270248609
97.80603527857758
97.74169236450743
97.67732571638803
97.61293717001362
97.54852863993207
97.4841021184462
97.4196596745447
97.35520345276298
97.29073567197356
97.22625862410571
97.16177467279358
97.09728625195267
97.03279586428398
96.96830607970612
96.90381953371453
96.83933892566672
96.77486701699236
96.71040662932599
96.64596064256155
96.58153199282863
96.51712367039143
96.45273871747152
96.38838022599516
96.32405133526659
96.25975522956942
96.19549513569946
96.13127432043184
96.06709608792728
96.00296377708146
95.93888075882155
95.87485043335387
95.81087622736614
95.7469615911876
95.68310999591036
95.61932493047546
95.5556098987267
95.49196841643557
95.42840400830092
95.3649202049274
95.30152053978675
95.2382085461655
95.17498775410202
95.11186168731645
95.04883386013712
94.98590777442764
94.92308691651847
94.86037475414783
94.79777473341694
94.73529027576406
94.67292477496103
94.61068159413703
94.54856406283382
94.48657547409694
94.42471908160776
94.36299809686143
94.30141568639552
94.23997496907391
94.1786790134308
94.11753083507911
94.05653339418878
93.99568959303879
93.93500227364707
93.87447421548082
93.81410813325006
93.7539066747856
93.69387241900206
93.63400787394592
93.57431547492781
93.51479758273827
93.45545648194486
93.39629437926767
93.3373134020306
93.27851559668689
93.21990292741664
93.16147727479479
93.10324043452756
93.04519411625513
92.98733994241759
92.92967944718153
92.87221407542422
92.81494518177335
92.75787402970123
92.70100179067306
92.64432954334866
92.58785827283744
92.53158887000616
92.4755221308388
92.4196587558475
92.36399934953324
92.30854441989476
92.2532943779849
92.1982495375135
92.14341011449659
92.08877622695235
92.03434789464501
91.98012503887884
91.9261074823458
91.87229494903107
91.81868706418112
91.76528335433949
91.71208324745459
91.65908607306375
91.60629106255732
91.55369734952563
91.50130397019035
91.44910986392125
91.39711387383983
91.34531474751083
91.29371113772237
91.24230160335486
91.19108461033869
91.1400585327005
91.08922165369728
91.0385721670363
90.98810817817781
90.93782770571778
90.88772868284792
90.83780895888998
90.78806630090008
90.73849839533892
90.68910284980308
90.63987719481253
90.5908188856501
90.54192530424899
90.4931937611247
90.44462149734744
90.39620568655101
90.34794343697382
90.29983179352809
90.25186773989236
90.20404820062362
90.15637004328465
90.10883008058198
90.06142507251008
90.01415172849858
89.96700670955994
89.91998663043574
89.87308806174002
89.82630753209838
89.77964153028205
89.7330865073364
89.68663887870281
89.64029502633315
89.59405130079705
89.54790402338296
89.50184948819509
89.45588396424813
89.4100036975621
89.36420491326061
89.3184838176764
89.27283660046913
89.22725943676056
89.18174848929158
89.13629991060526
89.09090984525864
89.04557443206596
89.00028980637461
88.95505210237417
88.90985745543827
88.86470200449804
88.81958189444521
88.77449327856351
88.72943232098822
88.68439519919394
88.63937810651174
88.59437725467643
88.54938887640304
88.50440922799152
88.45943459195865
88.41446127969681
88.36948563415848
88.32450403256536
88.27951288913965
88.23450865785486
88.18948783520256
88.1444469629717
88.09938263103703
88.05429148015338
88.00917020475225
87.96401555573681
87.91882434327175
87.87359343956501
87.82831978163716
87.78300037407467
87.7376322917624
87.69221268258985
87.64673877012632
87.60120785626003
87.555617323798
87.5099646390227
87.46424735420094
87.41846311004035
87.37260963808869
87.32668476307121
87.28068640516089
87.23461258217598
87.18846141170006
87.1422311131211
87.09592000958723
87.04952652987701
87.00304921018157
86.95648669579627
86.90983774271994
86.86310121915976
86.81627610693913
86.76936150280532
86.72235661963389
86.67526078752705
86.62807345480319
86.58079418887341
86.53342267700263
86.48595872695164
86.43840226749698
86.39075334882618
86.3430121428061
86.29517894312328
86.2472541652949
86.19923834654985
86.15113214557884
86.10293634215434
86.05465183661993
86.00627964924881
85.9578209194705
85.90927690496589
85.86064898063141
85.81193863741355
85.76314748101417
85.71427723046706
85.66532971658744
85.61630688029531
85.56721077081367
85.5180435437433
85.46880745901619
85.419504878729
85.37013826485774
85.32071017685512
85.27122326913245
85.22168028842957
85.1720840710755
85.1224375401445
85.07274370251177
85.02300564581383
84.97322653531835
84.9234096107089
84.87355818278904
84.82367563010887
84.7737653955168
84.7238309826394
84.67387595229143
84.62390391881881
84.57391854637642
84.52392354514215
84.47392266746867
84.42391970397493
84.37391847958115
84.32392284949246
84.27393669513656
84.22396392006048
84.17400844579235
84.12407420767356
84.07416515066738
84.02428522515065
83.97443838269491
83.9246285718438
83.87485973389293
83.82513579867923
83.77546068038639
83.72583827337375
83.6762724480357
83.62676704669882
83.57732587956359
83.52795272069697
83.47865130408233
83.42942531973408
83.38027840988472
83.33121416525152
83.28223612139043
83.2333477551454
83.1845524812001
83.13585364873784
83.08725453821516
83.03875835825436
82.99036824265855
82.94208724755245
82.89391834865003
82.8458644386491
82.7979283247528
82.75011272631676
82.70242027261989
82.65485350075758
82.60741485365659
82.56010667821172
82.5129312235438
82.4658906393768
82.41898697453249
82.37222217554043
82.32559808536135
82.27911644222164
82.23277887855662
82.18658692006116
82.14054198484567
82.09464538269529
82.04889831443032
82.00330187136538
81.9578570348647
81.91256467599126
81.86742555524737
81.82244032240501
81.77760951642429
81.73293356545699
81.68841278693313
81.64404738772808
81.5998374644087
81.55578300355879
81.511883882185
81.46813986820362
81.42455062100933
81.381115692127
81.33783452594767
81.29470646054997
81.25173072860778
81.20890645838509
81.16623267481864
81.1237083006886
81.08133215787646
81.03910296871052
80.99701935739873
80.95507985154828
80.91328288377181
80.87162679337908
80.83010982815338
80.7887301462105
80.74748581793577
80.70637482799455
80.66539507741132
80.62454438571288
80.58382049313096
80.54322106285852
80.502743683354
80.462385870688
80.42214507092845
80.38201866255932
80.34200395892779
80.30209821071563
80.26229860842957
80.22260228490578
80.18300631782259
80.14350773221705
80.10410350300018
80.06479055746664
80.0255657777947
79.98642600353278
79.9473680340698
79.90838863108675
79.86948452098821
79.8306523973121
79.79188892311689
79.75319073334575
79.71455443716766
79.67597662029598
79.63745384728523
79.59898266380836
79.56055959891685
79.52218116728639
79.48384387145066
79.44554420402645
79.40727864993292
79.3690436886076
79.33083579622215
79.29265144790125
79.25448711994844
79.21633929208272
79.1782044496895
79.14007908608895
79.10195970482428
79.06384282197214
79.025724968476
78.98760269250263
78.94947256182084
78.91133116620156
78.87317511983794
78.83500106378337
78.7968056684057
78.758585635856
78.72033770255031
78.68205864166329
78.64374526563121
78.60539442866163
78.56700302924698
78.52856801267923
78.4900863735627
78.45155515832154
78.41297146769706
78.37433245922888
78.33563534971269
78.29687741762758
78.25805600552555
78.2191685223752
78.18021244585215
78.14118532456861
78.1020847802355
78.06290850975076
78.02365428720795
77.98431996581975
77.94490347975058
77.90540284585246
77.86581616529931
77.82614162511608
77.78637749959957
77.74652215162804
77.70657403385782
77.6665316898059
77.62639375481889
77.58615895692925
77.54582611759942
77.50539415235507
77.46486207130842
77.42422897957296
77.38349407757165
77.34265666124044
77.30171612212884
77.26067194739973
77.21952371973124
77.1782711171236
77.13691391261354
77.09545197389947
77.05388526288063
77.0122138351136
76.97043783919004
76.92855751603862
76.88657319815424
76.84448530875717
76.8022943608852
76.76000095642225
76.71760578506714
76.67510962324583
76.63251333297082
76.58981786065216
76.54702423586504
76.50413357007882
76.46114705535332
76.41806596300775
76.37489164226828
76.33162551889951
76.28826909382498
76.24482394174142
76.20129170973111
76.15767411587628
76.1139729478789
76.07019006168913
76.02632738014394
75.98238689161794
75.93837064868752
75.89428076680976
75.85011942301641
75.80588885462386
75.76159135795946
75.71722928710507
75.67280505265843
75.62832112051264
75.58378001065365
75.53918429597583
75.494536601115
75.44983960129902
75.4050960212153
75.36030863389489
75.31548025961196
75.27061376479777
75.22571206096804
75.18077810366289
75.13581489139916
75.09082546463414
75.04581290473995
75.00078033298804
74.95573090954214
74.91066783245914
74.8655943366971
74.820513693129
74.77542920756095
74.7303442197532
74.68526210244296
74.64018626036729
74.59512012928452
74.55006717499147
74.50503089233338
74.46001480420331
74.41502246052643
74.37005743722456
74.32512333515628
74.28022377902802
74.23536241627217
74.19054291588778
74.14576896723959
74.10104427881159
74.05637257691224
74.0117576043295
73.96720311893314
73.92271289222192
73.87829070781375
73.83394035987722
73.78966565150286
73.74547039301213
73.7013584002021
73.65733349252362
73.61339949119095
73.56956021722074
73.52581948939844
73.48218112217076
73.43864892346296
73.39522669241974
73.35191821706879
73.30872727190746
73.26565761541343
73.22271298748052
73.17989710678143
73.13721366805993
73.09466633935568
73.05225875916523
73.00999453354274
72.96787723314407
72.92591039021823
72.88409749555086
72.84244199536312
72.80094728817
72.75961672160241
72.71845358919853
72.67746112717015
72.63664251115011
72.59600085292703
72.55553919717403
72.51526051817785
72.47516771657405
72.43526361609264
72.3955509603187
72.35603240947182
72.31671053720845
72.27758782745047
72.23866667124389
72.19994936365106
72.16143810068013
72.12313497625428
72.0850419792223
72.0471609904123
72.00949377972927
71.97204200329759
71.93480720064974
71.89779079196217
71.86099407533902
71.82441822414455
71.78806428438543
71.7519331721461
71.7160256710805
71.68034242996396
71.64488396030856
71.60965063404592
71.57464268128058
71.53986018811815
71.50530309457247
71.4709711925558
71.43686412395607
71.4029813788053
71.36932229354397
71.33588604938654
71.30267167079273
71.26967802405
71.23690381597248
71.20434759272257
71.17200773876118
71.13988247593318
71.10796986269384
71.076267793483
71.04477399825265
71.01348604215303
70.98240132538234
70.95151708320458
70.92083038613958
70.89033814032729
70.86003708806749
70.82992380853574
70.79999471867501
70.77024607426193
70.74067397114601
70.71127434665897
70.68204298119161
70.65297549993494
70.62406737478221
70.59531392638888
70.56671032638786
70.53825159975695
70.50993262733452
70.48174814848032
70.45369276387832
70.42576093847815
70.39794700457087
70.3702451649953
70.34264949647086
70.31515395305341
70.28775236971096
70.26043846601617
70.23320584995251
70.20604802183111
70.17895837831593
70.15193021655516
70.12495673841629
70.09803105482233
70.07114619018687
70.04429508694521
70.01747061017862
69.99066555232785
69.96387263799214
69.93708452880888
69.91029382840996
69.88349308745056
69.85667480870585
69.82983145223123
69.80295544058104
69.77603916407894
69.7490749861331
69.72205524858917
69.69497227711359
69.66781838659936
69.64058588658689
69.61326708669274
69.5858543020398
69.55833985868252
69.53071609902177
69.50297538720416
69.47511011449943
69.44711270465017
69.41897561918778
69.39069136270926
69.36225248810989
69.33365160176741
69.30488136867335
69.27593451750623
69.24680384564122
69.21748222409018
69.18796260236563
69.15823801326273
69.12830157755256
69.09814650858122
69.06776611677007
69.03715381401325
69.00630311796856
68.97520765623783
68.94386117043352
68.9122575201291
68.88039068669052
68.8482547769867
68.81584402697756
68.7831528051775
68.75017561599263
68.71690710292924
68.68334205167062
68.6494753930198
68.61530220570572
68.58081771905077
68.54601731549783
68.51089653299542
68.47545106723956
68.43967677377091
68.40356966992536
68.36712593663677
68.33034192009009
68.29321413322319
68.25573925707593
68.21791414198552
68.17973580862716
68.14120144889907
68.10230842665052
68.06305427825257
68.02343671301159
67.98345361342658
67.94310303529082
67.9023832076393
67.86129253254339
67.81982958475484
67.77799311120154
67.73578203033694
67.69319543134574
67.65023257320851
67.60689288362843
67.56317595782431
67.51908155719386
67.47460960785051
67.42976019903719
67.3845335814195
67.33893016526085
67.29295051848177
67.2465953646059
67.19986558059472
67.15276219457368
67.10528638345167
67.05743947043615
67.00922292244624
66.96063834742634
66.91168749156284
66.86237223640606
66.81269459589956
66.76265671331944
66.71226085812614
66.66150942273183
66.61040491918644
66.55894997578528
66.50714733360158
66.45499984294807
66.40251045977165
66.34968224198578
66.29651834574544
66.24302202166997
66.18919661101872
66.13504554182465
66.08057232499017
66.0257805503485
65.97067388269467
65.9152560577893
65.85953087833867
65.8035022099548
65.74717397709959
65.69055015901593
65.63363478564868
65.57643193355894
65.51894572183433
65.46118030799865
65.40313988392343
65.34482867174422
65.28625091978456
65.22741089849144
65.1683128963859
65.10896121603265
65.04936017003321
64.9895140770467
64.92942725784253
64.86910403138923
64.80854871098349
64.74776560042342
64.68675899023022
64.62553315392212
64.56409234434365
64.50244079005275
64.44058269176766
64.37852221887512
64.31626350600199
64.25381064965224
64.19116770491071
64.12833868221561
64.0653275442016
64.0021382026152
63.93877451530489
63.875240283286935
63.8115392478884
63.747675087968396
63.68365141721893
63.61947178154674
63.5551396565374
63.4906584450032
63.42603147461603
63.361261995626656
63.29635317867213
63.231308112673
63.16612980282202
63.10082116866608
63.035385042282776
62.969824166553224
62.904141193531814
62.838338682913445
62.772419100598654
62.70638481735699
62.640238107588516
62.573981148182895
62.50761601747553
62.44114469430019
62.37456905713748
62.307890883358425
62.24111184856241
62.17423352600804
62.1072573861361
62.04018479618338
61.97301701988596
61.90575521727135
61.838400444539104
61.7709536540292
61.70341569427825
61.63578731016338
61.568069143133464
61.50026173152752
61.43236551097959
61.36438081490848
61.296307875090854
61.228146822314834
61.15989768711159
61.09156040056234
61.02313479517874
60.95462060585515
60.88601747089154
60.817324933086006
60.748542440895044
60.67966934965977
60.61070492289581
60.54164833364461
60.47249866588367
60.403254915993664
60.333915994280055
60.26448072654744
60.19494785572452
60.12531604353755
60.055583872229974
59.98574984632596
59.91581239443518
59.84576987109624
59.77562055865654
59.70536266918633
59.634994346425046
59.56451366775876
59.493918646227584
59.42320723256243
59.3523773172502
59.28142673262634
59.21035325499365
59.13915460676593
59.06782845863539
58.99637243176214
58.92478409998379
58.853060992043176
58.78120059383182
58.70920035064686
58.6370576694595
58.564769921192955
58.49233444300766
58.41974854059195
58.347009490456664
58.274114542232304
58.20106092096692
58.1278458294228
58.05446645036998
57.98091994887469
57.9072034745814
57.83331416398662
57.7592491427034
57.685005527714885
57.61058042961586
57.53597095484125
57.46117420788025
57.38618729347442
57.31100731879761
57.23563139561534
57.160056642421836
57.08428018655266
57.008299166271485
56.932110732828534
56.855712052488315
56.779100308523965
56.70227270317602
56.625226459573895
56.547958823618416
56.470467065824295
56.39274848312144
56.314800400613905
56.23662017329561
56.1582051877219
56.07955286363593
56.00066065554906
55.921526054273805
55.84214658840832
55.762519825771584
55.68264337478873
55.60251488582602
55.52213205247559
55.44149261279025
55.36059435046845
55.279435095990515
55.19801272770663
55.11632517287719
55.03437040866614
54.95214646308786
54.86965141590771
54.786883399496915
54.70384059964188
54.62052125630835
54.536923664359804
54.453046174229556
54.36888719254644
54.28444518271364
54.19971866544036
54.11470621922645
54.02940648080035
53.943818145510434
53.85793996767036
53.77177076085873
53.6853093981734
53.59855481244086
53.511505996380215
53.42416200272135
53.33652194427646
53.24858499396357
53.160350384780834
53.07181740973045
52.982985421691076
52.89385383323822
52.80442211641168
52.714689802429696
52.62465648134924
52.53432180167267
52.443685469900636
52.35274725003138
52.26150696300647
52.169964486102856
52.078119752271164
51.98597274942068
51.893523519651296
51.80077215843255
51.707718813730594
51.614363685083845
51.52070702262796
51.42674912607072
51.33249034361796
51.237931070851516
51.14307174956036
51.047912866526644
50.95245495226885
50.8566985797442
50.76064436301214
50.66429295586146
50.56764505040331
50.47070137563241
50.373462695959
50.275929809713766
50.17810354762798
50.07998477129086
49.9815743715863
49.882873267111044
49.783882402577085
49.68460274720086
49.58503529308211
49.485181053574756
49.38504106165264
49.284616368272324
49.18390804073492
49.082917161048826
48.98164482429455
48.88009213699256
48.77826021547553
48.67615018426629
48.57376317446277
48.47110032213105
48.36816276670787
48.26495164941325
48.16146811167407
48.057713293559445
47.9536883322285
47.84939436039176
47.74483250478759
47.64000388467546
47.53490961034735
47.42955078165827
47.323928486577394
47.218043799761325
47.111897781151676
47.0054914745995
46.89882590651903
46.791902084572804
46.68472099639067
46.57728360832462
46.46959086424155
46.36164368435632
46.25344296410677
46.144989573072365
46.03628435393787
45.92732812150328
45.8181216617414
45.70866573090419
45.598961054678654
45.48900832739301
45.37880821127354
45.26836133575276
45.157668296829485
45.04672965648111
44.93554594212875
44.82411764615548
44.712445225478085
44.60052910117226
44.48836965815118
44.3759672448975
44.2633221732486
44.15043471823409
44.03730511796518
43.92393357357499
43.810320249208836
43.69646527206404
43.58236873247854
43.468030684067585
43.35345114390749
43.238630092765575
43.12356747537537
43.00826320075642
42.89271714257764
42.776929139563336
42.66089899594142
42.54462648193278
42.42811133428053
42.311353256817725
42.19435192107205
42.07710696690544
41.95961800318663
41.84188460849442
41.72390633184984
41.605682693475394
41.48721318557961
41.36849727316571
41.249534394863254
41.13032396378214
41.01086536838802
40.89115797339833
40.77120112069753
40.650994130270306
40.53053630115096
40.40982691238696
40.28886522401416
40.16765047804148
40.0461818994425
39.924458697151465
39.80248006506167
39.680245183024226
39.55775321784529
39.4350033242805
39.31199464602497
39.18872631669751
39.065197460818005
38.94140719477644
38.817354627792604
38.69303886286553
38.568458997711495
38.443614125689685
38.31850333671439
38.193125718152594
38.067480355705634
37.94156633427405
37.81538273880516
37.68892865512333
37.56220317074285
37.43520537566353
37.30793436314882
37.180389230486426
37.05256907973113
36.924473018429225
36.79610016032403
36.667449626042284
36.53852054376135
36.40931204985712
36.2798232895325
36.15005341742604
36.02000159820052
35.88966700711166
35.759048830556715
35.628146266603046
35.49695852549679
35.36548483015199
35.23372441662068
35.1016765345444
34.969340447587946
34.83671543385592
34.703800786292994
34.570595813068685
34.43709983794759
34.30331220064596
34.169232257175736
34.034859380177465
33.90019295924333
33.76523240123177
33.629977130575384
33.494426589583526
33.3585802387411
33.22243755700501
33.08599804209993
32.94926121081477
32.8122265993012
32.67489376337533
32.53726227882333
32.399331741711954
32.26110176870514
32.12257199738763
31.9837420865966
31.844611716761754
31.705180590254905
31.56544843174938
31.425414988589313
31.285080031168764
31.144443353320998
31.003504772718305
30.862264131282974
30.72072129560981
30.578876157400416
30.436728633909283
30.294278668401645
30.151526230623162
30.008471317281348
29.86511395253858
29.721454188516343
29.577492105810403
29.43322781401623
29.288661452264034
29.143793189762487
28.998623226350258
28.853151793054376
28.707379152654575
28.56130560025239
28.414931463843637
28.26825710489289
28.121282918908726
27.974009336018504
27.82643682154151
27.678565876559052
27.530397038480178
27.38193088160148
27.233168017659782
27.084109096376583
26.93475480599318
26.78510587379543
26.635163066626887
26.484927191388834
26.334399095525896
26.183579667495906
26.03246983722269
25.881070576530274
25.729382899557034
25.57740786314815
25.425146567224882
25.27260015512911
25.11976981394158
24.966656774772552
24.813262313023323
24.659587748617376
24.505634446199956
24.351403815305012
24.196897310488612
24.042116431427747
23.887062722983575
23.73173777522813
23.57614322343345
23.420280748022197
23.2641520744787
23.107758973219532
22.95110325942288
22.794186792816063
22.637011477420472
22.479579261253505
22.321892135987166
22.163952136563193
22.00576134076446
21.84732186874258
21.688635882501767
21.529705585339126
21.37053322124124
21.211121074237504
21.051471467710606
20.891586763664186
20.73146936194818
20.57112169944231
20.410546249198067
20.249745519539804
20.08872205312551
19.927478425968136
19.766017246418446
19.60434115411039
19.442452818869867
19.280354939587824
19.118050243058775
18.95554148278609
18.792831437755382
18.629922911177573
18.466818729203208
18.303521739609845
18.140034810464396
17.976360828762406
17.8125026990464
17.648463342005467
17.484245693058405
17.31985270092293
17.15528732617316
16.990552539787636
16.82565132169011
16.660586659285336
16.495361545992072
16.329978979775266
16.164441961679476
15.99875349436569
15.832916580653677
15.666934222072088
15.50080941741861
15.334545161332203
15.168144442879353
15.001610244156339
14.834945538909551
14.668153291175797
14.501236453944541
14.334197967843933
14.167040759852226
13.999767742036152
13.832381810317639
13.664885843270152
13.49728270094594
13.329575223735313
13.16176623125923
12.993858521296325
12.825854868745559
12.657758024625672
12.489570715112341
12.321295640613888
12.152935474886197
11.98449286418759
11.815970426474284
11.647370750637098
11.478696395779993
11.30994989054095
11.141133732455687
10.972250387364513
10.803302288862525
10.634291837793285
10.465221401785897
10.29609331483533
10.126909876925664
9.957673353695922
9.788385976148074
9.619049940396646
9.449667407459525
9.280240503089482
9.110771317645815
8.941261906005474
8.771714287512964
8.602130445968314
8.432512329652376
8.262861851388648
8.093180888640658
7.923471283643868
7.753734843571071
7.58397334073025
7.414188512793761
7.244382063057702
7.074555660730306
6.9047109412481635
6.734849506619086
6.564972925790393
6.395082735041413
6.225180438399042
6.055267508075245
5.885345384925307
5.7154154789256255
5.545479169669793
5.375537806881763
5.205592710944837
5.035645173445241
4.865696457729024
4.695747799470987
4.525800407254196
4.35585546315863
4.185914123357498
4.015977518719757
3.846046755417417
3.676122915536238
3.506207057688482
3.336300217626391
3.166403408855078
2.9965176232435113
2.8266438316323157
2.656782984437162
2.4869360122465602
2.3171038264129074
2.147287319635694
1.9774873665357926
1.8077048242197515
1.6379405328330487
1.4681953161013164
1.2984699818585776
1.1287653225615821
0.9590821157893625
0.789421124727172
0.6197830986340189
0.4501687732930818
0.28057887144433996
0.1110141031988124
-0.05852483356614452
-0.22803725283096848
-0.397522480077875
-0.5669798519550511
-0.7364087159613532
-0.9058084301517395
-1.0751783628636047
-1.2445178924641225
-1.4138264071186413
-1.5831033045801157
-1.7523479919995115
-1.9215598857570713
-2.090738411314279
-2.259883003086295
-2.428993104334571
-2.5980681670793033
-2.7671076520313447
-2.9361110285431233
-3.10507777457806
-3.2740073766979174
-3.4428993300674597
-3.6117531384757715
-3.780568314373563
-3.949344378925772
-4.118080862078738
-4.286777302641199
-4.45543324837831
-4.624048256117847
-4.792621891867741
-4.961153730944029
-5.129643358108343
-5.298090367713993
-5.466494363859721
-5.63485496055022
-5.803171781862515
-5.971444462117318
-6.139672646054443
-6.307855989011458
-6.475994157104702
-6.644086827411827
-6.81213368815501
-6.980134438883975
-7.1480887906579325
-7.315996466225467
-7.4838572002014665
-7.6516707392402
-7.81943684220372
-7.987155280324734
-8.154825837363132
-8.322448309755345
-8.490022506755743
-8.657548250569356
-8.825025376475113
-8.992453732938914
-9.159833181715834
-9.327163597940771
-9.494444870206866
-9.661676900631061
-9.828859604906226
-9.99599291233926
-10.163076765874633
-10.330111122102862
-10.497095951253428
-10.664031237171798
-10.830916977280168
-10.99775318252165
-11.164539877287526
-11.331277099327197
-11.49796489964054
-11.664603342352411
-11.831192504569064
-11.997732476216205
-12.164223359858488
-12.330665270500253
-12.497058335367461
-12.663402693670825
-12.829698496350296
-12.995945905801044
-13.162145095581218
-13.328296250101767
-13.494399564298513
-13.66045524328683
-13.826463501999225
-13.992424564806097
-14.158338665119839
-14.324206044982516
-14.490026954637413
-14.655801652084817
-14.821530402622429
-14.987213478370833
-15.152851157784582
-15.318443725149452
-15.483991470066501
-15.64949468692369
-15.814953674356008
-15.980368734694995
-16.145740173408672
-16.311068298532835
-16.47635342009477
-16.641595849530596
-16.806795899097175
-16.971953881279568
-17.13707010819494
-17.302144890993823
-17.467178539259386
-17.6321713604056
-17.79712365907508
-17.96203573653744
-18.12690789008907
-18.291740412455464
-18.456533591197466
-18.621287708122562
-18.78600303870249
-18.95067985149832
-19.11531840759416
-19.279918960040717
-19.44448175331
-19.609007022762555
-19.773494994128686
-19.93794588300479
-20.102359894365964
-20.266737222096044
-20.431078048536353
-20.595382544054377
-20.759650866633557
-20.923883161485456
-21.08807956068545
-21.252240182832985
-21.41636513273732
-21.5804545011297
-21.74450836440283
-21.908526784378605
-22.072509808105362
-22.236457467685764
-22.400369780136455
-22.56424674728049
-22.728088355673464
-22.89189457656431
-23.055665365891457
-23.21940066431506
-23.383100397285858
-23.546764475151065
-23.710392793297732
-23.873985232333983
-24.03754165830839
-24.201061922967686
-24.364545864053074
-24.527993305635537
-24.691404058490527
-24.854777920512
-25.018114677165848
-25.181414101982888
-25.344675957091603
-25.50789999379075
-25.671085953161974
-25.834233566722542
-25.99734255711793
-26.160412638853682
-26.323443519065744
-26.486434898328422
-26.649386471498996
-26.812297928597857
-26.975168955723248
-27.13799923599946
-27.30078845055739
-27.46353627954609
-27.62624240317389
-27.788906502777582
-27.95152826191809
-28.114107367500868
-28.27664351091902
-28.43913638921693
-28.60158570627222
-28.76399117399395
-28.92635251353513
-29.088669456517458
-29.2509417462661
-29.413169139051966
-29.575351405339113
-29.737488331034847
-29.899579718739826
-30.061625388995335
-30.22362518152499
-30.38557895646829
-30.547486595603427
-30.70934800355698
-30.871163108997848
-31.032931865812657
-31.19465425425986
-31.356330282100004
-31.517959985699605
-31.679543431106083
-31.841080715091294
-32.002571966160986
-32.164017345527526
-32.32541704804311
-32.486771303090364
-32.64808037542793
-32.80934456598863
-32.97056421262807
-33.13173969082124
-33.29287141430476
-33.453959835662296
-33.615005446850866
-33.77600877966584
-33.93697040614254
-34.097890938892625
-34.25877103137331
-34.419611378087644
-34.58041271471394
-34.74117581816274
-34.901901506560094
-35.0625906391556
-35.22324411615382
-35.383862878467895
-35.544447907394456
-35.705000224208945
-35.865520889680326
-36.02601100350442
-36.18647170365493
-36.34690416565137
-36.50730960174296
-36.667689260008146
-36.82804442336952
-36.98837640852447
-37.148686564791674
-37.30897627287369
-37.469246943536255
-37.62950001620441
-37.78973695747572
-37.949959259550376
-38.11016843857828
-38.27036603292344
-38.43055360134661
-38.590732721106626
-38.750904985981144
-38.91107200420725
-39.071235396342836
-39.23139679304972
-39.391557832799656
-39.551720159504775
-39.711885420074616
-39.87205526190177
-40.03223133027814
-40.192415265744444
-40.35260870137597
-40.51281326000702
-40.67303055139695
-40.83326216934012
-40.9935096887225
-41.153774662527894
-41.314058618796764
-41.47436305754064
-41.634689447615244
-41.79503922355576
-41.95541378237829
-42.11581448035133
-42.276242629741375
-42.43669949553657
-42.59718629215274
-42.75770418012627
-42.918254262799
-43.07883758300034
-43.23945511973182
-43.400107784859536
-43.5607964198195
-43.7215217923411
-43.88228459319357
-44.04308543296043
-44.203924838846554
-44.364803251523035
-44.52572102201544
-44.68667840864055
-44.8476755739967
-45.0087125820121
-45.16978939505544
-45.33090587111298
-45.49206176103599
-45.65325670586198
-45.81449023421352
-45.97576175977879
-46.137070578877754
-46.29841586811854
-46.45979668214831
-46.62121195150344
-46.78266048056379
-46.94414094561576
-47.105651893028735
-47.26719173754903
-47.428758760714985
-47.59035110939705
-47.75196679446607
-47.913603689593586
-48.07525953018798
-48.236931912469586
-48.3986182926878
-48.560315986482316
-48.72202216839039
-48.8837338715011
-49.04544798725734
-49.207161265406306
-49.368870314099375
-49.53057160014233
-49.69226144939679
-49.85393604733397
-50.01559143974193
-50.17722353358712
-50.338828098030795
-50.500400765600965
-50.6619370335201
-50.82343226518909
-50.98488169182783
-51.14628041427252
-51.30762340492927
-51.46890550988323
-51.63012145116241
-51.79126582915521
-51.95233312518056
-52.11331770420921
-52.27421381773425
-52.43501560678865
-52.59571710510781
-52.75631224243469
-52.91679484796467
-53.07715865392683
-53.23739729929818
-53.397504333647674
-53.55747322110713
-53.71729734446606
-53.87697000938695
-54.03648444873701
-54.19583382703192
-54.355011244986855
-54.514009744170245
-54.67282231175577
-54.83144188536793
-54.98986135801611
-55.14807358311257
-55.306071379569154
-55.46384753696706
-55.62139482079349
-55.77870597773845
-55.93577374104459
-56.09259083590329
-56.24914998488973
-56.405443913430226
-56.56146535529522
-56.7172070581124
-56.87266178889403
-57.027822339572914
-57.18268153254119
-57.33723222618617
-57.49146732041753
-57.64537976217984
-57.79896255094427
-57.9522087441736
-58.105111462755346
-58.257663896397545
-58.40985930898232
-58.56169104387156
-58.713152529159274
-58.86423728286495
-59.014938918062214
-59.165251147936814
-59.31516779076837
-59.46468277483005
-59.61379014320043
-59.76248405848189
-59.91075880741998
-60.05860880541904
-60.20602860094992
-60.353012879845934
-60.499556469482904
-60.645654342838945
-60.79130162242961
-60.93649358411414
-61.08122566076906
-61.225493445825514
-61.369292696667166
-61.51261933788583
-61.65546946439263
-61.797839344382275
-61.93972542214811
-62.081124320745964
-62.222032844504604
-62.362447981380676
-62.502366905156116
-62.641786977475356
-62.78070574972025
-62.91912096472077
-63.05703055829991
-63.19443266065098
-63.33132559754534
-63.467707891368434
-63.60357826198293
-63.738935627417845
-63.87377910438272
-64.00810800860626
-64.14192185499951
-64.27522035764412
-64.40800342960665
-64.54027118258074
-64.6720239263592
-64.80326216813836
-64.93398661165747
-65.06419815617721
-65.19389789530135
-65.32308711564514
-65.45176729535359
-65.57994010247234
-65.70760739317365
-65.83477120983986
-65.96143377900609
-66.08759750916334
-66.21326498842274
-66.33843898204151
-66.46312242981122
-66.58731844330765
-66.71103030300168
-66.83426145522998
-66.95701550902504
-67.0792962328037
-67.20110755091332
-67.32245354003544
-67.44333842544779
-67.56376657714668
-67.68374250583258
-67.80327085876206
-67.92235641546972
-68.04100408336433
-68.1592188932035
-68.27700599445143
-68.39437065052448
-68.51131823392963
-68.62785422130061
-68.74398418833734
-68.85971380465391
-68.9750488285405
-69.08999510164428
-69.20455854357455
-69.31874514643722
-69.43256096930385
-69.54601213262028
-69.65910481255982
-69.7718452353255
-69.88423967140626
-69.99629442979212
-70.10801585215303
-70.21941030698612
-70.33048418373495
-70.44124388688518
-70.5516958300404
-70.66184642998185
-70.77170210071559
-70.8812692475105
-70.99055426092987
-71.09956351086005
-71.20830334054081
-71.31678006060231
-71.42499994311568
-71.5329692156641
-71.6406940554419
-71.74818058338901
-71.8554348583685
-71.96246287139498
-72.06927053992236
-72.17586370219949
-72.28224811170215
-72.38842943164975
-72.49441322961498
-72.60020497223361
-72.70581002002196
-72.81123362230831
-72.91648091228531
-73.02155690218918
-73.12646647861204
-73.2312143979536
-73.33580528201783
-73.44024361376007
-73.54453373318866
-73.6486798334251
-73.75268595692576
-73.85655599186738
-73.96029366869858
-74.06390255685848
-74.16738606166395
-74.270747421367
-74.37398970438404
-74.47711580669876
-74.58012844944064
-74.6830301766404
-74.7858233531639
-74.88851016282537
-74.99109260668054
-75.09357250149954
-75.19595147841979
-75.29823098177947
-75.40041226813273
-75.50249640544766
-75.60448427248807
-75.70637655838013
-75.80817376236573
-75.90987619374411
-76.01148397200367
-76.11299702714516
-76.21441510019733
-76.31573774392595
-76.4169643237361
-76.51809401876753
-76.61912582318254
-76.72005854764527
-76.82089082099046
-76.92162109207979
-77.02224763184253
-77.12276853549699
-77.22318172494883
-77.32348495136316
-77.42367579790775
-77.52375168266494
-77.62370986170853
-77.72354743234254
-77.82326133649778
-77.92284836428175
-78.02230515767675
-78.12162821438127
-78.22081389178933
-78.31985841110267
-78.41875786156967
-78.51750820484583
-78.61610527947036
-78.71454480545398
-78.81282238897253
-78.91093352716186
-79.00887361300894
-79.10663794033482
-79.20422170886442
-79.301620029379
-79.39882792894682
-79.49584035622817
-79.59265218685002
-79.6892582288452
-79.78565322815118
-79.88183187416288
-79.97778880533448
-80.07351861482411
-80.16901585617583
-80.26427504903185
-80.35929068486777
-80.45405723274379
-80.54856914506556
-80.64282086334887
-80.73680682398182
-80.83052146397844
-80.92395922671787
-81.01711456766324
-81.10998196005502
-81.20255590057386
-81.2948309149676
-81.38680156363748
-81.47846244717888
-81.56980821187321
-81.66083355512612
-81.75153323084746
-81.8419020547685
-81.93193490969176
-82.02162675066879
-82.11097261010102
-82.19996760275885
-82.28860693071371
-82.37688588817738
-82.46479986624237
-82.55234435751683
-82.63951496064666
-82.72630738471705
-82.81271745352532
-82.89874110971832
-82.98437441878772
-83.0696135729174
-83.15445489467638
-83.23889484055277
-83.32293000432375
-83.406557120256
-83.48977306613071
-83.57257486608657
-83.65495969327421
-83.73692487231605
-83.81846788156597
-83.89958635516356
-83.98027808487777
-84.06054102173536
-84.1403732774306
-84.21977312551186
-84.29873900234199
-84.37726950782937
-84.45536340592659
-84.5330196248942
-84.61023725732738
-84.68701555994468
-84.76335395313751
-84.83925202028033
-84.91470950680136
-84.98972631901435
-85.06430252271318
-85.13843834153167
-85.2121341550712
-85.28539049679895
-85.3582080517202
-85.43058765382759
-85.50253028333086
-85.57403706367094
-85.64510925832187
-85.71574826738455
-85.78595562397763
-85.85573299043037
-85.92508215428344
-85.99400502410364
-86.06250362511875
-86.1305800946786
-86.19823667754812
-86.2654757210382
-86.33229966998167
-86.39871106156122
-86.46471251999694
-86.53030675110105
-86.59549653670715
-86.66028472898105
-86.72467424462158
-86.78866805895993
-86.85226919996589
-86.91548074217005
-86.97830580051183
-87.04074752412257
-87.10280909005243
-87.16449369695042
-87.2258045587059
-87.28674489806119
-87.34731794020487
-87.40752690635551
-87.4673750073458
-87.52686543721788
-87.58600136684137
-87.6447859375663
-87.7032222549229
-87.76131338237926
-87.81906233516801
-87.87647207419386
-87.93354550003241
-87.99028544703091
-88.04669467752066
-88.10277587615028
-88.15853164434961
-88.21396449493372
-88.26907684685645
-88.32387102012316
-88.37834923087118
-88.43251358662664
-88.48636608174635
-88.53990859305301
-88.59314287567074
-88.64607055906637
-88.69869314330239
-88.75101199550713
-88.8030283465666
-88.85474328804193
-88.9061577693162
-88.95727259497355
-89.00808842241267
-89.05860575969618
-89.10882496363669
-89.15874623811985
-89.20836963266319
-89.25769504120964
-89.30672220115193
-89.3554506925843
-89.4038799377773
-89.45200920087197
-89.49983758779032
-89.54736404635875
-89.5945873666403
-89.64150618147275
-89.68811896720828
-89.73442404465058
-89.78041958018557
-89.82610358710164
-89.87147392709525
-89.91652831195742
-89.96126430543708
-90.00567932527744
-90.04977064542194
-90.09353539838636
-90.13697057779402
-90.18007304107229
-90.22283951230813
-90.26526658526026
-90.30735072652564
-90.34908827885633
-90.39047546462436
-90.4315083894322
-90.47218304586667
-90.51249531739447
-90.55244098239663
-90.59201571833941
-90.63121510607957
-90.67003463430169
-90.70846970408454
-90.74651563359382
-90.78416766289851
-90.82142095890796
-90.85827062042628
-90.8947116833202
-90.93073912579618
-90.96634787378193
-91.00153280640697
-91.03628876157697
-91.07061054163691
-91.10449291911763
-91.13793064256024
-91.17091844241324
-91.20345103699728
-91.23552313853119
-91.26712945921278
-91.29826471734859
-91.32892364352776
-91.35910098683482
-91.38879152109607
-91.41799005115476
-91.44669141917026
-91.47489051093575
-91.50258226220816
-91.52976166504433
-91.55642377413685
-91.58256371314289
-91.608176681
-91.63325795822308
-91.65780291317705
-91.68180700832133
-91.70526580642124
-91.72817497672153
-91.7505303010773
-91.77232768003702
-91.7935631388734
-91.81423283355772
-91.83433305667322
-91.85386024326303
-91.87281097660886
-91.89118199393576
-91.90897019203894
-91.92617263282781
-91.94278654878312
-91.95880934832277
-91.97423862107232
-91.98907214303446
-92.0033078816517
-92.01694400075618
-92.02997886540115
-92.04241104656793
-92.05423932574362
-92.06546269936379
-92.07608038311363
-92.08609181608117
-92.09549666475638
-92.10429482687047
-92.11248643506823
-92.12007186040725
-92.12705171567731
-92.13342685853374
-92.13919839443813
-92.14436767940012
-92.14893632251355
-92.15290618827996
-92.1562793987126
-92.15905833521364
-92.16124564021695
-92.16284421858867
-92.16385723877849
-92.1642881337145
-92.1641406014347
-92.16341860544716
-92.16212637481303
-92.1602684039469
-92.15784945213088
-92.15487454273918
-92.151348962171
-92.14727825848851
-92.14266823975683
-92.13752497208301
-92.13185477735155
-92.1256642306549
-92.11896015741863
-92.11174963021946
-92.1040399652961
-92.0958387187537
-92.08715368246405
-92.0779928796637
-92.06836456025357
-92.05827719580427
-92.04773947427097
-92.03676029442258
-92.02534875998944
-92.01351417353496
-92.00126603005705
-91.98861401032704
-91.97556797397348
-91.96213795231799
-91.9483341409701
-91.93416689218802
-91.91964670701165
-91.90478422717499
-91.88959022680487
-91.87407560391452
-91.85825137170056
-91.84212864965284
-91.82571865448708
-91.80903269091161
-91.7920821422392
-91.77487846085486
-91.75743315855057
-91.73975779673772
-91.72186397654805
-91.70376332883309
-91.68546750407275
-91.6669881622043
-91.64833696238345
-91.62952555268892
-91.61056555978139
-91.59146857852654
-91.57224616159267
-91.5529098090338
-91.53347095786883
-91.51394097166754
-91.49433113015398
-91.47465261883663
-91.45491651867538
-91.43513379579618
-91.41531529126435
-91.39547171092768
-91.37561361534036
-91.35575140977842
-91.33589533435732
-91.31605545426164
-91.29624165009677
-91.27646360837271
-91.2567308121307
-91.23705253172302
-91.2174378157559
-91.19789548220531
-91.17843410971643
-91.15906202909851
-91.13978731502569
-91.12061777795357
-91.1015609562614
-91.08262410863013
-91.06381420666669
-91.04513792778455
-91.02660164835056
-91.00821143710785
-90.98997304888356
-90.97189191859088
-90.95397315553517
-90.93622153803399
-90.91864150836086
-90.90123716802073
-90.88401227336631
-90.86697023156223
-90.85011409690317
-90.83344656749212
-90.81696998228524
-90.80068631850868
-90.78459718945221
-90.76870384264369
-90.75300715840793
-90.73750764881227
-90.72220545700027
-90.70710035691452
-90.69219175340773
-90.6774786827411
-90.66295981346862
-90.648633447705
-90.63449752277468
-90.62054961323925
-90.60678693329903
-90.5932063395639
-90.57980433418784
-90.56657706836195
-90.5535203461604
-90.54062962873304
-90.52790003883895
-90.51532636571376
-90.50290307026394
-90.49062429058047
-90.47848384776383
-90.46647525205192
-90.45459170924296
-90.4428261274049
-90.43117112386365
-90.41961903246268
-90.408161911086
-90.39679154943686
-90.38549947706436
-90.37427697163066
-90.3631150674109
-90.35200456401874
-90.34093603535116
-90.32989983874639
-90.31888612434916
-90.30788484467742
-90.29688576438316
-90.28587847020056
-90.27485238107336
-90.26379675845278
-90.25270071675648
-90.24155323397902
-90.23034316244407
-90.21905923968889
-90.20769009947135
-90.1962242828899
-90.18465024960672
-90.17295638916501
-90.16113103239077
-90.14916246286982
-90.13703892849033
-90.12474865304155
-90.11227984786008
-90.09962072351489
-90.0867595015231
-90.07368442608818
-90.06038377585215
-90.04684587565414
-90.03305910828745
-90.01901192624696
-90.00469286345896
-89.99009054698473
-89.9751937086898
-89.95999119686934
-89.94447198782035
-89.92862519735019
-89.91244009221117
-89.89590610145189
-89.8790128276749
-89.86175005819138
-89.84410777606314
-89.82607617102207
-89.80764565025646
-89.78880684905454
-89.7695506412943
-89.74986814976847
-89.7297507563332
-89.70919011186919
-89.6881781460441
-89.66670707686507
-89.64476942001096
-89.6223579979341
-89.59946594872127
-89.57608673470378
-89.55221415080649
-89.52784233262611
-89.50296576422937
-89.47757928566188
-89.45167810015761
-89.4252577810393
-89.39831427830012
-89.37084392485684
-89.34284344246595
-89.31430994729482
-89.28524095513984
-89.25563438628359
-89.22548856998316
-89.19480224858177
-89.16357458123531
-89.1318051472469
-89.0994939490028
-89.06664141450364
-89.03324839948317
-88.99931618910836
-88.9648464992535
-88.92984147734109
-88.89430370274209
-88.85823618672822
-88.82164237196997
-88.78452613157634
-88.74689176767214
-88.70874400950964
-88.67008801111098
-88.63092934843854
-88.59127401609175
-88.55112842353009
-88.51049939082424
-88.46939414393836
-88.42782030954771
-88.38578590939534
-88.34329935419288
-88.30036943707131
-88.25700532658703
-88.21321655928858
-88.16901303185006
-88.12440499277824
-88.07940303370077
-88.03401808024381
-87.98826138250814
-87.9421445051542
-87.89567931710809
-87.84887798090114
-87.80175294165582
-87.75431691573118
-87.70658287904138
-87.65856405506241
-87.61027390254236
-87.56172610293146
-87.51293454754847
-87.4639133245002
-87.41467670537048
-87.36523913169464
-87.31561520123392
-87.26581965406439
-87.21586735849468
-87.16577329682792
-87.11555255098284
-87.065220287989
-87.0147917453707
-86.96428221643356
-86.91370703546767
-86.86308156288129
-86.81242117028017
-86.76174122550714
-86.71105707765736
-86.66038404208422
-86.60973738541117
-86.55913231056542
-86.50858394184985
-86.45810731006934
-86.40771733772799
-86.35742882431377
-86.30725643168618
-86.25721466958241
-86.20731788125799
-86.15758022927734
-86.10801568146978
-86.05863799706621
-86.00946071303024
-85.96049713059669
-85.91176030203
-85.86326301761532
-85.81501779289583
-85.76703685616955
-85.71933213625975
-85.67191525057233
-85.62479749345475
-85.57798982486979
-85.53150285939732
-85.48534685557586
-85.43953170559375
-85.39406692534014
-85.34896164482613
-85.30422459898652
-85.25986411887247
-85.21588812324539
-85.17230411058124
-85.12911915149373
-85.0863398815839
-85.04397249472315
-85.00202273677591
-84.96049589976774
-84.91939681650358
-84.87872985564074
-84.83849891722086
-84.79870742866528
-84.7593583412385
-84.72045412698348
-84.68199677613215
-84.64398779499406
-84.60642820432547
-84.5693185381803
-84.5326588432428
-84.49644867864076
-84.46068711623722
-84.42537274139845
-84.39050365423593
-84.35607747131955
-84.32209132785844
-84.28854188034659
-84.25542530966929
-84.22273732466662
-84.19047316614983
-84.15862761136627
-84.12719497890855
-84.09616913406414
-84.06554349460264
-84.03531103699679
-84.00546430307377
-83.97599540709307
-83.94689604324724
-83.91815749358152
-83.88977063632858
-83.86172595465352
-83.83401354580364
-83.80662313065606
-83.7795440636567
-83.7527653431445
-83.72627562205382
-83.70006321898784
-83.67411612965593
-83.64842203866696
-83.62296833167083
-83.59774210784023
-83.57273019268341
-83.54791915117782
-83.52329530121453
-83.49884472734247
-83.47455329480094
-83.45040666382697
-83.42639030422349
-83.4024895101732
-83.37868941528318
-83.35497500784474
-83.33133114629338
-83.30774257485227
-83.28419393934341
-83.26066980314981
-83.2371546633123
-83.21363296674467
-83.19008912655003
-83.16650753842116
-83.14287259710754
-83.11916871293163
-83.09538032833579
-83.07149193444165
-83.04748808760307
-83.0233534259343
-82.99907268579413
-82.97463071820634
-82.95001250519731
-82.92520317603264
-82.90018802333513
-82.87495251906641
-82.84948233035418
-82.823763335147
-82.7977816376778
-82.77152358371704
-82.74497577559764
-82.71812508699263
-82.69095867742776
-82.66346400651132
-82.6356288478642
-82.6074413027333
-82.57888981327146
-82.54996317546731
-82.52065055170924
-82.49094148296766
-82.46082590058032
-82.43029413762477
-82.39933693986146
-82.36794547623222
-82.33611134889864
-82.30382660280523
-82.27108373475247
-82.23787570196478
-82.2041959301404
-82.17003832097114
-82.13539725912145
-82.10026761865689
-82.06464476891293
-82.02852457979535
-81.99190342650493
-81.95477819368014
-81.91714627895297
-81.87900559591392
-81.84035457648295
-81.80119217268421
-81.76151785782284
-81.72133162706248
-81.68063399740302
-81.63942600705926
-81.59770921424266
-81.55548569534918
-81.51275804255786
-81.46952936084543
-81.42580326442331
-81.38158387260412
-81.33687580510585
-81.29168417680219
-81.24601459192925
-81.1998731377594
-81.15326637775391
-81.10620134420654
-81.05868553039082
-81.01072688222419
-80.96233378946275
-80.91351507644075
-80.86427999236881
-80.81463820120453
-80.76459977110974
-80.71417516350951
-80.66337522176892
-80.61221115950357
-80.5606945485396
-80.50883730653985
-80.4566516843137
-80.40415025282803
-80.3513458899362
-80.29825176684315
-80.24488133432422
-80.19124830871456
-80.13736665768627
-80.08325058583003
-80.02891452005727
-79.97437309483863
-79.91964113729401
-79.86473365214957
-79.80966580657551
-79.75445291491818
-79.69911042333993
-79.64365389438106
-79.58809899145777
-79.53246146331085
-79.47675712841922
-79.4210018593923
-79.36521156735526
-79.30940218634126
-79.25358965770468
-79.19778991456852
-79.14201886631943
-79.0862923831634
-79.03062628075591
-78.97503630492068
-78.91953811647093
-78.86414727614763
-78.8088792296891
-78.75374929304704
-78.69877263776439
-78.64396427653028
-78.58933904892766
-78.53491160738932
-78.48069640337863
-78.42670767381063
-78.37295942772894
-78.31946543325208
-78.26623920480213
-78.21329399062805
-78.16064276063413
-78.10829819452398
-78.05627267026786
-78.00457825290188
-77.95322668366659
-77.90222936949205
-77.85159737283608
-77.80134140188217
-77.75147180110311
-77.70199854219472
-77.65293121538345
-77.60427902111134
-77.55605076210112
-77.50825483580446
-77.46089922723628
-77.41399150219719
-77.36753880088612
-77.32154783190573
-77.27602486666264
-77.23097573416534
-77.18640581622198
-77.14232004304019
-77.09872288923033
-77.05561837021322
-77.0130100390336
-76.97090098358048
-76.92929382421529
-76.88819071180934
-76.84759332619116
-76.80750287500383
-76.76792009297232
-76.72884524158134
-76.69027810916545
-76.65221801141298
-76.61466379228501
-76.57761382535013
-76.54106601553555
-76.50501780129458
-76.46946615718981
-76.43440759689067
-76.39983817658425
-76.36575349879776
-76.33214871663053
-76.29901853839375
-76.26635723265544
-76.23415863368793
-76.20241614731471
-76.1711227571525
-76.14027103124455
-76.10985312908066
-76.07986080899924
-76.05028543596667
-76.02111798972909
-75.99234907333165
-75.96396892199938
-75.93596741237288
-75.9083340720921
-75.88105808972138
-75.85412832500789
-75.82753331946539
-75.80126130727389
-75.77530022648627
-75.74963773053197
-75.72426120000809
-75.69915775474728
-75.67431426615134
-75.64971736977886
-75.62535347817494
-75.60120879393152
-75.57726932296625
-75.5535208880083
-75.52994914227874
-75.50653958335296
-75.48327756719222
-75.4601483223304
-75.4371369642014
-75.41422850959181
-75.39140789120292
-75.36865997230565
-75.34596956147176
-75.32332142736506
-75.30070031357629
-75.27809095348597
-75.25547808513956
-75.23284646611911
-75.2101808883963
-75.18746619315131
-75.16468728554266
-75.14182914941297
-75.11887686191575
-75.0958156080484
-75.07263069507657
-75.04930756683497
-75.02583181788943
-75.00218920754595
-74.97836567369212
-74.95434734645688
-74.93012056167551
-74.90567187414662
-74.88098807066912
-74.85605618284752
-74.83086349965386
-74.80539757973482
-74.77964626345347
-74.75359768465496
-74.72724028214596
-74.7005628108778
-74.67355435282282
-74.6462043275322
-74.61850250236405
-74.59043900236937
-74.56200431982411
-74.5331893233958
-74.50398526693239
-74.47438379786168
-74.44437696518987
-74.41395722708928
-74.38311745806568
-74.35185095569666
-74.32015144693271
-74.28801309395381
-74.25543049957373
-74.22239871218524
-74.18891323023963
-74.15497000625483
-74.12056545034666
-74.0856964332789
-74.05036028902789
-74.01455481685862
-73.97827828290957
-73.9415294212858
-73.90430743466021
-73.8666119943843
-73.82844324010938
-73.78980177892043
-73.75068868398472
-73.71110549271788
-73.67105420447189
-73.6305372777502
-73.5895576269557
-73.54811861867796
-73.50622406752728
-73.46387823152321
-73.42108580704593
-73.37785192335883
-73.33418213671104
-73.29008242402875
-73.2455591762054
-73.20061919100073
-73.15526966555893
-73.1095181885558
-73.06337273198454
-73.01684164259069
-72.96993363296627
-72.92265777231313
-72.87502347688451
-72.82704050011387
-72.77871892243991
-72.73006914083703
-72.68110185806074
-72.63182807161729
-72.5822590624673
-72.53240638347245
-72.48228184759455
-72.43189751585692
-72.38126568507789
-72.33039887538689
-72.27930981753354
-72.22801144000027
-72.17651685592921
-72.12483934987415
-72.07299236438837
-72.02098948645926
-71.96884443380179
-71.91657104102296
-71.86418324567012
-71.81169507417633
-71.75912062771658
-71.70647406798969
-71.65376960294111
-71.60102147244277
-71.54824393394586
-71.49545124812346
-71.44265766451963
-71.389877407222
-71.33712466057557
-71.28441355495534
-71.23175815261516
-71.17917243363047
-71.12667028195222
-71.07426547158946
-71.02197165293796
-70.96980233927172
-70.91777089341406
-70.8658905146043
-70.81417422557615
-70.76263485986334
-70.71128504934796
-70.66013721206576
-70.60920354028161
-70.55849598884839
-70.50802626386104
-70.45780581161608
-70.4078458078863
-70.35815714751942
-70.30875043436919
-70.25963597156675
-70.21082375213956
-70.16232344998383
-70.11414441119592
-70.06629564576787
-70.01878581965133
-69.97162324719415
-69.9248158839535
-69.87837131988914
-69.83229677293961
-69.78659908298452
-69.7412847061958
-69.69635970978077
-69.65182976712019
-69.60770015330392
-69.56397574106681
-69.52066099712685
-69.4777599789275
-69.43527633178546
-69.39321328644569
-69.3515736570452
-69.31035983948713
-69.26957381022594
-69.22921712546365
-69.1892909207575
-69.14979591103877
-69.11073239104307
-69.07210023615202
-69.03389890364615
-68.99612743436778
-68.95878445479188
-68.92186817950225
-68.88537641406968
-68.84930655832873
-68.81365561004894
-68.77842016899591
-68.74359644137768
-68.70918024467072
-68.67516701281976
-68.64155180180522
-68.6083292955718
-68.57549381231068
-68.54303931108744
-68.51095939880723
-68.47924733750834
-68.44789605197501
-68.41689813765946
-68.38624586890238
-68.355931207441
-68.32594581119359
-68.29628104330924
-68.26692798147165
-68.23787742744547
-68.20911991685351
-68.18064572917375
-68.15244489794519
-68.12450722117215
-68.09682227191591
-68.06937940906231
-68.0421677882532
-68.01517637296853
-67.98839394574587
-67.96180911952455
-67.9354103491015
-67.90918594268656
-67.88312407354407
-67.85721279170797
-67.83144003575795
-67.80579364464414
-67.78026136954837
-67.75483088577015
-67.72948980462603
-67.70422568535126
-67.67902604699326
-67.65387838028674
-67.62877015950106
-67.60368885424997
-67.57862194125447
-67.5535569160496
-67.52848130462597
-67.50338267499716
-67.47824864868413
-67.45306691210736
-67.42782522787762
-67.40251144597663
-67.37711351481902
-67.35161949218671
-67.32601755602683
-67.30029601510385
-67.27444331949776
-67.24844807093938
-67.22229903297374
-67.19598514094206
-67.16949551177332
-67.14281945357662
-67.11594647502567
-67.08886629452728
-67.06156884916605
-67.03404430341696
-67.00628305761835
-66.97827575619816
-66.95001329564694
-66.92148683223137
-66.8926877894426
-66.86360786517393
-66.83423903862187
-66.80457357690504
-66.7746040413952
-66.74432329375524
-66.71372450168012
-66.68280114433689
-66.65154701750116
-66.61995623838656
-66.58802325016522
-66.55574282617674
-66.52311007382382
-66.49012043815314
-66.45676970512118
-66.42305400454465
-66.3889698127363
-66.35451395482623
-66.31968360676949
-66.2844762970406
-66.24888990801564
-66.21292267704239
-66.17657319719983
-66.13984041774943
-66.10272364428083
-66.06522253855432
-66.02733711804233
-65.98906775517257
-65.95041517627594
-65.91138046024223
-65.87196503688794
-65.83217068504023
-65.79199953034122
-65.75145404277741
-65.71053703393868
-65.66925165401157
-65.62760138851188
-65.58559005476143
-65.54322179811474
-65.50050108794021
-65.45743271335986
-65.41402177875277
-65.37027369902721
-65.32619419466702
-65.28178928655659
-65.23706529058818
-65.19202881205557
-65.14668673983714
-65.10104624037204
-65.05511475143236
-65.00889997569384
-64.96240987410896
-64.91565265908586
-64.86863678747743
-64.82137095338491
-64.77386408078114
-64.72612531595897
-64.67816401981119
-64.6299897599483
-64.58161230266066
-64.53304160473184
-64.48428780511003
-64.43536121644453
-64.38627231649414
-64.33703173941385
-64.28765026692614
-64.23813881938358
-64.18850844673025
-64.13877031936974
-64.08893571894802
-64.03901602906032
-63.989022725890926
-63.93896736879575
-63.88886159083743
-63.83871708928215
-63.788545616067644
-63.73835896825117
-63.68816897844622
-63.6379875052559
-63.58782642370998
-63.537697615712865
-63.48761296051001
-63.43758432518073
-63.38762355516506
-63.33774246483271
-63.28795282810231
-63.23826636911915
-63.18869475299912
-63.13924957664634
-63.08994235965205
-63.04078453528215
-62.99178744156175
-62.942962312465035
-62.894320269218646
-62.84587231172597
-62.797629310119504
-62.74960199644758
-62.70180095650207
-62.654236621793785
-62.60691926168252
-62.55985897566828
-62.51306568585002
-62.46654912955839
-62.42031885216895
-62.37438420010258
-62.328754314019506
-62.28343812221274
-62.238444334206775
-62.19378143456677
-62.14945767692373
-62.10548107822032
-62.06185941318202
-62.01860020901725
-61.97571074034968
-61.933198024385234
-61.891068816315936
-61.84932960496266
-61.80798660865841
-61.76704577137403
-61.72651275908831
-61.686392956403694
-61.6466914634083
-61.60741309278464
-61.56856236716513
-61.53014351673451
-61.49216047707901
-61.454616887281674
-61.417516088263056
-61.38086112136611
-61.344654727183894
-61.30889934462871
-61.27359711024056
-61.23874985773247
-61.20435911777034
-61.17042611798459
-61.1369517832114
-61.10393673596096
-61.071381297110264
-61.03928548681765
-61.00764902565575
-60.976471335959644
-60.94575154338693
-60.91548847868697
-60.88568067967631
-60.85632639341773
-60.82742357859959
-60.79896990811275
-60.77096277182167
-60.7433992795263
-60.716276264110746
-60.68959028487504
-60.66333763104657
-60.63751432546721
-60.612116128451504
-60.58713854181164
-60.562576813043925
-60.53842593967149
-60.51468067373789
-60.4913355264463
-60.468384772939
-60.445822457212294
-60.42364239716229
-60.40183818975728
-60.38040321633226
-60.359330648000956
-60.33861345118108
-60.318244393229314
-60.298216048182574
-60.27852080260262
-60.25915086152079
-60.240098254479754
-60.2213548416694
-60.20291232015361
-60.18476223018481
-60.16689596160344
-60.1493047603196
-60.131979734874754
-60.114911863081
-60.098091998735605
-60.08151087840789
-60.06515912829533
-60.04902727114543
-60.033105733239346
-60.01738485143297
-60.00185488025064
-59.986505999025916
-59.971328319083874
-59.956311890959306
-59.941446711645504
-59.92672273186823
-59.912129863379754
-59.897657986267255
-59.883296956269724
-59.86903661209734
-59.854866782747045
-59.8407772948083
-59.826757979752834
-59.8127986812025
-59.798889262169006
-59.7850196122595
-59.77117965484202
-59.757359354165054
-59.74354872242545
-59.729737826779136
-59.7159167962886
-59.70207582880166
-59.688205197755586
-59.674295258901246
-59.66033645694201
-59.646319332081895
-59.632234526477326
-59.61807279058737
-59.60382498941734
-59.5894821086513
-59.575035260668834
-59.5604756904419
-59.54579478130787
-59.53098406061476
-59.516035205234765
-59.500940046942354
-59.48569057765334
-59.470278954521085
-59.454697504886234
-59.43893873107586
-59.42299531504883
-59.406860122883835
-59.390526209106575
