23.439609878288255
23.534243021676875
23.629001143477584
23.72388610254021
23.81889985213022
23.91404443825474
24.00932199789208
24.10473475712613
24.20028502918735
24.295975212402176
24.391807788052837
24.487785318149868
24.583910443119816
24.680185879410583
24.776614417017168
24.8731989169308
24.969942308514486
25.066847586808148
25.163917809766456
25.261156095432437
25.35856561905014
25.456149610119965
25.553911349400224
25.651854165858836
25.749981433578952
25.84829656862233
25.946803025854464
26.045504295735174
26.144403901078693
26.243505393787462
26.342812351563868
26.442328374603864
26.542057082276347
26.64200210979205
26.74216710486558
26.842555724374357
26.94317163101794
27.04401848998122
27.145099965604878
27.246419718066413
27.34798140007492
27.449788653582992
27.551845106519263
27.654154369545093
27.756720032838583
27.859545662909138
27.962634799445564
28.065990952200618
28.169617597914847
28.273518177282227
28.37769609196019
28.482154701626627
28.586897321086184
28.691927217427946
28.79724760723647
28.90286165385774
29.008772464721606
29.114983088722457
29.22149651365979
29.328315663740515
29.435443397144812
29.5428825036573
29.65063570236524
29.758705639425447
29.867094885901487
29.97580593567273
30.084841203417035
30.19420302266878
30.303893643954105
30.413915233005135
30.524269869055026
30.63495954321537
30.745986156937516
30.857351520559046
30.969057351936453
31.081105275164884
31.193496819385654
31.30623341768212
31.41931640606468
31.532747022545422
31.6465264063025
31.760655596934456
31.875135533804254
31.98996705547269
32.105150899220874
32.22068770066183
32.336577993441196
32.45282220902688
32.569420676587434
32.686373622959216
32.80368117270188
32.9213433482418
33.03936007010281
33.15773115722336
33.27645632735899
33.39553519756932
33.51496728478846
33.634752006477605
33.75488868135837
33.8753765302253
33.99621467683618
34.11740214887856
34.23893787901079
34.36082070597632
34.48304937578979
34.60562254299276
34.72853877197704
34.85179653837318
34.97539423050219
35.099330150888505
35.22360251783246
35.3482094670409
35.473149053314586
35.59841925229074
35.72401796223926
35.849943005911264
35.97619213243872
36.10276301928395
36.22965327423743
36.356860437462366
36.48438198358466
36.61221532382681
36.74035780818415
36.868806727642244
36.99755931643413
37.126612754335675
37.2559641689976
37.38561063831248
37.515549192814845
37.64577681811254
37.776290457347145
37.90708701368156
38.03816335281242
38.169516305504985
38.30114267014805
38.43303921532656
38.56520268240955
38.6976297881515
38.83031722730486
38.963261675241355
39.096459790579495
39.22990821781553
39.36360358995511
39.49754253114349
39.63172165929239
39.766137588701774
39.9007869326744
40.03566630612095
40.17077232815364
40.30610162466581
40.441650830895064
40.57741659396759
40.71339557542171
40.84958445370876
40.985979926669756
41.12257871398634
41.25937755960473
41.39637323413149
41.53356253719966
41.67094229980364
41.80850938660137
41.94626069818224
42.084193173299184
42.22230379106321
42.36058957309922
42.499047585661295
42.63767494170623
42.776468802924235
42.91542638172616
43.05454494318622
43.19382180693896
43.33325434902901
43.47284000371287
43.61257626521161
43.75246068941369
43.8924908955271
44.032664567679895
44.17297945646824
44.31343338045072
44.45402422758765
44.59474995662454
44.73560859841855
44.87659825720711
45.01771711181773
45.15896341681828
45.30033550360601
45.44183178143426
45.5834507383757
45.72519094222055
45.86705104130865
46.009029765294734
46.151125925845996
46.29333841727102
46.43566621707915
46.57810838646983
46.72066407075206
46.86333249969416
47.006112987803384
47.14900493453458
47.29200782442674
47.43512122716569
47.5783447975709
47.721678275504445
47.86512148570071
48.00867433751577
48.15233682459544
48.29610902446157
48.43999109801669
48.583983288966834
48.72808592316298
48.87229940786128
49.01662423090241
49.161060959810385
49.30561024081058
49.450272797766935
49.59504943103847
49.73994101625548
49.884948503015984
50.0300729135033
50.17531534102526
50.3206769484759
50.46615896672055
50.61176269290562
50.757489488694695
50.903340778432245
51.049318047236376
51.19542283902244
51.34165675445932
51.488021448860465
51.634518630012096
51.78115005594081
51.927917532622686
52.07482291163568
52.22186808775756
52.369054996511565
52.51638561166196
52.663861942661796
52.81148603205558
52.959259952839304
53.10718580578065
53.255265716702404
53.40350183373197
53.551896324520264
53.70045137343259
53.84916917871521
53.99805194964079
54.147101903636376
54.29632126339725
54.445712253990045
54.595277099948184
54.74501802236312
54.89493723597525
55.045036946268795
55.19531934657459
55.34578661518492
55.49644091248405
55.647284378097766
55.798319128064975
55.949547252034336
56.100970810488946
56.25259183200194
56.4044123105254
56.55643420271497
56.70865942529207
56.861089852445566
57.01372731327445
57.166573589273305
57.31963041186288
57.47289945996801
57.62638235764519
57.780080671762285
57.93399590973258
58.08812951730534
58.242482876415245
58.39705730309306
58.55185404543989
58.7068742816672
58.8621191182046
59.017589587877424
59.173286648155354
59.32921117947377
59.485363983629455
59.641745782252215
59.79835721535365
59.95519883995378
60.11227112878676
60.269574469086834
60.427109161455704
60.58487541881211
60.742873365424224
60.90110303602486
61.05956437500944
61.218257235716656
61.377181379791885
61.53633647663346
61.69572210292207
61.855337742233836
62.01518278473784
62.17525652697852
62.33555817174342
62.49608682801599
62.65684151101337
62.81782114230876
62.97902455003802
63.140450469189744
63.302097541977986
63.46396431829632
63.626049256252
63.78835072277903
63.950866994329516
64.1135962576432
64.27653661059506
64.43968606312106
64.60304253822116
64.76660387303932
64.93036782001982
65.09433204813993
65.25849414421813
65.42285161429793
65.5874018851063
65.75214230558497
65.9170701484915
66.08218261206848
66.24747682177853
66.4129498321037
66.57859862840824
66.74442012886469
66.91041118644283
67.07656859096117
67.24288907120057
67.40936929707935
67.57600588188983
67.74279538459517
67.90973431218536
68.07681912209021
68.24404622464725
68.41141198562319
68.57891272878844
68.74654473854382
68.91430426259915
69.08218751470285
69.25019067742112
69.4183099049647
69.58654132606142
69.75488104687162
69.92332515394395
70.09186971720845
70.260510793003
70.4292444271295
70.59806665793667
70.76697351942653
70.9359610443828
71.10502526751952
71.27416222864792
71.44336797585822
71.61263856871392
71.78197008145503
71.95135860620655
72.12080025618832
72.29029116892173
72.45982750942841
72.62940547341537
72.7990212904412
72.968671227058
73.13835158992453
73.30805872888602
73.47778904001639
73.64753896861858
73.81730501217938
73.98708372327458
74.15687171242082
74.32666565087
74.496462273342
74.66625838069105
74.836050842501
75.00583659960581
75.17561266653082
75.3453761338517
75.51512417046912
75.68485402579724
75.85456303186471
76.02424860532655
76.19390824938536
76.36353955562141
76.53314020573033
76.70270797316722
76.87224072469611
77.04173642184357
77.21119312225427
77.38060898094615
77.54998225146383
77.7193112869302
77.88859454099534
78.05783056868248
78.22701802713007
78.39615567622937
78.56524237915633
78.73427710279705
78.90325891806609
79.07218700011677
79.24106062844297
79.4098791868719
79.57864216344788
79.74734915020647
79.91599984283826
80.08459404024168
80.25313164396633
80.4216126575482
80.59003718573891
80.7584054336302
80.92671770567486
81.09497440460532
81.263176030251
81.4313231782543
81.5994165386858
81.76745689455905
81.93544512024486
82.10338217978533
82.27126912510793
82.4391070941413
82.60689730883409
82.7746410730786
82.94233977054164
83.109994862405
83.27760788501818
83.44518044746489
83.61271422904524
83.78021097667708
83.94767250221962
84.11510067972192
84.28249744259897
84.44986478073774
84.61720473753671
84.78451940688119
84.95181093005583
85.11908149259561
85.28633332107715
85.4535686798511
85.62078986771694
85.78799921454122
85.95519907782118
86.12239183919603
86.289579900909
86.45676568222238
86.62395161578756
86.79114014397184
86.9583337151434
87.12553477991565
87.29274578735266
87.45996918113832
87.62720739571165
87.79446285236969
87.96173795533974
88.12903508782284
88.29635660801176
88.46370484508765
88.63108209519913
88.79849061742851
88.96593262974972
89.13341030498242
89.30092576674684
89.46848108542457
89.6360782741304
89.80371928469987
89.9714060036975
90.13914024845013
90.30692376311009
90.4747582147524
90.64264518950966
90.81058618874755
90.97858262528297
91.14663581964788
91.314746996402
91.48291728049873
91.65114769371093
91.81943915112214
91.98779245769009
92.15620830488918
92.3246872674385
92.49322980012137
92.66183623470245
92.83050677694912
92.99924150376224
93.16804036042261
93.33690315795918
93.50582957064496
93.6748191336264
93.84387124069106
94.01298514217758
94.18215994303189
94.35139460101352
94.52068792505504
94.69003857377648
94.859445054157
95.02890572036513
95.19841877274855
95.36798225698472
95.53759406339186
95.70725192640221
95.87695342419984
96.04669597852633
96.21647685465673
96.38629316154761
96.55614185215809
96.72601972394428
96.89592341952682
97.06584942753098
97.2357940835977
97.40575357156372
97.57572392480765
97.7457010277594
97.91568061757013
98.08565828593996
98.25562948110107
98.42558950995439
98.5955335403581
98.76545660356632
98.93535359681593
99.10521928605985
99.27504830884388
99.44483517732371
99.61457428141861
99.78425989209879
99.95388616480383
100.12344714298908
100.29293676179597
100.4623488518433
100.63167714313576
100.80091526908674
100.97005677065258
101.13909510057667
101.30802362774236
101.47683564163239
101.64552435689254
101.8140829179965
101.9825044040085
102.15078183343982
102.31890816919551
102.4868763236062
102.65467916354098
102.82230951559674
102.98976017135962
103.15702389273301
103.32409341732578
103.49096146389387
103.6576207378282
103.82406393668246
103.99028375573504
104.15627289358018
104.32202405774329
104.48752997031612
104.65278337360711
104.8177770358012
104.9825037566229
105.146956372997
105.3111277647016
105.47501086000806
105.63859864130198
105.8018841506797
105.96486049551332
106.12752085397652
106.2898584805224
106.45186671130499
106.61353896953652
106.77486877077341
106.93584972812367
107.09647555736841
107.25674008199097
107.41663723810699
107.57616107928867
107.73530578127667
107.89406564657223
108.05243510890249
108.21040873755156
108.36798124155028
108.52514747371741
108.68190243454625
108.83824127592958
108.9941593047166
109.14965198609649
109.30471494680351
109.45934397813959
109.61353503881081
109.76728425757653
109.92058793571005
110.0734425492708
110.22584475118845
110.37779137315954
110.52927942735778
110.6803061079595
110.83086879248526
110.98096504295847
111.13059260688067
111.27974941802324
111.428433597035
111.57664345186458
111.7243774779962
111.87163435849686
112.01841296387477
112.16471235174879
112.31053176632963
112.4558706377145
112.60072858099761
112.74510539519952
112.88900106201845
113.03241574440733
113.17534978497963
113.31780370424735
113.45977819869393
113.60127413868474
113.742292566218
113.88283469251894
114.02290189548012
114.16249571694993
114.30161785987252
114.44027018528027
114.57845470914162
114.71617359906566
114.85342917086336
114.99022388496473
115.12656034269071
115.26244128237909
115.39786957536376
115.53284822180638
115.66738034638024
115.80146919380695
115.93511812424697
116.06833060854535
116.20111022333526
116.33346064600244
116.46538564951504
116.59688909712418
116.72797493694179
116.85864719640358
116.98890997662534
117.11876744666108
117.24822383767093
117.37728343700758
117.50595058223053
117.63422965505788
117.76212507526498
117.88964129453952
118.01678279030308
118.14355405950904
118.26995961242586
118.39600396641482
118.52169163971065
118.64702714521253
118.77201498429362
118.8966596406366
119.02096557410245
119.14493721464011
119.26857895624381
119.39189515096429
119.51489010297975
119.63756806273206
119.75993322113415
119.88198970385464
120.00374156568547
120.12519278499725
120.24634725828766
120.36720879482904
120.48778111142202
120.60806782726196
120.72807245892479
120.8477984154788
120.96724899372806
121.08642737359197
121.20533661362619
121.32397964668918
121.44235927575927
121.56047816990646
121.67833886042469
121.79594373712997
121.91329504483043
122.03039487997354
122.14724518747563
122.26384775773865
122.38020422386013
122.49631605904291
122.61218457420979
122.72781091582875
122.8431960639531
122.9583408304809
123.07324585763708
123.18791161668072
123.30233840684015
123.41652635447691
123.53047541247919
123.64418535988376
123.75765580172482
123.87088616910786
123.98387571950686
124.09662353728119
124.20912853440849
124.32138945143016
124.43340485860621
124.54517315727595
124.65669258142158
124.76796119943005
124.87897691604827
124.98973747452636
125.10024045894399
125.21048329671443
125.3204632612608
125.43017747485887
125.5396229116417
125.64879640076028
125.75769462969346
125.86631414770046
125.97465136940981
126.08270257853827
126.19046393173268
126.29793146252838
126.40510108541754
126.51196860001905
126.61852969534245
126.72477995413739
126.83071485731956
126.93632978846394
127.04162003835565
127.14658080959022
127.25120722121598
127.35549431341282
127.45943705220068
127.56303033417103
127.66626899123528
127.76914779538404
127.87166146345115
127.97380466187772
128.07557201147134
128.17695809215618
128.27795744771075
128.37856459049002
128.47877400612893
128.57858015822333
128.67797749298396
128.77696044385928
128.87552343612415
128.97366089143136
129.0713672323241
129.16863688670733
129.26546429227793
129.3618439009122
129.45777018300956
129.5532376317914
129.64824076755625
129.74277414189365
129.83683234185915
129.93040999411167
130.02350176901453
130.1161023847001
130.20820661109852
130.29980927393197
130.39090525867542
130.48148951448505
130.57155705809615
130.66110297769333
130.75012243675636
130.83861067788442
130.92656302660365
131.0139748951615
131.10084178631294
131.18715929710132
131.27292312263583
131.35812905986612
131.44277301135415
131.5268509890432
131.6103591180229
131.69329364029002
131.77565091850423
131.8574274397386
131.9386198192224
132.01922480407282
132.09923927701087
132.1786602600569
132.2574849182004
132.33571056303757
132.4133346563697
132.49035481375384
132.56676880799776
132.64257457259217
132.71777020507264
132.79235397030314
132.86632430367447
132.9396798142116
133.01241928758262
133.0845416890036
133.15604616603244
133.22693205124622
133.29719886479623
133.36684631683332
133.43587430979758
133.50428294056658
133.57207250245554
133.6392434870625
133.70579658595014
133.7717326921568
133.83705290152946
133.90175851387338
133.96585103391365
134.029332172064
134.09220384499602
134.15446817600426
134.21612749516115
134.27718433925682
134.3376414515192
134.39750178111015
134.45676848239376
134.5154449139741
134.5735346374993
134.631041416229
134.68796921336255
134.7443221901249
134.80010470360892
134.85532130437358
134.90997673379732
134.96407592118751
135.01762398064787
135.0706262077056
135.12308807570074
135.175015231941
135.22641349362655
135.27728884354977
135.32764742557472
135.37749553990378
135.4268396381374
135.475686318134
135.5240423186747
135.5719145139383
135.61930990779027
135.66623562789076
135.712698919627
135.75870713987504
135.8042677505969
135.8493883122783
135.8940764772133
135.93833998264225
135.98218664375034
136.0256243465333
136.06866104053736
136.1113047314814
136.15356347376863
136.19544536289507
136.23695852776294
136.2781111229065
136.31891132063905
136.3593673031294
136.39948725441653
136.43927935237255
136.47875176062396
136.51791262044165
136.55677004261136
136.5953320992958
136.63360681589896
136.67160216294272
136.7093260479676
136.74678630746965
136.78399069888567
136.8209468926389
136.8576624642574
136.89414488657783
136.93040152204733
136.96643961513726
137.00226628488056
137.03788851754442
137.07331315944796
137.1085469099344
137.14359631450773
137.1784677581443
137.2131674587895
137.24770146104996
137.282075630091
137.31629564574862
137.35036699686546
137.38429497586074
137.41808467354397
137.45174097418047
137.48526855081585
137.5186718608675
137.55195514199093
137.58512240822873
137.61817744644785
137.65112381306906
137.6839648310918
137.71670358741588
137.7493429304598
137.78188546807385
137.81433356574647
137.84668934510253
137.87895468269133
137.911131209062
137.94322030812535
137.9752231168009
138.0071405249487
138.03897317558543
138.0707214653835
138.1023855454521
138.13396532239747
138.16546045966064
138.19687037913016
138.22819426302638
138.25943105605373
138.2905794678168
138.32163797549586
138.35260482677657
138.3834780430291
138.41425542273262
138.44493454514193
138.4755127741919
138.50598726263436
138.5363549564004
138.56661259917954
138.5967567372061
138.626783724244
138.65668972675851
138.68647072926436
138.71612253983974
138.74564079579457
138.7750209694805
138.8042583742306
138.8333481704167
138.86228537161108
138.8910648508402
138.91968134691754
138.94812947084327
138.97640371226
139.00449844595417
139.03240793839134
139.06012635427558
139.08764776312162
139.1149661458285
139.14207540124337
139.16896935270623
139.19564175456665
139.2220862986658
139.24829662077676
139.27426630699577
139.29998890007747
139.32545790570762
139.35066679870775
139.37560902916485
139.40027802848036
139.42466721533438
139.4487700015633
139.47257979794963
139.49609001992295
139.51929409317168
139.5421854591672
139.5647575806021
139.5870039467449
139.60891807871295
139.6304935346649
139.65172391491356
139.672602866959
139.6931240904402
139.7132813420018
139.73306844007257
139.7524792695505
139.77150778639034
139.79014802208818
139.8083940880587
139.82624017990102
139.84368058154965
139.86070966930643
139.87732191574824
139.8935118935057
139.90927427890793
139.92460385548875
139.9394955173481
139.95394427236252
139.96794524523912
139.98149368040814
139.99458494475007
140.00721453015368
140.01937805590288
140.03107127089098
140.04229005566063
140.0530304242681
140.06328852597122
140.073060646742
140.08234321060436
140.09113278079977
140.09942606078462
140.1072198950641
140.1145112698672
140.1212973136677
140.12757529755606
140.13334263546847
140.13859688427954
140.14333574376417
140.14755705643404
140.15125880725407
140.1544391232436
140.1570962729669
140.15922866591848
140.1608348518099
140.16191351976352
140.16246349741903
140.16248374995837
140.16197337905498
140.16093162175446
140.15935784929377
140.15725156586666
140.15461240734237
140.1514401399446
140.14773465889687
140.14349598703973
140.1387242734255
140.13341979189602
140.12758293964896
140.1212142357973
140.11431431992548
140.10688395064733
140.09892400417095
140.09043547287536
140.08141946390276
140.07187719776937
140.06181000699473
140.05121933474902
140.04010673351672
140.02847386377493
140.01632249268323
140.0036544927816
139.99047184069173
139.97677661581474
139.9625709990196
139.94785727131534
139.93263781250016
139.91691509977954
139.9006917063473
139.8839702999221
139.8667536412329
139.84904458244614
139.8308460655296
139.81216112054744
139.79299286388095
139.77334449636942
139.75321930136556
139.73262064270125
139.71155196255881
139.69001677924416
139.66801868485823
139.64556134286454
139.62264848555105
139.59928391138556
139.5754714822649
139.55121512065807
139.52651880664416
139.5013865748465
139.4758225112637
139.4498307499989
139.42341546988882
139.396580891035
139.36933127124144
139.34167090236292
139.3136041065709
139.28513523254492
139.25626865159848
139.22700875374767
139.19735994373264
139.1673266370026
139.13691325567697
139.10612422449572
139.07496396677197
139.04343690035944
139.01154743364532
138.97929996157973
138.94669886175097
138.91374849051613
138.8804531791959
138.84681723034214
138.81284491408587
138.77854046457537
138.7439080765123
138.70895190179453
138.67367604627452
138.6380845666423
138.60218146744148
138.56597069822567
138.52945615086026
138.4926416569739
138.45553098556377
138.41812784075694
138.38043585972753
138.34245861076772
138.30419959150925
138.2656622272906
138.226849869665
138.18776579504413
138.1484132034717
138.10879521752042
138.06891488130452
138.02877515960074
137.98837893706957
137.94772901756767
137.90682812354441
137.865678895516
137.82428389161066
137.78264558717876
137.7407663744615
137.69864856231345
137.65629437597443
137.61370595688538
137.57088536254454
137.52783456639835
137.4845554577624
137.44104984176815
137.3973194393312
137.3533658871373
137.30919073764252
137.264795459086
137.22018143551472
137.17534996681965
137.13030226878422
137.08503947314702
137.03956262768097
136.99387269629128
136.94797055913577
136.90185701277196
136.8555327703351
136.8089984617521
136.76225463399723
136.7153017513966
136.66814019599028
136.62077026796086
136.57319218613824
136.52540608859076
136.47741203331233
136.42920999901375
136.3807998860253
136.33218151731543
136.2833546396275
136.23431892473374
136.18507397080586
136.13561930390048
136.08595437955748
136.03607858450798
135.98599123848882
135.93569159615978
135.88517884912082
135.83445212802573
135.78351050478884
135.73235299488076
135.68097855971016
135.62938610908893
135.57757450377628
135.52554255809625
135.47328904262324
135.42081268693093
135.36811218239993
135.31518618507877
135.26203331859298
135.20865217709522
135.15504132824978
135.10119931624465
135.04712466482485
134.99281588034202
134.93827145481552
134.8834898690006
134.82846959545915
134.77320910162936
134.7177068528908
134.6619613156208
134.6059709602384
134.54973426423405
134.49324971518328
134.43651581374294
134.37953107662722
134.32229403956214
134.26480326021553
134.20705732109874
134.14905483243612
134.09079443499851
134.03227480289885
133.97349464634678
133.91445271435916
133.85514779742377
133.79557873011365
133.7357443936489
133.67564371840442
133.61527568636163
133.55463933350265
133.4937337521445
133.43255809321053
133.37111156843625
133.30939345250485
133.24740308510908
133.18513987293736
133.12260329158184
133.05979288736566
132.9967082790873
132.93334915968134
132.86971529779598
132.80580653928754
132.74162280863365
132.67716411026626
132.6124305298268
132.54742223534353
132.48213947833037
132.41658259480582
132.35075200622973
132.28464822035386
132.21827183198144
132.15162352363205
132.08470406610883
132.01751431896565
131.95005523087008
131.88232783985683
131.81433327346696
131.7460727487683
131.67754757225435
131.6087591396202
131.53970893541356
131.4703985325596
131.40082959175885
131.3310038607579
131.26092317349145
131.19058944909312
131.12000469077412
131.0491709845681
130.9780904979421
130.90676547827326
130.83519825119146
130.7633912187884
130.691346857694
130.61906771702064
130.5465564161761
130.47381564254573
130.40084814904577
130.32765675154775
130.25424432617666
130.1806138064846
130.10676818050223
130.032710487673
129.9584438156764
129.88397129714787
129.8092961063033
129.73442145547637
129.65935059157738
129.58408679248095
129.50863336335095
129.4329936329122
129.35717094967896
129.2811686781494
129.20499019497464
129.12863888511043
129.0521181379599
128.97543134351298
128.89858188848763
128.82157315247576
128.7444085040966
128.6670912971577
128.58962486682464
128.51201252580034
128.43425756051403
128.3563632273203
128.27833274870892
128.20016930952733
128.12187605321623
128.0434560780597
127.96491243345082
127.88624811617403
127.80746606670645
127.72856916553933
127.64956022952201
127.57044200823206
127.49121718037684
127.41188835023313
127.33245804413245
127.2529287069995
127.1733026989513
127.09358229196407
127.01376966661341
126.9338669088941
126.85387600712595
126.77379884895213
126.69363721843654
126.61339279326607
126.53306714206433
126.45266172182453
126.37217787546892
126.29161682954116
126.21097969203747
126.13026745038216
126.04948096955336
125.96862099036541
125.88768812791493
125.80668287019778
125.72560557690478
125.64445647840334
125.56323567491022
125.48194313585923
125.40057869946524
125.31914207248546
125.23763283017801
125.15605041645794
125.07439414425009
124.99266319603889
124.91085662461471
124.82897335401655
124.74701218067086
124.66497177472631
124.58285068158389
124.50064732362105
124.41836000210756
124.3359868993098
124.25352608078029
124.17097549782832
124.08833299016672
124.00559628872955
123.92276301865607
123.83983070243474
123.7567967632007
123.67365852818048
123.59041323227783
123.5070580217953
123.42358995828604
123.34000602252937
123.25630311862383
123.17247807819084
123.0885276646816
123.00444857778123
122.92023745790462
122.83589089077944
122.75140541211081
122.66677751232297
122.58200364137397
122.4970802136393
122.41200361285931
122.3267701971453
122.24137630403791
122.15581825561142
122.07009236361674
121.98419493465681
121.89812227538633
121.81187069772776
121.72543652409527
121.63881609261787
121.55200576235293
121.46500191848125
121.37780097747421
121.29039939222324
121.20279365712227
121.1149803130942
121.02695595255183
120.93871722428595
120.8502608382728
120.76158357039527
120.67268226707155
120.5835538497853
120.49419531951175
120.40460376103455
120.31477634714771
120.22471034273646
120.13440310873229
120.04385210593775
119.95305489871613
119.86200915854148
119.77071266740428
119.67916332106826
119.58735913217403
119.4952982331862
119.40297887918133
119.31039945047452
119.21755845508348
119.12445453103034
119.03108644848284
118.93745311173645
118.84355356103926
118.7493869742624
118.65495266841891
118.56025010103328
118.46527887136428
118.3700387214832
118.27452953720844
118.178751348897
118.08270433209306
117.98638880803436
117.88980524401724
117.79295425362149
117.6958365967969
117.59845317981355
117.50080505507754
117.40289342081348
117.30471962061574
117.20628514286955
117.10759162004342
117.00864082785358
116.90943468430112
116.80997524858265
116.71026471987557
116.61030543599952
116.51009987195562
116.40965063834358
116.30896047965632
116.20803227245165
116.10686902340046
116.00547386721144
115.90385006443137
115.80200099912122
115.69993017640832
115.597641219916
115.49513786907153
115.3924239762938
115.28950350406285
115.18638052187384
115.08305920307748
114.9795438216089
114.87583874860616
114.7719484489196
114.66787747751403
114.56363047576644
114.45921216766305
114.35462735589942
114.2498809178885
114.14497780168199
114.03992302181075
113.93472165505023
113.82937883611714
113.72389975330361
113.6182896440547
113.51255379049542
113.40669751491428
113.30072617521022
113.19464516030983
113.08845988556071
112.98217578810578
112.87579832224456
112.76933295478624
112.6627851603988
112.55616041695826
112.44946420090251
112.342701982594
112.23587922169564
112.12900136256427
112.02207382966593
111.91510202301775
111.80809131366185
111.70104703917728
111.59397449923664
111.48687895121223
111.37976560583728
111.27263962292646
111.16550610716023
111.0583701039361
110.95123659528973
110.84411049588662
110.73699664908541
110.6298998230735
110.52282470707688
110.41577590764642
110.308757945024
110.2017752495917
110.09483215840827
109.98793291183777
109.88108165027641
109.77428241098379
109.66753912502496
109.56085561432972
109.45423558887613
109.34768264400542
109.2412002578751
109.13479178905594
109.02846047427782
108.92220942632945
108.81604163211611
108.70995995087978
108.60396711258542
108.4980657164775
108.39225822980879
108.28654698674367
108.18093418743726
108.07542189729085
107.97001204638318
107.86470642907611
107.759506703793
107.65441439296737
107.54943088315926
107.44455742533668
107.33979513531946
107.23514499438213
107.13060785001264
107.0261844168235
106.92187527761209
106.81768088456792
106.71360156062448
106.60963750095354
106.50578877459813
106.4020553262404
106.29843697810006
106.19493343195879
106.09154427130542
105.98826896359625
105.88510686262518
105.78205721099911
105.67911914271414
105.57629168582727
105.47357376521913
105.37096420544432
105.26846173366548
105.16606498266717
105.06377249394595
104.96158272087288
104.85949403192544
104.7575047139845
104.65561297569351
104.553816950877
104.45211470201625
104.35050422377955
104.24898344660512
104.14755024033418
104.04620241789185
103.94493773901361
103.84375391401439
103.74264860759804
103.64161944270616
103.54066400440315
103.4397798437944
103.33896448197363
103.23821541399566
103.13753011287004
103.03690603357173
102.9363406170656
102.83583129434267
102.73537549046598
102.63497062862332
102.53461413418309
102.43430343874975
102.33403598421405
102.23380922679287
102.1336206410527
102.03346772390974
101.93334799859834
101.83325901859992
101.73319837152424
101.63316368293574
101.533152620119
101.43316289577747
101.33319227166062
101.23323856211535
101.1332996375581
101.03337342786524
100.93345792567887
100.83355118962466
100.73365134743717
100.63375659898857
100.53386521921682
100.4339755609487
100.33408605761208
100.23419522583272
100.13430166790984
100.03440407416583
99.93450122516556
99.83459199380088
99.73467534723609
99.63475034871131
99.5348161592013
99.43487203892774
99.33491734872308
99.23495155124357
99.13497421202925
99.03498500040888
98.93498369024854
98.8349701605436
98.73494439585403
98.63490648658404
98.53485662910776
98.43479512574237
98.33472238457108
98.23463891911894
98.13454534788417
98.03444239372863
97.93433088313026
97.83421174530048
97.73408601116893
97.63395481223864
97.53381937931437
97.4336810411067
97.33354122271504
97.23340144399305
97.13326331780053
97.03312854814652
96.93299892822739
96.83287633836397
96.73276274384108
96.63266019265217
96.53257081315138
96.43249681161564
96.33244046972055
96.23240414193475
96.13239025283741
96.03240129436466
95.93243982299083
95.83250845685194
95.73260987281895
95.63274680352771
95.53292203437348
95.43313840047796
95.33339878363569
95.23370610924673
95.13406334324094
95.03447348899914
94.93493958427626
94.83546469813183
94.73605192787164
94.63670439600395
94.53742524721343
94.43821764535647
94.33908477048037
94.24002981586914
94.14105598511837
94.04216648924107
93.94336454380702
93.8446533661185
93.74603617242444
93.647516175176
93.54909658032538
93.45078058466997
93.35257137324224
93.25447211674548
93.15648596903468
93.05861606464286
92.9608655163543
92.86323741282574
92.76573481625614
92.66836076010581
92.57111824686562
92.47401024587684
92.37703969120155
92.28020947954319
92.18352246821523
92.08698147315572
91.99058926698585
91.89434857711085
91.79826208386162
91.70233241867565
91.60656216231625
91.51095384312912
91.41550993533558
91.32023285736152
91.22512497020038
91.1301885758085
91.03542591553166
90.94083916856157
90.84643045042087
90.75220181147567
90.65815523547546
90.5642926381203
90.47061586565569
90.37712669349621
90.28382682488011
90.19071788955675
90.09780144250901
90.00507896271215
89.91255185193135
89.82022143355998
89.72808895149994
89.63615556908569
89.54442236805326
89.45289034755629
89.36156042323105
89.27043342631228
89.17951010280163
89.0887911126903
88.99827702923747
88.90796833830555
88.81786543775311
88.72796863688578
88.63827815596542
88.54879412577841
88.45951658726281
88.3704454911946
88.28158069793315
88.19292197722555
88.10446900807008
88.01622137863924
87.92817858626327
87.84034003747561
87.75270504812207
87.66527284353518
87.57804255877537
87.49101323894038
87.40418383954423
87.31755322696657
87.23112017897384
87.14488338531285
87.05884144837742
86.97299288394757
86.88733612200045
86.8018695075921
86.7165913018089
86.63149968278711
86.54659274679867
86.46186850940163
86.37732490665351
86.29295979638633
86.20877095954214
86.12475610156756
86.0409128538652
85.95723877530011
85.87373135375995
85.790388007767
85.70720608814023
85.6241828797055
85.54131560305339
85.45860141634276
85.37603741714886
85.293620644355
85.2113480800871
85.12921665169122
85.04722323375361
84.9653646501637
84.8836376762205
84.80203904078306
84.72056542846636
84.6392134818831
84.55797980393234
84.47686096013527
84.39585348101845
84.31495386454402
84.23415857858619
84.1534640634542
84.07286673446164
83.99236298454254
83.911949186916
83.83162169780157
83.75137685918686
83.67121100165004
83.59112044723783
83.51110151239915
83.43115051097358
83.35126375723213
83.27143756896795
83.19166827063556
83.11195219653588
83.0322856940444
82.9526651268799
82.87308687841131
82.7935473550008
82.71404298938002
82.63457024405763
82.55512561475543
82.47570563387025
82.39630687395824
82.31692595123867
82.23755952911462
82.15820432170791
82.07885709740607
81.99951468241865
81.92017396433995
81.84083189571449
81.7614854976015
81.68213186313427
81.60276816106911
81.52339163931823
81.44399962846207
81.3645895452362
81.28515889598874
81.205705280104
81.12622639338805
81.0467200314123
80.96718409281108
80.8876165825293
80.80801561501586
80.72837941735919
80.64870633236195
80.56899482155167
80.48924346812397
80.40945097981525
80.32961619170136
80.24973806891911
80.16981570930592
80.0898483459538
80.00983534967317
79.92977623136166
79.84967064427214
79.76951838617403
79.68931940140148
79.60907378278183
79.52878177343725
79.44844376845164
79.36806031639527
79.28763212070011
79.20716004088014
79.12664509359128
79.04608845352574
78.96549145413566
78.88485558818105
78.80418250809693
78.72347402617426
78.6427321145509
78.5619589050092
78.4811566885776
78.40032791493321
78.31947519160406
78.23860128296963
78.1577091090594
78.07680174414907
77.99588241515426
77.91495449982256
77.83402152472581
77.75308716305494
77.67215523222023
77.59122969126099
77.51031463806862
77.42941430642713
77.34853306287482
77.26767540339176
77.18684594991907
77.10604944671627
77.02529075656287
76.94457485681005
76.86390683528805
76.78329188607415
76.70273530512588
76.62224248578354
76.54181891414567
76.46147016432087
76.38120189355936
76.30101983726763
76.22092980391005
76.14093766980113
76.06104937379234
75.98127091185756
75.90160833158131
75.82206772655411
75.74265523067936
75.66337701239672
75.58423926882642
75.50524821983936
75.4264101020575
75.34773116278973
75.26921765390841
75.19087582567283
75.11271192050583
75.03473216673058
74.95694277227426
74.87934991834652
74.80195975310096
74.72477838528891
74.64781187791482
74.57106624190226
74.4945474297798
74.41826132939605
74.34221375767379
74.26641045441289
74.19085707615119
74.1155591900918
74.04052226810524
73.96575168081387
73.89125269176571
73.8170304517036
73.74308999293572
73.66943622381353
73.59607392332231
73.52300773578935
73.45024216571397
73.37778157272368
73.30563016666139
73.23379200280903
73.16227097725249
73.09107082239272
73.02019510260781
72.94964721007106
72.87943036072959
72.80954759044793
72.74000175132078
72.67079550815815
72.60193133514728
72.53341151269505
72.46523812445507
72.39741305454304
72.32993798494446
72.26281439311963
72.19604354981031
72.12962651705327
72.06356414640486
71.99785707738083
71.93250573611549
71.86751033424336
71.80287086800631
71.73858711758895
71.67465864668496
71.6110848022963
71.54786471476699
71.48499729805279
71.4224812502275
71.36031505422623
71.29849697882581
71.23702507986182
71.17589720168142
71.11511097883032
71.05466383797112
70.99455300002931
70.93477548256213
70.8753281023455
70.81620747817327
70.75741003386223
70.69893200145667
70.6407694246253
70.58291816224367
70.52537389215557
70.46813211510697
70.41118815884623
70.3545371823851
70.2981741804151
70.24209398787399
70.1862912846568
70.13076060046659
70.0754963197994
70.0204926870582
69.96574381178947
69.91124367403664
69.85698612980467
69.80296491663067
69.74917365925602
69.69560587539478
69.64225498159327
69.5891142991752
69.5361770602667
69.483436413896
69.43088543216207
69.3785171164668
69.32632440380574
69.274300173112
69.22243725164752
69.17072842143646
69.1191664257344
69.06774397552793
69.01645375605845
68.96528843336436
68.91424066083543
68.86330308577378
68.812468355956
68.76172912619147
68.71107806487093
68.66050786049895
68.61001122820362
68.55958091621726
68.50920971232226
68.4588904502563
68.40861601607166
68.35837935444412
68.3081734749275
68.25799145814942
68.20782646194384
68.15767172741612
68.10752058493635
68.05736646005691
68.00720287935046
67.95702347616525
67.90682199629389
67.85659230355172
67.80632838526076
67.75602435763498
67.70567447106264
67.65527311528096
67.60481482443917
67.55429428204472
67.50370632578749
67.45304595223642
67.40230832140291
67.35148876116493
67.3005827715463
67.24958602884558
67.19849438960912
67.14730389444347
67.09601077166317
67.04461144076996
66.9931025157596
66.94148080825337
66.88974333045022
66.83788729789629
66.78591013206815
66.73380946276612
66.68158313031452
66.62922918756638
66.57674590171032
66.5241317558779
66.47138545054943
66.41850590475693
66.36549225708305
66.31234386645534
66.25906031273453
66.20564139709566
66.15208714220071
66.09839779216205
66.04457381229568
65.99061588866303
65.93652492740037
65.88230205383596
65.82794861139396
65.77346616028481
65.71885647598097
65.664121547478
65.60926357534143
65.55428496954042
65.49918834706992
65.44397652936348
65.38865253949947
65.33321959920337
65.27768112564942
65.22204072806548
65.1663022041449
65.11046953626939
65.05454688754796
64.99853859767708
64.94244917862741
64.88628331016312
64.83004583520025
64.77374175501055
64.71737622427739
64.66095454601125
64.60448216633202
64.5479646691256
64.4914077705827
64.43481731362712
64.37819926224157
64.32155969569916
64.26490480270931
64.20824087548621
64.15157430374856
64.09491156865894
64.03825923671147
63.98162395357579
63.92501243790608
63.868431475123856
63.81188791118379
63.755388646331454
63.698940628862005
63.64255084888876
63.58622633213011
63.52997413372336
63.47380133207278
63.41771502273886
63.36172231237501
63.3058303127178
63.250046134636335
63.19437688224585
63.13882964708998
63.08341150239548
63.028129497403114
62.97299065177722
62.91800195009583
62.86317033642311
62.80850270896596
62.75400591481579
62.69968674477704
62.645551928283254
62.591608128402214
62.537861936930966
62.48431986958187
62.43098836126123
62.3778737614426
62.324982329636754
62.27232023096039
62.21989353180547
62.16770819561074
62.115770078737256
62.064084926449965
62.01265836900811
61.96149591786687
61.910602961992794
61.85998476429481
61.809646458172466
61.75959304418288
61.70982938682707
61.66036021145581
61.61119010129468
61.56232349458779
61.5137646818595
61.46551780329335
61.417586846227636
61.369975642767564
61.322687867513615
61.275727035405474
61.22909649968093
61.18279944994921
61.136838910378195
61.09121773799463
61.045938621096774
61.00100407777946
60.95641645457206
60.912177925189575
60.86829048939759
60.82475597199166
60.7815760218921
60.73875211135495
60.69628553529983
60.65417741075574
60.612428676425985
60.571040092373856
60.530012239830874
60.489345521128904
60.44904015975745
60.40909620054796
60.36951350998728
60.330291776662385
60.29143051183777
60.25292905016678
60.21478655053712
60.17700199704998
60.13957420013181
60.10250179777781
60.065783256925634
60.02941687495754
59.99340078132919
59.95773293932367
59.92241114792923
59.88743304383936
59.85279610357346
59.81849764571657
59.78453483327572
59.75090467615015
59.71760403371231
59.68462961749653
59.65197799399143
59.619645587532396
59.587628683290596
59.55592343035507
59.52452584490438
59.493431813464234
59.46263709624761
59.43213733057407
59.40192803436471
59.37200460970924
59.34236234650157
59.31299642613961
59.2839019252855
59.25507381968199
59.22650698802115
59.19819621586034
59.17013619958074
59.14232155038299
59.114746798314584
59.0874063963234
59.06029472433154
59.03340609332356
59.006734749443595
58.98027487809624
58.95402060804646
58.92796601551346
58.90210512825372
58.876431929628794
58.85094036265362
58.8256243340215
58.8004777181019
58.7754943609075
58.750668084027225
58.725992688522254
58.70146195878205
58.6770696663374
58.65280957362741
58.62867543771729
58.60466101396413
58.58076005962762
58.556966337424186
58.53327361902343
58.509675688486325
58.48616634564492
58.46273940942366
58.43938872110239
58.416108147520575
58.39289158422265
58.36973295854416
58.3466262326382
58.32356540644163
58.30054452058012
58.27755765921076
58.254598952801146
58.23166258084417
58.20874277450811
58.18583381922157
58.16293005719298
58.14002588986473
58.117115780301916
58.09419425551506
58.07125590871597
58.04829540150571
58.025307465994345
58.00228690685198
57.97922860329108
57.9561275109802
57.93297866388895
57.90977717606342
57.8865182433313
57.863197144935846
57.83980924509775
57.81634999450382
57.79281493172153
57.76919968453854
57.745499971226145
57.72171160172514
57.697830478752174
57.67385259882429
57.64977405319912
57.625591028728714
57.60129980862559
57.576896773139374
57.552378400143034
57.52774126562782
57.50298204410684
57.47809750892731
57.45308453249175
57.42794008638851
57.402661241432504
57.37724516761683
57.351689133976556
57.32599050836587
57.300146757149214
57.27415544480716
57.24801423345719
57.22172088229008
57.19527324692269
57.16866927866875
57.14190702372867
57.11498462229975
57.087900307608784
57.0606524048693
57.03323933016566
57.005659589266486
56.977911776370604
56.94999457278885
56.92190674556531
56.89364714604096
56.8652147083626
56.83660844793951
56.80782745985056
56.77887091720396
56.749738069451894
56.7204282406621
56.690940827748534
56.66127529866259
56.63143119054649
56.601408107850716
56.57120572041748
56.54082376153286
56.51026202595011
56.479520367886835
56.44859869899892
56.417496986334186
56.386215250269004
56.35475356243171
56.32311204361616
56.29129086168854
56.25929022948998
56.22711040273788
56.194751677928025
56.162214390239164
56.12949891144148
56.09660564781017
56.06353503804518
56.030287551197084
55.996863684599184
55.963263961806085
55.92948893053886
55.895539160637036
55.86141524201741
55.827117782639725
55.792647406479254
55.75800475150651
55.72319046767381
55.68820521490846
55.65304966111261
55.617724480169436
55.58223034995506
55.54656795035583
55.51073796129025
55.47474106073525
55.438577922756615
55.402249215544025
55.36575559945066
55.32909772503779
55.29227623112529
55.255291742849515
55.21814486973084
55.18083620375346
55.143366317460035
55.10573576206467
55.067945065587125
55.02999473101168
54.99188523447394
54.95361702347894
54.91519051515398
54.876606094538985
54.83786411291668
54.79896488618503
54.759908693274085
54.720695774609155
54.68132633062264
54.64180052031655
54.60211845987804
54.562280221349894
54.5222858313583
54.48213526990018
54.44182846919203
54.401365312582456
54.360745633530186
54.31996921464916
54.27903578682252
54.2379450283871
54.196696564390365
54.15528996592131
54.113724749516834
54.07200037664505
54.03011625326767
53.98807172948327
53.94586609925299
53.903498600209936
53.860968413553486
53.81827466402931
53.775416419996
53.732392693579335
53.689202440915246
53.645844562482615
53.60231790352672
53.558621254573644
53.514753352035406
53.47071287890467
53.42649846553807
53.382108690527026
53.33754208165468
53.2927971169377
53.24787222575217
53.20276579004261
53.15747614561335
53.11200158350105
53.06634035142722
53.02049065532905
52.97445066096643
52.92821849560287
52.881792249757815
52.83516997902817
52.788349705976295
52.74132942208146
52.694107089751896
52.64668064439442
52.59904799653876
52.55120703401357
52.50315562417151
52.45489161616072
52.40641284324093
52.35771712514227
52.30880227046478
52.259666079116386
52.2103063447868
52.160720857454834
52.11090740592695
52.060863780405185
52.01058777508243
51.9600771907632
51.90932983750767
51.858343537296406
51.80711612671311
51.75564545964235
51.70392940997951
51.65196587435045
51.599752774838265
51.547288061713886
51.49456971616698
51.4415957530326
51.38836422350906
51.334873217862445
51.281120868113895
51.227105350705834
51.172824889143406
51.118277756607334
51.06346227853495
51.00837683516615
50.95301986405118
50.897389862516796
50.841485390087335
50.785305070856985
50.72884759580969
50.672111725082594
50.61509629016924
50.557800196059326
50.50022242331206
50.44236203006002
50.384218153940274
50.32579001394961
50.267076912220396
50.20807823571422
50.1487934578304
50.089222139927266
50.02936393275373
49.96921857778899
49.908785908487644
49.84806585142765
49.787058427358616
49.72576375214807
49.664182037623405
49.602313592307226
49.54015882204392
49.47771823051535
49.41499241964364
49.35198208987943
49.28868804037451
49.225111169038215
49.16125247247642
49.09711304581198
49.03269408238533
48.96799687333409
48.90302280705107
48.8377733685207
48.77225013853355
48.70645479277943
48.640389100819625
48.57405492493945
48.50745421888275
48.44058902647004
48.373461480102215
48.30607379915114
48.23842828823815
48.17052733540164
48.10237341015529
48.03396906143798
47.96531691545693
47.89641967342585
47.82728010920028
47.75790106681291
47.68828545791104
47.61843625909916
47.54835650918887
47.47804930635824
47.407517805223335
47.33676521382421
47.265794790527366
47.19460984084668
47.12321371418466
47.05160980049658
46.979801526880124
46.90779235409258
46.83558577299857
46.76318530095125
46.69059447811031
46.61781686370017
46.54485603221241
46.471715569556466
46.39839906916313
46.32491012804593
46.25125234282575
46.17742930572348
46.103444600525215
46.02930179852489
45.95500445444889
45.88055610236773
45.80596025159979
45.731220382612484
45.65633994292619
45.58132234302655
45.506170952289715
45.43088909492473
45.35548004593709
45.27994702711754
45.20429320305981
45.12852167721109
45.0526354879588
44.976637604757734
44.90053092430161
44.82431826674376
44.74800237197108
44.67158589593531
44.595071407045324
44.51846138262458
44.44175820543687
44.36496416028409
44.28808143067964
44.211112095601536
44.13405812632912
44.05692138336671
43.979703613457545
43.9024064466917
43.82503139371151
43.74757984301782
43.67005305837999
43.59245217635332
43.51477820390662
43.437032016162654
43.35921435425437
43.28132582330094
43.203366890506494
43.12533788338417
43.04723898810759
42.969070247991944
42.890831562106406
42.81252268401946
42.73414322067888
42.655692631427634
42.5771702271575
42.498575169601885
42.419906470769185
42.341162992517674
42.262343446272695
42.18344639288708
42.104470242646045
42.025413255417874
41.94627354095135
41.86704905932126
41.78773762152312
41.70833689021836
41.628844380630795
41.54925746159543
41.46957335676038
41.38978914594199
41.309901766633544
41.22990801566735
41.14980455103054
41.069587893834836
40.989254430439836
40.908800414729534
40.82822197054079
40.747515094242395
40.66667565746294
40.58569940996491
40.50458198266252
40.423318890780784
40.3419055371539
40.26033721566008
40.17860911478973
40.0967163213439
40.014653824259845
39.93241651855978
39.8499992094191
39.767396616350105
39.68460337749731
39.6016140540403
39.518423134699745
39.435025040341785
39.35141412867581
39.26758469904077
39.18353099727479
39.09924722066303
39.014727522958495
38.92996601947051
38.84495679221557
38.75969389512484
38.67417135930255
38.58838319832928
38.502323413605
38.415985999726175
38.32936494989139
38.242454261329335
38.15524794074367
38.067740009768904
37.97992451043161
37.89179551061137
37.80334710949581
37.714573443024115
37.625468689313045
37.536027074059525
37.446242875913704
37.35611043181701
37.26562414229978
37.174778476732776
37.08356797852688
36.99198727027525
36.900031058832184
36.807694140322525
36.71497140507594
36.621857842480296
36.52834854574846
36.43443871659298
36.34012366980323
36.245398837720074
36.1502597746034
36.05470216088776
35.95872180732141
35.86231465898402
35.76547679917874
35.66820445319448
35.57049399193434
35.47234193540637
35.37374495607238
35.27469988205089
35.175203700170094
35.07525355886698
34.9748467709291
34.87398081607579
34.772653343376355
34.67086217350242
34.56860530081263
34.46588089526767
34.36268730417418
34.25902305375629
34.154886850553645
34.05027758264517
33.94519432069798
33.839636318841386
33.7336030153656
33.62709403324466
33.520109180483345
33.41264845028813
33.30471202106217
33.196300256224774
33.087413703855745
32.97805309616545
32.868219348791385
32.75791355992227
32.64713700925127
32.53589115676009
32.42417764133652
32.311998279227744
32.19935506233228
32.086250156333996
31.972685898681227
31.85866479641428
31.744189523844575
31.629262920088685
31.513887986460823
31.398067883727414
31.281805929227435
31.16510559386231
31.04797049895868
30.93040441300747
30.812411248282903
30.693995057344782
30.57516002942757
30.455910486720086
30.336250880539637
30.216185787404385
30.09571990500791
29.974858048099804
29.853605144275946
29.731966229682456
29.609946444637384
29.487551029174252
29.364785318511874
29.241654738454596
29.118164800727012
28.99432109824738
28.870129300343926
28.745595147918372
28.620724448560928
28.495523071621413
28.36999694324114
28.244152041350155
28.117994390634514
27.991530057478332
27.864765144885343
27.737705787384744
27.610358145925563
27.482728402763758
27.354822756346312
27.226647416196545
27.098208597804913
26.969512517529594
26.84056538751115
26.711373410605532
26.58194277533984
26.452279650894937
26.32239018211926
26.192280484578003
26.06195663964162
25.93142468961771
25.80069063293025
25.66976041934974
25.538639945277776
25.407335049089347
25.275851506536164
25.144195026214398
25.01237124510019
24.88038572415642
24.74824394401447
24.615951300734938
24.483513101651003
24.35093456129818
24.21822079743419
24.08537682715266
23.952407563094315
23.819317809759216
23.686112259923647
23.552795491164886
23.419371962497138
23.285846011121862
23.152221849295557
23.018503561317942
22.884695100643622
22.750800287120168
22.616822804355277
22.48276619721562
22.348633869460226
22.21442908151121
22.080154948364534
21.945814437643087
21.811410367794302
21.676945406434122
21.54242206883884
21.407842716586508
21.273209556349336
21.138524638838323
21.0037898579012
20.869006949774775
20.734177492492666
20.599302905448997
20.46438444911836
20.32942322493206
20.194420175310697
20.05937608385271
19.92429157567848
19.789167117929154
19.654003020419154
19.518799436441284
19.383556363723454
19.24827364553577
19.11295097194657
18.977587881225684
18.842183761393
18.706737851910173
18.571249245513297
18.435716890184146
18.300139591257526
18.164516013662087
18.02884468429199
17.89312399450663
17.757352202755563
17.621527437325643
17.485647699207522
17.349710865078453
17.213714690398323
17.077656812615576
16.941534754479566
16.80534592745569
16.669087635239592
16.532757077366497
16.396351352911694
16.25986746427813
16.12330232106683
15.986652744025703
15.849915469072199
15.713087151385036
15.576164369560257
15.439143629827011
15.302021370318354
15.1647939653924
15.027457729999208
14.890008924088685
14.752443757054714
14.614758392210696
14.476948951291853
14.339011518979666
14.20094214744376
14.062736860896527
13.924391660155937
13.785902527211935
13.647265429791805
13.50847632591996
13.36953116846759
13.230425909687684
13.091156505730966
12.951718921138394
12.812109133305867
12.672323136916873
12.532356948338828
12.392206609978997
12.25186819459597
12.11133780956278
11.970611601077973
11.82968575832096
11.688556517548076
11.547220166125834
11.405673046497904
11.263911560082414
11.121932171096226
10.979731410302882
10.837305878681128
10.69465225101097
10.551767279374252
10.408647796566816
10.265290719419472
10.121693052025027
9.977851888868887
9.833764417860824
9.689427923265542
9.544839788529943
9.399997499005083
9.254898644560953
9.109540922092371
8.963922137914466
8.818040210046254
8.671893170380988
8.525479166741972
8.37879646482273
8.231843450010647
8.084618629093324
7.937120631847082
7.789348212507123
7.641300251119043
7.49297575477138
7.34437385870897
7.195493827326992
7.046335055045637
6.896897067065466
6.747179520003604
6.597182202411024
6.446905035171246
6.2963480717808515
6.145511498512267
5.994395634459276
5.843000931465825
5.691327973938735
5.539377478545043
5.387150293794768
5.23464739951001
5.08186990618131
4.928819054212331
4.775496213053968
4.621902880229048
4.468040680248895
4.3139113634229815
4.159516804563036
4.004859001583035
3.84994007399669
3.6947622613141013
3.53932792133934
3.383639528370807
3.2276996713062576
3.071511051654407
2.915076481455133
2.7583988811103786
2.601481277127939
2.4443267997803813
2.286938680681388
2.1293202502818973
1.9714749352884682
1.8134062560063773
1.655117823610014
1.496613337343176
1.3378965816519255
1.178971423252711
1.0198418081385305
0.8605117585259494
0.7009853697458336
0.5412668070806974
0.38136030255160513
0.22127015165759678
0.06100071007063921
-0.09944360971086633
-0.26005834174695924
-0.4208389700762916
-0.5817809321684885
-0.7428796224055664
-0.9041303955892639
-1.0655285704711273
-1.227069433302183
-1.3887482413990184
-1.5505602267230816
-1.7125005994700067
-1.8745645516657656
-2.036747260766441
-2.1990438932584233
-2.361449608255852
-2.5239595610921426
-2.6865689069024477
-2.849272804193902
-3.0120664184005195
-3.1749449254196183
-3.3379035151266927
-3.500937394865683
-3.6640417929116036
-3.827211961902496
-3.9904431822377022
-4.153730765439489
-4.317070057475073
-4.480456442036135
-4.643885343772943
-4.807352231480241
-4.97085262123212
-5.1343820794631165
-5.297936225992887
-5.461510736991772
-5.625101347884676
-5.788703856190647
-5.9523141242956505
-6.115928082156043
-6.279541729930399
-6.443151140537301
-6.606752462136824
-6.770341920533489
-6.933915821498545
-7.09747055300948
-7.261002587404776
-7.424508483452039
-7.587984888327712
-7.751428539506608
-7.914836266559622
-8.078204992858122
-8.24153173718351
-8.404813615240526
-8.568047841072923
-8.731231728380271
-8.894362691734685
-9.057438247696396
-9.22045601582709
-9.383413719600052
-9.546309187206285
-9.70914035225598
-9.871905254374818
-10.034602039694587
-10.19722896123778
-10.359784379195826
-10.522266761100694
-10.684674681889701
-10.84700682386345
-11.009261976536932
-11.17143903638393
-11.333537006475098
-11.495554996010114
-11.657492219744485
-11.819347997311697
-11.981121752441668
-12.142813012076617
-12.3044214053855
-12.465946662678252
-12.627388614221065
-12.788747188953996
-12.950022413112299
-13.11121440875302
-13.272323392188602
-13.433349672329193
-13.594293648935526
-13.75515581078428
-13.915936733747879
-14.076637078790876
-14.237257589885226
-14.397799091846801
-14.558262488095632
-14.718648758342464
-14.87895895620414
-15.039194206750436
-15.19935570398489
-15.359444708262357
-15.519462543646013
-15.679410595206619
-15.839290306266705
-15.99910317559251
-16.158850754536672
-16.318534644134658
-16.478156492157897
-16.637717990126635
-16.797220870285532
-16.956666902545212
-17.11605789139279
-17.275395672774525
-17.434682110953762
-17.59391909534735
-17.753108537343955
-17.912252367107634
-18.07135253036993
-18.230410985213787
-18.38942969885239
-18.548410644406154
-18.707355797681338
-18.86626713395361
-19.025146624759838
-19.183996234701436
-19.342817918262664
-19.501613616647273
-19.660385254636918
-19.81913473747481
-19.977863947778005
-20.136574742481756
-20.295268949819175
-20.45394836633959
-20.612614753968828
-20.771269837114588
-20.929915299819967
-21.088552782968055
-21.247183881540526
-21.405810141933348
-21.564433059332675
-21.72305407515397
-21.88167457454721
-22.040295883970703
-22.198919268836157
-22.35754593122757
-22.51617700769676
-22.67481356713838
-22.833456608747262
-22.99210706006044
-23.15076577508551
-23.30943353251703
-23.468111034042632
-23.62679890274057
-23.785497681570373
-23.94420783195815
-24.10292973247814
-24.26166367763184
-24.420409876725927
-24.579168452849984
-24.737939441954865
-24.896722792032676
-25.055518362399084
-25.214325923078604
-25.373145154293724
-25.53197564605836
-25.690816897876037
-25.84966831854337
-26.0085292260593
-26.167398847640673
-26.326276319845025
-26.485160688801304
-26.64405091054909
-26.802945851486733
-26.961844288928837
-27.120744911773365
-27.279646321278882
-27.43854703195229
-27.597445472547133
-27.756339987172463
-27.91522883651204
-28.07411019915359
-28.232982173028045
-28.391842776958566
-28.550689952318816
-28.709521564799857
-28.86833540628494
-29.027129196831467
-29.18590058675919
-29.344647158843557
-29.50336643061287
-29.662055856747816
-29.820712831581705
-29.979334691699524
-30.137918718633518
-30.296462141653013
-30.454962140646064
-30.613415849090465
-30.771820357111743
-30.930172714625137
-31.088469934558326
-31.246708996151447
-31.404886848330754
-31.56300041315222
-31.72104658931107
-31.879022255713576
-32.03692427510773
-32.19474949776932
-32.35249476523998
-32.51015691411317
-32.667732779864195
-32.82521920072011
-32.98261302156541
-33.13991109787938
-33.29711029970073
-33.454207515614854
-33.611199656758146
-33.76808366083435
-33.92485649613775
-34.08151516557843
-34.238056710704946
-34.394478215719865
-34.55077681148362
-34.706949679501925
-34.862994055892194
-35.01890723532413
-35.17468657492922
-35.33032949817423
-35.485833498693616
-35.64119614407574
-35.7964150795977
-35.95148803190387
-36.10641281262321
-36.261187321920104
-36.41580955197334
-36.57027759037773
-36.72458962346299
-36.87874393952471
-37.03273893196187
-37.18657310231565
-37.34024506320405
-37.49375354114726
-37.64709737927835
-37.80027553993476
-37.953287107125945
-38.106131288873016
-38.25880741941648
-38.41131496128826
-38.56365350724399
-38.715822782051866
-38.86782264413488
-39.01965308706348
-39.1713142408962
-39.32280637336617
-39.47412989091156
-39.62528533954849
-39.776273405584725
-39.927094916172784
-40.07775083970096
-40.22824228602121
-40.37857050651268
-40.528736893979385
-40.67874298238087
-40.82859044639531
-40.97828110081457
-41.12781689977072
-41.2771999357937
-41.426432438700544
-41.5755167743165
-41.72445544302877
-41.87325107817338
-42.02190644425582
-42.17042443500628
-42.318808071270155
-42.46706049873461
-42.615184985492306
-42.76318491944358
-42.91106380553919
-43.058825262865874
-43.2064730215775
-43.35401091967453
-43.50144289963425
-43.64877300489429
-43.79600537619172
-43.94314424776076
-44.09019394339254
-44.23715887236097
-44.38404352521861
-44.53085246946615
-44.67759034509891
-44.824261860033694
-44.9708717854195
-45.11742495083559
-45.26392623938035
-45.41038058265498
-45.55679295564671
-45.70316837151667
-45.84951187629771
-45.9958285435081
-46.14212346868659
-46.28840176385479
-46.434668551912424
-46.580928960971235
-46.72718811863298
-46.87345114621759
-47.0197231529482
-47.166009230099704
-47.31231444511765
-47.45864383571406
-47.605002403946756
-47.751395110288875
-47.897826867694924
-48.04430253566968
-48.190826914346324
-48.33740473858099
-48.48404067207101
-48.63073930150377
-48.7775051307436
-48.924342575063655
-49.0712559554299
-49.21824949284373
-49.36532730274987
-49.51249338951592
-49.659751640990315
-49.80710582314534
-49.95455957481217
-50.10211640251449
-50.24977967540777
-50.397552620330686
-50.54543831697478
-50.69343969317853
-50.84155952035192
-50.989800409038054
-51.13816480461762
-51.286654983161924
-51.43527304744018
-51.5840209230864
-51.73290035493122
-51.88191290350309
-52.03105994170349
-52.18034265166054
-52.329762021764935
-52.479318843891946
-52.629013710813325
-52.77884701380154
-52.928818940428386
-53.07892947256036
-53.229178384552576
-53.37956524164341
-53.530089398551844
-53.68074999827943
-53.83154597111898
-53.9824760338714
-54.13353868927229
-54.28473222562892
-54.436054716667265
-54.58750402158811
-54.73907778533104
-54.89077343904476
-55.04258820076186
-55.19451907627613
-55.34656286022048
-55.49871613734391
-55.65097528398568
-55.80333646974456
-55.95579565934046
-56.10834861466559
-56.260990897021756
-56.41371786954072
-56.56652469978415
-56.719406362520076
-56.87235764267261
-57.02537313844225
-57.178447264593544
-57.33157425590734
-57.48474817079442
-57.637962895067105
-57.7912121458654
-57.94448947573396
-58.097788276846345
-58.25110178537277
-58.404423085987204
-58.55774511650962
-58.71106067267941
-58.86436241305573
-59.0176428640405
-59.17089442501935
-59.32410937361549
-59.477279871051614
-59.630397967614435
-59.783455608217245
-59.936444638055086
-60.089356808347354
-60.242183782163
-60.39491714032345
-60.547548387378235
-60.70006895764839
-60.85247022133256
-61.00474349067024
-61.156880026156436
-61.30887104280185
-61.460707716432516
-61.61238119002285
-61.763882580056524
-61.91520298290965
-62.066333481251036
-62.21726515045452
-62.367989065018264
-62.51849630498549
-62.668777962361276
-62.818825147519874
-62.968628995597044
-63.11818067286197
-63.26747138306382
-63.416492373748326
-63.56523494253997
-63.71369044338576
-63.861850292756344
-64.00970597580044
-64.15724905244838
-64.30447116346022
-64.4513640364134
-64.5979194916244
-64.74412944799928
-64.88998592880802
-65.03548106737804
-65.18060711270226
-65.32535643495623
-65.46972153091986
-65.61369502929972
-65.75726969594882
-65.90043843898081
-66.0431943137761
-66.18553052787729
-66.3274404457718
-66.46891759355948
-66.60995566350302
-66.75054851845904
-66.89069019618775
-67.03037491353884
-67.16959707051127
-67.30835125418379
-67.44663224251293
-67.58443500799537
-67.72175472119103
-67.85858675410385
-67.99492668341601
-68.13077029357153
-68.26611357970496
-68.40095275041149
-68.53528423035466
-68.66910466270765
-68.80241091142427
-68.93520006333593
-69.06746943007154
-69.19921654979824
-69.33043918878043
-69.46113534275499
-69.59130323812106
-69.72094133294293
-69.85004831776435
-69.97862311623358
-70.10666488553791
-70.23417301664672
-70.36114713436241
-70.48758709717829
-70.61349299694196
-70.73886515832278
-70.86370413808204
-70.98801072414422
-71.11178593446841
-71.23503101571949
-71.35774744173831
-71.47993691181047
-71.60160134873219
-71.72274289667338
-71.84336391883757
-71.96346699491916
-72.08305491835894
-72.20213069339958
-72.32069753194288
-72.43875885021056
-72.55631826521086
-72.67337959101305
-72.7899468348328
-72.90602419293228
-73.02161604633821
-73.13672695638255
-73.2513616600701
-73.36552506527826
-73.47922224579341
-73.59245843618967
-73.70523902655626
-73.81756955708002
-73.92945571248961
-74.04090331636749
-74.1519183253362
-74.26250682312528
-74.37267501452496
-74.48242921923296
-74.5917758656008
-74.70072148428576
-74.80927270181505
-74.9174362340693
-75.0252188796928
-75.13262751343754
-75.23966907944904
-75.34635058450121
-75.45267909118726
-75.55866171107365
-75.66430559782381
-75.76961794029816
-75.87460595563604
-75.97927688232525
-76.0836379732643
-76.18769648882207
-76.29145968989982
-76.39493483100145
-76.49812915331708
-76.60104987782594
-76.70370419842445
-76.80609927508553
-76.9082422270553
-77.01014012609355
-77.11179998976533
-77.21322877479074
-77.31443337046048
-77.41542059212529
-77.51619717476692
-77.61676976665873
-77.71714492312273
-77.81732910038963
-77.91732864956847
-78.01714981073209
-78.11679870712518
-78.21628133950148
-78.31560358059559
-78.41477116973485
-78.51378970759626
-78.61266465111325
-78.71140130853755
-78.8100048346615
-78.9084802262058
-79.00683231737716
-79.1050657755994
-79.20318509742103
-79.30119460460227
-79.39909844038422
-79.49690056594247
-79.59460475702721
-79.69221460079049
-79.78973349280076
-79.88716463424427
-79.98451102931298
-80.08177548277862
-80.17896059775202
-80.27606877362675
-80.37310220420588
-80.47006287600956
-80.56695256676048
-80.66377284404481
-80.76052506414734
-80.85721037105905
-80.95382969565661
-81.05038375505295
-81.14687305211838
-81.24329787517148
-81.33965829783777
-81.43595417907441
-81.53218516335947
-81.62835068104401
-81.72444994886563
-81.8204819706218
-81.91644553800187
-82.01233923157609
-82.1081614219414
-82.20391027102367
-82.29958373353621
-82.39517955859388
-82.49069529148117
-82.58612827557248
-82.6814756544046
-82.77673437390159
-82.87190118475154
-82.96697264493513
-83.06194512240653
-83.15681479792805
-83.25157766805977
-83.3462295483058
-83.44076607641829
-83.53518271585948
-83.62947475942302
-83.72363733301403
-83.81766539958697
-83.91155376324058
-84.00529707346855
-84.0988898295651
-84.1923263851837
-84.28560095304759
-84.37870760980887
-84.47164030105317
-84.56439284644533
-84.65695894501128
-84.74933218055126
-84.84150602717817
-84.93347385497485
-85.02522893576496
-85.11676444899193
-85.20807348770096
-85.29914906461941
-85.38998411832982
-85.48057151952922
-85.57090407736858
-85.66097454586519
-85.75077563038074
-85.84029999415723
-85.92954026490337
-86.0184890414241
-86.10713890028408
-86.1954824024957
-86.28351210022173
-86.37122054348161
-86.45860028685046
-86.54564389614085
-86.63234395505798
-86.71869307181906
-86.80468388572909
-86.89030907370578
-86.97556135674652
-87.06043350633
-87.14491835074499
-87.2290087813385
-87.3126977586753
-87.39597831860202
-87.47884357820872
-87.56128674168109
-87.64330110603599
-87.72488006673414
-87.80601712316398
-87.88670588399167
-87.96694007237294
-88.046713531024
-88.1260202271486
-88.20485425721891
-88.28320985160813
-88.36108137907387
-88.4384633510907
-88.51535042603108
-88.59173741319499
-88.66761927668993
-88.7429911391623
-88.81784828538137
-88.8921861656763
-88.96600039922701
-89.03928677720965
-89.11204126579706
-89.18426000901455
-89.2559393314525
-89.3270757408361
-89.39766593045293
-89.46770678143808
-89.53719536491631
-89.60612894400116
-89.67450497565015
-89.74232111237642
-89.80957520381627
-89.87626529815303
-89.94238964339716
-90.00794668852244
-90.07293508445763
-90.13735368493279
-90.20120154717914
-90.2644779324812
-90.3271823065787
-90.38931433991637
-90.45087390774005
-90.5118610900373
-90.57227617132092
-90.63211964025378
-90.69139218911424
-90.75009471310123
-90.80822830947692
-90.86579427654509
-90.92279411246476
-90.9792295138984
-91.0351023744946
-91.09041478320454
-91.14516902243336
-91.1993675660268
-91.25301307709343
-91.30610840566327
-91.35865658618387
-91.41066083485588
-91.46212454680959
-91.51305129312435
-91.56344481769223
-91.61330903392785
-91.6626480213257
-91.71146602186603
-91.75976743627005
-91.80755682010464
-91.85483887973702
-91.9016184681402
-91.9479005805507
-91.99369034998061
-92.0389930425872
-92.08381405290321
-92.12815889893226
-92.17203321711314
-92.2154427571579
-92.25839337676847
-92.30089103623742
-92.34294179293816
-92.38455179570973
-92.42572727914227
-92.46647455776996
-92.50680002017872
-92.54671012303605
-92.58621138505019
-92.62531038086625
-92.66401373490713
-92.70232811516586
-92.74026022695578
-92.77781680662405
-92.81500461523375
-92.85183043222047
-92.88830104902898
-92.92442326273554
-92.96020386965982
-92.99564965897001
-93.03076740628408
-93.06556386726923
-93.10004577124106
-93.13421981476425
-93.16809265525727
-93.20167090460335
-93.23496112277017
-93.26796981144149
-93.30070340766507
-93.33316827752161
-93.36537070981954
-93.39731690982079
-93.42901299300273
-93.46046497886208
-93.49167878476645
-93.52266021986098
-93.5534149790377
-93.58394863697593
-93.614266642262
-93.64437431159648
-93.67427682409708
-93.7039792157053
-93.73348637370587
-93.76280303136762
-93.79193376271449
-93.82088297743529
-93.84965491594049
-93.87825364457295
-93.90668305097846
-93.93494683964171
-93.9630485275927
-93.9909914402882
-94.01877870767349
-94.04641326042882
-94.07389782640426
-94.10123492724709
-94.12842687522492
-94.15547577024846
-94.18238349709735
-94.20915172285298
-94.23578189454257
-94.26227523699832
-94.28863275093578
-94.31485521125568
-94.34094316557365
-94.36689693298204
-94.3927166030487
-94.41840203505693
-94.44395285749214
-94.4693684677794
-94.49464803227646
-94.51979048652628
-94.54479453577333
-94.56965865574726
-94.59438109371807
-94.61895986982664
-94.6433927786935
-94.66767739130874
-94.69181105720553
-94.71579090691931
-94.73961385473477
-94.76327660172068
-94.78677563905181
-94.81010725161626
-94.83326752190736
-94.85625233419897
-94.87905737900279
-94.90167815780545
-94.92410998808246
-94.94634800858533
-94.96838718489708
-94.9902223152502
-95.01184803660054
-95.0332588309518
-95.05444903192402
-95.07541283155955
-95.09614428735902
-95.1166373295407
-95.13688576851438
-95.15688330256056
-95.17662352570379
-95.19609993576954
-95.2153059426132
-95.23423487650972
-95.25287999669261
-95.27123450003101
-95.28929152983208
-95.30704418475544
-95.32448552782488
-95.34160859552286
-95.35840640695288
-95.37487197305539
-95.39099830586268
-95.40677842777812
-95.42220538086427
-95.4372722361238
-95.45197210275715
-95.4662981373808
-95.48024355319033
-95.49380162905253
-95.50696571851186
-95.51972925869732
-95.53208577911651
-95.54402891032406
-95.55555239245074
-95.56665008358037
-95.57731596796167
-95.58754416404246
-95.59732893231431
-95.60666468295652
-95.61554598326846
-95.62396756487973
-95.63192433072751
-95.63941136179082
-95.64642392357197
-95.6529574723157
-95.65900766095703
-95.66457034478921
-95.669641586844
-95.67421766297636
-95.67829506664756
-95.68187051340121
-95.68494094502714
-95.6875035334094
-95.68955568405383
-95.69109503929175
-95.69211948115694
-95.69262713393445
-95.69261636638052
-95.69208579361347
-95.6910342786766
-95.68946093377369
-95.68736512117843
-95.68474645381966
-95.68160479554601
-95.67794026107433
-95.67375321562687
-95.66904427426343
-95.6638143009155
-95.65806440713001
-95.65179595052993
-95.64501053299998
-95.63770999860569
-95.62989643125476
-95.62157215210922
-95.61273971675686
-95.60340191215127
-95.59356175332923
-95.58322247991381
-95.57238755241119
-95.5610606483094
-95.54924565798851
-95.53694668045088
-95.52416801888066
-95.51091417604138
-95.49718984952128
-95.48299992683471
-95.4683494803887
-95.45324376232188
-95.43768819922249
-95.4216883867318
-95.4052500840397
-95.38837920827982
-95.37108182883148
-95.35336416153493
-95.3352325628268
-95.31669352380297
-95.29775366421538
-95.27841972640803
-95.2586985691971
-95.2385971616994
-95.21812257711312
-95.19728198645439
-95.17608265225383
-95.1545319222167
-95.13263722285043
-95.11040605306263
-95.0878459777334
-95.06496462126469
-95.04176966110978
-95.01826882128498
-94.99446986586608
-94.97038059247129
-94.94600882573226
-94.921362410755
-94.8964492065729
-94.87127707959459
-94.84585389704952
-94.8201875204355
-94.79428579897385
-94.76815656307801
-94.74180761784177
-94.71524673655344
-94.68848165424137
-94.66152006125694
-94.63436959690122
-94.60703784310166
-94.57953231814528
-94.55186047047513
-94.5240296725568
-94.49604721482157
-94.46792029969285
-94.43965603570264
-94.41126143170568
-94.38274339119762
-94.35410870674362
-94.32536405452295
-94.29651598899461
-94.26757093768886
-94.23853519612994
-94.20941492289485
-94.18021613481251
-94.15094470230811
-94.1216063448963
-94.09220662682692
-94.0627509528859
-94.03324456435412
-94.00369253512606
-93.9740997679914
-93.94447099108227
-93.91481075448856
-93.88512342704355
-93.8554131932819
-93.82568405057289
-93.79593980643149
-93.766184076009
-93.73642027976378
-93.70665164131238
-93.67688118546046
-93.64711173641247
-93.61734591615853
-93.5875861430372
-93.5578346304738
-93.52809338589391
-93.49836420981178
-93.46864869509405
-93.43894822639875
-93.40926397979042
-93.3795969225326
-93.3499478130595
-93.32031720112862
-93.29070542815573
-93.26111262773482
-93.2315387263455
-93.20198344425098
-93.17244629658906
-93.14292659465828
-93.11342344740201
-93.08393576309273
-93.05446225121803
-93.025001424569
-92.99555160153064
-92.96611090857432
-92.93667728295152
-92.90724847558847
-92.87782205418155
-92.84839540649303
-92.81896574384537
-92.78953010481071
-92.76008535909132
-92.73062821158665
-92.70115520664235
-92.67166273247638
-92.64214702577688
-92.61260417646629
-92.58303013262578
-92.55342070557363
-92.52377157509075
-92.49407829478567
-92.46433629759095
-92.43454090138262
-92.40468731471488
-92.37477064266245
-92.34478589276314
-92.31472798105285
-92.28459173818574
-92.25437191563101
-92.22406319193813
-92.19366017906118
-92.16315742873356
-92.1325494388836
-92.1018306600832
-92.07099550202231
-92.04003834000248
-92.00895352144171
-91.97773537238352
-91.94637820400278
-91.91487631910213
-91.88322401859314
-91.85141560795678
-91.81944540367802
-91.78730773964907
-91.75499697353717
-91.72250749311291
-91.68983372253496
-91.65697012858715
-91.62391122686432
-91.59065158790423
-91.55718584326365
-91.52350869153537
-91.48961490430298
-91.45549933203046
-91.42115690988322
-91.38658266347687
-91.3517717145499
-91.31671928655709
-91.28142071018038
-91.24587142875413
-91.21006700360152
-91.17400311927855
-91.13767558872127
-91.10108035829234
-91.06421351272166
-91.0270712799358
-90.98965003577047
-90.95194630856003
-90.91395678359692
-90.87567830745428
-90.83710789216474
-90.79824271924866
-90.75908014358544
-90.71961769712078
-90.67985309240265
-90.63978422593863
-90.5994091813696
-90.5587262324546
-90.5177338458621
-90.47643068376368
-90.43481560622723
-90.39288767340616
-90.35064614752076
-90.30809049462795
-90.26522038617583
-90.22203570033986
-90.17853652313846
-90.13472314932648
-90.09059608306512
-90.04615603836788
-90.00140393932242
-89.9563409200893
-89.91096832467866
-89.86528770650597
-89.81930082772948
-89.7730096583727
-89.72641637523549
-89.67952336059699
-89.63233320071362
-89.58484868411693
-89.53707279971644
-89.48900873471285
-89.44065987232847
-89.39202978936106
-89.34312225356786
-89.29394122088542
-89.24449083249095
-89.1947754117088
-89.14479946076557
-89.09456765739714
-89.04408485131097
-88.9933560605071
-88.9423864674605
-88.89118141516764
-88.83974640306093
-88.78808708279377
-88.73620925389827
-88.68411885931795
-88.63182198081807
-88.57932483427663
-88.52663376485879
-88.47375524207752
-88.42069585474229
-88.36746230579826
-88.314061407059
-88.2605000738368
-88.20678531947436
-88.15292424978253
-88.09892405738827
-88.04479201599763
-87.99053547457747
-87.93616185146088
-87.88167862838047
-87.82709334443386
-87.77241358998678
-87.71764700051851
-87.66280125041503
-87.60788404671534
-87.55290312281652
-87.49786623214247
-87.44278114178148
-87.38765562609676
-87.33249746031395
-87.27731441408905
-87.22211424506058
-87.16690469238976
-87.11169347029322
-87.0564882615735
-87.0012967111533
-86.94612641961855
-86.8909849367764
-86.83587975523476
-86.78081830401145
-86.72580794218179
-86.67085595257292
-86.61596953551411
-86.56115580265241
-86.50642177084323
-86.45177435612361
-86.39722036777623
-86.34276650249176
-86.28841933863548
-86.23418533062345
-86.18007080341287
-86.12608194711167
-86.07222481171213
-86.01850530195308
-85.96492917231403
-85.91150202214423
-85.85822929092983
-85.80511625370222
-85.75216801659103
-85.69938951252418
-85.64678549707791
-85.5943605444783
-85.54211904375556
-85.49006519505285
-85.43820300609063
-85.38653628878767
-85.33506865603958
-85.28380351865592
-85.23274408245724
-85.1818933455334
-85.13125409566366
-85.08082890790074
-85.03062014232027
-84.98062994193826
-84.93086023079836
-84.8813127122318
-84.83198886729251
-84.78288995336963
-84.73401700298079
-84.6853708227491
-84.63695199256749
-84.58876086495268
-84.54079756459127
-84.49306198807976
-84.44555380386105
-84.39827245236124
-84.35121714633003
-84.3043868713883
-84.25778038678645
-84.21139622637638
-84.16523269980091
-84.1192878939036
-84.0735596743614
-84.02804568754087
-83.98274336257865
-83.93764991368644
-83.89276234267916
-83.84807744172454
-83.80359179631083
-83.75930178842921
-83.71520359996717
-83.67129321630844
-83.62756643013543
-83.58401884542891
-83.54064588166025
-83.49744277817027
-83.45440459872819
-83.41152623626456
-83.3688024177716
-83.3262277093643
-83.28379652149525
-83.2415031143162
-83.19934160318022
-83.15730596427798
-83.11539004040267
-83.07358754683767
-83.03189207736173
-82.99029711036567
-82.94879601507515
-82.90738205787378
-82.86604840872135
-82.82478814766299
-82.78359427142519
-82.7424597000959
-82.7013772838848
-82.66033980995897
-82.61934000934903
-82.57837056391966
-82.53742411339968
-82.49649326246598
-82.45557058787611
-82.41464864564378
-82.37371997825122
-82.33277712189275
-82.29181261374438
-82.25081899925422
-82.20978883944863
-82.16871471824882
-82.12758924979133
-82.08640508574595
-82.04515492262456
-82.00383150907399
-81.96242765314665
-81.92093622954272
-81.87935018681699
-81.83766255454216
-81.79586645041937
-81.75395508732655
-81.71192178029517
-81.66975995340559
-81.62746314659117
-81.58502502234083
-81.54243937228958
-81.49970012368661
-81.45680134573016
-81.4137372557582
-81.37050222528458
-81.32709078587075
-81.2834976348245
-81.23971764071715
-81.19574584871125
-81.15157748569086
-81.10720796518709
-81.0626328920919
-81.01784806715457
-80.97284949125529
-80.92763336945089
-80.8821961147884
-80.83653435188276
-80.79064492025614
-80.74452487743716
-80.69817150181782
-80.65158229526699
-80.6047549854998
-80.55768752820316
-80.51037810891799
-80.46282514467956
-80.41502728541789
-80.36698341512093
-80.31869265276319
-80.2701543530035
-80.22136810665555
-80.17233374093544
-80.12305131949054
-80.07352114221263
-80.0237437448391
-79.97371989834554
-79.9234506081323
-79.87293711300688
-79.8221808839635
-79.7711836227602
-79.71994726029347
-79.66847395476977
-79.61676608967402
-79.56482627153436
-79.51265732748449
-79.4602623026258
-79.4076444571913
-79.3548072635124
-79.30175440278903
-79.24848976166392
-79.1950174286011
-79.14134169006981
-79.08746702653492
-79.03339810825561
-78.97913979089346
-78.92469711093214
-78.87007528091057
-78.81527968447212
-78.76031587123408
-78.70518955148215
-78.64990659069532
-78.59447300390651
-78.5388949499037
-78.48317872527788
-78.42733075832372
-78.37135760279979
-78.31526593155606
-78.25906253003633
-78.20275428966319
-78.1463482011135
-78.08985134749243
-78.033270897413
-77.97661409798845
-77.91988826774481
-77.86310078946191
-77.80625910295
-77.74937069777015
-77.69244310590615
-77.63548389439656
-77.57850065793583
-77.52150101145311
-77.46449258267752
-77.40748300469876
-77.35047990853174
-77.29349091569374
-77.23652363080193
-77.17958563419917
-77.1226844746159
-77.06582766187593
-77.0090226596542
-76.9522768782946
-76.89559766769698
-76.83899231028273
-76.7824680140467
-76.72603190570261
-76.66969102392876
-76.61345231272004
-76.55732261485231
-76.5013086654658
-76.44541708577425
-76.38965437690594
-76.33402691388257
-76.27854093974135
-76.22320255980539
-76.16801773610781
-76.11299228197403
-76.05813185676642
-76.00344196079494
-75.9489279303963
-75.89459493318465
-75.84044796347645
-75.78649183789197
-75.73273119113584
-75.67917047195785
-75.62581393929521
-75.57266565859722
-75.51972949833329
-75.46700912668634
-75.41450800843347
-75.3622294020164
-75.31017635680291
-75.25835171054177
-75.20675808701321
-75.15539789387844
-75.10427332073152
-75.05338633735653
-75.00273869219325
-74.95233191101488
-74.90216729582073
-74.85224592394718
-74.80256864739994
-74.7531360924101
-74.70394865921634
-74.65500652207544
-74.60630962950398
-74.55785770475364
-74.50965024652288
-74.46168652990701
-74.41396560758909
-74.36648631127304
-74.31924725335949
-74.27224682886367
-74.22548321757347
-74.17895438644541
-74.13265809223503
-74.08659188435752
-74.04075310797339
-73.99513890729281
-73.94974622909172
-73.9045718264332
-73.85961226258746
-73.81486391514306
-73.77032298030178
-73.72598547734913
-73.68184725329218
-73.63790398765605
-73.5941511974296
-73.55058424215133
-73.50719832912694
-73.46398851877007
-73.42094973005806
-73.37807674609428
-73.33536421976953
-73.29280667951457
-73.2503985351367
-73.20813408373351
-73.16600751567705
-73.12401292066158
-73.08214429380826
-73.04039554182077
-72.99876048918634
-72.9572328844165
-72.9158064063231
-72.87447467032484
-72.8332312347793
-72.79206960733654
-72.75098325131023
-72.70996559206219
-72.66901002339648
-72.62810991395907
-72.5872586136395
-72.54644945997177
-72.5056757845316
-72.46493091932814
-72.42420820318762
-72.3835009881268
-72.34280264571316
-72.30210657340831
-72.26140620089075
-72.22069499635415
-72.17996647277693
-72.13921419415743
-72.09843178170973
-72.05761292001381
-72.01675136311331
-71.97584094055361
-71.93487556335202
-71.89384922989228
-71.85275603173483
-71.81159015933468
-71.77034590765862
-71.7290176816935
-71.68760000183767
-71.64608750916722
-71.60447497056924
-71.56275728373413
-71.5209294820001
-71.47898673904336
-71.43692437340775
-71.39473785286754
-71.35242279861808
-71.3099749892886
-71.26739036477221
-71.22466502986748
-71.18179525772706
-71.13877749310875
-71.09560835542463
-71.05228464158431
-71.00880332862918
-70.96516157615592
-70.92135672852719
-70.87738631686811
-70.83324806084754
-70.78893987024371
-70.74445984629408
-70.69980628282921
-70.65497766719083
-70.60997268093494
-70.56479020032138
-70.5194292965911
-70.47388923603346
-70.42816947984618
-70.38226968379028
-70.33618969764329
-70.28992956445408
-70.24348951960353
-70.19686998967522
-70.1500715911415
-70.10309512887027
-70.05594159445836
-70.00861216439652
-69.96110819807107
-69.91343123560772
-69.86558299556235
-69.81756537246405
-69.76938043421534
-69.72103041935382
-69.67251773418
-69.62384494975525
-69.57501479877384
-69.5260301723125
-69.4768941164616
-69.42760982884157
-69.37818065500754
-69.32861008474434
-69.27890174825448
-69.2290594122412
-69.17908697588801
-69.12898846673657
-69.07876803646444
-69.02842995656555
-68.97797861393609
-68.92741850636831
-68.87675423795507
-68.82599051440853
-68.77513213829683
-68.72418400420268
-68.6731510938075
-68.62203847090426
-68.5708512763424
-68.51959472290854
-68.46827409014723
-68.4168947191266
-68.36546200715439
-68.31398140245038
-68.26245839878139
-68.21089853006525
-68.1593073649501
-68.1076905013757
-68.05605356112379
-68.00440218436346
-67.95274202419772
-67.90107874121689
-67.84941799806425
-67.79776545401943
-67.74612675960428
-67.69450755121584
-67.64291344579128
-67.5913500355105
-67.53982288254126
-67.48833751383215
-67.43689941595794
-67.38551403002218
-67.33418674662214
-67.28292290088102
-67.23172776755284
-67.1806065562054
-67.12956440648718
-67.07860638348443
-67.0277374731749
-66.97696257798434
-66.92628651245188
-66.87571399900939
-66.82524966387943
-66.77489803309588
-66.72466352865028
-66.67455046476691
-66.62456304430889
-66.57470535531698
-66.52498136768205
-66.47539492995205
-66.42594976627461
-66.37664947347585
-66.32749751827626
-66.27849723464456
-66.22965182128965
-66.18096433929057
-66.13243770986438
-66.08407471227181
-66.03587798186132
-65.98785000825242
-65.9399931336591
-65.89230955135318
-65.84480130426746
-65.79747028373859
-65.75031822838926
-65.70334672315008
-65.65655719842076
-65.60995092937029
-65.56352903537564
-65.51729247959898
-65.47124206870288
-65.42537845270297
-65.3797021249579
-65.33421342229607
-65.28891252527885
-65.24379945859997
-65.19887409162178
-65.15413613904852
-65.10958516173773
-65.0652205676507
-65.02104161294292
-64.97704740319583
-64.93323689479118
-64.88960889642917
-64.84616207079009
-64.80289493633941
-64.75980586927611
-64.71689310562354
-64.67415474346242
-64.63158874530441
-64.58919294060465
-64.54696502841134
-64.50490258015091
-64.463003042547
-64.42126374067144
-64.37968188112464
-64.33825455534176
-64.29697874302045
-64.25585131566649
-64.21486904025372
-64.17402858299468
-64.1333265132188
-64.09275930735359
-64.05232335300391
-64.01201495312424
-63.97183033027787
-63.9317656309764
-63.89181693009206
-63.85198023533607
-63.812251491795706
-63.77262658652276
-63.733101353166006
-63.69367157664007
-63.65433299782339
-63.61508131827796
-63.57591220498418
-63.53682129508425
-63.497804200627826
-63.45885651331369
-63.419973809221545
-63.381151653528065
-63.3423856052012
-63.30367122166675
-63.26500406344135
-63.22637969872622
-63.18779370795622
-63.14924168829949
-63.11071925810253
-63.07222206127576
-63.03374577161539
-62.99528609705734
-62.95683878385889
-62.9183996207038
-62.87996444272712
-62.84152913545662
-62.80308963866727
-62.76464195014497
-62.72618212935574
-62.68770630101701
-62.649210658567846
-62.61069146753558
-62.572145068796736
-62.533567881730356
-62.49495640726186
-62.45630723079582
-62.4176170250362
-62.37888255269248
-62.34010066907015
-62.30126832454439
-62.26238256691604
-62.223440543648415
-62.18443950398309
-62.14537680093226
-62.10624989314547
-62.06705634664868
-62.027793836453974
-61.98846014803862
-61.94905317869236
-61.90957093873222
-61.87001155258431
-61.83037325973216
-61.79065441553163
-61.75085349189285
-61.710969077830406
-61.67099987988305
-61.63094472240427
-61.590802547724955
-61.5505724161895
-61.51025350606718
-61.46984511334042
-61.42934665137263
-61.388757650458295
-61.34807775725803
-61.30730673412139
-61.266444458300064
-61.22549092105421
-61.184446226654494
-61.14331059128269
-61.10208434183388
-61.060767914623305
-61.01936185400076
-60.97786681087457
-60.93628354114698
-60.89461290406258
-60.85285586047168
-60.811013471010156
-60.769086894197656
-60.727077384456166
-60.68498629005133
-60.64281505095842
-60.600565196654955
-60.55823834384144
-60.515836194092415
-60.473360531440235
-60.43081321989395
-60.388196200896076
-60.34551149072048
-60.30276117781507
-60.259947420093184
-60.217072442177724
-60.174138532601674
-60.13114804096905
-60.088103375080564
-60.04500699802806
-60.001861425261964
-59.95866922163607
-59.91543299843387
-59.872155410380984
-59.82883915264786
-59.785486957846345
-59.742101593023065
-59.69868585665235
-59.65524257563142
-59.611774602280676
-59.56828481135149
-59.524776097043414
-59.48125137003258
-59.43771355451294
-59.39416558525171
-59.350610404660145
-59.307050959880385
-59.26349019988932
-59.219931072620184
-59.17637652210307
-59.132829485624725
-59.089292890908226
-59.045769653313364
-59.002262673058745
-58.95877483246654
-58.915308993231186
-58.871867993713586
-58.82845464626269
-58.78507173456649
-58.74172201103426
-58.69840819421149
-58.655132966228855
-58.6118989702863
-58.56870880817292
-58.52556503782359
-58.482470170912514
-58.439426670484245
-58.39643694862264
-58.35350336415855
-58.31062822041702
-58.267813763005286
-58.22506217764295
-58.18237558803674
-58.139756053801996
-58.0972055684336
-58.054726057329454
-58.012319375869545
-57.96998730755349
-57.92773156219932
-57.885553774206876
-57.84345550088927
-57.80143822087593
-57.75950333259062
-57.717652152807666
-57.67588591528972
-57.634205769509556
-57.59261277945854
-57.5511079225438
-57.50969208857601
-57.46836607884922
-57.42713060531356
-57.38598628984216
-57.344933663593345
-57.303973166468275
-57.26310514666415
-57.22232986032299
-57.18164747127566
-57.14105805088048
-57.10056157795544
-57.060157938802895
-57.019846927326
-56.97962824523597
-56.939501502349344
-56.89946621697396
-56.859521816382596
-56.81966763737347
-56.77990292691669
-56.74022684288525
-56.70063845486902
-56.66113674507045
-56.62172060928066
-56.582388857934916
-56.54314021724633
-56.503973330416386
-56.4648867589205
-56.42587898386711
-56.38694840742858
-56.34809335434181
-56.30931207347629
-56.27060273946745
-56.23196345441295
-56.19339224962954
-56.15488708746847
-56.116445863187266
-56.07806640687585
-56.03974648543459
-56.001483804602515
-55.963276011034395
-55.92512069442574
-55.88701538968468
-55.84895757914978
-55.81094469485316
-55.7729741208276
-55.73504319545685
-55.697149213868556
-55.65928943036863
-55.621461060916715
-55.583661285641824
-55.54588725139706
-55.508136074352194
-55.470404842622884
-55.432690618935396
-55.39499044332558
-55.35730133587066
-55.31962029945282
-55.28194432255407
-55.24427038208154
-55.206595446222934
-55.16891647733132
-55.131230434838585
-55.09353427819639
-55.05582496984289
-55.01809947819277
-54.9803547806481
-54.942587866627605
-54.90479574061146
-54.86697542519869
-54.82912396417429
-54.791238425582826
-54.753315904805156
-54.71535352763487
-54.677348453350525
-54.63929787778016
-54.601199036354096
-54.56304920714211
-54.5248457138706
-54.48658592891535
-54.448267276265135
-54.40988723445138
-54.37144333943967
-54.33293318747837
-54.29435443789952
-54.25570481586731
-54.21698211506952
-54.17818420034785
-54.1393090102623
-54.10035455958501
-54.06131894171909
-54.02220033103787
