21.662163843344747
21.751783846899194
21.84155647401814
21.93148364178247
22.02156725848055
22.11180922163779
22.202211416066625
22.292775711939406
22.38350396288657
22.474398004122712
22.565459650603056
22.656690695212884
22.748092906992095
22.839668029397128
22.931417778602505
23.023343841844163
23.115447875806748
23.207731505057037
23.300196320525455
23.392843878037638
23.485675696897886
23.57869325852613
23.671898005149956
23.76529133855297
23.858874618880662
23.9526491635049
24.04661624594803
24.140777094867534
24.23513289310225
24.32968477678094
24.4244338344937
24.5193811065264
24.614527584157916
24.709874209019947
24.805421872518966
24.901171415319745
24.997123626889852
25.093279245104533
25.189638955911427
25.286203393054855
25.38297313785933
25.479948719071764
25.577130612761927
25.67451924228076
25.77211497827592
25.869918138763875
25.967928989257597
26.066147742949152
26.164574560946544
26.263209552564188
26.362052775666267
26.461104237062226
26.560363892953504
26.659831649430757
26.759507363020802
26.859390841282462
26.959481843450348
27.059780081125567
27.160285219012522
27.260996875701167
27.361914624493878
27.46303799427604
27.564366470429196
27.6658994957857
27.767636471623593
27.86957675870035
27.97171967832374
28.074064513458058
28.176610509863696
28.279356877268008
28.382302790565426
28.485447391044794
28.588789787641865
28.69232905821476
28.79606425084014
28.899994385127705
29.00411845355037
29.108435422787633
29.212944235079814
29.317643809590688
29.422533043776266
29.527610814757278
29.632875980692912
29.738327382153297
29.84396384348835
29.94978417419051
30.055787170248834
30.161971615492064
30.268336282918654
30.37487993601212
30.481601330040036
30.588499213334984
30.695572328555954
30.802819413928717
30.910239204463554
31.01783043314848
31.125591832116132
31.233522133782973
31.341620071959543
31.44988438293095
31.55831380650682
31.666907087039935
31.77566297441286
31.884580224992114
31.99365760254944
32.102893879149555
32.21228783600365
32.321838264288296
32.431543965929656
32.54140375435285
32.65141645519655
32.76158090699318
32.87189596181489
32.98236048588476
33.092973360152584
33.20373348083443
33.314639759915664
33.42569112561732
33.53688652282595
33.648224913487255
33.759705276963544
33.87132661035527
33.98308792878636
34.09498826565358
34.20702667284003
34.319202220893104
34.43151399916731
34.543961115932674
34.65654269844951
34.76925789301019
34.882105864948635
34.99508579861844
35.1081968973404
35.22143838332004
35.334809497536234
35.44830949960228
35.56193766760119
35.67569329789628
35.78957570491783
35.90358422092654
36.01771819575449
36.13197699652422
36.2463600073465
36.36086662899728
36.4754962785746
36.590248389136086
36.70512240931742
36.820117802933225
36.93523404856131
37.05047063911104
37.16582708137673
37.2813028955768
37.396897614878895
37.51261078491157
37.62844196326327
37.744390718969356
37.86045663198789
37.97663929266443
38.09293830118631
38.2093532670265
38.32588380837743
38.44252955157478
38.55929013051181
38.6761651860447
38.79315436538983
38.91025732151403
39.027473712518635
39.144803201018284
39.262245453515085
39.379800139768896
39.49746693216432
39.6152455050748
39.73313553422404
39.85113669604491
39.96924866703589
40.08747112311503
40.20580373897142
40.324246187414396
40.44279813872087
40.56145925998104
40.68022921444286
40.7991076608556
40.91809425281336
41.037188638099494
41.156390458033215
41.27569934681985
41.395114930905706
41.51463682833882
41.634264648136636
41.75399798966173
41.87383644200666
41.993779583388786
42.1138269805562
42.23397818820608
42.35423274841689
42.47459019009544
42.5950500284403
42.71561176442304
42.836274884288905
42.95703885907823
43.077903144169504
43.1988671788448
43.31993038587864
43.44109217115112
43.56235192328591
43.683709013313255
43.80516279435772
43.92671260135068
44.04835775076736
44.17009754038832
44.2919312490851
44.41385813662986
44.53587744352904
44.65798839088125
44.78019018025958
44.90248199361804
45.02486299322237
45.14733232160563
45.269889101548586
45.39253243608454
45.51526140852849
45.63807508253075
45.760972502155255
45.8839526919827
46.007014657238585
46.1301573839462
46.253379839104696
46.376680970892096
46.50005970889214
46.623514964343826
46.74704563041257
46.87065058248209
46.99432867846617
47.11807875913912
47.24189964848404
47.36579015405761
47.489749067370504
47.613775164282636
47.73786720541273
47.86202393656152
47.98624408914794
48.11052638065781
48.2348695151041
48.35927218349833
48.48373306433229
48.60825082406945
48.73282411764507
48.857451588974534
48.98213187146912
49.10686358855902
49.2316453542236
49.35647577352957
49.48135344317741
49.60627695205666
49.73124488181021
49.856255807407834
49.98130829772897
50.10640091615467
50.231532221167825
50.3567007669612
50.481905104052444
50.6071437799056
50.73241533955867
50.85771832625768
50.98305128209753
51.1084127486699
51.23380126771817
51.35921538179874
51.48465363494821
51.61011457335521
51.735596746035604
51.86109870550987
51.986619008482045
52.112156216519246
52.2377088967307
52.36327562244556
52.48885497388866
52.614445538853055
52.74004591336833
52.865654702363734
52.991270520325685
53.11689199194964
53.24251775278614
53.36814644988081
53.49377674240807
53.61940730229824
53.74503681485717
53.870663979377895
53.996287509744064
54.12190613502523
54.247518600063955
54.37312366605536
54.498720111119695
54.62430673086814
54.74988233896201
54.87544576766524
55.00099586839023
55.126531512237285
55.25205159052857
55.37755501533773
55.50304072001675
55.62850765972119
55.75395481193389
55.87938117698739
56.00478577858443
56.130167664316254
56.25552590617841
56.38085960108382
56.50616787137282
56.631449865319986
56.7567047576375
56.881931749974605
57.00713007141256
57.1322989789541
57.25743775800656
57.38254572285801
57.50762221714574
57.63266661431656
57.75767831807882
57.88265676284588
58.007601414171674
58.132511769178095
58.257387356974775
58.382227739071126
58.50703250978022
58.63180129661389
58.75653376066872
58.881229597002395
59.00588853500005
59.13051033873034
59.25509480729112
59.37964177514379
59.50415111243512
59.6286227253056
59.753056556183076
59.877452584060954
60.00181082476018
60.126131331174285
60.250414193496844
60.37465953943063
60.49886753437726
60.623038381606015
60.747172322400836
60.871269636184536
60.99533064061927
61.119355691682415
61.24334518371688
61.36729954945463
61.4912192600122
61.6151048248575
61.738956791747
61.86277574663285
61.98656231353908
62.11031715440686
62.234040968908175
62.357734494227714
62.48139850481226
62.60503381208707
62.72864126413782
62.85222174535704
62.975776176053564
63.099305512023484
63.222810744081364
63.34629289755066
63.46975303171292
63.59319223921552
63.71661164543844
63.84001240782033
63.963395715144664
64.0867627867869
64.21011487192352
64.33345324870409
64.45677922338827
64.58009412944962
64.70339932664798
64.82669620007171
64.94998615915047
65.07327063663878
65.19655108757043
65.31982898818394
65.44310583481872
65.56638314278162
65.6896624451834
65.81294529174461
65.9362332475716
66.05952789190424
66.18283081683747
66.30614362601928
66.4294679333279
66.5528053615305
66.6761575409259
66.79952610797325
66.92291270390827
67.04631897334794
67.16974656288399
67.29319711966504
67.41667228996734
67.54017371775343
67.66370304321778
67.78726190131808
67.91085192029142
68.03447472015525
68.158131911193
68.28182509242427
68.40555585005919
68.52932575593823
68.65313636595923
68.77698921849301
68.9008858327891
69.02482770737313
69.14881631843824
69.27285311823223
69.39693953344286
69.52107696358345
69.64526677938122
69.76951032117015
69.89380889729134
70.01816378250246
70.14257621639862
70.26704740184661
70.39157850343415
70.51617064593628
70.64082491280053
70.76554234465263
70.89032393782506
71.01517064291042
71.1400833633414
71.2650629539987
71.39011021984922
71.51522591461693
71.64041073948889
71.76566534185932
71.89099031411482
72.01638619246344
72.14185345581112
72.26739252468795
72.39300376022643
72.51868746319273
72.64444387307178
72.77027316720687
72.89617545999458
73.02215080213561
73.14819917994127
73.27432051469616
73.40051466207801
73.5267814116359
73.65312048632812
73.7795315421216
73.90601416765433
74.03256788396321
74.1591921442798
74.28588633389607
74.41264977010188
74.53948170219574
74.66638131156945
74.79334771186608
74.92037994921053
75.04747700251163
75.17463778383465
75.30186113884245
75.42914584730305
75.55649062366261
75.68389411768383
75.81135491515043
75.93887153863862
76.06644244835682
76.19406604305401
76.32174066099661
76.44946458101388
76.57723602361214
76.70505315215837
76.83291407413287
76.9608168424503
77.08875945684827
77.21673986534256
77.34475596574782
77.47280560726267
77.6008865921184
77.72899667728939
77.85713357626366
77.98529496087212
78.11347846317472
78.24168167740243
78.36990216195352
78.49813744144205
78.62638500879791
78.75464232741695
78.88290683335947
79.01117593759534
79.1394470282936
79.26771747315456
79.39598462178174
79.52424580809077
79.65249835275279
79.7807395656697
79.90896674847795
80.03717719707674
80.16536820417753
80.29353706187169
80.42168106421411
80.54979750981988
80.6778837044717
80.80593696373501
80.9339546155784
81.06193400299698
81.18987248663622
81.31776744741389
81.44561628913802
81.57341644111854
81.7011653607699
81.8288605362019
81.95649948879601
82.08407977576384
82.21159899268447
82.33905477601674
82.46644480558281
82.59376680701872
82.72101855418795
82.84819787155404
82.97530263650869
83.10233078165187
83.22928029701951
83.35614923225604
83.48293569872978
83.60963787158859
83.73625399175309
83.86278236784416
83.98922137804165
84.11556947187059
84.24182517191095
84.36798707542711
84.49405385591321
84.62002426454968
84.74589713156594
84.87167136750328
84.9973459643718
85.12291999669448
85.24839262243178
85.37376308378067
85.4990307078423
85.6241949071531
85.7492551800756
85.87421111104712
85.99906237068663
86.12380871576002
86.24844998900451
86.37298611881388
86.49741711878622
86.62174308713637
86.74596420597553
86.87008074046051
86.99409303781536
87.11800152622803
87.2418067136239
87.36550918631886
87.48910960755418
87.61260871591551
87.73600732363789
87.85930631479803
87.98250664339506
88.10560933131958
88.22861546621121
88.3515261992043
88.4743427425623
88.59706636720162
88.71969840010641
88.84224022163508
88.96469326272043
89.08705900196654
89.20933896264674
89.33153470960806
89.45364784608765
89.57568001044686
89.697632872828
89.81950813173856
89.94130751056755
90.06303275403778
90.18468562459842
90.3062678987616
90.42778136338691
90.54922781191866
90.67060904058033
90.79192684453122
90.91318301399045
91.03437933033379
91.15551756216897
91.27659946139491
91.39762675925115
91.51860116236256
91.63952434878414
91.76039796404999
91.88122361723019
92.00200287699913
92.1227372677187
92.24342826554089
92.3640772945344
92.48468572284098
92.60525485886596
92.72578594750807
92.84628016643448
92.96673862240725
93.08716234766705
93.20755229637966
93.3279093411508
93.44823426961436
93.56852778109821
93.68879048337162
93.80902288947816
93.92922541465809
94.04939837336444
94.16954197637772
94.28965632802515
94.40974142351051
94.52979714636017
94.6498232659906
94.76981943540277
94.88978518900846
95.00971994059323
95.12962298141808
95.24949347846227
95.36933047280824
95.4891328781686
95.60889947955381
95.7286289320787
95.84831975990589
95.96797035532374
96.08757897795651
96.20714375410448
96.3266626762127
96.44613360246721
96.56555425651815
96.6849222273293
96.80423496915346
96.92348980163221
97.04268391001771
97.16181434551429
97.28087802573752
97.39987173528895
97.51879212644546
97.63763571996348
97.75639890599807
97.87507794513651
97.99366896954682
98.11216798424122
98.2305708684542
98.34887337713478
98.46707114255359
98.58515967602425
98.70313436973963
98.82099049872333
98.93872322289592
99.05632758925576
99.17379853417349
99.29113088579872
99.40831936657757
99.52535859587901
99.64224309272747
99.75896727863919
99.87552548055993
99.9919119339018
100.10812078567739
100.2241460977296
100.33998185005595
100.45562194422513
100.57106020688371
100.6862903933498
100.80130619128914
100.91610122446929
101.03066905658585
101.14500319515565
101.2590970954713
101.37294416461242
101.48653776550867
101.59987122104911
101.71293781823277
101.82573081235608
101.93824343123339
102.05046887944758
102.16240034262938
102.27403099176462
102.3853539875301
102.49636248465907
102.60704963633697
102.71740859862717
102.82743253492725
102.93711462045513
103.04644804676417
103.15542602628608
103.26404179690002
103.37228862652483
103.48015981773045
103.587648712364
103.69474869618563
103.80145320350817
103.90775572183583
104.01364979649617
104.11912903525996
104.22418711294307
104.32881777598533
104.43301484700163
104.53677222930008
104.64008391136252
104.74294397128216
104.8453465811537
104.94728601141225
105.04875663511751
105.14975293217975
105.25026949352326
105.350301025183
105.44984235233
105.54888842322038
105.64743431306232
105.74547522779613
105.8430065077826
105.9400236313947
106.0365222185074
106.13249803388061
106.22794699043124
106.32286515239099
106.41724873834613
106.51109412415593
106.60439784574663
106.69715660177741
106.78936725617467
106.88102684053143
106.97213255636797
107.06268177724922
107.15267205075446
107.24210110029554
107.3309668267811
107.41926731012398
107.50700081059011
107.59416576998734
107.68076081269402
107.76678474652641
107.85223656344391
107.93711544009142
108.02142073817896
108.10515200469916
108.18830897198376
108.27089155760012
108.3528998640881
108.43433417853754
108.51519497200746
108.5954828987887
108.67519879551224
108.75434368010639
108.83291875060598
108.91092538381662
108.98836513383714
109.06523973044358
109.14155107733751
109.2173012502605
109.2924924949753
109.36712722511407
109.44120801989396
109.51473762170025
109.58771893353759
109.66015501634996
109.73204908621
109.8034045113788
109.87422480923857
109.94451364310015
110.01427481888805
110.08351228170562
110.15223011228323
110.22043252331247
110.28812385566943
110.35530857453085
110.42199126538736
110.48817662995731
110.55386948200481
110.6190747430664
110.68379743809085
110.74804269099714
110.81181572015596
110.87512183379927
110.93796642536263
111.00035496876508
111.06229301363119
111.12378618045939
111.18484015573968
111.24546068702462
111.30565357795747
111.3654246832619
111.42477990369817
111.48372518098991
111.5422664927266
111.60040984724579
111.65816127849901
111.71552684090496
111.772512604194
111.8291246482482
111.88536905794031
111.94125191797464
111.99677930773233
112.05195729612338
112.10679193644826
112.16128926127267
112.21545527731935
112.26929596038117
112.32281725025935
112.37602504572972
112.42892519954076
112.48152351344773
112.53382573328811
112.58583754410365
112.6375645653148
112.68901234595246
112.74018635995272
112.79109200152114
112.84173458057315
112.89211931825658
112.94225134256233
112.99213568402884
113.04177727154577
113.09118092826323
113.14035136761272
113.18929318944659
113.23801087630245
113.2865087897995
113.33479116717315
113.38286211795453
113.43072562080086
113.47838552048195
113.52584552502738
113.57310920303935
113.62017998117683
113.66706114181484
113.71375582088247
113.76026700588336
113.80659753410266
113.8527500910039
113.89872720881915
113.94453126533547
113.9901644828803
114.03562892750786
114.08092650838667
114.12605897738747
114.17102792886938
114.21583479966166
114.2604808692383
114.30496726008148
114.3492949382307
114.39346471401286
114.43747724294981
114.48133302683921
114.52503241500524
114.56857560571491
114.61196264775533
114.65519344216666
114.69826774412589
114.74118516497579
114.78394517439365
114.82654710269522
114.86899014326896
114.9112733551354
114.9533956656265
114.99535587318003
115.03715265024387
115.07878454628492
115.12024999089756
115.16154729700652
115.2026746641596
115.24363018190589
115.28441183325454
115.32501749820865
115.36544495736946
115.40569189560615
115.44575590578684
115.48563449256558
115.52532507621886
115.56482499652539
115.60413151668372
115.64324182726291
115.6821530501813
115.72086224270807
115.75936640148196
115.79766246654124
115.83574732535972
115.87361781688453
115.91127073557193
115.94870283541714
115.98591083397419
116.02289141636204
116.0596412392526
116.09615693483768
116.1324351147726
116.16847237409395
116.20426529510924
116.23981045125602
116.27510441092757
116.31014374126103
116.34492501188363
116.37944479861353
116.41369968711224
116.44768627648484
116.48140118282431
116.51484104269691
116.54800251656589
116.580882292151
116.61347708772128
116.64578365531891
116.67779878391248
116.709519302478
116.74094208300558
116.7720640434289
116.80288215047479
116.83339342243148
116.8635949318353
116.89348380807492
116.92305723991304
116.95231247792385
116.98124683684519
117.0098576978432
117.03814251068736
117.06609879583318
117.09372414640991
117.12101623011115
117.14797279098669
117.17459165113446
117.20087071229189
117.2268079573259
117.25240145162213
117.27764934437376
117.30254986977043
117.3271013480881
117.3513021866806
117.37515088087419
117.39864601476582
117.42178626192624
117.44457038600918
117.46699724126718
117.48906577297608
117.51077501776997
117.53212410388831
117.55311225133671
117.57373877196365
117.59400306945571
117.61390463925369
117.63344306839173
117.65261803526192
117.6714293093068
117.68987675064221
117.70796030961282
117.72568002628253
117.74303602986282
117.76002853808103
117.77665785649089
117.79292437772784
117.80882858071078
117.82437102979173
117.83955237385504
117.85437334536795
117.86883475938527
117.88293751251132
117.89668258182274
117.91007102375517
117.92310397295734
117.93578264111642
117.94810831575802
117.96008235902406
117.97170620643095
117.98298136561067
117.99390941503651
118.00449200273607
118.01473084499338
118.02462772504185
118.03418449174916
118.04340305829425
118.05228540083732
118.06083355718278
118.06904962543484
118.07693576264597
118.08449418345793
118.09172715873564
118.09863701419391
118.10522612901713
118.11149693447186
118.11745191251197
118.12309359437478
118.12842455916729
118.13344743244085
118.13816488475237
118.1425796302089
118.14669442499195
118.15051206585753
118.1540353886075
118.15726726652798
118.16021060879137
118.16286835881903
118.16524349260231
118.16733901697972
118.16915796786753
118.17070340844242
118.17197842727438
118.17298613640963
118.17372966940314
118.17421217930183
118.17443683657922
118.17440682702255
118.17412534957356
118.1735956141236
118.17282083926426
118.17180424999498
118.1705490753896
118.16905854622411
118.16733589256756
118.16538434133787
118.16320711382349
118.16080742317212
118.15818847184681
118.15535344905044
118.15230552811857
118.14904786388155
118.14558358999676
118.14191581625317
118.13804762584999
118.13398207265215
118.12972217842588
118.12527093005752
118.1206312767593
118.11580612726647
118.11079834703088
118.10561075541563
118.10024612289641
118.09470716827519
118.0889965559117
118.08311689297926
118.07707072675038
118.07086054191728
118.0644887579528
118.05795772651624
118.05126972890952
118.04442697358905
118.03743159373829
118.03028564490631
118.02299110271855
118.01554986066566
118.00796372797544
118.0002344275727
117.99236359413209
117.98435277222842
117.97620341458907
117.96791688045249
117.95949443403703
117.95093724312295
117.9422463777509
117.9334228090392
117.92446740812164
117.91538094520723
117.90616408876286
117.89681740481984
117.88734135640271
117.8777363030785
117.86800250062407
117.85814010080861
117.84814915128783
117.83802959560711
117.8277812733117
117.81740392016144
117.8068971684483
117.79626054741566
117.78549348377832
117.77459530234255
117.76356522672499
117.75240238016958
117.74110578646177
117.72967437093921
117.71810696159802
117.70640229029418
117.69455899404015
117.68257561639739
117.67045060896469
117.65818233296334
117.64576906091911
117.63320897844123
117.62050018609845
117.60764070139184
117.59462846082378
117.5814613220629
117.56813706620464
117.55465340012726
117.54100795894287
117.52719830854339
117.51322194824097
117.49907631350156
117.48475877877097
117.47026666039203
117.45559721961256
117.44074766568455
117.42571515905517
117.41049681464908
117.39508970524223
117.37949086492658
117.36369729266487
117.3477059559347
117.33151379446194
117.31511772404296
117.29851464045537
117.28170142345577
117.26467494086141
117.24743205271186
117.22996961550614
117.21228448651031
117.19437352813036
117.17623361234341
117.15786162517934
117.13925447124329
117.12040907827024
117.10132240170257
117.08199142928133
117.06241318564075
117.0425847368961
117.02250319521401
117.00216572335471
116.98156953917616
116.96071192008996
116.9395902074588
116.9182018109265
116.89654421267237
116.87461497158249
116.85241172733019
116.82993220435849
116.80717421575768
116.78413566703186
116.76081455974854
116.73720899506604
116.71331717713387
116.68913741636213
116.66466813255674
116.63990785791866
116.61485523990466
116.58950904394867
116.56386815604326
116.53793158518071
116.51169846565283
116.48516805920774
116.45833975706311
116.43121308177517
116.40378768896373
116.37606336889364
116.3480400479123
116.31971778974348
116.29109679663775
116.2621774103798
116.23296011315203
116.20344552825445
116.17363442068033
116.14352769754593
116.1131264083729
116.08243174522163
116.05144504267359
116.02016777766123
115.98860156914434
115.95674817763272
115.92460950455511
115.89218759147438
115.8594846191492
115.82650290644328
115.79324490908338
115.75971321826698
115.72591055912078
115.69183978901144
115.65750389570955
115.62290599540783
115.58804933059437
115.55293726778157
115.51757329509215
115.4819610197035
115.44610416515062
115.41000656848817
115.37367217731301
115.3371050466483
115.30030933569097
115.26328930442494
115.22604931010235
115.18859380359541
115.15092732562178
115.11305450284661
115.07498004386528
115.0367087350717
114.99824543641719
114.95959507706485
114.92076265094434
114.88175321221277
114.84257187062715
114.80322378683482
114.76371416758789
114.72404826088851
114.6842313510721
114.64426875383643
114.60416581122391
114.5639278865647
114.52356035938854
114.48306862031237
114.44245806591098
114.40173409357695
114.36090209637578
114.31996745790335
114.27893554715186
114.23781171339195
114.19660128107776
114.15530954478189
114.1139417641671
114.07250315900242
114.03099890423087
113.98943412509598
113.94781389233484
113.90614321744377
113.86442704802246
113.8226702632019
113.78087766916124
113.73905399473793
113.69720388713554
113.65533190773331
113.61344252800066
113.57154012551999
113.52962898012086
113.48771327012915
113.44579706873438
113.40388434047887
113.36197893787121
113.32008459812678
113.2782049400378
113.23634346097472
113.1945035340215
113.15268840524723
113.11090119111762
113.06914487604823
113.02742231010191
112.9857362068324
112.94408914127453
112.90248354808105
112.86092171980548
112.81940580532981
112.77793780843538
112.73651958651536
112.69515284942682
112.65383915848113
112.61257992557128
112.57137641243551
112.53022973005616
112.4891408381932
112.44811054505193
112.40713950708484
112.36622822892754
112.32537706346979
112.28458621206234
112.24385572486109
112.20318550131027
112.16257529076712
112.122024693271
112.08153316045981
112.04109999663525
112.00072435997676
111.96040526390256
111.92014157857592
111.87993203255361
111.8397752145727
111.79966957547198
111.7596134302428
111.71960496020371
111.67964221529327
111.63972311647537
111.59984545825161
111.56000691127578
111.52020502506618
111.48043723081175
111.44070084426814
111.40099306873994
111.3613109981451
111.32165162015691
111.28201181941985
111.2423883808358
111.20277799291786
111.16317725120963
111.12358266176842
111.08399064471031
111.04439753781539
111.00479960019187
110.9651930159978
110.92557389821901
110.88593829250318
110.84628218104946
110.80660148655353
110.76689207620872
110.72714976576346
110.6873703236355
110.64754947508256
110.60768290642945
110.56776626935222
110.52779518521858
110.48776524948484
110.44767203614823
110.40751110225393
110.3672779924549
110.32696824362166
110.28657738949802
110.24610096539858
110.20553451294383
110.16487358482688
110.1241137496054
110.0832505965118
110.04227974027482
110.00119682594483
109.95999753371508
109.91867758373145
109.87723274088297
109.83565881956623
109.79395168841701
109.75210727500202
109.71012157046427
109.66799063411601
109.62571059797325
109.5832776712257
109.54068814463655
109.49793839486678
109.45502488871922
109.41194418729732
109.36869295007365
109.32526793886417
109.28166602170381
109.2378841766191
109.19391949529347
109.14976918662092
109.10543058014309
109.06090112936477
109.0161784149418
108.97126014773653
108.92614417173479
108.8808284668196
108.83531115139567
108.78959048485854
108.74366486990095
108.69753285465083
108.65119313463401
108.60464455455644
108.55788610990055
108.51091694833167
108.46373637091074
108.41634383310986
108.36873894562791
108.32092147500362
108.2728913440236
108.2246486319226
108.17619357437445
108.12752656327302
108.07864814630238
108.02955902629549
107.98026006038174
107.93075225892449
107.88103678425011
107.83111494917102
107.78098821530523
107.73065819119586
107.68012663023342
107.62939542838456
107.57846662173142
107.52734238382709
107.47602502287361
107.42451697872889
107.37282081974843
107.3209392394674
107.26887505312925
107.21663119406765
107.16421070994943
107.11161675888536
107.05885260541538
107.00592161637508
106.9528272566505
106.8995730848286
106.846162748751
106.79259998097893
106.73888859417752
106.68503247642718
106.6310355864697
106.5769019488971
106.52263564929206
106.46824082932756
106.41372168183432
106.35908244584505
106.30432740162394
106.24946086569025
106.19448718584556
106.139410736213
106.08423591229734
106.02896712607333
105.97360880110921
105.91816536773229
105.86264125824277
105.80704090218262
105.75136872166581
105.69562912677632
105.63982651103855
105.5839652469641
105.52804968167878
105.4720841326333
105.41607288340093
105.36002017956467
105.30393022469569
105.2478071764235
105.1916551425977
105.135478177541
105.07928027839328
105.02306538154629
104.96683735916962
104.91060001582865
104.8543570851957
104.79811222685576
104.74186902320933
104.68563097647426
104.62940150578912
104.5731839444213
104.5169815370824
104.46079743735207
104.40463470521114
104.34849630468487
104.29238510159779
104.23630386144167
104.18025524735843
104.1242418182403
104.0682660269491
104.01233021865652
103.95643662930625
103.90058738419917
103.8447844967021
103.78902986707998
103.73332528145055
103.67767241086072
103.62207281048255
103.56652791892655
103.51103905766955
103.45560743059455
103.40023412363949
103.34492010455095
103.28966622273946
103.23447320923297
103.1793416767258
103.12427211972123
103.06926491476678
103.01432032078172
102.95943847947738
102.9046194158717
102.84986303889956
102.79516914212046
102.74053740452472
102.68596739143969
102.63145855553795
102.57701023795049
102.52262166948695
102.46829197196483
102.41402015964921
102.35980514080437
102.30564571935871
102.2515405966842
102.19748837349071
102.14348755183629
102.08953653725358
102.03563364099158
101.98177708237004
101.92796499124321
101.87419541056803
101.82046629907265
101.76677553402064
101.71312091406762
101.65950016220651
101.60591092879847
101.55235079468625
101.49881727438694
101.4453078193595
101.39181982134252
101.33835061575766
101.28489748517356
101.23145766282423
101.17802833617608
101.1246066505382
101.07118971270901
101.01777459465299
100.96435833720031
100.9109379537642
100.85751043407103
100.80407274789818
100.7506218488156
100.69715467792693
100.64366816760636
100.5901592452287
100.53662483689024
100.48306187111743
100.42946728256001
100.37583801566447
100.3221710283236
100.26846329549741
100.21471181280057
100.16091360005086
100.10706570477348
100.05316520565484
99.99920921593977
99.94519488676653
99.89111941043367
99.83698002359287
99.78277401036095
99.72849870534455
99.67415149657128
99.61972982832171
99.56523120385643
99.51065318803452
99.45599340981934
99.40124956466875
99.34641941680715
99.29150080137796
99.23649162647686
99.1813898750656
99.12619360676635
99.07090095953649
99.01551015122524
98.96001948101329
98.90442733073618
98.84873216609296
98.79293253774173
98.73702708228436
98.68101452314258
98.62489367132864
98.56866342611406
98.51232277560004
98.45587079719232
98.39930665798349
98.34262961504587
98.28583901563783
98.22893429732707
98.17191498803376
98.11478070599705
98.0575311596676
98.00016614752892
97.94268555785035
97.88508936837624
97.8273776459549
97.76955054611139
97.71160831256721
97.65355127670996
97.59537985701668
97.5370945584345
97.47869597172242
97.42018477275833
97.36156172181468
97.30282766280591
97.24398352251144
97.18503030977736
97.12596911469946
97.06680110779048
97.00752753913305
96.94814973751836
96.88866910957047
96.82908713885645
96.76940538498282
96.70962548267887
96.64974914086663
96.58977814171597
96.52971433968351
96.4695596605339
96.40931610034279
96.34898572447999
96.28857066657072
96.22807312743119
96.16749537397341
96.1068397380737
96.04610861539864
95.98530446418302
95.92442980395363
95.86348721419343
95.80247933294261
95.74140885533446
95.6802785320644
95.61909116779096
95.55784961946695
95.49655679460109
95.43521564945043
95.37382918714577
95.31240045575221
95.25093254626695
95.1894285905574
95.1278917592435
95.06632525952837
95.00473233298187
94.9431162532821
94.88148032391969
94.8198278758701
94.75816226524041
94.69648687089644
94.63480509207518
94.57312034598768
94.51143606541719
94.44975569631738
94.38808269541353
94.32642052780939
94.26477266460184
94.20314258050514
94.14153375148699
94.0799496524174
94.01839375473021
93.95686952409638
93.8953804181087
93.8339298839772
93.77252135623469
93.71115825445254
93.64984398096654
93.58858191861232
93.52737542847053
93.46622784762049
93.40514248690143
93.34412262868155
93.28317152463508
93.22229239352869
93.16148841901811
93.10076274745616
93.04011848571379
92.97955869901632
92.91908640879747
92.85870459057361
92.79841617183985
92.73822402998957
92.67813099025938
92.61813982370091
92.55825324518145
92.49847391141651
92.43880441903826
92.37924730270271
92.31980503323888
92.26048001584303
92.2012745883207
92.14219101938039
92.08323150698135
92.02439817673798
91.965693080383
91.90711819429231
91.84867541807392
91.79036657322428
91.732193401855
91.6741575654923
91.61626064395028
91.55850413427919
91.50088944978785
91.44341791914059
91.38609078552673
91.32890920590074
91.27187425029166
91.21498690118102
91.15824805294898
91.10165851138805
91.04521899328466
90.9889301260684
90.93279244752881
90.87680640559967
90.82097235821021
90.76529057320278
90.70976122831661
90.65438441123734
90.5991601197108
90.54408826172045
90.4891686557284
90.4344010309805
90.37978502787627
90.32532019840534
90.27100600665136
90.21684182936457
90.16282695660283
90.10896059244186
90.05524185575501
90.00166978106307
89.94824331945478
89.89496133957897
89.8418226287086
89.78882589387598
89.73596976307903
89.68325278655817
89.63067343814413
89.57823011667625
89.52592114749183
89.47374478398655
89.42169920924704
89.36978253775675
89.31799281717662
89.2663280302009
89.2147860964887
89.16336487467055
89.11206216443003
89.06087570866015
89.00980319569368
88.95884226160621
88.90799049259209
88.85724542741337
88.80660455992182
88.75606534165348
88.70562518449509
88.65528146342177
88.60503151930521
88.55487266178972
88.5048021722335
88.45481730671264
88.4049152990844
88.35509336410604
88.3053487006054
88.25567849469797
88.20607992304616
88.1565501561559
88.10708636170472
88.05768570789434
88.0083453668206
87.95906251785397
87.9098343510247
87.86065807040785
87.81153089750256
87.76245007460017
87.71341286813565
87.66441657201658
87.61545851092346
87.56653604357545
87.51764656595473
87.4687875144828
87.41995636914253
87.37115065653988
87.32236795290048
87.27360588699655
87.22486214300004
87.17613446325815
87.12742065098773
87.07871857288414
87.03002616164024
86.98134141837072
86.93266241493829
86.88398729617829
86.83531428201893
86.78664166949515
86.73796783465438
86.68929123435161
86.64061040793176
86.59192397879706
86.54323065585713
86.49452923486062
86.44581859960742
86.39709772304074
86.34836566821836
86.2996215891623
86.2508647315871
86.20209443350727
86.15331012572408
86.10451133219162
86.05569767026252
86.0068688508134
85.95802467825074
85.90916505039779
85.86028995826545
85.81139948570983
85.7624938089795
85.71357319615622
85.66463800649346
85.61568868965792
85.56672578487955
85.51774992001542
85.46876181053192
85.41976225840851
85.37075215096529
85.32173245961694
85.27270423855559
85.22366862336496
85.17462682956811
85.12558015111203
85.07652995879236
85.02747769862155
84.97842489014333
84.92937312469682
84.8803240636335
84.8312794364894
84.78224103911616
84.73321073177469
84.68419043719557
84.63518213860975
84.5861878777536
84.53720975285198
84.48824991658152
84.43931057401532
84.39039398054938
84.34150243980962
84.29263830153768
84.24380395945347
84.19500184909252
84.14623444561634
84.09750426159444
84.04881384475657
84.00016577571425
83.95156266565009
83.90300715397397
83.85450190594683
83.80604961027295
83.7576529766623
83.70931473336456
83.6610376246769
83.61282440842824
83.56467785344368
83.51660073699229
83.46859584222197
83.42066595558451
83.3728138642537
83.32504235353979
83.2773542043024
83.22975219036452
83.18223907592999
83.13481761300618
83.08749053883382
83.04026057332491
82.99313041651037
82.94610274599908
82.89918021445071
82.8523654470644
82.80566103908568
82.75906955333294
82.71259351774543
82.66623542295363
82.6199977198718
82.57388281731212
82.52789307961919
82.48203082432386
82.43629831981471
82.39069778302533
82.34523137713498
82.2999012092802
82.25470932827594
82.20965772234572
82.16474831685994
82.11998297208166
82.07536348092063
82.03089156669674
81.98656888091423
81.94239700104848
81.898377428347
81.85451158564697
81.8108008152117
81.76724637658882
81.72384944449155
81.68061110670536
81.63753236202197
81.59461411820351
81.55185718997907
81.50926229707696
81.46683006229583
81.42456100961968
81.38245556238124
81.34051404147922
81.29873666365577
81.25712353984002
81.21567467356456
81.17438995946148
81.13326918184399
81.09231201337971
81.05151801386151
81.01088662908174
80.97041718981464
80.9301089109106
80.8899608905048
80.84997210934242
80.81014143022301
80.77046759756618
80.73094923710065
80.69158485567746
80.65237284120852
80.61331146273088
80.57439887059698
80.53563309679046
80.49701205536738
80.45853354302145
80.42019523977163
80.38199470976988
80.343929402226
80.30599665244611
80.26819368298189
80.23051760488684
80.19296541907696
80.1555340177928
80.11822018616047
80.08102060384911
80.04393184682297
80.00695038918585
79.97007260511614
79.9332947708912
79.89661306699898
79.86002358033593
79.82352230648954
79.78710515210506
79.75076793733584
79.71450639837647
79.67831619007805
79.642192888644
79.60613199440469
79.57012893466926
79.53417906665301
79.4982776804775
79.46242000224073
79.42660119715482
79.39081637274832
79.35506058212947
79.31932882730577
79.283616062555
79.247917197843
79.21222710228348
79.17654060763529
79.14085251183157
79.10515758253463
79.06945056071017
79.03372616421417
78.9979790913866
78.96220402464645
78.92639563408456
78.89054858105045
78.85465752173037
78.81871711071348
78.78272200454377
78.74666686525553
78.71054636389034
78.67435518399317
78.63808802508585
78.60173960611611
78.56530466887945
78.52877798141095
78.49215434134477
78.4554285792391
78.41859556186365
78.38165019544626
78.34458742887547
78.30740225685601
78.27008972301418
78.23264492295017
78.19506300723494
78.15733918435002
78.11946872357
78.08144695778789
78.04326928628417
78.00493117743976
77.96642817139333
77.9277558826442
77.88891000260186
77.84988630208285
77.81068063375461
77.77128893452574
77.73170722788247
77.69193162617138
77.65195833282759
77.61178364454658
77.5714039533989
77.5308157488869
77.49001561994318
77.44900025687095
77.40776645322457
77.36631110762893
77.32463122553544
77.28272392091152
77.240586417861
77.19821605217273
77.1556102727949
77.11276664323236
77.06968284286438
77.02635666818117
76.98278603393737
76.9389689742219
76.89490364344283
76.85058831722677
76.80602139323173
76.76120139187321
76.71612695696274
76.67079685625765
76.62520998192065
76.57936535088743
76.5332621051407
76.48689951188862
76.44027696364583
76.39339397821448
76.34625019856355
76.2988453926049
76.251179452864
76.20325239604301
76.15506436247358
76.10661561545658
76.05790654048656
76.00893764435807
75.95970955415123
75.91022301609337
75.86047889429369
75.81047816934847
75.76022193681558
75.70971140555855
75.65894789596041
75.60793283800774
75.55666776924522
75.50515433260205
75.4533942740918
75.40138944038767
75.34914177627513
75.2966533219851
75.2439262104109
75.1909626642132
75.13776499281835
75.08433558931586
75.0306769272604
74.9767915573832
74.9226821042181
74.86835126264702
74.81380179436906
74.75903652429741
74.70405833688773
74.64887017240159
74.59347502310919
74.5378759294353
74.48207597605273
74.42607828792738
74.36988602631929
74.31350238474458
74.2569305849036
74.20017387258171
74.14323551352895
74.08611878932508
74.02882699323713
73.97136342607648
73.9137313920633
73.85593419470563
73.7979751327013
73.73985749587045
73.68158456112592
73.62315958848818
73.56458581715229
73.50586646161365
73.44700470785936
73.38800370963223
73.3288665847732
73.26959641164807
73.2101962256629
73.15066901587191
73.09101772168172
73.03124522965503
72.97135437041662
72.91134791566513
72.85122857529346
72.79099899462038
72.73066175173538
72.67021935495846
72.60967424041574
72.54902876973152
72.48828522783775
72.42744582090187
72.36651267437433
72.30548783115783
72.24437324989957
72.1831708034084
72.12188227719882
72.06050936816341
71.99905368337504
71.93751673902004
71.8758999594633
71.81420467644595
71.75243212841592
71.69058345999069
71.62865972155139
71.56666186896636
71.50459076344252
71.44244717150141
71.3802317650765
71.31794512172772
71.25558772496973
71.19315996471087
71.13066213779987
71.06809444867761
71.00545701013132
70.94274984414872
70.87997288286832
70.81712596962203
70.75420886006637
70.69122122339846
70.62816264365293
70.56503262107705
70.5018305735808
70.43855583825902
70.37520767298267
70.311785258056
70.24828769793746
70.18471402302211
70.12106319148413
70.05733409117747
69.9935255415937
69.9296362958755
69.86566504288461
69.80161040932282
69.73747096190331
69.6732452095691
69.60893160575458
69.54452855068595
69.4800343937155
69.41544743568417
69.35076593130745
69.2859880915789
69.2211120861866
69.1561360459377
69.09105806518633
69.02587620426019
68.9605884918814
68.8951929275776
68.82968748407941
68.76407010970118
68.69833873070232
68.63249125362725
68.56652556762177
68.50043954672495
68.43423105213687
68.36789793446214
68.30143803592911
68.23484919258489
68.16812923646604
68.10127599774502
68.03428730685188
67.96716099657057
67.89989490410927
67.8324868731445
67.76493475583881
67.69723641483183
67.6293897252046
67.56139257641662
67.49324287421514
67.42493854251616
67.35647752525695
67.28785778821971
67.21907732082532
67.15013413789627
67.08102628138802
67.0117518220879
66.94230886128135
66.87269553238441
66.80291000254165
66.73295047418851
66.6628151865777
66.59250241726791
66.52201048357286
66.45133774396807
66.38048259945215
66.30944349485948
66.23821892012019
66.16680741146355
66.09520755256052
66.02341797560179
65.95143736230786
65.87926444486779
65.8068980068032
65.73433688375496
65.66157996418985
65.58862619002389
65.51547455715956
65.44212411593469
65.36857397148117
65.2948232839932
65.22087126890506
65.14671719697992
65.0723603943108
64.99780024223463
64.92303617715987
64.84806769030826
64.7728943273708
64.6975156880784
64.62193142568748
64.5461412463813
64.47014490858686
64.39394222220801
64.3175330477751
64.24091729551213
64.16409492432251
64.08706594069503
64.0098303975318
63.93238839289978
63.854740068707365
63.776885609307946
63.69882524003258
63.620559225654056
63.54208786878444
63.46341150820779
63.38453051714895
63.305445301480226
63.2261562978673
63.14666397185561
63.06696881589891
62.98707134733194
62.90697210628934
62.826671653573264
62.74617056847239
62.66546944653572
62.58456889730546
62.503469542013576
62.422172011247014
62.34067694258651
62.25898497822355
62.1770967625594
62.09501293979041
62.01273415148317
61.93026103414341
61.84759421678221
61.76473431848346
61.68168194597642
61.5984376912172
61.51500212898257
61.431375814479495
61.347559280973975
61.263553037443536
61.17935756625716
61.09497332088697
61.01040072365587
60.92564016352524
60.840691993926306
60.755556530638366
60.67023404971682
60.584724785474386
60.49902892851859
60.4131466238479
60.327077969008975
60.24082301231713
60.15438175114239
60.06775413026296
59.98094004028732
59.89393931614612
59.8067517356549
59.71937701814895
59.63181482319183
59.544064749359535
59.45612633310165
59.36799904768108
59.27968230219366
59.19117544066856
59.10247774125028
59.01358841546292
58.92450660755739
58.83523139394285
58.74576178270305
58.65609671319819
58.56623505575234
58.476175611426605
58.385917111878335
58.29545821930687
58.20479752648625
58.11393355688508
58.022864764873894
57.93158953602093
57.840106187476884
57.74841296844985
57.65650806077084
57.56438957955006
57.47205557392348
57.3795040278891
57.28673286123275
57.193739930542634
57.10052303031229
57.00707989413094
56.91340819596009
56.819505551495425
56.725369519612926
56.630997603897995
56.536387254256866
56.44153586860996
56.34644079466655
56.25109933177988
56.155508732881756
56.05966620649504
55.963568918822894
55.867213995912785
55.770598525893156
55.67371956128034
55.57657412135365
55.4791591945961
55.38147174119832
55.28350869562309
55.18526696922783
55.08674345294191
54.98793501999547
54.888838528696574
54.78945082525383
54.68976874664117
54.58978912350148
54.489508783085455
54.38892455222168
54.28803326031408
54.18683174236253
54.085316842002385
53.983485414558515
53.8813343301091
53.778860476554314
53.67606076268521
53.572932121248186
53.46947151200027
53.36567592475069
53.26154238238473
53.15706794386608
53.05224970721405
52.9470848124518
52.84157044452166
52.735703836163616
52.62948227075275
52.52290308509168
52.415963672154696
52.30866148378049
52.20099403331027
52.09295889816831
51.98455372238174
51.87577621903659
51.76662417266686
51.657095441573624
51.5471879600717
51.43689974066176
51.32622887612608
51.21517354154672
51.10373199624529
50.99190258564441
50.87968374305022
50.7670739913559
50.65407194466603
50.54067630984137
50.426885887963564
50.31269957571912
50.19811636670191
50.08313535263305
49.96775572449699
49.85197677359239
49.73579789249667
49.61921857594351
49.50223842161231
49.384857130828244
49.2670745091717
49.14889046699589
49.030305019851575
48.91131828881854
48.79193050074392
48.67214198838756
48.5519531904744
48.43136465165427
48.31037702236941
48.18899105863082
48.06720762170474
47.94502767771033
47.82245229712967
47.69948265423139
47.5761200264088
47.4523657934337
47.3282214366271
47.203688537948295
47.078768779003695
46.95346393997747
46.827775898486124
46.70170662835894
46.575258198345715
46.448432770753094
46.321232600010624
46.1936600311678
46.06571749832377
45.93740752299154
45.808732712398715
45.679695757726414
45.55029943228791
45.42054658964829
45.29044016168606
45.15998315659825
45.0291786568513
44.89802981707949
44.76653986193283
44.63471208387587
44.50254984093881
44.370056554422106
44.23723570655592
44.10409083811557
43.970625545994224
43.8368434807348
43.702748344022964
43.56834388614398
43.433633903405806
43.29862223553136
43.16331276302311
43.02770940450353
42.89181611403479
42.75563687842067
42.6191757144938
42.48243666639076
42.34542380281835
42.20814121431386
42.07059301050197
41.93278331735156
41.79471627443582
41.65639603219848
41.51782674922811
41.3790125895427
41.239957719886206
41.100666307039035
40.96114251514456
40.82139050305375
40.681414421690135
40.541218411436944
40.40080659954839
40.260183097587
40.11935199888882
39.978317376058044
39.83708327849314
39.69565372994577
39.55403272611402
39.41222423227094
39.27023218092972
39.12806046954727
38.98571295826775
38.84319346770808
38.7005057767875
38.557653620602416
38.414640688348065
38.27147062128824
38.128147010774505
37.98467339631639
37.84105326370421
37.697290043186214
37.55338710770103
37.409347771166594
37.26517528682665
37.12087284565568
36.97644357482339
36.83189053621935
36.68721672503845
36.54242506842739
36.3975184241922
36.25249957956744
36.10737125004739
35.96213607828003
35.81679663302453
35.671355408172765
35.525814821835304
35.38017721549202
35.234444853207584
35.08861992091207
34.94270452574657
34.79670069547442
34.650610377958664
34.50443544070652
34.35817767048167
34.211838772984954
34.06542037260368
33.918924012229354
33.77235115314369
33.625703174973296
33.478981375713175
33.332186971819596
33.18532109837278
33.03838480930952
32.89137907772576
32.74430479624945
32.59716277748353
32.44995375451899
32.30267838151795
32.15533723436641
32.007930811395674
31.86045953417192
31.71292374835331
31.565323724614125
31.41765965963514
31.269931677159967
31.122139829116996
30.97428409680645
30.826364392151895
30.67838055901534
30.530332374574915
30.382219550764308
30.234041735773037
30.085798515606502
29.937489415704835
29.78911390261938
29.640671385745705
29.492161219111992
29.3435827032216
29.194935086948576
29.046217569484966
28.897429302338693
28.748569391380684
28.59963689893966
28.450630845942907
28.30155021410111
28.15239394813535
28.00316095804457
27.853850121411977
27.704460285748507
27.55499027087138
27.40543887131569
27.25580485877675
27.10608698458072
26.95628398218117
26.80639456967905
26.65641745236352
26.506351325271144
26.356194875760824
26.205946786101865
26.05560573607247
25.905170405565773
25.75463947720033
25.604011638931983
25.45328558666418
25.302460026853822
25.151533679109832
25.000505278782043
24.84937357953808
24.698137355925752
24.54679540591826
24.39534655343959
24.243789650867395
24.09212358151063
23.940347262059444
23.788459645004902
23.63645972102614
23.484346521342527
23.33211912002877
23.179776636290647
23.027318236698726
22.87474313737743
22.722050606146972
22.569239964615882
22.416310590221507
22.263261918216035
22.11009344359552
21.956804722969498
21.8033953763687
21.649865088988197
21.496213612863546
21.342440768477775
21.188546446296883
21.034530608231634
20.880393289023417
20.72613459755199
20.57175471806302
20.417253911313324
20.26263251563203
20.10789094789588
19.95302970441703
19.798049361741857
19.64295057735934
19.487734090317968
19.332400721749945
19.17695137530152
19.02138703746855
18.86570877783658
18.709917749224935
18.55401518773457
18.39800241269956
18.241880826542108
18.08565191453106
17.929317244444253
17.772878466135
17.616337311003267
17.459695591371972
17.30295519976912
17.146118108116315
16.989186366824427
16.832162103797245
16.67504752334429
16.517844905003983
16.360556602278308
16.20318504128008
16.045732719294318
15.888202203255288
15.730596128140714
15.572917195284884
15.415168170612414
15.257351882794646
15.099471221330598
14.94152913455448
14.78352862757185
14.625472760126463
14.4673646444001
14.309207442747542
14.151004365369166
13.992758667923573
13.834473649082843
13.676152648033002
13.517799041922263
13.359416243259762
13.201007697267475
13.042576879188092
12.884127291551637
12.725662461403617
12.567185937497499
12.408701287454434
12.250212094893229
12.091721956533505
11.933234479275084
11.774753277256577
11.61628196889623
11.457824173918308
11.299383510368397
11.140963591620999
10.982568023382822
10.82420040069527
10.665864304939655
10.50756330084854
10.349300933526543
10.191080725484035
10.032906173687174
9.874780746627671
9.71670788141565
9.558690980898893
9.400733410811759
9.242838496956981
9.085009522423558
8.92724972484378
8.76956229369249
8.611950367631616
8.45441703190295
8.296965315772143
8.139598190026753
7.982318564531148
7.825129285840894
7.668033134879187
7.511032824677832
7.354130998185125
7.197330226142886
7.040633005034724
6.884041755107564
6.727558818468299
6.5711864572573715
6.414926851900981
6.258782099443545
6.102754211961959
5.946845115063084
5.791056646465854
5.635390554669256
5.479848497707294
5.3244320419919315
5.169142661244909
5.0139817355191925
4.858950550310684
4.704050295760741
4.549282065949927
4.394646858283368
4.2401455729679025
4.085779012581136
3.9315478817323823
3.777452786815367
3.623494235852419
3.4696726384298087
3.31598830572378
3.1624414506167664
3.0090321879032245
2.8557605345844697
2.7026264102518063
2.5496296375571528
2.396769942770262
2.244046956421601
2.0914602140298957
1.9390091569133088
1.786693133083198
1.6345113982193118
1.4824631167252098
1.3305473628626325
1.178763121963462
1.027109291717883
0.8755846835372973
0.7241880239904929
0.572917956311524
0.42177304197771354
0.2707517623561515
0.11985252041702774
-0.03092635748790324
-0.1815866197834585
-0.33213008776752073
-0.48255865364767153
-0.6328742785197683
-0.7830789902902917
-0.9331748815443053
-1.083164107360885
-1.2330488830778936
-1.3828314820079783
-1.532514233107693
-1.682099518601644
-1.831589771563568
-1.9809874734562587
-2.13029515163226
-2.2795153767972525
-2.428650760438064
-2.577703952217219
-2.7266776373359707
-2.8755745338677556
-3.024397390064007
-3.1731489816342604
-3.3218321090025262
-3.4704495945418845
-3.6190042797892823
-3.767499022642503
-3.9159366945412866
-4.0643201776346025
-4.21265236193609
-4.3609361424696695
-4.5091744164073235
-4.657370080201099
-4.805526026711368
-4.9536451423333565
-5.101730304123996
-5.249784376931117
-5.39781021052702
-5.545810636748485
-5.693788466645331
-5.84174648763957
-5.989687460697363
-6.137614117515912
-6.285529157727478
-6.433435246122659
-6.581335009895132
-6.729231035910037
-6.877125867998229
-7.025022004278574
-7.1729218945105435
-7.32082793747935
-7.468742478415834
-7.616667806453343
-7.764606152123826
-7.912559684895421
-8.06053051075383
-8.208520669829733
-8.356532134074522
-8.504566804986627
-8.652626511390611
-8.800713007271252
-8.948827969664872
-9.09697299661021
-9.24514960516108
-9.393359229463057
-9.541603218896356
-9.689882836287097
-9.838199256189185
-9.986553563238914
-10.134946750584406
-10.283379718392
-10.43185327243174
-10.580368122743964
-10.728924882388885
-10.877524066280987
-11.026166090109971
-11.174851269349833
-11.323579818357791
-11.472351849564594
-11.621167372757744
-11.770026294459122
-11.918928417398583
-12.067873440085144
-12.216860956477241
-12.365890455753524
-12.514961322185536
-12.664072835113567
-12.813224169026777
-12.962414393748585
-13.111642474728281
-13.260907273439823
-13.410207547888517
-13.559541953226029
-13.708909042474032
-13.858307267356706
-14.007734979242358
-14.15719043019405
-14.306671774129086
-14.456177068086973
-14.6057042736053
-14.755251258202778
-14.904815796968665
-15.054395574257658
-15.203988185489226
-15.353591139050113
-15.50320185829877
-15.652817683670412
-15.802435874881402
-15.95205361323149
-16.10166800400244
-16.2512760789513
-16.40087479889646
-16.550461056394617
-16.700031678506484
-16.84958342964908
-16.99911301453214
-17.14861708117611
-17.298092224009064
-17.44753498703974
-17.596941867103762
-17.746309317180188
-17.895633749775424
-18.04491154037119
-18.194139030933158
-18.343312533476606
-18.492428333685154
-18.6414826945786
-18.79047186022558
-18.93939205949681
-19.08823950985445
-19.237010421173355
-19.38570099958989
-19.53430745137391
-19.682825986819584
-19.831252824150656
-19.9795841934359
-20.127816340510496
-20.27594553089893
-20.423968053734974
-20.571880225674228
-20.71967839479499
-20.86735894448328
-21.01491829729796
-21.16235291881194
-21.309659321425368
-21.456834068146446
-21.603873776335274
-21.75077512140633
-21.89753484048516
-22.044149736015026
-22.190616679309425
-22.336932614046543
-22.483094559701485
-22.629099614912533
-22.77494496077763
-22.920627864077417
-23.06614568042123
-23.21149585731247
-23.35667593712951
-23.50168356001824
-23.646516466692578
-23.791172501139204
-23.935649613223053
-24.07994586119013
-24.22405941406429
-24.367988553934556
-24.51173167812961
-24.65528730127601
-24.79865405723711
-24.941830700929778
-25.0848161100163
-25.227609286468628
-25.37020935800259
-25.51261557937979
-25.65482733357512
-25.79684413280813
-25.938665619436758
-26.08029156671179
-26.221721879390454
-26.36295659420787
-26.503995880205135
-26.64484003891297
-26.785489504389883
-26.92594484311428
-27.06620675373003
-27.20627606664516
-27.346153743483654
-27.48584087639051
-27.625338687190492
-27.764648526400947
-27.903771872099043
-28.042710328643977
-28.181465625254734
-28.3200396144442
-28.458434270310708
-28.59665168668815
-28.734694075156174
-28.872563762911998
-29.010263190505814
-29.147794909441703
-29.285161579646232
-29.42236596680707
-29.559410939584275
-29.696299466697162
-29.8330346138898
-29.96961954077839
-30.106057497584153
-30.24235182175537
-30.378505934482213
-30.51452333710791
-30.650407607439984
-30.786162395965544
-30.921791421974643
-31.057298469595633
-31.192687383746584
-31.327962066007
-31.46312647041405
-31.598184599187544
-31.733140498388035
-31.867998253512596
-32.00276198503302
-32.13743584388153
-32.272024006888884
-32.4065306721795
-32.54096005452861
-32.67531638068634
-32.80960388467368
-32.94382680305547
-33.077989370195624
-33.212095813499545
-33.34615034864866
-33.480157174831774
-33.61412046997741
-33.7480443859917
-33.88193304400635
-34.015790529641315
-34.14962088828627
-34.28342812040557
-34.41721617687147
-34.55098895433078
-34.68475029061002
-34.81850396016423
-34.95225366957461
-35.086003053099965
-35.2197556682868
-35.35351499164263
-35.48728441437705
-35.62106723821457
-35.75486667128356
-35.88868582408545
-36.02252770554866
-36.15639521917108
-36.29029115925521
-36.42421820723967
-36.55817892813076
-36.69217576703778
-36.826211045814944
-36.96028695981249
-37.09440557473948
-37.22856882364033
-37.36277850398736
-37.497036274891656
-37.63134365443486
-37.765702017124426
-37.900112591475164
-38.03457645771985
-38.169094545651575
-38.30366763260034
-38.43829634154602
-38.57298113936949
-38.70772233524323
-38.84252007916248
-38.97737436061729
-39.11228500740614
-39.24725168459193
-39.382273893601024
-39.51735097146665
-39.65248209021744
-39.787666256411775
-39.92290231081788
-40.058188928239794
-40.19352461748927
-40.328907721503505
-40.464336417608344
-40.5998087179265
-40.73532246993066
-40.87087535714128
-41.006464899969025
-41.142088456701664
-41.27774322463481
-41.41342624134578
-41.54913438610962
-41.68486438145661
-41.82061279487031
-41.95637604062453
-42.09215038175743
-42.22793193218033
-42.36371665891867
-42.49950038448263
-42.635278789365074
-42.77104741466421
-42.906801664828535
-43.04253681052175
-43.17824799160529
-43.313930220236315
-43.44957838407923
-43.58518724962839
-43.72075146564002
-43.85626556667084
-43.99172397672008
-44.12712101297164
-44.262450889633314
-44.397707721870276
-44.53288552983024
-44.667978242757485
-44.80297970319269
-44.937883671255506
-45.07268382900695
-45.207373784888475
-45.34194707823421
-45.47639718385209
-45.610717516669176
-45.744901436436514
-45.8789422524893
-46.01283322855851
-46.14656758763038
-46.28013851685011
-46.413539172466294
-46.546762684812045
-46.67980216331892
-46.81265070155933
-46.945301382312884
-47.07774728265223
-47.20998147904418
-47.34199705246203
-47.47378709350419
-47.60534470751474
-47.73666301970115
-47.86773518024534
-47.99855436940367
-48.129113802591455
-48.25940673544738
-48.38942646887295
-48.51916635404257
-48.648619797379865
-48.7777802654964
-48.90664129008849
-49.035196472787504
-49.1634394899591
-49.29136409744672
-49.41896413525467
-49.546233532166184
-49.67316631029189
-49.79975658954504
-49.92599859203989
-50.0518866464098
-50.177415192041565
-50.30257878322243
-50.42737209319597
-50.55178991812329
-50.675827180946044
-50.79947893514759
-50.922740368407915
-51.04560680614799
-51.16807371495963
-51.29013670591735
-51.41179153776875
-51.53303412000054
-51.6538605157777
-51.774266944753215
-51.89424978574608
-52.013805579285766
-52.13293103002156
-52.25162300899519
-52.36987855577514
-52.4876948804506
-52.60506936548354
-52.72199956741725
-52.83848321843988
-52.954518227801664
-53.07010268308483
-53.185234851325625
-53.29991317998782
-53.4141362977876
-53.527903015369425
-53.64121232583296
-53.7540634051116
-53.866455612203204
-53.97838848925284
-54.08986176148779
-54.200875337004625
-54.31142930640835
-54.421523942303345
-54.53115969863615
-54.640337209890056
-54.749057290131375
-54.857320931907694
-54.96512930499888
-55.07248375502162
-55.17938580188776
-55.28583713811675
-55.39183962700277
-55.49739530063728
-55.60250635778773
-55.70717516163377
-55.81140423736248
-55.91519626962453
-56.01855409985377
-56.12148072345293
-56.22397928684832
-56.32605308441664
-56.42770555528723
-56.528940280022496
-56.62976097717923
-56.7301714997533
-56.830175831509976
-56.92977808320292
-57.028982488685486
-57.127793400918634
-57.22621528788001
-57.324252728378966
-57.421910407781596
-57.519193113649706
-57.61610573129737
-57.71265323926907
-57.80884070474379
-57.90467327886866
-58.00015619202618
-58.09529474903867
-58.19009432431348
-58.284560356931784
-58.37869834568394
-58.47251384405373
-58.56601245515392
-58.659199826614746
-58.75208164542797
-58.844663632749494
-58.93695153866391
-59.02895113691468
-59.120668219603964
-59.21210859186706
-59.30327806652635
-59.39418245872982
-59.484827580578916
-59.575219235750886
-59.66536321412044
-59.755265286385644
-59.8449311987035
-59.93436666734103
-60.02357737334719
-60.11256895725071
-60.20134701378915
-60.28991708667413
-60.3782846633978
-60.46645517008536
-60.5544339663979
-60.642226340489934
-60.72983750402587
-60.81727258725967
-60.90453663418187
-60.99163459773856
-61.07857133512717
-61.16535160317411
-61.25198005379851
-61.33846122956654
-61.424799559340464
-61.510999354027454
-61.59706480243337
-61.68299996722666
-61.76880878101709
-61.85449504255396
-61.94006241304756
-62.02551441261826
-62.11085441687694
-62.19608565364117
-62.28121119979121
-62.36623397826994
-62.45115675523001
-62.535982137331324
-62.62071256919173
-62.70535033099329
-62.78989753624628
-62.874356129713156
-62.95872788549454
-63.043014405279195
-63.12721711675957
-63.211337272214195
-63.29537594725829
-63.37933403976396
-63.46321226895074
-63.547011174647054
-63.63073111672233
-63.714372274688714
-63.79793464747095
-63.88141805334212
-63.96482213002335
-64.04814633494587
-64.13138994567365
-64.21455206048452
-64.2976315991074
-64.38062730361318
-64.46353773945734
-64.54636129667134
-64.62909619119986
-64.7117404663808
-64.79429199456555
-64.87674847887686
-64.95910745510079
-65.0413662937091
-65.12352220200822
-65.20557222641142
-65.28751325483043
-65.36934201918214
-65.45105509800604
-65.53264891918766
-65.61411976278387
-65.69546376394592
-65.77667691593663
-65.85775507323743
-65.93869395474226
-66.01948914703533
-66.10013610774982
-66.18063016900456
-66.26096654091523
-66.34114031517643
-66.42114646871099
-66.5009798673839
-66.5806352697771
-66.6601073310218
-66.73939060668502
-66.81847955670699
-66.89736854938647
-66.97605186541071
-67.05452370192714
-67.13277817665451
-67.21080933203089
-67.28861113939618
-67.36617750320752
-67.4435022652855
-67.5205792090891
-67.59740206401798
-67.67396450974118
-67.75026018055124
-67.82628266974237
-67.90202553401107
-67.97748229787706
-68.05264645812318
-68.1275114882541
-68.20207084297365
-68.27631796268147
-68.35024627798967
-68.42384921426029
-68.49712019616427
-68.57005265226204
-68.64264001960547
-68.71487574836206
-68.78675330646072
-68.85826618425907
-68.92940789923219
-69.00017200068251
-69.07055207446925
-69.14054174775643
-69.21013469377809
-69.27932463661878
-69.34810535600755
-69.41647069212311
-69.48441455040759
-69.55193090638582
-69.61901381048634
-69.68565739285967
-69.75185586818966
-69.81760354049337
-69.8828948079038
-69.94772416742924
-70.01208621968308
-70.07597567357803
-70.13938735097875
-70.20231619130632
-70.26475725608773
-70.32670573344345
-70.38815694250584
-70.44910633776149
-70.50954951331076
-70.56948220703899
-70.62890030469364
-70.68779984386165
-70.74617701784123
-70.80402817940208
-70.86134984442825
-70.91813869543788
-70.9743915849738
-71.03010553885954
-71.08527775931523
-71.13990562792756
-71.1939867084674
-71.24751874954941
-71.30049968712868
-71.35292764682927
-71.40480094610032
-71.45611809619541
-71.50687780397155
-71.55707897350479
-71.6067207075196
-71.65580230862966
-71.7043232803874
-71.75228332813973
-71.79968235968741
-71.84652048574551
-71.89279802020283
-71.93851548017918
-71.98367358587987
-72.02827326024752
-72.07231562841153
-72.11580201693587
-72.15873395286567
-72.20111316257297
-72.24294157040177
-72.28422129711308
-72.32495465813079
-72.36514416159051
-72.4047925061931
-72.44390257886553
-72.48247745223094
-72.5205203818903
-72.55803480351838
-72.59502432977732
-72.63149274705032
-72.66744401199881
-72.70288224794652
-72.73781174109493
-72.7722369365753
-72.80616243434181
-72.83959298491052
-72.87253348494838
-72.904988972717
-72.93696462337655
-72.96846574415511
-72.99949776938902
-73.03006625543927
-73.06017687548913
-73.08983541422859
-73.11904776243094
-73.14781991142846
-73.17615794749386
-73.20406804613484
-73.23155646630951
-73.25862954457014
-73.28529368914181
-73.3115553739431
-73.33742113255587
-73.36289755215128
-73.38799126737823
-73.41270895422068
-73.43705732382958
-73.46104311633397
-73.48467309463459
-73.5079540381835
-73.53089273675349
-73.55349598420051
-73.5757705722223
-73.59772328411626
-73.61936088853977
-73.64069013327631
-73.66171773901036
-73.68245039311378
-73.7028947434458
-73.72305739216804
-73.74294488957699
-73.76256372795629
-73.78192033545272
-73.80102106998052
-73.81987221315924
-73.8384799642902
-73.8568504343763
-73.87498964019076
-73.89290349840078
-73.91059781975301
-73.92807830332723
-73.94535053086477
-73.9624199611782
-73.97929192464917
-73.995971617822
-74.01246409810008
-74.02877427855222
-74.0449069228354
-74.0608666402413
-74.0766578808734
-74.09228493096188
-74.10775190832427
-74.123062757979
-74.13822124791906
-74.1532309650531
-74.16809531132137
-74.182817499994
-74.1974005521582
-74.21184729340061
-74.22616035069095
-74.24034214947264
-74.25439491096617
-74.26832064969128
-74.28212117121367
-74.29579807012189
-74.30935272824033
-74.32278631308472
-74.33609977656553
-74.34929385394386
-74.36236906304381
-74.37532570372545
-74.38816385762217
-74.40088338814516
-74.41348394075598
-74.42596494350798
-74.43832560785697
-74.45056492974183
-74.46268169093523
-74.47467446066432
-74.48654159750012
-74.49828125151348
-74.50989136669463
-74.52136968363342
-74.53271374245557
-74.54392088600999
-74.55498826330093
-74.56591283315909
-74.57669136814543
-74.58732045868119
-74.59779651739719
-74.60811578369551
-74.61827432851653
-74.62826805930418
-74.63809272516228
-74.64774392219518
-74.65721709902535
-74.66650756248085
-74.67561048344506
-74.6845209028614
-74.6932337378848
-74.70174378817121
-74.71004574229592
-74.7181341842906
-74.72600360028896
-74.73364838527068
-74.74106284989416
-74.74824122740866
-74.75517768063669
-74.76186630901721
-74.76830115569904
-74.77447621467486
-74.78038543794612
-74.78602274270948
-74.7913820185566
-74.79645713467978
-74.80124194707635
-74.80573030574574
-74.80991606187327
-74.81379307499385
-74.81735522012998
-74.82059639489803
-74.82351052657675
-74.82609157913244
-74.82833356019496
-74.83023052797883
-74.83177659814307
-74.83296595058427
-74.83379283615706
-74.83425158331615
-74.83433660467428
-74.83404240346944
-74.83336357993495
-74.83229483756612
-74.83083098927752
-74.82896696344586
-74.82669780983419
-74.82401870539276
-74.82092495993324
-74.81741202167201
-74.81347548263922
-74.80911108395004
-74.80431472093518
-74.7990824481276
-74.79341048410278
-74.78729521616846
-74.78073320489979
-74.77372118851476
-74.76625608708527
-74.7583350065786
-74.74995524272437
-74.74111428470214
-74.73180981864517
-74.72203973095567
-74.71180211142713
-74.70109525616989
-74.68991767033607
-74.67826807064081
-74.66614538767705
-74.65354876802122
-74.64047757612776
-74.6269313960105
-74.61291003270959
-74.59841351354329
-74.58344208914413
-74.56799623427868
-74.55207664845103
-74.53568425629045
-74.51882020772463
-74.50148587794037
-74.48368286713368
-74.46541300005107
-74.44667832532367
-74.42748111459652
-74.40782386145567
-74.38770928015607
-74.36714030415318
-74.34612008444107
-74.32465198769968
-74.3027395942536
-74.28038669584386
-74.25759729321489
-74.23437559351818
-74.21072600753406
-74.18665314671274
-74.16216182003576
-74.13725703069947
-74.11194397262268
-74.08622802678094
-74.0601147573703
-74.03360990780341
-74.00671939654144
-73.97944931276477
-73.95180591188542
-73.9237956109044
-73.89542498361716
-73.86670075566958
-73.83762979946728
-73.8082191289404
-73.77847589416713
-73.7484073758588
-73.71802097970927
-73.68732423061131
-73.6563247667428
-73.62503033352534
-73.59344877745873
-73.56158803983517
-73.52945615033792
-73.4970612205297
-73.46441143723604
-73.43151505582927
-73.39838039342015
-73.36501582196416
-73.33142976128948
-73.29763067205414
-73.26362704863999
-73.22942741199103
-73.19504030240415
-73.16047427228051
-73.12573787884531
-73.09083967684404
-73.05578821122316
-73.0205920098038
-72.98525957595672
-72.94979938128671
-72.91421985833455
-72.8785293933044
-72.84273631882519
-72.80684890675428
-72.77087536103164
-72.73482381059176
-72.69870230234051
-72.66251879420304
-72.62628114825009
-72.58999712391062
-72.55367437127904
-72.51732042452466
-72.48094269541048
-72.44454846692804
-72.40814488705519
-72.37173896264369
-72.33533755344376
-72.29894736627239
-72.26257494933225
-72.22622668668771
-72.18990879290436
-72.15362730785864
-72.11738809172357
-72.08119682013637
-72.04505897955369
-72.00897986279892
-71.97296456480592
-71.93701797856363
-71.90114479126623
-71.8653494806731
-71.82963631168263
-71.79400933312343
-71.75847237476671
-71.72302904456376
-71.68768272611214
-71.65243657635426
-71.61729352351176
-71.58225626525939
-71.54732726714201
-71.51250876123856
-71.47780274507602
-71.4432109807965
-71.40873499458019
-71.37437607632603
-71.34013527959166
-71.30601342179386
-71.27201108467034
-71.23812861500369
-71.204366125609
-71.17072349658667
-71.1372003768422
-71.1037961858741
-71.07051011583064
-71.03734113383598
-71.00428798458529
-70.97134919320797
-70.93852306839801
-70.90580770581096
-70.87320099172643
-70.84070060697513
-70.80830403112873
-70.77600854695004
-70.74381124509955
-70.71170902909364
-70.67969862050961
-70.6477765644313
-70.61593923512834
-70.58418284196154
-70.55250343550614
-70.52089691388466
-70.48935902929992
-70.45788539475853
-70.4264714909744
-70.39511267344125
-70.36380417966308
-70.33254113652976
-70.30131856782504
-70.27013140185437
-70.23897447917903
-70.207842560443
-70.17673033427872
-70.14563242527748
-70.11454340201084
-70.08345778508914
-70.05237005524287
-70.02127466141263
-69.9901660288337
-69.95903856710157
-69.92788667820531
-69.89670476451562
-69.86548723671518
-69.8342285216599
-69.80292307015947
-69.77156536466583
-69.74014992685767
-69.7086713251096
-69.67712418183618
-69.64550318070127
-69.61380307368398
-69.5820186879925
-69.55014493281834
-69.5181768059238
-69.48610940005555
-69.45393790917721
-69.4216576345148
-69.38926399040979
-69.35675250997456
-69.32411885054516
-69.29135879892674
-69.25846827642799
-69.22544334368176
-69.19228020524945
-69.1589752140075
-69.1255248753145
-69.09192585095768
-69.05817496287811
-69.02426919667464
-68.99020570488737
-68.9559818100618
-68.92159500759514
-68.88704296836697
-68.8523235411564
-68.81743475484909
-68.7823748204376
-68.74714213281918
-68.71173527239539
-68.67615300647712
-68.64039429049915
-68.6044582690477
-68.56834427670405
-68.53205183870641
-68.49558067143145
-68.45893068269656
-68.4221019718833
-68.3850948298833
-68.34790973886741
-68.31054737187866
-68.2730085922502
-68.23529445284997
-68.19740619515265
-68.15934524813984
-68.12111322702934
-68.08271193183496
-68.04414334575789
-68.0054096334096
-67.96651313886706
-67.92745638356062
-67.88824206399521
-67.84887304930508
-67.80935237864263
-67.76968325840095
-67.7298690592712
-67.68991331313474
-67.64981970979032
-67.60959209351698
-67.56923445947358
-67.52875094993543
-67.48814585036892
-67.44742358534573
-67.40658871429865
-67.36564592712067
-67.32460003960954
-67.2834559887609
-67.24221882791345
-67.20089372175015
-67.15948594116036
-67.11800085796823
-67.07644393953397
-67.03482074323436
-66.99313691082897
-66.95139816271863
-66.90961029210358
-66.8677791590486
-66.8259106844631
-66.78401084400365
-66.74208566190678
-66.70014120476002
-66.65818357521935
-66.6162189056813
-66.57425335191725
-66.53229308667868
-66.4903442932807
-66.44841315917243
-66.4065058695022
-66.36462860068603
-66.32278751398802
-66.28098874912097
-66.23923841787551
-66.19754259778561
-66.15590732583847
-66.11433859223733
-66.0728423342258
-66.03142442998147
-65.99009069258629
-65.94884686408083
-65.90769860960977
-65.86665151166544
-65.82571106443667
-65.78488266827007
-65.74417162425054
-65.70358312890725
-65.66312226905033
-65.62279401674361
-65.5826032244186
-65.54255462013502
-65.50265280299281
-65.462902238701
-65.42330725530842
-65.38387203910138
-65.34460063067392
-65.30549692117556
-65.2665646487415
-65.22780739510993
-65.18922858243103
-65.1508314702716
-65.11261915281857
-65.0745945562828
-65.0367604365038
-64.99911937675482
-64.96167378574732
-64.92442589583315
-64.88737776140292
-64.8505312574787
-64.81388807849888
-64.77744973729213
-64.74121756423855
-64.70519270661461
-64.66937612811981
-64.63376860858241
-64.5983707438422
-64.56318294580845
-64.5282054426917
-64.4934382794078
-64.45888131815323
-64.42453423915069
-64.390396541564
-64.35646754458136
-64.3227463886648
-64.28923203696363
-64.25592327688875
-64.22281872184513
-64.18991681311982
-64.15721582192302
-64.12471385157917
-64.09240883986567
-64.06029856149596
-64.02838063074361
-63.99665250420433
-63.96511148369243
-63.93375471926837
-63.90257921239336
-63.871581819207364
-63.84075925392685
-63.81010809235934
-63.77962477553106
-63.74930561342401
-63.71914678881856
-63.689144361237396
-63.65929427098692
-63.629592343291534
-63.60003429251671
-63.57061572647697
-63.54133215082501
-63.51217897351839
-63.48315150936051
-63.45424498461253
-63.42545454167285
-63.39677524382134
-63.36820208002533
-63.339729969803756
-63.31135376814527
-63.283068270476605
-63.254868217677455
-63.22674830113752
-63.19870316785105
-63.17072742554345
-63.14281564782428
-63.114962379361
-63.08716214106758
-63.05940943530234
-63.03169875106923
-63.004024569215545
-62.97638136761893
-62.94876362635628
-62.921165832848004
-62.893582486971326
-62.86600810613649
-62.838437230319045
-62.81086442704142
-62.783284296296955
-62.75569147540946
-62.72808064382164
-62.70044652780544
-62.67278390508787
-62.645087609386024
-62.617352534845594
-62.58957364037772
-62.56174595388953
-62.533864576404
-62.50592468606524
-62.47792154202571
-62.44985048821209
-62.42170695696612
-62.39348647255687
-62.36518465456115
-62.336797221108746
-62.30831999198974
-62.279748891620805
-62.25107995186797
-62.222309314723326
-62.193433234833286
-62.16444808187648
-62.135350342789444
-62.106136623838516
-62.076803652536874
-62.04734827940606
-62.017767479581856
-61.988058354265114
-61.95821813201845
-61.928244169910066
-61.89813395450633
-61.867885102715285
-61.837495362483786
-61.806962613351594
-61.776284866866
-61.74546026686104
-61.71448708960562
-61.68336374382502
-61.65208877059981
-61.62066084314599
-61.58907876647944
-61.55734147696713
-61.525448041767014
-61.49339765815861
-61.46118965276619
-61.42882348067641
-61.396298724452286
-61.36361509304552
-61.330772420608774
-61.297770665209974
-61.2646099074507
-61.2312903489915
-61.197812310986784
-61.16417623243162
-61.13038266842292
-61.096432288337006
-61.06232587392574
-61.02806431733327
-60.99364861903606
-60.95907988570874
-60.92435932801876
-60.88948825835322
-60.85446808848118
-60.81930032715453
-60.783986577650545
-60.748528535259446
-60.712927984720544
-60.67718679761017
-60.64130692968469
-60.60529041818138
-60.56913937907997
-60.53285600432743
-60.49644255902838
-60.45990137860316
-60.42323486591518
-60.386445488369375
-60.349535774983636
-60.31250831343472
-60.27536574708081
-60.23811077196281
-60.20074613378695
-60.16327462489177
-60.12569908120277
-60.088022379177985
-60.05024743274738
-60.01237719024887
-59.974414631363814
-59.93636276405489
-59.89822462150882
-59.86000325908698
-59.821701751287506
-59.78332318872221
-59.74487067511167
-59.70634732430183
-59.66775625730499
-59.629100599367874
-59.59038347706901
-59.55160801544754
-59.51277733516527
-59.473894549703246
-59.43496276259471
-59.39598506469612
-59.35696453149872
-59.31790422048313
-59.278807168519464
-59.23967638931494
-59.20051487091145
-59.16132557323523
-59.122111425699885
-59.08287532486351
-59.043620132140646
-59.00434867156925
-58.96506372763277
-58.92576804313752
-58.88646431714507
-58.84715520295943
-58.80784330616911
-58.76853118274369
-58.72922133718493
-58.68991622073259
-58.6506182296252
-58.611329703416125
-58.57205292334567
-58.53279011076979
-58.4935434256459
-58.45431496507667
-58.415106761912064
-58.37592078341016
-58.33675892995627
-58.29762303384002
-58.25851485808989
-58.21943609536465
-58.18038836690125
-58.14137322151891
-58.1023921346793
-58.06344650760247
-58.024537666438796
-57.98566686149707
-57.946835266529554
-57.90804397807472
-57.86929401485896
-57.83058631725857
-57.79192174682357
-57.75330108586463
-57.71472503710482
-57.676194223397495
-57.63770918751181
-57.59927039198738
-57.56087821906005
-57.522532970661025
-57.48423486849163
-57.44598405417589
-57.407780589493036
-57.369624456692186
-57.33151555889015
-57.29345372055338
-57.25543868806444
-57.21747013037305
-57.179547639731204
-57.141670732511734
-57.103838850110044
-57.06605135992795
-57.02830755643851
-56.990606662331125
-56.95294782973583
-56.91533014152572
-56.87775261269599
-56.84021419181773
-56.80271376256463
-56.76525014531098
-56.727822098799045
-56.69042832187399
-56.65306745528386
-56.615738083542226
-56.57843873685101
-56.5411678930808
-56.50392397980579
-56.46670537639113
-56.42951041613043
-56.39233738843143
-56.355184541047834
-56.31805008235506
-56.280932183667574
-56.24382898159496
-56.20673858043392
-56.16965905459341
-56.13258845105014
-56.09552479183225
-56.058466076528475
-56.021410284820206
-55.984355379033616
-55.94729930670928
-55.91024000318629
-55.87317539419797
-55.83610339847627
-55.79902193036156
-55.761928902415036
-55.72482222803052
-55.687699824042795
-55.65055961332928
-55.61339952740184
-55.57621750898585
-55.53901151458365
-55.50177951701926
-55.46451950796137
-55.42722950042156
-55.38990753122465
-55.35255166344837
-55.315159988829464
-55.277730630133874
-55.240261743488816
-55.20275152067484
-55.16519819137574
-55.12760002538454
-55.089955334764
-55.052262475960106
-55.01451985186685
-54.97672591384111
-54.93887916366697
-54.90097815546932
-54.86302149757677
-54.825007854334444
-54.78693594786722
-54.7488045597936
-54.710612532890764
-54.672358772711334
-54.63404224915166
-54.59566199797149
-54.557217122264376
-54.518706793877925
-54.48013025478258
-54.441486818387375
-54.402775870801634
-54.3639968720413
-54.325149357178475
-54.28623293743299
-54.24724730120402
-54.20819221503972
-54.16906752454292
-54.12987315521081
-54.09060911320682
-54.05127548606219
-54.01187244330503
-53.97240023701465
-53.932859202299134
-53.89324975769369
-53.85357240547767
-53.81382773190813
-53.77401640736769
-53.734139186425004
-53.694196907806024
-53.654190494275035
-53.61412095242439
-53.57398937237166
-53.533796927362566
-53.4935448732782
-53.4532345480448
-53.41286737094469
-53.372444841828205
-53.33196854022656
-53.29144012436608
-53.250861330083914
-53.21023396964568
-53.16955993046559
-53.12884117372959
-53.0880797329226
-53.047277712260545
-53.006437285028305
-52.9655606918244
-52.92465023871312
-52.88370829528514
-52.84273729262798
-52.80173972120786
-52.760718128664784
-52.71967511752285
-52.67861334281843
-52.63753550964889
-52.59644437064474
-52.55534272336836
-52.51423340764284
-52.4731193028146
-52.43200332495399
-52.39088842399848
-52.34977758084329
-52.30867380438416
-52.26758012851763
-52.22649960910325
-52.18543532089273
-52.14439035442995
-52.10336781292584
-52.06237080911153
-52.021402462073226
-51.980465894071855
-51.93956422735049
-51.89870058093264
-51.85787806741449
-51.81709978975435
-51.77636883806251
-51.73568828639428
-51.69506118954938
-51.65449057988086
-51.61397946411732
-51.57353082020187
-51.53314759415086
-51.49283269693551
-51.45258900138917
-51.41241933914351
-51.37232649759697
-51.332313216919076
-51.29238218709388
-51.252536045005556
-51.212777371569175
-51.17310868891012
-51.133532457595365
-51.094051073919545
-51.054666867248656
-51.015382097423796
-50.97619895222691
-50.937119544910146
-50.898145911790365
-50.85928000991008
-50.82052371476645
-50.78187881810992
-50.74334702581426
-50.70492995582053
-50.666629136157084
-50.628446003038206
-50.590381899043436
-50.55243807137934
-50.51461567022561
-50.47691574716724
-50.43933925371469
-50.40188703991372
-50.36455985304677
-50.32735833642742
-50.29028302828975
-50.25333436077476
-50.21651265901572
-50.17981814032423
-50.1432509134792
-50.10681097812071
-50.070498224250436
-50.034312431840114
-49.998253270549675
-49.962320299556076
-49.92651296749373
-49.890830612507024
-49.855272462415236
-49.819837634989234
-49.78452513833967
-49.74933387141588
-49.714262624614584
-49.67931008049735
-49.64447481461557
-49.609755296441485
-49.57514989040377
-49.54065685702577
-49.50627435416457
-49.472000438349234
-49.43783306621683
-49.40377009604416
-49.36980928937371
-49.335948312732036
-49.302184739439134
-49.26851605150765
-49.23493964163047
-49.20145281525502
-49.168052792742834
-49.13473671161271
-49.10150162886581
-49.06834452339135
-49.03526229845151
-49.00225178424407
-48.96930974054161
-48.93643285940605
-48.9036177679781
-48.87086103134093
-48.8381591554572
-48.805508590178626
-48.77290573232765
-48.740346928850364
-48.707828480039645
-48.67534664282696
-48.64289763414062
-48.610477634327744
-48.57808279063713
-48.545709220760024
-48.51335301642562
-48.48101024704804
-48.44867696342167
-48.41634920146115
-48.38402298598184
-48.35169433451629
-48.31935926116265
-48.28701378046046
-48.254653911289076
-48.22227568078373
-48.18987512826411
-48.15744830917047
-48.12499129900241
-48.09250019725571
-48.05997113135269
-48.02740026056174
-47.994783779901674
-47.96211792402651
-47.929398971086506
-47.89662324656141
-47.86378712706179
-47.830887044094744
-47.79791948779016
-47.764881010583885
-47.731768230853824
-47.69857783650489
-47.6653065884992
-47.63195132432813
-47.59850896142294
-47.564976500500705
-47.531351028842465
-47.49762972350064
-47.46380985443287
-47.42988878755992
-47.39586398774574
-47.36173302169837
-47.32749356079049
-47.29314338379831
-47.25868037955772
-47.22410254953658
-47.18940801032201
-47.154594996020734
-47.1196618605708
-47.084607079963035
-47.04942925437072
-47.01412711018574
-46.97869950195931
-46.94314541424549
-46.90746396334535
-46.87165439894963
-46.83571610567762
-46.79964860451034
-46.763451554115676
-46.72712475206285
-46.69066813592329
-46.654081784255
-46.617365917467254
-46.58052089856247
-46.54354723375215
-46.5064455729441
-46.46921671009821
-46.43186158344835
-46.3943812755883
-46.356777013419816
-46.319050167961194
-46.2812022540144
-46.24323492968935
-46.20514999578424
-46.16694939502153
-46.128635211139596
-46.09020966783996
-46.05167512759053
-46.013034090285345
-45.97428919176147
-45.9354432021743
-45.89649902423278
-45.857459691296384
-45.818328365336214
-45.77910833476275
-45.73980301212279
-45.70041593166823
-45.66095074679956
-45.62141122738686
-45.5818012569716
-45.54212482985221
-45.50238604805631
-45.46258911820283
-45.42273834825701
-45.382838144180624
-45.34289300647973
-45.302907526652376
-45.26288638353779
-45.22283433956889
-45.18275623693009
-45.14265699362167
-45.10254159943301
-45.06241511182694
-45.022282651737406
-44.9821493992828
-44.94202058939768
-44.901901507385865
-44.86179748439749
-44.821713892833166
-44.781656141678376
-44.74162967177167
-44.70163995101003
-44.661692469494845
-44.621792734621714
-44.58194626611796
-44.54215859103194
-44.50243523867854
-44.46278173554534
-44.423203600164605
-44.38370633795588
-44.34429543604457
-44.30497635806173
-44.265754538930274
-44.22663537964282
-44.187624242036314
-44.14872644356844
-44.1099472521009
-44.07129188069498
-44.03276548242504
-43.99437314521568
-43.956119886708755
-43.91801064916623
-43.88005029441498
-43.842243598840035
-43.80459524843243
-43.767109833897756
-43.72979184583104
-43.69264566996306
-43.6556755824836
-43.618885745446356
-43.582280202260414
-43.545862873272675
-43.509637551445586
-43.47360789813475
-43.43777743897109
-43.402149559852056
-43.36672750304668
-43.33151436341986
-43.296513084781246
-43.26172645636401
-43.22715710943876
-43.19280751406742
-43.15867997600187
-43.12477663373223
-43.091099455689765
-43.05765023760889
-43.02443060005244
-42.99144198610402
-42.95868565923071
-42.92616270131806
-42.89387401087903
-42.86182030143836
-42.83000210009318
-42.798419746250104
-42.76707339053901
-42.7359629939037
-42.70508832686927
-42.67444896898634
-42.64404430845151
-42.61387354190346
-42.583935674393516
-42.55422951953035
-42.524753699798694
-42.49550664705244
-42.46648660318239
-42.437691620958915
-42.409119565049494
-42.380768113211005
-42.352634757656986
-42.32471680659991
-42.29701138596853
-42.26951544130033
-42.24222573980906
-42.215138872627236
-42.18825125722289
-42.16155913998979
-42.135058599010236
-42.1087455469886
-42.08261573435364
-42.056664752526856
-42.03088803735399
-42.00528087269562
-41.9798383941726
-41.95455559306147
-41.929427320335165
-41.90444829084443
-41.87961308763575
-41.854916166401736
-41.83035186005954
-41.80591438345216
-41.78159783816797
-41.75739621747336
-41.733303411353816
-41.70931321165848
-41.68541931734366
-41.6616153398103
-41.63789480833027
-41.61425117555622
-41.59067782310969
-41.56716806724235
-41.54371516456486
-41.52031231783805
-41.49695268182133
-41.47362936917291
-41.45033545639684
-41.42706398983178
-41.40380799167697
-41.38056046605074
-41.35731440507671
-41.3340627949935
-41.31079862228377
-41.28751487981772
-41.26420457300578
-41.2408607259547
-41.21747638762151
-41.19404463795923
-41.17055859404821
-41.14701141620737
-41.12339631407975
-41.09970655268672
-41.075935458445265
-41.05207642514245
-41.028122919860955
