3.552705617777988
3.614015758539796
3.6758008188342153
3.7380607536663004
3.8007952988471705
3.8640039705618934
3.9276860651446106
3.9918406590612694
4.056466609100118
4.121562552769908
4.187126908905582
4.253157878481065
4.319653445628543
4.386611378863385
4.454029232513637
4.521904348352813
4.590233857434542
4.659014682127389
4.728243538348027
4.797916937990669
4.868031191550592
4.9385824109393175
5.009566512488923
5.080979220142666
5.15281606882899
5.225072408015791
5.297743405441637
5.3708240510204925
5.444309160916349
5.518193381783975
5.592471195171756
5.667136922082487
5.742184727687802
5.8176086261917455
5.893402485838859
5.969560034061967
6.04607486276461
6.122940433732997
6.200150084172162
6.277697032360875
6.355574383419755
6.433775135186919
6.512292184195302
6.591118331745753
6.6702462900698904
6.749668688576605
6.829378080175958
6.909366947674145
6.989627710233116
7.070152729888372
7.150934318118447
7.231964742459477
7.313236233158238
7.394740989856973
7.476471188303311
7.5584189870785785
7.640576534337722
7.722935974554116
7.805489455262543
7.888229133793599
7.971147183992761
8.054235802917352
8.137487217504619
8.220893691204061
8.30444753056726
8.388141091788434
8.471966787189082
8.555917091640033
8.63998454891433
8.724161777964442
8.808441479117535
8.892816440182608
8.977279542463373
9.061823766670873
9.14644219872989
9.231128035473251
9.315874590218353
9.400675298220403
9.485523721997037
9.57041355651914
9.655338634262902
9.740292930118242
9.825270566148872
9.910265816199425
9.995273110345437
10.08028703918221
10.165302357948804
10.250313990483463
10.335317033006959
10.420306757730488
10.50527861628487
10.590228242967799
10.675151457805898
10.76004426942845
10.844902877750048
10.929723676459677
11.014503255313944
11.099238402232434
11.18392610519334
11.268563553927667
11.353148141410491
11.43767746514799
11.522149328259053
11.606561740350491
11.690912918185168
11.775201286142426
11.859425476470456
11.943584329330385
12.027676892632094
12.111702421662052
12.195660378503625
12.279550431250565
12.363372453014671
12.447126520728839
12.530812913746866
12.614432112241682
12.697984795403894
12.781471839442741
12.864894315391805
12.948253486722162
13.031550806765733
13.114787915951776
13.197966638859624
13.281088981090901
13.364157125964793
13.44717343104014
13.530140424468184
13.613060801179996
13.695937418912749
13.778773294079187
13.861571597484769
13.944335649897141
14.027068917472718
14.109775007045272
14.192457661281496
14.275120753708693
14.357768283619878
14.440404370861815
14.523033250511604
14.605659267447594
14.68828687082048
14.770920608430519
14.853565121016803
14.936225136464689
15.018905463937433
15.101610987938122
15.184346662308021
15.267117504167464
15.349928587805385
15.43278503852361
15.515692026442073
15.598654760271195
15.681678481057808
15.764768455910989
15.847929971714201
15.931168328830005
16.014488834803693
16.097896798072135
16.181397521684097
16.264996297038444
16.348698397646697
16.432509072926376
16.516433542031375
16.600476987725568
16.684644550305844
16.768941321580623
16.853372338909875
16.93794257931253
17.02265695364704
17.107520300870814
17.19253738238434
17.2777128764658
17.36305137280165
17.448557367118596
17.534235255922155
17.620089331347003
17.70612377612403
17.792342658669014
17.878749928297765
17.965349410572514
18.052144802784284
18.139139669575897
18.226337438710022
18.313741396986604
18.40135468631401
18.489180299938017
18.577221078832512
18.66547970825565
18.753958714475036
18.84266046166559
18.931587148983343
19.020740807818104
19.110123299227926
19.19973631155799
19.28958135824616
19.379659775817295
19.4699727220683
19.560521174445604
19.651305928616758
19.74232759723754
19.833586608915915
19.925083207374037
20.01681745080956
20.108789211457246
20.200998175351668
20.29344384229152
20.386125526005923
20.47904235452297
20.572193270740495
20.665577033198883
20.75919221705554
20.853037215260326
20.947110239931348
21.041409323930296
21.135932322636236
21.23067691591639
21.32564061029221
21.420820741298698
21.51621447603459
21.611818815900776
21.707630599524137
21.803646505863966
21.899863057497516
21.996276624081037
22.092883425982468
22.18967953808171
22.28666089373424
22.38382328889357
22.481162386388053
22.578673720347258
22.676352700773
22.77419461825024
22.872194648792792
22.970347858818734
23.068649210250406
23.167093565733317
23.265675693968397
23.364390275151855
23.46323190651693
23.562195107971824
23.661274327828092
23.760463948613673
23.859758292964468
23.959151629587975
24.0586381792923
24.15821212107394
24.25786759825777
24.35759872468253
24.457399590925004
24.55726427055629
24.657186826423498
24.7571613169506
24.85718180245172
24.957242351450247
25.057337046997134
25.157459992981757
25.25760532042858
25.357767193772986
25.457939817109608
25.558117440406708
25.658294365679954
25.758464953119105
25.85862362716097
25.958764882501786
26.05888329004225
26.15897350275839
26.259030261491663
26.359048400651865
26.459022853826447
26.558948659290003
26.658820965408076
26.758635035929622
26.85838625516252
26.958070133026332
27.05768230997672
27.157218561796135
27.25667480424566
27.356047097572866
27.455331650870658
27.554524826282215
27.653623143047366
27.75262328138582
27.851522086212878
27.950316570683736
28.049003919562676
28.147581492413575
28.246046826608065
28.344397640148188
28.442631834300656
28.540747496039913
28.638742900297174
28.736616512013043
28.834366987991345
28.93199317855222
29.029494128982705
29.126869080783152
29.22411747270802
29.321238941599734
29.418233323014295
29.51510065163753
29.611841161490975
29.708455285926522
29.804943657409144
29.90130710708728
29.997546664150708
30.093663554976178
30.189659202061243
30.285535222746937
30.381293427730206
30.47693581936712
30.57246458976845
30.667882118689327
30.76319097121506
30.858393895245364
30.953493818779542
31.048493847005368
31.143397259194554
31.238207505408095
31.332928203014713
31.427563133026037
31.522116236252455
31.61659160928357
31.710993500297345
31.805326304701875
31.899594560614386
31.993802944182075
32.087956264749295
32.182059459875774
32.2761175902109
32.37013583422919
32.46411948283253
32.558073933825256
32.65200468626756
32.74591733471294
32.839817563335885
32.933711139955676
33.02760390996258
33.12150179015265
33.21541076247789
33.30933686771826
33.40328619908209
33.497264895741665
33.591279136310874
33.685335132271895
33.77943912135786
33.873597360898636
33.96781612113691
34.06210167852172
34.156460308986404
34.25089828121816
34.34542184992626
34.44003724911568
34.534750685373076
34.629568331172216
34.7244963182065
34.819540730755996
34.91470759909652
35.01000289295781
35.10543251503771
35.2010022945795
35.296717981018936
35.392585237707614
35.48860963571881
35.58479664774175
35.68115164207038
35.777679876692375
35.874386493484266
35.97127651251911
36.06835482649244
36.16562619527245
36.26309524058017
36.36076644080494
36.458644125960305
36.556732472785214
36.65503549999495
36.75355706368602
36.85230085289898
36.95127038534356
37.050469003290246
37.149899869632875
37.24956596412689
37.349470079807034
37.44961481958818
37.55000259305258
37.650635613426815
37.751515894751336
37.852645249245846
37.95402528487309
38.0556574031037
38.15754279688442
38.259682448812235
38.362077129516614
38.464727396251725
38.56763359170022
38.6707958429894
38.77421406092062
38.877887939412936
38.981816955161456
39.08600036751104
39.19043721854532
39.29512633339012
39.40006632073058
39.505255573541454
39.610692270030164
39.71637437479156
39.82229964017343
39.928465607851386
40.03486961061182
40.14150877434159
40.24838002022247
40.35548006712813
40.462805434220655
40.57035244374376
40.678117224009526
40.786095712575985
40.89428365961257
41.00267663145044
41.11127001431382
41.220059018228284
41.329038681102105
41.43820387297629
41.54754930043916
41.65706951120026
41.76675889881798
41.87661170757545
41.98662203749947
42.096783849516754
42.207090970741525
42.317537099889286
42.428115812810724
42.538820568139876
42.649644713050385
42.76058148911384
42.87162403825406
42.9827654087911
43.093998561568846
43.20531637615981
43.31671165714065
43.42817714043199
43.539705499695664
43.65128935278265
43.76292126822526
43.87459377176757
43.98629935292846
44.09803047159145
44.20977956461517
44.32153905245813
44.43330134581116
44.54505885223095
44.65680398276798
44.76852915858238
44.88022681754124
44.991889420790855
45.1035094592974
45.21507946034994
45.32659199401944
45.438039679567666
45.54941519179975
45.66071126735373
45.77192071092081
45.883036401390356
45.994051297913856
46.10495844588233
46.215750982812196
46.326422144134355
46.436965268881565
46.547373805268634
46.65764131615997
46.76776148441905
46.87772811813499
46.987535155721154
47.09717667088102
47.206646877437485
47.315940134022405
47.42505094862343
47.53397398298517
47.642704056861184
47.751236152113215
47.85956541665404
47.96768716823049
48.07559689804298
48.183290274198434
48.29076314499303
48.39801154202154
48.50503168311052
48.6118199750731
48.718373016283
48.824687599065776
48.93076071190558
49.036589541466526
49.14217147442747
49.24750409912906
49.35258520703178
49.45741279398379
49.561985061296696
49.66630041662728
49.77035747466408
49.8741550576176
49.97769219551361
50.08096812628952
50.18398229569402
50.28673435699068
50.389224170466605
50.491451802747804
50.59341752592269
50.695121816475535
50.79656535403166
50.897749019916546
50.998673895531795
51.09934126055101
51.19975259093952
51.29990955680177
51.39981402006067
51.49946803197327
51.59887383048716
51.698033837441535
51.7969506556176
51.89562706564232
51.99406602275008
52.092270653406395
52.1902442517984
52.287990276196645
52.385512345192474
52.48281423381474
52.57989986952982
52.676773328128725
52.77343882950505
52.86990073332675
52.96616353460531
53.06223185916526
53.15811045901718
53.25380420763686
53.349318095153606
53.44465722345099
53.53982680118351
53.634832138712525
53.72967864296494
53.8243718122185
53.91891723081842
54.01332056383008
54.10758755163262
54.201724004459166
54.29573579688879
54.389628862295424
54.48340918725917
54.577082805945864
54.670655794460984
54.76413426518435
54.85752436109222
54.95083225007302
55.04406411924357
55.13722616927222
55.23032460871476
55.32336564836893
55.416355495652816
55.509300349012186
55.60220639236163
55.69507978956451
55.78792667895694
55.880753167920965
55.97356532751197
56.066369187145504
56.159170729348624
56.25197588458135
56.34479052613354
56.43762046510218
56.530471445454076
56.623349139178934
56.71625914153699
56.80920696640546
56.90219804172809
56.99523770507178
57.088331199294394
57.18148366832693
57.27470015307304
57.36798558742876
57.461344794425514
57.55478248249895
57.64830324188662
57.74191154115729
57.83561172387451
57.92940800539688
58.02330446981725
58.117305067042906
58.21141361001932
58.30563377209958
58.399969084561945
58.49442293427748
58.588998561530246
58.683699057991845
58.778527364851726
58.87348627110404
58.968578411991274
59.063806267604974
59.15917216164386
59.25467826032938
59.35032657147932
59.44611894373978
59.54205706597529
59.63814246681651
59.734376514364875
59.83076041605339
59.927295218662245
60.02398180848744
60.12082091165971
60.21781309461151
60.31495876468964
60.412258170911834
60.50971140486539
60.60731840174615
60.70507894153619
60.802992650319005
60.90105900173089
60.99927731854692
61.097646774399756
61.1961663956295
61.29483506326231
61.39365151511531
61.492614348025356
61.59172202019913
61.69097285368126
61.79036503693776
61.88989662755215
61.989565555031376
62.0893696237179
62.18930651580432
62.28937379444652
62.38956890697101
62.489889188172
62.59033186369378
62.690894053493636
62.7915727753808
62.892364948626366
62.99326739763909
63.09427685570101
63.195389968757
63.296603299252965
63.397913330018056
63.49931646818651
63.60080904915531
63.70238734057386
63.804047546361396
63.90578581074811
64.00759822233509
64.10948081816893
64.21142958782609
64.3134404775024
64.4155093941033
64.51763220933002
64.61980476375696
64.72202287089588
64.82428232124174
64.92657888629515
65.02890832255736
65.1312663754943
65.23364878346564
65.33605128161423
65.43846960571136
65.54089949595289
65.6433367007013
65.74577698016901
65.84821611003883
65.95064988501701
66.05307412231434
66.15548466505061
66.25787738557801
66.3602481887196
66.4625930149196
66.56490784330339
66.66718869464438
66.76943163423579
66.87163277466419
66.97378827848303
67.07589436078393
67.17794729166434
67.27994339858896
67.38187906864249
67.48375075067185
67.58555495731656
67.68728826692706
67.78894732537111
67.89052884772974
67.99202961988323
68.09344649998746
68.19477641984071
68.29601638614082
68.39716348163353
68.49821486615207
68.59916777754808
68.70001953251307
68.8007675272899
68.90140923827272
69.00194222249326
69.10236411799139
69.20267264406817
69.30286560142025
69.4029408721546
69.50289641968311
69.60273028849633
69.70244060381617
69.80202557112796
69.90148347559239
70.00081268133897
70.10001163064294
70.19907884298857
70.29801291402202
70.3968125143964
70.49547638851232
70.59400335315718
70.69239229604705
70.79064217427424
70.88875201266376
70.98672090204172
71.08454799741946
71.1822325160972
71.27977373569183
71.37717099209272
71.47442367734949
71.57153123749676
71.66849317032064
71.76530902307265
71.86197839013552
71.95850091064575
72.05487626607693
72.1511041777875
72.24718440453672
72.3431167399723
72.43890101009289
72.53453707068833
72.63002480476031
72.72536411992554
72.82055494580312
72.91559723138836
73.01049094241513
73.10523605870834
73.19983257152832
73.29428048090848
73.38857979298736
73.48273051733567
73.5767326642797
73.6705862422216
73.76429125495714
73.85784769899114
73.95125556085044
74.04451481439493
74.13762541812675
74.23058731249826
74.32340041721893
74.4160646285613
74.50857981666645
74.60094582284997
74.6931624569092
74.78522949443364
74.87714667412043
74.96891369509792
75.06053021425846
75.15199584360319
75.24331014760283
75.33447264057766
75.4254827841008
75.51633998442908
75.60704358996584
75.69759288875953
75.78798710604356
75.87822540182374
75.96830686852043
76.05823052867136
76.14799533270191
76.23760015676937
76.32704380068863
76.41632498594647
76.50544235381172
76.59439446354754
76.68317979073284
76.77179672569817
76.86024357208255
76.9485185455165
77.03661977243583
77.12454528903022
77.21229304033075
77.29986087944015
77.3872465669095
77.47444777026438
77.56146206368358
77.64828692783267
77.73491974985389
77.82135782351288
77.90759834950207
77.99363843589909
78.07947509877904
78.16510526297891
78.25052576301239
78.33573334413263
78.42072466354087
78.50549629173857
78.59004471402018
78.67436633210419
78.75845746589944
78.84231435540364
78.92593316273026
79.00930997426003
79.09244080291337
79.17532159053935
79.2579482104173
79.3403164698661
79.42242211295645
79.50426082332008
79.58582822704939
79.66711989568076
79.74813134925382
79.82885805944007
79.90929545273362
79.98943891369807
80.0692837882636
80.14882538706918
80.22805898884447
80.30697984382682
80.38558317720863
80.46386419261019
80.54181807557264
80.61943999706484
80.69672511699805
80.77366858774253
80.85026555764075
80.92651117451142
81.00240058913921
81.07792895874475
81.15309145042961
81.2278832445913
81.3022995383031
81.37633554865461
81.4499865160487
81.52324770745129
81.59611441959005
81.66858198209816
81.74064576059932
81.81230115973115
81.88354362610433
81.9543686511948
82.02477177416672
82.09474858462404
82.16429472528849
82.23340589460265
82.3020778492566
82.37030640663643
82.43808744719304
82.50541691672943
82.5722908286054
82.63870526585954
82.70465638324761
82.77014040919774
82.83515364768307
82.89969248001326
82.96375336654587
83.0273328483192
83.0904275486077
83.15303417440164
83.21514951781121
83.27677045739524
83.33789395941422
83.39851707900716
83.45863696129148
83.5182508423854
83.57735605035391
83.63595000607798
83.69403022404602
83.75159431306732
83.8086399769066
83.86516501483966
83.92116732212988
83.97664489042695
84.031595808089
84.08601826042896
84.13991052988656
84.19327099612754
84.24609813607215
84.29839052385496
84.35014683071866
84.40136582484429
84.45204637112154
84.50218743086141
84.55178806145416
84.60084741597593
84.64936474274744
84.69733938484815
84.74477077958973
84.79165845795224
84.83800204398615
84.88380125418264
84.92905589681409
84.97376587124627
85.01793116722429
85.06155186413373
85.10462813023851
85.14716022189698
85.18914848275877
85.2305933429438
85.27149531820619
85.3118550090855
85.35167310004847
85.39095035862358
85.42968763453094
85.46788585880923
85.50554604294173
85.54266927798342
85.57925673369103
85.61530965765742
85.65082937445148
85.68581728476404
85.72027486456098
85.7542036642446
85.78760530782468
85.82048149210091
85.85283398585882
85.88466462908077
85.91597533217312
85.94676807521087
85.97704490720112
86.00680794536659
86.03605937444964
86.06480144603638
86.09303647790064
86.12076685336724
86.1479950206952
86.17472349248074
86.20095484507858
86.22669171803996
86.25193681356639
86.27669289597823
86.30096279119682
86.32474938623871
86.34805562872027
86.3708845263712
86.39323914655434
86.41512261578858
86.43653811927034
86.45748890038847
86.47797826022686
86.49800955705003
86.51758620576784
86.53671167737612
86.55538949836826
86.57362325011418
86.59141656820277
86.60877314174441
86.62569671263039
86.64219107474635
86.65826007313679
86.67390760311896
86.689137609345
86.70395408481177
86.7183610698191
86.73236265087696
86.74596295956299
86.75916617133187
86.77197650427759
86.78439821784805
86.79643561151143
86.80809302337373
86.81937482874771
86.83028543867233
86.84082929838208
86.85101088572499
86.86083470952742
86.87030530790408
86.87942724651255
86.88820511675097
86.89664353389794
86.90474713519377
86.91252057786126
86.91996853706424
86.92709570380289
86.93390678274439
86.94040648998653
86.94659955075299
86.95249069701977
86.95808466507181
86.96338619298918
86.96840001806318
86.97313087414405
86.97758348892269
86.98176258114843
86.98567285778502
86.9893190111073
86.99270571574125
86.99583762565085
86.99871937107442
87.00135555541335
87.00375075207599
87.00590950128056
87.00783630682186
87.00953563280628
87.01101190035997
87.01226948431481
87.01331270987767
87.01414584928825
87.01477311847096
87.01519867368661
87.01542660819116
87.01546094890826
87.01530565312324
87.01496460520544
87.01444161336617
87.01374040645983
87.01286463083518
87.0118178472447
87.01060352781866
87.00922505311024
87.00768570921713
87.00598868498486
87.00413706929709
87.00213384845728
86.99998190366631
86.99768400860097
86.9952428270987
86.99266091095348
86.98994069782708
86.98708450928069
86.9840945489313
86.98097290073844
86.97772152742499
86.97434226903584
86.97083684163755
86.96720683616144
86.96345371739295
86.95957882310944
86.9555833633687
86.9514684199508
86.94723494595513
86.94288376555431
86.93841557390505
86.93383093721633
86.92913029297557
86.92431395033276
86.9193820906408
86.91433476815013
86.90917191085606
86.90389332149624
86.8984986786956
86.89298753825523
86.88735933458173
86.88161338225285
86.87574887771558
86.86976490111289
86.86366041823425
86.85743428258553
86.85108523757373
86.84461191880138
86.8380128564657
86.83128647785628
86.82443110994478
86.81744498206052
86.8103262286458
86.80307289208639
86.79568292561254
86.78815419626522
86.78048448792259
86.77267150438166
86.7647128724912
86.75660614533223
86.74834880544353
86.73993826808982
86.73137188457014
86.72264694556458
86.71376068451679
86.70471028105038
86.69549286441696
86.68610551697412
86.67654527769213
86.66680914568798
86.65689408378483
86.64679702209509
86.63651486162547
86.62604447790267
86.61538272461752
86.60452643728712
86.59347243693406
86.58221753378217
86.5707585309678
86.55909222826534
86.54721542582564
86.53512492792555
86.52281754672691
86.5102901060423
86.49753944510434
86.48456242233527
86.47135591911359
86.45791684353395
86.44424213415613
86.43032876373871
86.41617374295316
86.4017741240745
86.3871270046447
86.37222953110364
86.35707890238228
86.34167237345099
86.32600725881622
86.31008093595852
86.29389084870462
86.2774345105259
86.2607095077563
86.24371350272264
86.22644423677963
86.20889953324325
86.1910773002167
86.17297553330337
86.15459231820256
86.1359258331832
86.11697435143134
86.09773624326823
86.07820997823552
86.05839412704488
86.03828736338941
86.01788846561423
85.99719631824398
85.97620991336548
85.95492835186421
85.93335084451398
85.91147671291974
85.8893053903145
85.86683642221162
85.84406946691358
85.8210042958779
85.7976407939406
85.77397895939787
85.75001890394712
85.72576085248936
85.70120514279385
85.67635222502763
85.6512026611528
85.62575712419623
85.60001639739669
85.57398137323462
85.5476530523495
85.5210325423498
85.49412105652054
85.46691991243306
85.43943053046046
85.41165443220204
85.38359323882109
85.35524866930022
85.32662253861865
85.29771675585532
85.2685333222211
85.23907432902256
85.20934195555985
85.17933846696137
85.14906621195796
85.11852762059907
85.08772520191307
85.05666154151315
85.02533929915107
84.99376120622098
84.96193006321532
84.92984873713492
84.89752015885476
84.86494732044677
84.83213327246112
84.79908112116804
84.76579402576355
84.73227519554159
84.69852788703479
84.66455540112649
84.63036108013709
84.59594830488736
84.561320491741
84.52648108962948
84.49143357706161
84.45618145912015
84.42072826444716
84.38507754222046
84.3492328591232
84.31319779630944
84.27697594636781
84.24057091028753
84.2039862944303
84.16722570751249
84.13029275760236
84.09319104913759
84.05592417996756
84.01849573842541
83.98090930043479
83.94316842665664
83.90527665968061
83.86723752126561
83.82905450963453
83.7907310968282
83.75227072612385
83.71367680952305
83.67495272531339
83.63610181570793
83.59712738456533
83.55803269519383
83.51882096824151
83.47949537967376
83.44005905883914
83.40051508662513
83.36086649370559
83.32111625888153
83.28126730751721
83.24132251007238
83.20128468073078
83.16115657612401
83.12094089415102
83.0806402728936
83.0402572896277
82.99979445992975
82.95925423687734
82.91863901034324
82.87795110638118
82.83719278670233
82.7963662482405
82.75547362280375
82.71451697680996
82.67349831110394
82.63241956085406
82.59128259552566
82.55008921892889
82.50884116933835
82.46754011968179
82.42618767779598
82.38478538674715
82.34333472521271
82.30183710792042
82.26029388614157
82.21870634823543
82.17707572024281
82.1354031665268
82.09368979045954
82.05193663515436
82.0101446842423
81.96831486269198
81.92644803767226
81.88454501945742
81.84260656237475
81.80063336579477
81.75862607516459
81.71658528308504
81.67451153043217
81.63240530752549
81.59026705534498
81.54809716679918
81.50589598804643
81.46366381987107
81.42140091911543
81.37910750016763
81.3367837365054
81.29442976229487
81.25204567404379
81.20963153230778
81.167187363448
81.12471316143856
81.08220888972258
81.03967448311428
80.99710984974413
80.95451487304186
80.9118894137529
80.86923331198366
80.8265463892698
80.78382845066201
80.74107928682295
80.69829867612864
80.6554863867689
80.61264217884096
80.56976580643098
80.52685701967803
80.48391556681557
80.44094119618515
80.39793365821745
80.35489270737585
80.3118181040584
80.26870961645389
80.22556702234763
80.18239011087306
80.13917868420631
80.09593255920132
80.0526515689626
80.00933556435328
79.96598441543645
79.92259801284845
79.87917626910215
79.83571911981974
79.79222652489548
79.74869846958873
79.70513496554807
79.66153605176763
79.61790179547646
79.5742322929622
79.53052767032969
79.48678808419473
79.44301372231214
79.39920480413767
79.35536158132301
79.31148433814418
79.26757339186283
79.22362909301934
79.17965182565673
79.13564200747489
79.0916000899149
79.04752655817346
79.00342193114604
78.95928676129792
78.91512163446113
78.8709271695558
78.82670401823442
78.78245286444748
78.73817442392898
78.6938694436018
78.64953870090234
78.60518300302432
78.56080318608078
78.51640011418421
78.47197467844525
78.42752779589036
78.38306040829924
78.33857348096309
78.29406800136509
78.24954497778516
78.20500543783147
78.16045042690179
78.11588100657754
78.07129825295375
78.02670325490807
77.98209711231188
77.93748093418675
77.89285583680898
77.84822294176503
77.80358337396184
77.75893825959601
77.71428872408491
77.66963588996272
77.62498087474445
77.58032478876147
77.53566873297235
77.49101379675291
77.44636105566896
77.40171156923658
77.35706637867465
77.31242650465437
77.2677929450506
77.22316667269924
77.17854863316553
77.13393974252826
77.08934088518392
77.04475291167581
77.00017663655252
76.95561283626058
76.91106224707632
76.86652556308105
76.82200343418323
76.77749646419115
76.73300520894033
76.68853017447886
76.64407181531318
76.59963053271657
76.55520667310226
76.51080052646377
76.46641232488436
76.42204224111676
76.37769038723481
76.33335681335804
76.28904150644996
76.24474438919106
76.2004653189274
76.15620408669565
76.11196041632547
76.0677339636203
76.02352431561769
75.97933098993042
75.93515343416925
75.89099102544787
75.84684306996974
75.802708802697
75.7585873871011
75.71447791499463
75.67037940644525
75.6262908097732
75.58221100163382
75.53813878718643
75.49407290034969
75.45001200414322
75.4059546911144
75.36189948384947
75.31784483556748
75.27378913079508
75.22973068611884
75.18566775101237
75.141598508735
75.09752107729867
75.05343351049919
75.00933379900755
74.96521987151709
74.92108959594316
74.87694078067159
74.8327711758526
74.78857847473637
74.74436031504706
74.70011428039231
74.65583790170592
74.61152865872157
74.56718398147575
74.5228012518387
74.47837780507245
74.43391093141622
74.3893978776996
74.34483584898396
74.3002220102336
74.25555348801788
74.21082737224674
74.166040717942
74.1211905470476
74.07627385028172
74.03128758903244
73.98622869729888
73.94109408368013
73.89588063341466
73.85058521047307
73.80520465970613
73.75973580905003
73.71417547178925
73.6685204488785
73.62276753132318
73.57691350261763
73.53095514123953
73.48488922319865
73.43871252463754
73.39242182448135
73.34601390713357
73.2994855652143
73.25283360233806
73.20605483592823
73.1591461000649
73.1121042483623
73.06492615687199
73.01760872700771
72.97014888848747
72.92254360228826
72.87478986360922
72.82688470483951
72.77882519852703
72.7306084603445
72.6822316520492
72.6336919844321
72.5849867202525
72.53611317715438
72.48706873056169
72.43785081655044
72.38845693469516
72.33888465088755
72.28913160012534
72.2391954892693
72.18907409976639
72.13876529033773
72.08826699963087
72.0375772488358
71.98669414426483
71.93561587989568
71.88434073987678
71.83286710099354
71.78119343509307
71.72931831146398
71.67724039916776
71.62495846931778
71.57247139730178
71.5197781649441
71.46687786260439
71.41376969120948
71.3604529642149
71.30692710949221
71.25319167113808
71.19924631120101
71.14509081132142
71.09072507428048
71.03614912545264
70.98136311415725
70.92636731490505
70.87116212853469
70.815748083235
70.76012583544876
70.70429617065462
70.64826000402387
70.59201838095008
70.5355724774489
70.47892360042566
70.42207318780832
70.36502280854312
70.30777416245074
70.25032907994112
70.19268952158573
70.13485757754732
70.07683546686768
70.01862553661395
69.96023026088459
69.90165223967698
69.84289419761932
69.78395898256836
69.7248495640748
69.66556903171839
69.6061205933156
69.54650757300196
69.48673340919235
69.42680165242193
69.36671596307148
69.30648010898089
69.24609796295401
69.18557350015878
69.12491079542694
69.06411402045812
69.00318744093322
68.94213541354127
68.88096238292398
68.81967287854222
68.75827151146909
68.6967629711143
68.63515202188346
68.57344349977556
68.51164230892178
68.44975341806858
68.38778185700781
68.3257327129559
68.26361112688429
68.20142228980322
68.13917143900133
68.0768638542435
68.01450485393062
67.9520997912247
67.88965405014304
67.82717304162489
67.76466219957368
67.70212697687774
67.63957284141216
67.57700527202397
67.51442975450269
67.45185177753777
67.38927682866424
67.32671039019792
67.26415793516136
67.2016249232017
67.13911679650252
67.0766389756918
67.01419685574851
66.95179580191083
66.88944114558919
66.82713818028739
66.76489215753585
66.70270828284058
66.64059171165147
66.57854754535387
66.51658082728736
66.45469653879624
66.39289959531627
66.33119484250173
66.26958705239699
66.20808091965588
66.1466810578116
66.08539199559945
66.02421817333558
65.96316393935385
65.90223354650229
65.84143114870116
65.78076079756497
65.72022643909108
65.6598319104173
65.59958093665009
65.5394771277656
65.47952397558512
65.41972485082678
65.36008300023539
65.30060154379319
65.24128347201346
65.18213164331931
65.12314878151014
65.06433747331866
65.00570016606113
64.94723916538399
64.88895663310964
64.83085458518397
64.77293488972853
64.71519926520054
64.65764927866374
64.60028634417367
64.5431117212809
64.48612651365582
64.4293316678389
64.37272797212042
64.3163160555538
64.26009638710623
64.20406927495044
64.14823486590133
64.09259314499998
64.03714393524724
63.981886897488685
63.92682153045168
63.87194717093447
63.81726299414586
63.762768014193874
63.7084610847215
63.65434089968797
63.600405994293816
63.54665474604732
63.49308537596979
63.43969594993663
63.38648438015135
63.33344842675105
63.280585699541135
63.227893659856946
63.175369622549866
63.123010758096214
63.0708140948275
63.0187765212802
62.96689478866348
62.91516551344331
62.86358518004171
62.81215014364916
62.76085663314906
62.709700754153076
62.65867849214574
62.60778571573685
62.55701818002082
62.506371530041704
62.45584130436312
62.40542293874195
62.35511176990532
62.3049030394301
62.254791897724445
62.20477340811102
62.15484255101161
62.10499422823263
62.0552232673506
62.00552442619632
61.95589239743613
61.90632181324794
61.85680725008929
61.80734323355439
61.75792424331685
61.70854471815416
61.65919906104996
61.60988164436999
61.560586815107186
61.511308900191196
61.462042211857195
61.412781053068
61.36351972298338
61.314252522470625
61.264973759650516
61.21567775547284
61.166358849315614
61.117011404602025
61.067629814429
61.018208507201635
60.96874195226748
60.91922466554451
60.86965121513675
60.82001622693151
60.77031439017254
60.72054046300298
60.67068927797215
60.620755747500375
60.57073486929625
60.520621731720276
60.470411519088664
60.42009951691126
60.36968111705722
60.31915182284224
60.26850725403006
60.21774315174083
60.16685538325891
60.11583994673328
60.06469297576326
60.01341074386284
59.9619896687965
59.91042631677977
59.85871740653858
59.806859813221315
59.754850572158155
59.70268688246262
59.65036611047061
59.597885793012615
59.545243640514975
59.49243753992619
59.43946555746516
59.386325941188325
59.3330171233734
59.27953772271804
59.22588654635212
59.17206259166324
59.118065047934984
59.063893297798366
59.009546918497115
58.95502568296747
58.9003295607335
58.84545871861861
58.790413521274
58.7351945315254
58.679802510538885
58.62423841780663
58.568503410953106
58.51259884536217
58.456526273625464
58.40028744481243
58.34388430356217
58.28731898899759
58.230593833462144
58.17371136107949
58.11667428613658
58.05948551129149
58.00214812560734
57.944665402413825
57.88704079699818
57.82927794412734
57.77138065540316
57.71335291645272
57.65519888395596
57.5969228825133
57.5385294013559
57.48002309090168
57.42140875915999
57.36269136798836
57.30387602920473
57.24496800055863
57.18597268156509
57.12689560920484
57.06774245349459
57.00851901293157
56.94923120981673
56.88988508546072
56.8304867952765
56.77104260376234
56.71155887937897
56.65204208932488
56.59249879421361
56.53293564265721
56.473359365760075
56.413776771527864
56.35419473919626
56.29462021348496
56.235060198781866
56.17552175326267
56.116011982951534
56.056538035728806
55.99710709529239
55.93772637507942
55.87840311215518
55.81914456107677
55.759957987738744
55.70085066320763
55.641829857552125
55.58290283367586
55.524076841159626
55.46535911011989
55.40675684509051
55.348277218934356
55.28992736679129
55.23171438006932
55.17364530048508
55.11572711415931
55.05796674577306
55.00037105279023
54.94294681975208
54.885700752648404
54.828639473370515
54.77176951425105
54.71509731269583
54.65862920591331
54.60237142574618
54.54633009360963
54.49051121554009
54.434920677358654
54.37956423995313
54.324447534682115
54.26957605890447
54.21495517163776
54.16059008934945
54.106485881883934
54.052647468528384
53.9990796142203
53.94578692590016
53.89277384901197
53.840044664154384
53.78760348388516
53.73545424968153
53.6836007290592
53.63204651285178
53.58079501265325
53.529849458425524
53.479212896273445
53.4288881863888
53.37887800116527
53.329184823485996
53.27981094518463
53.23075846568036
53.18202929078745
53.13362513169937
53.08554750414759
53.03779772773526
52.990376925445666
52.943286023325065
52.89652575033886
52.850096638399854
52.80399902256675
52.758233041411124
52.71279863755114
52.66769555834997
52.622923356777385
52.5784813924327
52.53436883272769
52.49058465422802
52.44712764415197
52.403996402024795
52.36118934148714
52.31870469225549
52.27654050223247
52.2346946397651
52.19316479604918
52.151948487678446
52.1110430593369
52.070445686632915
52.03015337907288
51.990162983172006
51.95047118570027
51.91107451706147
51.87196935480363
51.83315192725831
51.794618317305996
51.756364466264465
51.71838617789631
51.68067912253194
51.64323884130333
51.60606075048388
51.56914014592978
51.53247220761874
51.496052004281225
51.45987449811973
51.42393454961142
51.38822692238902
51.35274628819472
51.317487231901836
51.28244425659908
51.24761178873199
51.21298418329586
51.178555729074375
51.14432065391786
51.11027313005478
51.0764072794306
51.04271717906822
51.00919686644475
50.975840344878904
50.94264158892348
50.90959454975784
50.8766931605753
50.843931341960385
50.81130300725145
50.77880206788414
50.74642243871135
50.71415804329585
50.68200281917164
50.649950723070035
50.61799573610686
50.586131868926984
50.55435316680193
50.52265371467705
50.49102764216467
50.45946912848005
50.427972407317256
50.39653177166251
50.365141578542065
50.33379625370149
50.302490296213804
50.27121828301357
50.239974873354285
50.20875481318602
50.177552939450365
50.14636418428965
50.11518357916695
50.08400625889344
50.05282746555967
50.021642552367254
49.990446987357515
49.95923635703399
49.92800636987572
49.89675285973816
49.86547178913865
49.83415925242376
49.802811478815485
49.771424835333605
49.73999582959145
49.70852111246238
49.67699748061453
49.64542187891156
49.61379140267694
49.582103299819366
49.550354972816635
49.51854398055529
49.48666804002379
49.45472502785701
49.42271298172993
49.39063010159843
49.35847475078485
49.32624545690571
49.293940912639286
49.26155997633121
49.229101672436784
49.19656519179914
49.163949891762954
49.131255296123285
49.0984810949095
49.065627144004324
49.03269346459801
48.99968024247811
48.96658782715535
48.93341673082692
48.90016762717828
48.8668413500253
48.83343889179871
48.79996140187329
48.7664101847444
48.7327866980547
48.69909255047359
48.6653294994321
48.631499448716205
48.59760444592096
48.5636466797686
48.52962847729325
48.495552300894
48.46142074525856
48.427236534159455
48.39300251712499
48.35872166598754
48.324397071311786
48.29003193870566
48.2556295850163
48.221193434413614
48.186727014364614
48.15223395150222
48.11771796739223
48.08318287420233
48.0486325702768
48.014071035620795
47.97950232729804
47.94493057474606
47.91035997501306
47.87579478792109
47.84123933115993
47.80669797531639
47.77217513884367
47.737675282975864
47.70320290659263
47.668762541039065
47.63435874490629
47.5999960987783
47.565679199951184
47.53141265713064
47.497201085114206
47.46304909946449
47.428961311179116
47.394942321363295
47.36099671591135
47.32712906020348
47.29334389382414
47.25964572530851
47.22603902692382
47.19252822949185
47.15911771725886
47.12581182281887
47.09261482209647
47.05953092939465
47.02656429251241
46.993718987936724
46.96099901611294
46.92840829679805
46.895950664500596
46.86362986401114
46.83144954602708
46.799413262875795
46.76752446433958
46.73578649358607
46.704202583207895
46.672775851375526
46.6415092981076
46.61040580166267
46.579468115056535
46.54869886270914
46.518100537224974
46.48767549631058
46.457425959832484
46.42735400701881
46.3974615738077
46.367750450345596
46.338222278638824
46.308878550361754
46.27972060482492
46.25074962710673
46.22196664635217
46.19337253424172
46.16496800363345
46.13675360738105
46.10872973733038
46.08089662349735
46.053254333429976
46.025802771756645
45.998541679922624
45.971470636116265
45.944589055386615
45.91789618995327
45.89139112970892
45.86507280291525
45.838939977092565
45.812991260103416
45.787225101429755
45.7616397936429
45.736233474065074
45.71100412662068
45.68594958387487
45.66106752925603
45.63635549945812
45.61181088701872
45.587430943067574
45.56321278023998
45.53915337574941
45.515249574613875
45.4914980930308
45.46789552189469
45.444438330452016
45.4211228700876
45.39794537823698
45.37490198241923
45.35198870438538
45.32920146437746
45.30653608549309
45.28398829815049
45.26155374464915
45.239227983821394
45.21700649577022
45.19488468668888
45.17285789375771
45.15092139011338
45.129070389885754
45.10730005329705
45.0856054918182
45.063981773377094
45.04242392761327
45.02092695117321
44.99948581304048
44.978095459895115
44.95675082149634
44.93544681608276
44.91417835578417
44.892940352039176
44.87172772101232
44.85053538900465
44.8293582978512
44.80819141029943
44.787029715362365
44.76586823364059
44.74470202260707
44.72352618184917
44.70233585826176
44.68112625118587
44.659892617486804
44.63863027656603
44.61733461530113
44.59600109290827
44.574625245722444
44.55320269189073
44.53172913597362
44.51020037344975
44.48861229511968
44.46696089140457
44.44524225653592
44.42345259263263
44.40158821366177
44.379645549279786
44.35762114855092
44.335511683540034
44.313313952777634
44.29102488459492
44.26864154032697
44.24616111738217
44.22358095217632
44.200898522929975
44.17811145232807
44.155217510040956
44.13221461510577
44.10910083816694
44.085874403575104
44.062533691343646
44.03907723896239
44.01550374306814
43.99181206097225
43.968001212045095
43.94407037895664
43.920018908772846
43.89584631390747
43.871552272928824
43.84713663122088
43.822599401497854
43.7979407641711
43.77316106756692
43.748260827993846
43.723240729657874
43.69810162442454
43.67284453142756
43.647470636523764
43.62198129159364
43.596378013686916
43.570662484013184
43.544836546777816
43.51890220786342
43.49286163335742
43.46671714792669
43.44047123304014
43.41412652504087
43.38768581306945
43.361152036840366
43.334528284273034
43.30781778897878
43.28102392760499
43.2541502170379
43.227200311465396
43.200177999301076
43.17308719997121
43.145931960565946
43.118716452356495
43.0914449671798
43.06412191369262
43.036751813497034
43.00933929713992
42.98188909998876
42.95440605798714
42.92689510329345
42.89936125980702
42.871809638585916
42.84424543316064
42.81667391474863
42.789100427374045
42.76153038289774
42.733969255962414
42.7064225788583
42.67889593631477
42.651394960223136
42.62392532429609
42.59649273866861
42.569102944445625
42.5417617082015
42.51447481643648
42.48724806999521
42.460087278452214
42.43299825446942
42.40598680813141
42.37905874126445
42.35221984174509
42.32547587780439
42.29883259233409
42.27229569720125
42.245870867577445
42.21956373628833
42.193379888189405
42.1673248545737
42.14140410761697
42.11562305486617
42.089987033777184
42.06450130630778
42.03917105357137
42.01400137055716
41.98899726092244
41.96416363186167
41.939505289056875
41.91502693171329
41.89073314768452
41.86662840869089
41.84271706563535
41.81900334402112
41.79549133947503
41.772185013380316
41.749088188622885
41.72620454545412
41.70353761747324
41.6810907877319
41.65886728496306
41.63687017993603
41.615102381939344
41.59356663539315
41.572265516593426
41.551201430590275
41.53037660820265
41.509793103172136
41.48945278945896
41.46935735868308
41.44950831771356
41.42990698640963
41.41055449551637
41.39145178471838
41.37259960085478
41.35399849629882
41.335648827505075
41.31755075372748
41.29970423591126
41.282109035761685
41.26476471499253
41.24767063475635
41.23082595525894
41.214229635559796
41.19788043356058
41.18177690618378
41.165917409742995
41.150300100505454
41.13492293544672
41.11978367319713
41.104879875179414
41.09020890693684
41.07576793965093
41.06155395184744
41.0475637312892
41.033793877054066
41.020240801796106
41.006900734187994
40.993769721542336
40.98084363260894
40.968118160544876
40.95558882605373
40.94325098069045
40.93109981032832
40.919130338784285
40.90733743159849
40.89571579996358
40.88426000479883
40.87296446096407
40.86182344160876
40.850831082651624
40.83998138738606
40.82926823120654
40.818685366451305
40.808226427356786
40.79788493511877
40.78765430305562
40.77752784186846
40.76749876499379
40.75756019404322
40.74770516432547
40.73792663044516
40.72821747197385
40.71857049918846
40.70897845887244
40.69943404017535
40.68992988052692
40.6804585716019
40.671012665332185
40.66158467996259
40.65216710614705
40.642752413081965
40.63333305467343
40.623901475735025
40.61445011821287
40.60497142743414
40.59545785837476
40.58590188194212
40.57629599126825
40.56663270800915
40.55690458864554
40.547104230780306
40.537224279428145
40.527257433292235
40.517196451023395
40.50703415745734
40.49676344982505
40.48637730393132
40.47586878029655
40.4652310302571
40.45445730201915
40.44354094666103
40.43247542407916
40.42125430887246
40.40987129616015
40.3983202073277
40.386594995695944
40.37468975210807
40.362598710429566
40.35031625295592
40.33783691572337
40.32515539371839
40.31226654598147
40.29916540060067
40.28584715959029
40.27230720364987
40.25854109679865
40.24454459088078
40.230313629936816
40.21584435443698
40.20113310537205
40.18617642819778
40.17097107662859
40.15551401627586
40.13980242812603
40.12383371185355
40.107605488963785
40.091115605761345
40.07436213613927
40.05734338418485
40.04005788659812
40.022504414919084
40.004681977559656
39.986589821637
39.968227434605026
39.949594545681194
39.9306911270652
39.91151739494633
39.89207381029617
39.87236107944382
39.852380154430776
39.83213223314279
39.81161875921636
39.790841421717644
39.769802154591005
39.7485031358744
39.72694678667922
39.705135769932
39.683072988875395
39.66076158532594
39.638204937686865
39.61540665871492
39.592370593040826
39.56910081444302
39.545601622874884
39.5218775412459
39.49793331195754
39.47377389319509
39.44940445497657
39.424830374960905
39.40005723401812
39.375090811565215
39.34993708067192
39.324602202940994
39.299092523168056
39.27341456378623
39.24757501910098
39.22158074932089
39.19543877439038
39.169156267630186
39.14274054919237
39.11619907933654
39.089539451534634
39.06276938541187
39.03589671953223
39.008929404037204
38.981875493146404
38.954743137529434
38.9275405765584
38.900276130451246
38.87295819231578
38.84559522010444
38.81819572848998
38.79076828067254
38.76332148012945
38.7358639623189
38.708404386348676
38.680951426621064
38.65351376446519
38.62610007976794
38.59871904261509
38.57137930495436
38.54408949229186
38.51685819543333
38.48969396228172
38.46260528970198
38.43560061546425
38.408688310276276
38.381876669915485
38.35517390747124
38.3285881457074
38.30212740955484
38.27579961874302
38.249612580579324
38.22357398288479
38.197691387094395
38.171972221530055
38.146423774854
38.1210531897096
38.095867456556405
38.07087340770563
38.046077711561864
38.02148686707615
37.99710719841569
37.97294484985498
37.949005780892506
37.9252957615965
37.90182036818278
37.878584978827135
37.855594769714415
37.83285471132611
37.81036956496793
37.78814387953891
37.766181988543124
37.744488007345424
37.72306583067184
37.70191913035485
37.6810513533235
37.66046571983772
37.6401652219658
37.62015262230359
37.60043045293402
37.5810010146255
37.56186637626742
37.54302837454061
37.52448861382068
37.50624846631196
37.48830907240979
37.47067134128834
37.453335951711
37.43630335306047
37.41957376658543
37.40314718686061
37.38702338345671
37.37120190281631
37.35568207033167
37.34046299262012
37.325543559992624
37.31092244911086
37.29659812582831
37.282568848210914
37.268832669733214
37.25538744264581
37.242230821509835
37.22936026689437
37.216773049232565
37.20446625283237
37.19243678003736
37.18068135553293
37.169196530792966
37.157978688662105
37.14702404806852
37.13632866886187
37.12588845677087
37.115699168474954
37.10575641678404
37.09605567592062
37.086592286897805
37.07736146298718
37.06835829527032
37.059577758267984
37.051014715640555
37.04266392595364
37.03452004850218
37.0265776491863
37.01883120643161
37.01127511714649
37.00390370270916
36.99671121497736
36.98969184231343
36.98283971561708
36.976148914358625
36.96961347260501
36.96322738503111
36.95698461290866
36.95087909006558
36.9449047288085
36.939055425801804
36.93332506789606
36.92770753789947
36.92219672028589
36.9167865068329
36.911470802183636
36.90624352932614
36.901098634984415
36.896030094915666
36.89103191910818
36.88609815687426
36.881222901832935
36.876400296777554
36.87162453842411
36.86688988203617
36.86219064592297
36.85752121580743
36.8528760490612
36.848249678804
36.843636717864634
36.839031862601196
36.834429896577895
36.82982569409592
36.82521422357599
36.82059055079015
36.815949841940785
36.8112873665848
36.806598500401385
36.80187872780221
36.79712364438337
36.79232895921866
36.78749049699406
36.782604199983616
36.77766612986688
36.77267246938812
36.76761952385795
36.76250372249837
36.75732161963243
36.752069895719906
36.74674535824051
36.74134494242606
36.73586571184325
36.73030485882823
36.72465970477425
36.71892770027387
36.71310642511657
36.70719358814285
36.70118702695604
36.69508470749319
36.68888472345632
36.682585295605215
36.67618477091296
36.669681621585745
36.66307444394827
36.65636195719643
36.649543002018596
36.64261653908685
36.63558164741975
36.62843752261805
36.62118347497526
36.613818927465026
36.606343413607796
36.59875657521937
36.5910581600439
36.58324801927441
36.57532610496392
36.567292467330816
36.55914725196189
36.55089069691692
36.54252312973833
36.53404496436988
36.52545669798846
36.51675890775303
36.507952247475515
36.4990374442186
36.49001529482601
36.480886662390986
36.471652472669035
36.46231371044058
36.45287141582918
36.44332668058047
36.43368064430683
36.423934490702095
36.414089443730745
36.404146763795836
36.39410774388995
36.383973705733865
36.37374599590726
36.363425981975354
36.35301504861559
36.342514593748376
36.33192602467631
36.32125075423579
36.31049019696525
36.299645765293974
36.28871886575598
36.277710895233156
36.26662323723224
36.25545725820018
36.244214303882245
36.23289569572728
36.221502727344614
36.210036661017114
36.198498724275055
36.186890106535856
36.17521195581432
36.163465375507855
36.15165142126082
36.13977109791202
36.127825356528746
36.115815091530834
36.10374113790769
36.091604268531654
36.0794051915706
36.06714454800269
36.05482290923598
36.04244077483539
36.02999857035913
36.0174966453068
36.00493527118086
35.992314639663185
35.9796348609083
35.96689596195508
35.95409788525861
35.94124048734377
35.92832353758208
35.91534671709345
35.9023096177747
35.88921174145681
35.87605249919232
35.862831210673555
35.84954710378235
35.83619931427153
35.8227868855784
35.8093087687705
35.79576382262399
35.782150813834214
35.768468417357546
35.75471521688353
35.74088970543618
35.72699028610298
35.71301527288971
35.698962891699004
35.68483128143071
35.67061849520211
35.65632250168584
35.641941186563365
35.62747235409187
35.61291372878264
35.5982629571888
35.583517609800246
35.56867518304261
35.553733101377155
35.538688719498076
35.52353932462349
35.5082821388768
35.49291432175507
35.47743297268138
35.4618351336376
35.446117791874165
35.430277882692984
35.41431229229973
35.39821786072135
35.38199138478423
35.36562962114853
35.34912928939396
35.3324870751522
35.31569963328111
35.29876359107591
35.28167555151295
35.26443209652162
35.24702979027957
35.22946518252628
35.21173481189
35.193835209222826
35.17576290093869
35.15751441234913
35.13908627099191
35.120475009947924
35.10167717114233
35.082689308626115
35.06350799183427
35.04412980881709
35.02455136944165
35.00476930856074
34.98478028914654
34.96458100538659
34.9441681857396
34.923538595948955
34.902689042011716
34.88161637310098
34.86031748443985
34.8387893201252
34.81702887589954
34.79503320186852
34.772799405161535
34.75032465253257
34.72760617289863
34.70464125981296
34.68142727387034
34.65796164504219
34.634241874939406
34.61026553900122
34.58603028860837
34.56153385311883
34.53677404182493
34.511748745830864
34.48645593984987
34.460893683920126
34.43506012503895
34.4089534987146
34.38257213043466
34.355914437049655
34.3289789280708
34.30176420688088
34.2742689718574
34.24649201740741
34.218432234913486
34.19008861359024
34.16146024125104
34.13254630498481
34.10334609174286
34.07385898883562
34.044084484338875
34.014022167409486
33.983671728510934
33.95303295954907
33.92210575391832
33.89089010645902
33.859386113326515
33.82759397177271
33.79551397984037
33.76314653597061
33.730492138523466
33.6975513852118
33.66432497244876
33.630813694609124
33.59701844320501
33.56294020597654
33.52858006589805
33.49393920010061
33.45901887871179
33.423820463613765
33.38834540712105
33.352595250578986
33.31657162288451
33.28027623893075
33.24371089797688
33.20687748194493
33.16977795364514
33.13241435493151
33.09478880478875
33.056903497351726
33.01876069985869
32.98036275053934
32.94171205643906
32.90281109118055
32.863662392664395
32.824268560709896
32.784632254637955
32.74475619079786
32.704643140040474
32.66429592514038
32.62371741816918
32.58291053782244
32.54187824670251
32.50062354855899
32.45914948548877
32.417459135097026
32.37555560762032
32.33344204301323
32.291121607999706
32.24859749309072
32.20587290956987
32.16295108644908
32.11983526739649
32.07652870763899
32.03303467084199
31.98935642596924
31.945497244125214
31.901460395381854
31.857249145591332
31.812866753186874
31.768316465973577
31.723601517911014
31.678725125889617
31.633690486503173
31.588500772819817
31.543159131154187
31.49766867784358
31.452032496031183
31.406253632459528
31.360335094276696
31.314279845857858
31.26809080564438
31.22177084300292
31.17532277510718
31.128749363844904
31.08205331275262
31.035237263980846
30.988303795292538
30.941255417097878
30.894094569528434
30.84682361955352
30.799444858141285
30.751960497467067
30.704372668171587
30.656683416671896
30.608894702527817
30.561008395866775
30.513026274869627
30.464950023320352
30.416781228222487
30.368521377485035
30.32017185768073
30.27173395187945
30.223208837559877
30.174597584602264
30.125901153365202
30.077120392849203
30.028256038949685
29.97930871280193
29.930278919220434
29.88116704523484
29.831973358724674
29.78269800715507
29.73334101641567
29.68390228976498
29.63438160688225
29.58477862302869
29.535092868319516
29.485323747108428
29.435470537486086
29.38553239089416
29.335508331856122
29.28539725782588
29.23519793915523
29.184909019181166
29.13452901443421
29.084056314968596
29.033489184815185
28.98282576255801
28.932064062035213
28.88120197316522
28.83023726289852
28.779167576295066
28.72799043772713
28.676703252207545
28.625303306842937
28.573787772411578
28.52215370506542
28.4703980481556
28.418517634181
28.36650918685916
28.31436932331891
28.26209455641384
28.209681297155637
28.157125857265893
28.10442445184489
28.051573202155904
27.998568138523492
27.945405203343963
27.892080254205975
27.838589067118956
27.78492733984697
27.731090695345667
27.677074685299623
27.62287479375734
27.568486440861186
27.513904986669296
27.459125735066287
27.404143937759322
27.348954798355628
27.293553476517353
27.237935092189836
27.182094729899198
27.126027443115127
27.06972825867461
27.01319218126226
26.95641419794315
26.899389282744085
26.842112401279383
26.784578515417213
26.726782587982303
26.668719587490745
26.61038449291259
26.55177229845798
26.49287801838226
26.43369669180534
26.374223387540198
26.31445320892543
26.254381298656725
26.194002843611955
26.13331307966469
26.0723072964809
26.010980842293534
25.949329128649637
25.887347635124698
25.825031913998785
25.76237759488906
25.699380389333566
25.636036095320986
25.572340601760953
25.50828989288946
25.443880052603827
25.379107268721878
25.31396783716009
25.248458166025426
25.182574779615702
25.116314322323387
25.049673562437913
24.98264939584167
24.915238849594836
24.847439085404467
24.77924740297332
24.710661243224287
24.641678191396387
24.572295980008143
24.502512491684662
24.432325761844744
24.361733981244193
24.290735498371678
24.219328821693527
24.147512621744003
24.075285733058113
24.002647155944235
23.929596058093953
23.856131776026448
23.782253816365344
23.7079618569465
23.633255747755644
23.558135511694985
23.482601345177954
23.40665361855136
23.330292876344686
23.25351983734666
23.176335394509238
23.098740614679343
23.020736738158718
22.94232517809266
22.863507519688568
22.78428551926555
22.7046611031364
22.624636366323298
22.544213571108795
22.46339514542367
22.382183681073624
22.300581931806757
22.21859281122394
22.13621939053419
22.053464896157404
21.97033270717693
21.886826352644725
21.802949508741783
21.71870599579642
21.634099775163257
21.549134945966266
21.463815741709475
21.37814652675882
21.29213179269879
21.205776154567495
21.119084346973967
21.03206122010177
20.944711735603182
20.85704096238813
20.769054072312162
20.68075633576804
20.592153117185536
20.503249870444268
20.414052134204628
20.324565527162022
20.23479574322964
20.144748546654696
20.0544297670733
19.963845294509113
19.87300107432098
19.78190310210475
19.69055741855432
19.59897010428729
19.507147274640413
19.41509507444
19.322819672752114
19.2303272576175
19.137624030776305
19.044716202387672
18.95160998574924
18.858311592021618
18.76482722496304
18.67116307567938
18.577325317394774
18.483320100248157
18.389153546121015
18.29483174350137
18.20036074238903
18.10574654924725
18.010995122006
17.916112365122125
17.82110412470148
17.725976183688193
17.63073425712601
17.535383987496704
17.439930940140247
17.344380598761607
17.248738361028817
17.153009534266946
17.057199331252196
16.961312866110223
16.865355150322543
16.76933108884488
16.673245476341222
16.577102993537352
16.480908203697567
16.384665549228288
16.288379348412093
16.1920537922757
16.09569294159523
15.9993007240418
15.902880931470262
15.806437217353757
15.7099730943666
15.613491932117793
15.516996955037111
15.420491240415526
15.3239777166015
15.22745916135454
15.13093820035723
15.03441730588687
14.937898795647593
14.841384831763655
14.74487741993439
14.648378408751093
14.551889489175927
14.455412194182607
14.358947898558545
14.26249781886799
14.166063013575416
14.069644383328415
13.973242671399124
13.876858464283107
13.78049219245445
13.684144131275563
13.587814402060093
13.491502973287199
13.395209661965227
13.298934135142803
13.202675911565253
13.106434363474152
13.010208718547702
12.913998061979512
12.817801338693258
12.721617355690384
12.625444784527915
12.529282163923225
12.433127902482608
12.336980281550352
12.240837458175049
12.144697468189644
12.048558229401646
11.952417544889908
11.856273106404213
11.760122497863744
11.663963198950407
11.56779258879285
11.471607949736887
11.375406471197929
11.27918525359089
11.182941312332964
11.086671581914594
10.99037292003407
10.894042111791087
10.797675873934615
10.701270859160337
10.604823660452942
10.508330815468446
10.411788810951625
10.315194087183746
10.21854304245581
10.12183203756253
10.02505740031231
9.9282154300484
9.831302402176451
9.734314572693707
9.637248182715185
9.540099462992275
9.442864638419268
9.345539932523408
9.24812157193412
9.150605790826987
9.052988835338155
8.955266967944937
8.857436471808446
8.759493655074172
8.661434855126428
8.563256442792676
8.464954826493793
8.366526456336477
8.267967828144112
8.169275487422436
8.0704460332563
7.971476122133917
7.872362471695001
7.773101864399374
7.673691151112765
7.574127254606567
7.474407172968442
7.374527982920704
7.274486843043569
7.174280996900443
7.073907776062675
6.973364603031313
6.872648994053569
6.771758561831765
6.6706910181227155
6.569444176225564
6.468015953356276
6.366404372907052
6.264607566589046
6.162623776456986
6.060451356814393
5.958088775998195
5.855534618041675
5.7527875842148095
5.64984649444113
5.546710288590412
5.44337802764661
5.339848894750624
5.236122196117627
5.132197361828879
5.028073946498082
4.923751629812457
4.81923021694883
4.714509638865129
4.609589952467862
4.504471340656267
4.39915411224396
4.293638701759008
4.1879256691235405
4.082015699214099
3.975909601304024
3.869608308389266
3.7631128763990827
3.656424483293195
3.549544428047058
3.442474129526997
3.3352151252570406
3.2277690700793364
3.1201377347101054
3.0123230041931808
2.9043268762532817
2.7961514595512384
2.687798971843465
2.579271738048076
2.4705721882201432
2.361702855438641
2.2526663736076817
2.143465475174702
2.03410298876831
1.9245818367585423
1.8149050327423175
1.7050756789569095
1.5950969636242893
1.4849721582292257
1.3747046147340756
1.2642977627332468
1.1537551065503424
1.043080222281018
0.9322767547846004
0.8213484146275388
0.7102989749817685
0.5991322684810747
0.4878521840385549
0.37646266362827924
0.2649676990342551
0.15337132856980223
0.04167763377043778
-0.07010926393663772
-0.1819852065833719
-0.2939460030289388
-0.405987432342007
-0.5181052471941563
-0.6302951772614215
-0.7425529326309556
-0.8548742072098254
-0.9672546821329709
-1.0796900291673828
-1.1921759141095742
-1.3047080001734532
-1.4172819513657389
-1.5298934358461072
-1.6425381292692873
-1.755211718106346
-1.8679099029424215
-1.9806284017481965
-2.093362953122437
-2.2061093195029557
-2.3188632903434128
-2.431620685253415
-2.5443773570994264
-2.6571291950640394
-2.769872127661197
-2.8826021257049765
-2.9953152052296086
-3.1080074303584304
-3.2206749161194925
-3.333313831205619
-3.4459204006767843
-3.558490908602726
-3.6710217006437684
-3.783509186567921
-3.895949842702296
-4.0083402143169335
-4.120676917939175
-4.2329566435968005
-4.345176156988213
-4.457332301578
-4.569422000616272
-4.681442259080212
-4.7933901655363105
-4.9052628939217495
-5.017057705243466
-5.12877194919342
-5.240403065678712
-5.35194858626523
-5.463406135533589
-5.5747734323461495
-5.68604829102403
-5.797228622433075
-5.908312434977825
-6.019297835502565
-6.130183030098595
-6.2409663248169975
-6.351646126286208
-6.462220942233831
-6.572689381912188
-6.68305015642719
-6.793302078970254
-6.903444064953075
-7.0134751320452136
-7.123394400114561
-7.2332010910708515
-7.342894528612404
-7.452474137876393
-7.561939444993044
-7.671290076544253
-7.780525758927197
-7.889646317623652
-7.998651676375752
-8.107541856269096
-8.216316974724217
-8.324977244397589
-8.4335229719934
-8.541954556987486
-8.65027249026495
-8.758477352673037
-8.866569813491001
-8.974550628818651
-9.082420639885317
-9.19018077128109
-9.297832029112326
-9.405375499083425
-9.512812344507017
-9.620143804244725
-9.727371190580804
-9.834495887031103
-9.941519346089756
-10.048443086916045
-10.155268692963993
-10.26199780955725
-10.368632141411817
-10.475173450109219
-10.581623551522805
-10.687984313199971
-10.794257651703186
-10.900445529912684
-11.006549954293657
-11.11257297213076
-11.2185166687328
-11.324383164610463
-11.43017461262991
-11.53589319514519
-11.64154112111238
-11.74712062318835
-11.85263395481705
-11.958083387306202
-12.063471206897162
-12.16879971183073
-12.274071209411687
-12.379288013074884
-12.484452439455637
-12.589566805467415
-12.694633425389798
-12.799654607969758
-12.904632653539297
-13.009569851152536
-13.114468475745316
-13.219330785320313
-13.324159018160746
-13.42895539007566
-13.533722091679866
-13.63846128571159
-13.743175104390863
-13.847865646821594
-13.95253497644031
-14.057185118514516
-14.161818057693644
-14.266435735615524
-14.371040048571295
-14.475632845231608
-14.580215924436864
-14.684791033054234
-14.78935986390409
-14.893924053758505
-14.998485181414418
-15.103044765844013
-15.207604264424614
-15.312165071250288
-15.416728515527165
-15.521295860054334
-15.625868299792185
-15.730446960519854
-15.835032897583359
-15.939627094735924
-16.044230463072054
-16.14884384005667
-16.2534679886505
-16.358103596532814
-16.462751275422562
-16.567411560498954
-16.672084909922603
-16.776771704458127
-16.881472247199056
-16.98618676339568
-17.090915400386326
-17.195658227632453
-17.30041523685772
-17.405186342291135
-17.50997138101403
-17.614770113410547
-17.719582223721122
-17.824407320698217
-17.92924493836323
-18.03409453686333
-18.138955503426835
-18.243827153415673
-18.348708731473543
-18.453599412768433
-18.558498304327692
-18.66340444646398
-18.768316814290024
-18.87323431932007
-18.97815581115578
-19.083080079254398
-19.188005854776872
-19.292931812513796
-19.39785657288665
-19.502778704021846
-19.6076967238951
-19.712609102543535
-19.817514264342957
-19.922410590347578
-20.027296420689694
-20.132170057036646
-20.23702976510215
-20.34187377720893
-20.446700294899657
-20.55150749159303
-20.65629351528186
-20.76105649126997
-20.865794524944775
-20.970505704582322
-21.0751881041811
-21.1798397863211
-21.284458805044512
-21.389043208754305
-21.49359104312693
-21.598100354035427
-21.702569190479284
-21.80699560751744
-21.911377669200693
-22.015713451499884
-22.12000104522621
-22.22423855894001
-22.328424121844414
-22.432555886660275
-22.53663203247836
-22.64065076758495
-22.74461033225696
-22.848509001522693
-22.952345087884677
-23.056116944000873
-23.15982296532061
-23.26346159267157
-23.367031314794414
-23.47053067082194
-23.573958252700034
-23.67731270754791
-23.780592739955463
-23.88379711421578
-23.9869246564908
-24.089974256907993
-24.192944871586093
-24.295835524587943
-24.39864530979895
-24.501373392729647
-24.604019012240656
-24.706581482188653
-24.809060192991954
-24.911454613114447
-25.0137642904667
-25.115988853723028
-25.218128013553414
-25.320181563769157
-25.422149382381125
-25.524031432569704
-25.625827763565784
-25.727538511442027
-25.829163899813587
-25.93070424044752
-26.03215993378027
-26.13353146934299
-26.234819426094482
-26.33602447266174
-26.43714736748806
-26.538188958888874
-26.639150185015364
-26.74003207372594
-26.840835742365822
-26.941562397454998
-27.04221333428499
-27.142789936425014
-27.24329367513816
-27.343726108708164
-27.44408888167727
-27.54438372399569
-27.6446124500835
-27.744776957805797
-27.84487922736234
-27.944921320092917
-28.04490537719981
-28.14483361838883
-28.244708340430222
-28.3445319156411
-28.444306790290923
-28.544035482931676
-28.64372058265427
-28.74336474727288
-28.842970701439146
-28.942541234688196
-29.042079199418556
-29.141587508807977
-29.241069134667345
-29.340527105234447
-29.439964502909266
-29.539384461932706
-29.638790166010686
-29.738184845885847
-29.837571776859072
-29.936954276263144
-30.03633570089061
-30.135719444377678
-30.235108934545956
-30.334507630703534
-30.433919020906863
-30.53334661918523
-30.63279396272952
-30.732264609046776
-30.83176213308229
-30.931290124311086
-31.03085218380107
-31.13045192124994
-31.23009295199827
-31.32977889402107
-31.42951336490034
-31.529299978781065
-31.629142343313305
-31.72904405658312
-31.829008704035317
-31.92903985539104
-32.02914106156328
-32.12931585157327
-32.22956772947029
-32.32990017125775
-32.4303166218277
-32.53082049190607
-32.631415155010785
-32.73210394442509
-32.832890150188035
-32.933777016103846
-33.034767736771954
-33.13586545463957
-33.23707325707878
-33.33839417348984
-33.439831172432356
-33.54138715878546
-33.6430649709387
-33.74486737801548
-33.84679707713102
-33.94885669068706
-34.051048763705076
-34.15337576119999
-34.25584006559587
-34.358443974185384
-34.46118969663451
-34.564079352533845
-34.66711496899814
-34.77029847831614
-34.87363171565273
-34.977116416805764
-35.08075421602019
-35.18454664386196
-35.288495125154476
-35.392600976979885
-35.49686540674717
-35.60128951032929
-35.70587427027099
-35.81062055406861
-35.91552911252312
-36.0206005781677
-36.12583546377208
-36.231234160925496
-36.33679693870066
-36.442523942400484
-36.5484151923893
-36.654470583009825
-36.760689881587226
-36.867072727521375
-36.973618631468426
-37.08032697461273
-37.18719700803008
-37.29422785214298
-37.401418496268676
-37.508767798260706
-37.6162744842447
-37.72393714844914
-37.83175425313176
-37.93972412860201
-38.047844973339934
-38.156114854211765
-38.264531706781966
-38.37309333572166
-38.48179741531307
-38.590641490049585
-38.6996229753312
-38.80873915825506
-38.91798719850069
-39.02736412930934
-39.13686685855699
-39.24649216992096
-39.35623672413984
-39.46609706036647
-39.576069597613376
-39.686150636290016
-39.79633635983159
-39.906622836418954
-40.01700602078872
-40.12748175613276
-40.23804577608583
-40.348693706800326
-40.45942106910635
-40.57022328075569
-40.68109565874757
-40.792033421734196
-40.90303169250435
-41.01408550054324
-41.125189784667064
-41.236339395730646
-41.34752909940661
-41.458753579035225
-41.57000743854397
-41.68128520543527
-41.7925813338409
-41.90389020764073
-42.01520614364344
-42.126523394825966
-42.237836153628535
-42.34913855530161
-42.46042468130119
-42.57168856272901
-42.68292418381421
-42.794125485433455
-42.9052863686658
-43.0164006983791
-43.127462306844365
-43.23846499737445
-43.34940254798383
-43.46026871506629
-43.57105723708739
-43.681761838288054
-43.79237623239581
-43.90289412633982
-44.01330922396616
-44.123615229750015
-44.233805852501774
-44.34387480906449
-44.453815827999705
-44.5636226532595
-44.67328904784214
-44.78280879742872
-44.89217571399835
-45.001383639419295
-45.11042644901361
-45.219298055092715
-45.32799241046147
-45.43650351188834
-45.54482540353903
-45.652952180370825
-45.76087799148505
-45.86859704343514
-45.976103603487765
-46.08339200283471
-46.1904566397532
-46.29729198271267
-46.40389257342546
-46.5102530298386
-46.61636804906377
-46.72223241024191
-46.8278409773391
-46.93318870187094
-47.038270625552435
-47.14308188287132
-47.247617703582854
-47.35187341512407
-47.45584444494538
-47.55952632275726
-47.66291468268995
-47.766005265364335
-47.86879391987177
-47.97127660566114
-48.073449394331575
-48.175308471329956
-48.276850137552614
-48.37807081085076
-48.47896702743945
-48.57953544321036
-48.67977283494842
-48.77967610145264
-48.87924226456151
-48.97846847008405
-49.07735198863712
-49.17589021639019
-49.27408067571831
-49.37192101576407
-49.469409012909225
-49.5665425711566
-49.663319722422656
-49.75973862674043
-49.85579757237268
-49.951494975835075
-50.04682938182917
-50.14179946308609
-50.2364040201213
-50.33064198090146
-50.42451240042435
-50.518014460212996
-50.61114746772493
-50.70391085567756
-50.796304181290836
-50.888327125447674
-50.97997949177294
-51.07126120563218
-51.1621723130513
-51.25271297955844
-51.342883488949255
-51.43268424197622
-51.5221157549626
-51.611178658341586
-51.699873695121134
-51.78820171927486
-51.876163694059635
-51.9637606902612
-52.050993884369056
-52.13786455668207
-52.22437408934632
-52.31052396432698
-52.39631576131642
-52.481751155581144
-52.56683191575052
-52.65155990155005
-52.73593706148153
-52.819965430452434
-52.90364712735691
-52.986984352610754
-53.069979385642846
-53.15263458234556
-53.2349523724863
-53.316935257082484
-53.39858580574229
-53.479906653972925
-53.56090050045855
-53.64157010430994
-53.72191828228801
-53.80194790600347
-53.8816618990948
-53.961063234386465
-54.04015493102906
-54.11894005162264
-54.197421699324416
-54.275603014942014
-54.35348717401359
-54.431077383876804
-54.50837688072874
-54.585388926678824
-54.66211680679651
-54.73856382615542
-54.81473330687543
-54.89062858516399
-54.96625300835813
-55.0416099319687
-55.116702716728234
-55.19153472564391
-55.26610932105728
-55.3404298617126
-55.414499699836135
-55.48832217822883
-55.56190062737517
-55.6352383625711
-55.708338681074
-55.781204859277295
-55.8538401499124
-55.92624777927989
-55.99843094451245
-56.07039281087174
-56.14213650908158
-56.21366513269993
-56.284981735532085
-56.356089329087354
-56.42699088008078
-56.49768930798132
-56.56818748260821
-56.63848822177755
-56.708594289000985
-56.77850839123863
-56.84823317670828
-56.91777123275341
-56.98712508377281
-57.05629718921432
-57.1252899416354
-57.19410566483276
-57.26274661204286
-57.331214964215235
-57.39951282836097
-57.46764223597853
-57.53560514155936
-57.60340342117519
-57.67103887114888
-57.73851320681041
-57.80582806133941
-57.87298498469511
-57.93998544263428
-58.006830815817295
-58.07352239900251
-58.14006140032967
-58.20644894069227
-58.27268605319887
-58.338773682722945
-58.40471268554097
-58.47050382905769
-58.536147791617054
-58.60164516239729
-58.66699644138845
-58.73220203945084
-58.797262278452365
-58.862177391483044
-58.92694752314486
-58.991572729915276
-59.05605298058293
-59.120388156754245
-59.18457805342945
-59.248622379646974
-59.31252075919514
-59.37627273139077
-59.43987775192488
-59.50333519377574
-59.56664434819004
-59.629804425732516
-59.69281455740389
-59.75567379582702
-59.818381116500916
-59.88093541912161
-59.94333552896916
-60.00558019835978
-60.06766810816197
-60.12959786937512
-60.191368024768856
-60.25297705058069
-60.314423358269785
-60.37570529632479
-60.43682115212352
-60.49776915384212
-60.558547472411085
-60.61915422351587
-60.67958746963945
-60.73984522214409
-60.79992544339007
-60.85982604888893
-60.91954490948866
-60.97907985358848
-61.03842866938067
-61.097589107117365
-61.15655888139998
-61.21533567348866
-61.27391713362949
-61.332300883396734
-61.39048451804752
-61.4484656088863
-61.506241705636235
-61.56381033881474
-61.621169022110514
-61.67831525475959
-61.73524652391814
-61.79196030702986
-61.84845407418579
-61.90472529047481
-61.96077141832274
-62.01658991981851
-62.07217825902604
-62.127533904280774
-62.18265433046975
-62.23753702129455
-62.29217947151614
-62.34657918918101
-62.400733697827896
-62.454640538674376
-62.50829727278188
-62.56170148319723
-62.61485077706846
-62.66774278773273
-62.72037517677382
-62.772745636047155
-62.82485188966985
-62.87669169597343
-62.92826284941652
-62.9795631824556
-63.03059056737175
-63.08134291805158
-63.13181819172036
-63.18201439062603
-63.23192956367297
-63.281561808004604
-63.33090927053417
-63.37997014942295
-63.428742695505385
-63.477225213661036
-63.52541606413383
-63.57331366379896
-63.62091648737806
-63.66822306860292
-63.715232001328
-63.76194194059111
-63.80835160362114
-63.85445977079065
-63.900265286511576
-63.94576706007235
-63.99096406641417
-64.03585534684413
-64.08044000968283
-64.12471723084462
-64.16868625434853
-64.2123463927582
-64.25569702754905
-64.29873760940052
-64.34146765841189
-64.38388676423938
-64.42599458615365
-64.46779085301654
-64.50927536317641
-64.55044798428133
-64.59130865301012
-64.63185737472202
-64.67209422302557
-64.71201933926727
-64.751632931941
-64.79093527601947
-64.82992671220904
-64.86860764612908
-64.90697854741683
-64.9450399487601
-64.98279244485957
-65.02023669132325
-65.05737340349555
-65.09420335522356
-65.13072737756329
-65.16694635742908
-65.20286123618945
-65.23847300821274
-65.27378271936607
-65.30879146547034
-65.3435003907133
-65.37791068602274
-65.41202358740173
-65.4458403742288
-65.47936236752565
-65.51259092819492
-65.54552745522955
-65.57817338389583
-65.61053018389231
-65.64259935748686
-65.67438243763439
-65.70588098607772
-65.73709659143441
-65.76803086727244
-65.79868545017649
-65.82906199780729
-65.85916218695576
-65.88898771159387
-65.91854028092445
-65.947821617432
-65.9768334549371
-66.00557753665697
-66.03405561327548
-66.06226944102542
-66.09022077978574
-66.11791139119629
-66.14534303679278
-66.17251747616427
-66.19943646513553
-66.22610175397625
-66.25251508563866
-66.27867819402451
-66.30459280228143
-66.33026062112805
-66.35568334720648
-66.3808626614611
-66.40580022754176
-66.43049769023031
-66.45495667388792
-66.47917878092096
-66.50316559026317
-66.52691865587178
-66.55043950523566
-66.57372963789317
-66.59679052395802
-66.61962360265079
-66.64223028083438
-66.66461193155226
-66.68676989256778
-66.70870546490335
-66.73041991137768
-66.75191445514054
-66.77319027820442
-66.79424851997305
-66.81509027576658
-66.83571659534459
-66.8561284814275
-66.87632688821657
-66.896312719913
-66.91608682923675
-66.93565001594607
-66.95500302535947
-66.97414654688146
-66.99308121253387
-67.01180759549527
-67.03032620865099
-67.04863750315656
-67.06674186701787
-67.08463962369171
-67.10233103071062
-67.11981627833688
-67.13709548825068
-67.15416871227694
-67.17103593115553
-67.18769705335922
-67.20415191396489
-67.22040027358355
-67.2364418173546
-67.25227615401025
-67.26790281501565
-67.28332125379018
-67.29853084501485
-67.31353088403102
-67.32832058633471
-67.34289908717028
-67.35726544122701
-67.37141862244141
-67.38535752390783
-67.3990809579002
-67.41258765600764
-67.42587626938712
-67.43894536913592
-67.45179344678627
-67.46441891492361
-67.47682010793085
-67.48899528285995
-67.50094262043297
-67.51266022617403
-67.52414613167389
-67.53539829598776
-67.54641460716778
-67.5571928839305
-67.56773087746035
-67.57802627334888
-67.58807669366945
-67.59787969918693
-67.60743279170208
-67.61673341653
-67.6257789651122
-67.63456677776139
-67.64309414653724
-67.65135831825137
-67.65935649759956
-67.66708585041908
-67.67454350706896
-67.6817265659306
-67.68863209702556
-67.69525714574695
-67.70159873670082
-67.7076538776538
-67.71341956358344
-67.7188927808271
-67.72407051132495
-67.72894973695247
-67.73352744393753
-67.73780062735739
-67.74176629571105
-67.74542147556213
-67.74876321624743
-67.751788594647
-67.75449472001128
-67.75687873883999
-67.75893783980655
-67.76066925872237
-67.76207028353463
-67.76313825935108
-67.76387059348554
-67.76426476051665
-67.76431830735316
-67.76402885829793
-67.76339412010361
-67.76241188701272
-67.76108004577475
-67.75939658063271
-67.75735957827123
-67.75496723271897
-67.75221785019767
-67.74910985391023
-67.7456417887596
-67.74181232599062
-67.73762026774693
-67.73306455153534
-67.72814425459035
-67.72285859813132
-67.71720695150509
-67.7111888362075
-67.70480392977743
-67.69805206955687
-67.69093325631081
-67.6834476577003
-67.67559561160215
-67.6673776292688
-67.65879439832258
-67.64984678557869
-67.64053583969155
-67.63086279362005
-67.62082906690762
-67.61043626777337
-67.59968619501046
-67.58858083968823
-67.57712238665454
-67.56531321583543
-67.55315590332998
-67.54065322229837
-67.52780814364166
-67.5146238364714
-67.50110366836782
-67.48725120542531
-67.47307021208394
-67.45856465074598
-67.4437386811768
-67.42859665968933
-67.41314313811233
-67.39738286254283
-67.381320771883
-67.36496199616101
-67.348311854636
-67.33137585368786
-67.31415968449369
-67.29666922049131
-67.27891051463058
-67.26088979641264
-67.24261346871702
-67.22408810441726
-67.20532044278565
-67.18631738568757
-67.16708599356508
-67.14763348120852
-67.12796721331523
-67.10809469983423
-67.08802359109467
-67.0677616727159
-67.04731686029726
-67.0266971938866
-67.00591083222747
-66.98496604678536
-66.96387121555455
-66.94263481664706
-66.92126542166596
-66.89977168886588
-66.87816235610461
-66.8564462335907
-66.83463219643244
-66.81272917699488
-66.79074615707287
-66.7686921598883
-66.74657624192099
-66.72440748458376
-66.70219498575231
-66.67994785116109
-66.65767518567672
-66.63538608446042
-66.61308962403136
-66.5907948532436
-66.56851078418917
-66.54624638304055
-66.52401056084607
-66.50181216429262
-66.47965996645
-66.45756265751133
-66.43552883554393
-66.41356699726491
-66.39168552885603
-66.36989269683276
-66.34819663898206
-66.32660535538359
-66.30512669952934
-66.28376836955651
-66.26253789960803
-66.24144265133582
-66.22048980556217
-66.1996863541139
-66.17903909184308
-66.15855460884784
-66.13823928290621
-66.11809927213544
-66.09814050788775
-66.07836868789256
-66.05878926965373
-66.03940746411091
-66.0202282295737
-66.00125626593602
-65.98249600917744
-65.96395162615748
-65.94562700970856
-65.92752577403267
-65.9096512504069
-65.89200648320262
-65.87459422622315
-65.85741693936357
-65.84047678559749
-65.82377562829491
-65.80731502887487
-65.79109624479553
-65.77512022788424
-65.75938762300903
-65.74389876709141
-65.72865368845997
-65.71365210654288
-65.69889343189674
-65.684376766569
-65.67010090479071
-65.65606433399601
-65.64226523616547
-65.62870148948888
-65.61537067034247
-65.60227005557566
-65.58939662510248
-65.57674706479314
-65.56431776966018
-65.55210484733355
-65.54010412181832
-65.52831113752903
-65.51672116359576
-65.50532919843646
-65.49412997459
-65.48311796380447
-65.47228738237514
-65.4616321967262
-65.45114612923088
-65.44082266426425
-65.4306550544835
-65.4206363273306
-65.41075929175211
-65.40101654513113
-65.39140048042565
-65.38190329350776
-65.37251699069712
-65.36323339648173
-65.35404416141874
-65.34494077020769
-65.33591454992823
-65.32695667843414
-65.31805819289501
-65.30920999847739
-65.30040287715728
-65.29162749665521
-65.28287441948514
-65.27413411210851
-65.26539695418437
-65.25665324790741
-65.24789322742639
-65.23910706833469
-65.23028489722496
-65.22141680129953
-65.2124928380279
-65.20350304484269
-65.19443744886472
-65.18528607664886
-65.17603896394239
-65.16668616544688
-65.15721776457467
-65.14762388319097
-65.13789469133302
-65.12802041689751
-65.11799135528769
-65.10779787901133
-65.09743044722136
-65.08687961518983
-65.07613604370646
-65.06519050839249
-65.05403390892052
-65.04265727813036
-65.0310517910314
-65.01920877368086
-65.0071197119281
-64.99477626001463
-64.98217024901957
-64.96929369513997
-64.95613880779568
-64.94269799754913
-64.92896388383092
-64.91492930246316
-64.90058731297249
-64.88593120568423
-64.8709545085898
-64.85565099397961
-64.84001468483483
-64.82403986097187
-64.80772106493338
-64.79105310762098
-64.77403107366506
-64.7566503265271
-64.73890651333106
-64.72079556942019
-64.70231372263645
-64.68345749731968
-64.66422371802427
-64.64460951295074
-64.62461231708981
-64.6042298750766
-64.58346024375275
-64.56230179443553
-64.54075321489266
-64.5188135110224
-64.49648200823837
-64.47375835255916
-64.45064251140307
-64.42713477408857
-64.40323575204097
-64.37894637870669
-64.35426790917579
-64.32920191951443
-64.30375030580886
-64.27791528292305
-64.25169938297283
-64.22510545351945
-64.19813665548519
-64.17079646079371
-64.14308864973826
-64.11501730808082
-64.08658682388516
-64.05780188408731
-64.02866747080678
-63.99918885740161
-63.969371604270954
-63.93922155440831
-63.90874482870951
-63.87794782103939
-63.84683719306194
-63.815419868838354
-63.78370302919897
-63.75169410589465
-63.7194007755326
-63.68683095330122
-63.653992786489574
-63.620894647807155
-63.58754512850985
-63.553953031337905
-63.52012736327212
-63.48607732811454
-63.45181231890039
-63.41734191014891
-63.38267584996138
-63.34782405197385
-63.31279658717202
-63.277603675574746
-63.24225567779255
-63.20676308646748
-63.17113651760051
-63.1353867017725
-63.09952447526505
-63.06356077108692
-63.02750660991203
-62.99137309093502
-62.95517138265004
-62.91891271355886
-62.88260836281453
-62.84626965080751
-62.80990792970099
-62.77353457392227
-62.73716097061706
-62.7007985100739
-62.66445857612579
-62.6281525365366
-62.5918917333801
-62.55568747341946
-62.51955101849533
-62.48349357593114
-62.447526288963765
-62.411660227207484
-62.375906377159346
-62.34027563275428
-62.30477878597831
-62.26942651754795
-62.23422938766428
-62.19919782685063
-62.16434212688254
-62.1296724318186
-62.09519872914124
-62.06093084101733
-62.026878415688294
-61.99305091899917
-61.95945762607616
-61.926107613161406
-61.893009749613526
-61.860172690082806
-61.82760486686968
-61.79531448247499
-61.76330950235027
-61.731597647856205
-61.70018638943813
-61.669082940026925
-61.63829424867376
-61.60782699442629
-61.57768758045344
-61.5478821284257
-61.518416473157316
-61.48929615751652
-61.46052642760972
-61.4321122282453
-61.40405819868178
-61.37636866866504
-61.349047654758664
-61.32209885697122
-61.295525655683406
-61.26933110887731
-61.24351794966955
-61.21808858414934
-61.193045089522315
-61.1683892125603
-61.1441223683569
-61.1202456393888
-61.09675977488226
-61.073665190484206
-61.050961968236294
-61.02864985685031
-61.00672827228286
-60.98519629860752
-60.96405268918264
-60.9432958681123
-60.92292393199804
-60.902934651978256
-60.88332547605248
-60.86409353168736
-60.84523562870132
-60.826748262424104
-60.80862761712771
-60.79086956972455
-60.773469693728686
-60.756423263475966
-60.73972525859884
-60.72337036875163
-60.70735299858168
-60.6916672729416
-60.676307042337754
-60.6612658886103
-60.646537130840244
-60.632113831479415
-60.61798880269939
-60.60415461295466
-60.59060359375471
-60.577327846639065
-60.56431925034977
-60.5515694681952
-60.53906995559893
-60.52681196782683
-60.51478656788473
-60.502984634579065
-60.49139687073213
-60.48001381154333
-60.468825833087436
-60.45782316094048
-60.446995878923616
-60.4363339379552
-60.42582716500081
-60.415465272111334
-60.40523786553891
-60.395134454920736
-60.38514446252097
-60.37525723252147
-60.36546204035218
-60.35574810205204
-60.34610458365133
-60.3365206105665
-60.326985276998776
-60.31748765532833
-60.30801680549583
-60.298561784363095
-60.289111655044586
-60.27965549620196
-60.27018241129334
-60.26068153776915
-60.25114205620641
-60.241553199373776
-60.23190426121979
-60.222184605776725
-60.21238367597274
-60.20249100234516
-60.19249621164763
-60.18238903534401
-60.172159317982356
-60.161797025442546
-60.15129225305187
-60.14063523356324
-60.12981634499092
-60.11882611829892
-60.1076552449372
-60.096294584221276
-60.08473517055048
-60.07296822046029
-60.06098513950425
-60.04877752896143
-60.036337192365885
-60.02365614185489
-60.01072660433291
-59.997541027447845
-59.98409208537648
-59.9703726844161
-59.95637596837937
-59.94209532379002
-59.92752438487664
-59.912657038362475
-59.89748742804888
-59.88200995919018
-59.86621930265752
-59.8501103988901
-59.83367846163221
-59.81691898145467
-59.799827729059324
-59.78240075836472
-59.76463440937132
-59.746525310804394
-59.728070382533836
-59.70926683776988
-59.69011218503365
-59.67060422990081
-59.650741076516304
-59.630521128877966
-59.60994309188643
-59.589005972158326
-59.567709078599954
-59.54605202273856
-59.524034718808615
-59.50165738359086
-59.478920536002555
-59.45582499643759
-59.43237188585484
-59.408562624612976
-59.38439893105001
-59.35988281980584
-59.335016599886465
-59.3098028724689
-59.284244528446344
-59.25834474571305
-59.23210698618876
-59.20553499258241
-59.17863278489559
-59.151404656666976
-59.123855170959324
-59.095989156091456
-59.067811701118124
-59.03932815106102
-59.010544101894276
-58.98146539528826
-58.952098113116016
-58.92244857172741
-58.89252331599638
-58.86232911314706
-58.831872946364705
-58.80116200819784
-58.770203693757956
-58.739005593722894
-58.70757548714995
-58.6759213341041
-58.64405126810716
-58.6119735884139
-58.57969675212151
-58.54722936611877
-58.514580178881786
-58.481758072123185
-58.448772052302516
-58.415631242005205
-58.38234487119793
-58.34892226836884
-58.31537285156158
-58.281706119312176
-58.24793164149794
-58.214059050107736
-58.18009802994307
-58.14605830925974
-58.11194965035959
-58.07778184014224
-58.04356468062686
-58.00930797945382
-57.97502154037677
-57.94071515375556
-57.906398587060735
-57.872081575400344
-57.83777381207996
-57.80348493920714
-57.76922453835137
-57.73500212127
-57.700827120710315
-57.666708881297396
-57.63265665051695
-57.59867956980169
-57.56478666573021
-57.53098684134723
-57.49728886761399
-57.46370137499754
-57.43023284520747
-57.39689160308838
-57.36368580867578
-57.330623449422845
-57.29771233260438
-57.26496007790509
-57.232374110198364
-57.19996165252185
-57.167729719256286
-57.13568510951394
-57.10383440074271
-57.07218394255149
-57.04073985076219
-57.00950800169415
-56.978494026686526
-56.94770330686425
-56.91714096815287
-56.886811876547945
-56.85672063364428
-56.826871572430214
-56.79726875335144
-56.76791596064812
-56.73881669896861
-56.70997419026276
-56.68139137095722
-56.653070889414956
-56.62501510368026
-56.59722607950989
-56.56970558869063
-56.54245510764378
-56.515475816316446
-56.48876859735959
-56.46233403559251
-56.436172417753774
-56.41028373253756
-56.384667670914276
-56.359323626734245
-56.33425069761336
-56.30944768609937
-56.284913101116906
-56.26064515968978
-56.23664178893899
-56.21290062835505
-56.18941903234259
-56.166194073035065
-56.143222543377256
-56.12050096047296
-56.098025569194824
-56.07579234605351
-56.05379700332288
-56.032034993417604
-56.01050151351968
-55.98919151045079
-55.9680996857872
-55.94722050121391
-55.92654818411467
-55.906076733394464
-55.88579992553071
-55.86571132084902
-55.84580427001874
-55.82607192076359
-55.806507224782315
-55.78710294487349
-55.76785166225864
-55.74874578409766
-55.7297775511903
-55.71093904585735
-55.69222219999444
-55.67361880329134
-55.65512051160932
-55.63671885550924
-55.618405248922336
-55.60017099795517
-55.58200730981958
-55.5639053018785
-55.54585601079834
-55.527850401798396
-55.5098793779871
-55.49193378977464
-55.47400444435119
-55.45608211521927
-55.438157551768946
-55.42022148888413
-55.40226465656844
-55.38427778957931
-55.366251637058845
-55.34817697215028
-55.33004460158907
-55.3118453752577
-55.2935701956933
-55.275210027537646
-55.25675590691868
-55.238198950753095
-55.21953036595995
-55.20074145857564
-55.181823642760726
-55.16276844968906
-55.14356753631069
-55.12421269397965
-55.10469585693779
-55.08500911064602
-55.06514469995478
-55.0450950371058
-55.02485270955743
-55.00441048762594
-54.983761331936144
-54.96289840067471
-54.94181505663972
-54.92050487408023
-54.89896164531985
-54.877179387158215
-54.85515234704446
-54.83287500901714
-54.810342099405325
-54.787548592285766
-54.764489714691365
-54.741160951566485
-54.71755805046462
-54.693677025983845
-54.6695141639355
-54.64506602524153
-54.62032944955632
-54.59530155860921
-54.5699797592639
-54.54436174629177
-54.51844550485549
-54.49222931270015
-54.46571174204911
-54.43889166120209
-54.41176823583328
-54.38434092998767
-54.35660950677425
-54.32857402875521
-54.30023485803082
-54.27159265601949
-54.24264838293357
-54.21340329695113
-54.18385895308404
-54.15401720174259
-54.1238801869971
-54.09345034453736
-54.06273039933143
-54.03172336298593
-54.0004325308102
-53.968861478587144
-53.93701405905375
-53.904894398094996
-53.8725068906553
-53.839856196371784
-53.80694723493389
-53.773785181174105
-53.74037545989506
-53.706723740438576
-53.67283593100251
-53.638718172711776
-53.604376833450715
-53.56981850146457
-53.53504997873807
-53.50007827415902
-53.46491059647485
-53.42955434705067
-53.39401711243784
-53.358306656762466
-53.32243091394372
-53.286397979751996
-53.25021610371698
-53.213893680895524
-53.17743924350896
-53.14086145245932
-53.10416908873401
-53.067371044708636
-53.03047631535787
-52.99349398938398
-52.956433240272645
-52.91930331728628
-52.882113536404745
-52.84487327122366
-52.8075919438204
-52.770279015598305
-52.732943978119636
-52.69559634393704
-52.65824563743387
-52.62090138568316
-52.583573109335184
-52.54627031354294
-52.509002478934455
-52.47177905264004
-52.434609439381966
-52.397502992633626
-52.36046900585455
-52.32351670380768
-52.2866552339654
-52.249893658010755
-52.21324094344066
-52.17670595527732
-52.14029744789428
-52.10402405696333
-52.06789429152871
-52.031916526214324
-51.99609899356988
-51.960449776561454
-51.92497680121169
-51.88968782939434
-51.854590451787764
-51.81969208099189
-51.784999944813016
-51.750521079720265
-51.71626232447755
-51.68223031395518
-51.64843147312529
-51.61487201124503
-51.58155791623175
-51.548494949233934
-51.51568863940167
-51.483144278859804
-51.45086691788742
-51.41886136030717
-51.38713215908842
-51.35568361216769
-51.32451975849022
-51.29364437427591
-51.26306096951287
-51.23277278468179
-51.202782787714334
-51.17309367118923
-51.143707849769946
-51.11462745788764
-51.0858543476732
-51.05739008714192
-51.02923595863461
-51.00139295751841
-50.97386179115039
-50.94664287810638
-50.91973634767697
-50.89314203963192
-50.866859504253846
-50.84088800264162
-50.815226507283725
-50.789873702901204
-50.76482798755937
-50.740087474046945
-50.71564999152075
-50.69151308741361
-50.667674029602594
-50.644129808834904
-50.62087714140823
-50.59791247210147
-50.575231977352004
-50.55283156867533
-50.530706896323
-50.50885335317467
-50.487266078860145
-50.465939964106994
-50.44486965530926
-50.42404955931288
-50.40347384841333
-50.38313646556149
-50.36303112977349
-50.343151341740324
-50.323490389632966
-50.30404135509825
-50.284797119440825
-50.265750369986606
-50.246893606622834
-50.22821914851009
-50.2097191409615
-50.191385562484285
-50.173210231978814
-50.15518481608983
-50.13730083670457
-50.11954967859195
-50.101922597176994
-50.08441072644483
-50.06700508696831
-50.04969659405303
-50.032476065993464
-50.01533423243335
-49.99826174282366
-49.98124917497084
-49.96428704366774
-49.947365809399216
-49.93047588711413
-49.91360765505492
-49.89675146363588
-49.87989764436064
-49.86303651876942
-49.84615840740672
-49.82925363880001
-49.812312558439984
-49.79532553775287
-49.77828298305563
-49.761175344484386
-49.743993124886956
-49.72672688867003
-49.70936727059198
-49.69190498449255
-49.67433083195037
-49.65663571085916
-49.63881062391344
-49.62084668699491
-49.60273513745112
-49.58446734225821
-49.56603480605979
-49.54742917907417
-49.52864226486234
-49.50966602794925
-49.49049260129111
-49.47111429358158
-49.451523596390004
-49.431713191124956
-49.41167595581656
-49.39140497171165
-49.370893529676025
-49.350135136398634
-49.329123520392315
-49.307852637785615
-49.286316677900444
-49.264510068610534
-49.242427481476156
-49.22006383665091
-49.1974143075564
-49.17447432532053
-49.15123958297549
-49.12770603941162
-49.10386992308325
-49.07972773546332
-49.05527625424399
-49.03051253628108
-49.00543392027997
-48.98003802922135
-48.9543227725254
-48.928286347953005
-48.90192724324281
-48.87524423748333
-48.84823640221923
-48.82090310229118
-48.793243996409146
-48.765259037458904
-48.73694847254215
-48.708312842750885
-48.679352982677116
-48.65007001965937
-48.62046537276766
-48.590540751529296
-48.56029815439795
-48.52973986696882
-48.49886845994278
-48.467686786842684
-48.436197981484646
-48.40440545520696
-48.372312893859124
-48.33992425455299
-48.30724376217788
-48.27427590568178
-48.241025434120935
-48.20749735248015
-48.173696917266035
-48.13962963187564
-48.105301241743724
-48.070717729272396
-48.03588530854726
-48.00081041984388
-47.96549972392851
-47.92996009615698
-47.89419862037651
-47.85822258263497
-47.822039464702506
-47.7856569374101
-47.749082853809945
-47.71232524216274
-47.67539229875727
-47.638292380567385
-47.60103399775219
-47.563625806004815
-47.526076598756084
-47.488395299239734
-47.45059095242616
-47.41267271683237
-47.374649856215946
-47.33653173116151
-47.298327790568386
-47.26004756304852
-47.22170064824346
-47.18329670806978
-47.14484545790223
-47.106356657703635
-47.06784010311126
-47.02930561648905
-46.9907630379552
-46.952222216393785
-46.913693000459126
-46.875185229581156
-46.83670872497974
-46.7982732806959
-46.75988865464766
-46.72156455971791
-46.683310654881986
-46.64513653638196
-46.607051728954815
-46.5690656771209
-46.531187736539295
-46.49342716543626
-46.45579311611331
-46.418294626541325
-46.380940612047795
-46.34373985710434
-46.30670100722185
-46.26983256096085
-46.23314286206468
-46.19664009172297
-46.16033226097315
-46.1242272032471
-46.08833256706927
-46.052655808912306
-46.01720418621599
-45.981984750575094
-45.94700434110152
-45.912269577965986
-45.87778685612463
-45.843562339236456
-45.80960195377739
-45.775911383356316
-45.74249606323818
-45.70936117507861
-45.67651164187461
-45.643952123135676
-45.61168701027978
-45.57972042225887
-45.54805620141886
-45.516697909599344
-45.48564882447798
-45.45491193616422
-45.42448994404785
-45.39438525390719
-45.364599975282346
-45.3351359191179
-45.30599459567961
-45.277177212749194
-45.24868467410144
-45.22051757826691
-45.19267621758391
-45.16516057754259
-45.13797033642388
-45.111104865235376
-45.08456322794578
-45.05834418201911
-45.03244617924966
-45.00686736689764
-44.98160558912522
-44.95665838873239
-44.932023009191624
-44.907696396980015
-44.88367520420698
-44.859955791535384
-44.83653423139381
-44.813406311477394
-44.790567538534134
-44.76801314243337
-44.745738080512716
-44.72373704219981
-44.70200445390477
-44.68053448417887
-44.65932104913471
-44.63835781812352
-44.61763821966431
-44.59715544761931
-44.576902467609294
-44.55687202366246
-44.53705664508927
-44.517448653575535
-44.498040170485204
-44.47882312436425
-44.45978925863644
-44.44093013948244
-44.42223716389352
-44.40370156789154
-44.38531443490634
-44.367066704302
-44.34894918004303
-44.3309525394915
-44.313067342325745
-44.29528403957155
-44.277592982736984
-44.25998443304163
-44.242448570730424
-44.22497550446254
