38.72121184976455
38.813505889002066
38.905844172403725
38.99822896018869
39.09066261333967
39.18314759105518
39.27568644811768
39.36828183218003
39.46093648097289
39.553653219435745
39.64643495677396
39.73928468344374
39.8322054680672
39.92520045428003
40.01827285751503
40.11142596172468
40.20466311604625
40.2979877314132
40.39140327711655
40.484913277319464
40.578521307528064
40.67223099102134
40.76604599524293
40.85997002815796
40.95400683457817
41.048160192459285
41.14243390917435
41.23683181776702
41.331357773188564
41.4260156485224
41.52080933119951
41.61574271920788
41.71081971729942
41.80604423319793
41.90142017381178
41.996951441454634
42.092641930077185
42.18849552151361
42.28451608174627
42.38070745719225
42.47707347101571
42.57361791946975
42.67034456827132
42.76725714901271
42.864359355613644
42.96165484081773
43.059147212737386
43.15684003145127
43.25473680565749
43.35284098938574
43.45115597877104
43.54968510889118
43.64843165066945
43.74739880784391
43.846589714005106
43.946007429704466
44.045654939635526
44.145535149890165
44.24565088529151
44.34600488680489
44.44659980902798
44.54743821776099
44.648522587657105
44.749855299953815
44.851438640286
44.953274796581745
45.05536585704214
45.15771380820603
45.26032053310103
45.36318780948107
45.4663173081505
45.569710591374296
45.673369111373965
45.777294208908806
45.88148711194247
45.98594893439479
46.09068067497906
46.19568321612462
46.30095732298469
46.40650364252963
46.512322702726124
46.61841491180263
46.72478055760155
46.83141980701822
46.938332705527614
47.0455191767993
47.15297902240172
47.260711921596794
47.36871743122583
47.47699498568761
47.5855438970093
47.694363355010466
47.80345242756033
47.91281006092868
48.022435080230714
48.132326189966484
48.24248197465568
48.35290089956829
48.463581311552055
48.57452143995756
48.68571939766145
48.79717318218815
48.90888067693016
49.020839652467096
49.13304776798339
49.24550257278418
49.358201507908696
49.471141907840156
49.58432100231142
49.69773591820513
49.81138368154747
49.92526121959396
50.03936536300604
50.15369284811739
50.268240319288694
50.383004331349085
50.497981352122295
50.613167765036124
50.728559871813346
50.84415389524169
50.95994598201976
51.075932205676295
51.19210856956035
51.30847100990003
51.4250153989275
51.54173754806767
51.65863321118811
51.77569808790704
51.89292782695619
52.01031802959468
52.12786425307009
52.245562014123344
52.363406792534384
52.481394034705566
52.59951915727944
52.717777550788206
52.8361645833319
52.9546756042815
53.07330594800347
53.192050937602026
53.3109058886757
53.42986611308563
53.54892692273282
53.66808363334192
53.78733156824896
53.906666062190624
54.0260824650924
54.1455761458528
54.26514249612106
54.384776934065684
54.5044749081313
54.624231900780984
54.744043432221275
54.86390506410649
54.983812403218764
55.10376110512013
55.22374687777287
55.34376548512441
55.46381275065253
55.58388456086758
55.7039768687682
55.82408569724689
55.94420714244186
56.064337377031315
56.18447265346638
56.30460930713864
56.42474375947862
56.54487252098219
56.66499219416185
56.78509947641985
56.905191162840005
57.025264148895566
57.145315433070586
57.265342119391775
57.3853414198682
57.50531065683627
57.62524726520779
57.74514879461883
57.86501291147782
57.98483740091062
58.10462016860042
58.22435924252089
58.34405277456072
58.4636990420377
58.583296449100246
58.70284352801404
58.822338940331676
58.94178147794268
59.06117006400193
59.18050375373394
59.29978173511096
59.41900332940286
59.53816799159727
59.65727531068858
59.77632500983423
59.8953169463769
60.014251111732044
60.1331276311406
60.25194676328686
60.37070889978161
60.48941456451109
60.60806441285228
60.726659230755324
60.84519993369383
60.96368756548457
61.08212329697818
61.200508424622456
61.31884436890016
61.43713267264326
61.55537499922531
61.67357313063394
61.79172896542593
61.90984451656726
62.027921909160796
62.145963378063925
62.26397126539871
62.381948017957086
62.49989618450371
62.61781841297869
62.735717447602326
62.85359612588405
62.971457375538144
63.08930421130851
63.20713973170502
63.32496711565421
63.44278961906816
63.56061057133628
63.67843337174475
63.79626148582816
63.91409844165765
64.03194782607007
64.14981328084185
64.26769849881221
64.38560721996045
64.50354322744228
64.62151034358938
64.73951242587619
64.85755336285781
64.97563707008284
65.0937674859846
65.21194856775413
65.33018428719767
65.44847862658169
65.56683557446952
65.68525912155356
65.80375325648795
65.92232196172684
66.04096920937327
66.15969895704457
66.27851514375966
66.39742168585424
66.51642247292837
66.63552136383198
66.7547221826929
66.87402871499133
66.99344470368432
67.11297384538297
67.23261978658492
67.35238611996455
67.47227638072265
67.59229404299766
67.7124425163404
67.83272514225385
67.95314519080026
68.07370585727793
68.19441025897052
68.31526143197189
68.43626232808893
68.55741581182386
68.67872465743702
68.80019154609172
68.92181906308318
69.04360969515264
69.16556582788743
69.28768974320755
69.40998361693957
69.53244951647886
69.65508939854087
69.77790510700217
69.90089837083221
70.02407080211592
70.14742389416764
70.2709590197372
70.39467742930967
70.51858024950135
70.64266848155475
70.76694299993491
70.89140455102981
71.01605375195712
71.14089108948022
71.2659169190363
71.39113146387925
71.51653481433962
71.64212692720358
71.76790762521219
71.89387659668255
72.0200333952511
72.1463774397394
72.27290801414169
72.39962426773324
72.5265252152988
72.65360973748152
72.78087658125257
72.90832436050248
73.0359515567544
73.16375652000055
73.2917374696626
73.41989249567722
73.54821955970748
73.6767164964816
73.80538101525893
73.93421070142323
74.06320301820311
74.19235530851903
74.3216647969558
74.45112859185882
74.58074368755136
74.71050696667145
74.84041520262666
74.97046506216661
75.10065310807327
75.23097580196905
75.3614295072416
75.49201049208453
75.62271493265187
75.75353891632368
75.88447844508096
76.01552943898776
76.14668773977746
76.27794911453952
76.40930925950227
76.54076380390745
76.67230831397217
76.80393829693435
76.9356492051777
77.06743644043195
77.1992953580451
77.3312212713239
77.46320945593891
77.59525515439032
77.72735358053012
77.8594999241368
77.9916893555386
78.12391703028175
78.25617809383948
78.38846768635767
78.52078094743263
78.65311302091607
78.78545905974147
78.91781423076566
79.0501737196189
79.18253273555695
79.31488651630968
79.44723033292178
79.57955949458085
79.71186935342838
79.84415530934952
79.97641281473717
80.10863737922627
80.24082457439364
80.37297003841913
80.50506948070235
80.63711868643044
80.76911352109109
80.90104993492481
81.0329239673098
81.1647317510732
81.29646951672204
81.42813359658682
81.5597204288721
81.6912265616079
81.82264865649576
81.95398349264327
82.0852279701809
82.21637911375537
82.3474340758951
82.47839014024261
82.60924472464946
82.73999538412933
82.87063981366477
83.00117585086151
83.13160147844566
83.26191482659841
83.39211417512344
83.52219795544161
83.65216475240894
83.78201330595428
83.91174251253531
84.04135142641215
84.17083926073818
84.3002053884675
84.42944934307789
84.55857081910918
84.68756967251741
84.81644592084515
84.94519974320784
85.07383148009572
85.20234163299008
85.3307308637923
85.45899999406416
85.5871500040785
85.71518203167992
85.84309737095592
85.97089747072019
86.09858393280993
86.22615851019955
86.35362310493363
86.48097976588306
86.60823068632808
86.73537820137179
86.8624247851881
86.98937304810934
87.11622573355763
87.24298571482475
87.3696559917062
87.49623968699453
87.62274004283817
87.74916041697058
87.87550427881608
88.00177520547895
88.12797687762229
88.25411307524386
88.38018767335568
88.50620463757518
88.63216801963578
88.75808195282393
88.88395064734998
89.00977838566
89.13556951769537
89.26132845610827
89.38705967144192
89.51276768728432
89.63845707540331
89.7641324508691
89.88979846717011
90.01545981132737
90.14112119901249
90.2667873696743
90.39246308167871
90.51815310746478
90.64386222872035
90.76959523157977
90.89535690184543
91.02115202023417
91.14698535765051
91.27286167048935
91.39878569597037
91.52476214750702
91.65079571011329
91.77689103585173
91.90305273932681
92.02928539322755
92.15559352392296
92.28198160711321
92.4084540635393
92.53501525475286
92.66166947894834
92.78842096685827
92.91527387771265
93.04223229526207
93.16930022386458
93.29648158463675
93.42378021166911
93.55119984830782
93.67874414350473
93.80641664823878
93.9342208120126
94.06215997942792
94.19023738684365
94.31845615912101
94.44681930645942
94.57532972132668
94.70399017548658
94.83280331712677
94.96177166809031
95.09089762121249
95.22018343776512
95.34963124500956
95.47924303385952
95.60902065665306
95.73896582503352
95.86908010793826
95.99936492969465
96.12982156822324
96.26045115334836
96.39125466521585
96.52223293281844
96.65338663262963
96.78471628734765
96.91622226475143
97.04790477667025
97.17976387806841
97.31179946624668
97.44401128016177
97.57639889986486
97.70896174605987
97.84169907978271
97.97461000220217
98.1076934545434
98.24094821813385
98.37437291457077
98.50796600600934
98.64172579557017
98.77565042786439
98.90973788963488
99.04398601051169
99.1783924638806
99.31295476786347
99.44767028640918
99.58253623049389
99.71754965942996
99.85270748228238
99.988006459391
100.12344320399707
100.25901418397252
100.3947157236508
100.53054400575816
100.66649507344489
100.80256483241585
100.93874905315984
101.07504337327676
101.21144329990155
101.34794421222257
101.48454136409164
101.62122988672213
101.7580047914716
101.89486097270544
102.0317932107376
102.1687961748456
102.30586442635772
102.44299242181134
102.58017451618181
102.71740496618096
102.85467793362406
102.99198748886326
103.12932761428632
103.26669220787934
103.40407508685198
103.54146999132396
103.67887058807113
103.81627047432934
103.95366318165517
104.09104217984142
104.22840088088466
104.36573264300202
104.50303077469331
104.64028853884449
104.77749915686704
104.91465581286829
105.05175165784723
105.18877981391083
105.32573337850599
105.46260542866307
105.59938902524718
105.73607721721393
105.87266304586635
106.00913954911047
106.14549976570649
106.28173673951207
106.41784352371403
106.55381318504348
106.68963880797034
106.82531349887219
106.96083039017353
107.096182644452
107.23136345850887
107.36636606739964
107.50118374842108
107.63580982505138
107.77023767084015
107.90446071324524
108.03847243741424
108.17226638990859
108.305836182368
108.43917549511285
108.57227808068204
108.70513776730398
108.83774846229822
108.97010415540431
109.10219892203575
109.23402692645685
109.36558242487955
109.4968597684783
109.62785340632159
109.75855788821933
109.88896786748579
110.0190781036183
110.1488834648918
110.2783789308695
110.40755959483032
110.5364206661129
110.66495747237558
110.79316546177198
110.92104020504188
111.04857739751684
111.17577286103993
111.30262254579792
111.42912253206417
111.5552690318509
111.68105839046846
111.8064870879898
111.93155174061825
112.0562491019566
112.18057606417311
112.30452965906112
112.42810705898908
112.55130557773803
112.67412267122312
112.7965559380958
112.91860312022287
113.04026210303788
113.16153091576233
113.28240773149331
113.40289086715494
113.52297878331193
113.6426700838441
113.76196351548161
113.88085796720053
113.99935246947949
114.1174461934189
114.23513844972364
114.35242868755073
114.46931649322333
114.5858015888126
114.70188383059006
114.8175632073529
114.93283983862385
115.04771397272701
115.16218598474164
115.27625637433708
115.38992576349243
115.503194894104
115.61606462548353
115.72853593175012
115.84060989911916
115.9522877230919
116.06357070554907
116.17446025175241
116.28495786725762
116.39506515474329
116.50478381076027
116.6141156224055
116.72306246392452
116.83162629324625
116.93980914845429
117.04761314419886
117.15504046805336
117.26209337681973
117.36877419278721
117.47508529994911
117.5810291401832
117.68660820939999
117.79182505366339
117.89668226528761
118.00118247891442
118.10532836757568
118.20912263874698
118.31256803039798
118.41566730704517
118.51842325581254
118.62083868250647
118.72291640771198
118.82465926291661
118.92607008666914
119.02715172078035
119.12790700657297
119.22833878118786
119.32844987395345
119.42824310282515
119.52772127089918
119.62688716300431
119.72574354237508
119.82429314740978
119.9225386885173
120.02048284505656
120.11812826237087
120.21547754892038
120.31253327351374
120.4092979626397
120.505774097899
120.6019641135365
120.69787039407186
120.79349527202749
120.8888410257523
120.98390987734001
121.07870399063961
121.17322546935577
121.26747635523623
121.36145862634248
121.45517419539976
121.54862490822245
121.64181254221205
121.73473880492406
121.82740533270021
121.9198136893624
122.01196536496536
122.10386177460384
122.19550425727016
122.28689407475815
122.37803241060976
122.46892036909958
122.55955897425258
122.64994916888918
122.7400918136916
122.82998768628602
122.91963748033493
123.00904180463476
123.09820118221455
123.18711604943326
123.27578675507505
123.36421355944265
123.45239663344967
123.5403360577144
123.62803182165783
123.71548382260994
123.8026918649299
123.88965565914714
123.97637482113078
124.06284887129448
124.14907723384442
124.23505923607809
124.32079410774134
124.40628098045158
124.49151888719518
124.57650676190678
124.66124343913827
124.74572765382368
124.82995804114557
124.91393313650804
124.9976513756202
125.08111109469519
125.16431053076815
125.24724782213605
125.32992100892147
125.41232803376228
125.49446674262948
125.57633488577484
125.65793011880955
125.73925000391468
125.8202920111835
125.90105352009506
125.98153182111913
126.0617241174523
126.14162752688425
126.22123908379344
126.30055574127256
126.37957437338447
126.45829177754958
126.53670467706571
126.61480972376252
126.69260350079152
126.77008252555301
126.84724325275955
126.92408207763664
127.0005953392605
127.07677932403318
127.1526302692936
127.2281443670637
127.30331776792868
127.37814658504796
127.45262689829589
127.5267547585287
127.60052619197394
127.67393720473775
127.74698378742688
127.81966191988262
127.89196757602305
127.96389672878924
128.0354453551896
128.10660944143604
128.17738498816436
128.24776801573125
128.31775456957803
128.38734072565137
128.45652259587052
128.5252963336311
128.59365813933573
128.66160426594206
128.7291310245189
128.79623478980068
128.86291200573157
128.9291591909904
128.9949729444885
129.06034995083303
129.12528698574727
129.18978092143993
129.25382873191484
129.31742749821046
129.38057441355886
129.44326678845243
129.50550205560694
129.56727777480933
129.62859163763972
129.68944147205764
129.74982524684276
129.80974107588213
129.8691872222971
129.92816210240437
129.98666428950696
130.04469251751084
130.10224568436263
130.15932285530528
130.2159232659484
130.27204632514974
130.32769161770523
130.38285890684347
130.43754813652208
130.49175943352225
130.54549310933908
130.59874966186555
130.65152977686785
130.7038343292494
130.75566438410067
130.80702119753153
130.85790621728222
130.9083210831094
130.9582676269432
131.00774787281227
131.05676403653445
131.10531852517113
131.15341393624306
131.20105305670597
131.24823886168485
131.2949745129655
131.34126335724307
131.38710892412712
131.43251492390198
131.4774852450422
131.52202395148254
131.56613527964316
131.60982363521055
131.653093589675
131.6959498766281
131.7383973878242
131.78044116901071
131.82208641553245
131.86333846771402
131.90420280602518
131.94468504603435
131.98479093315711
132.0245263372068
132.0638972467549
132.10290976330964
132.1415700953204
132.17988455201578
132.2178595370848
132.25550154220866
132.2928171404509
132.3298129795122
132.36649577485616
132.40287230271258
132.43894939296695
132.47473392194354
132.51023280509082
132.54545298957794
132.58040144681092
132.61508516487777
132.6495111409314
132.6836863735192
132.71761785486876
132.7513125631391
132.78477745464772
132.81801945608356
132.85104545671504
132.88386230060257
132.91647677882463
132.94889562172636
132.98112549119958
133.0131729730034
133.04504456913617
133.07674669026926
133.10828564825408
133.1396676487135
133.17089878372997
133.20198502464098
133.23293221495248
133.26374606337993
133.29443213702496
133.32499585469589
133.35544248037843
133.38577711686287
133.41600469953357
133.44612999032677
133.47615757186293
133.5060918417597
133.53593700713202
133.56569707928554
133.59537586861018
133.62497697967945
133.6545038065616
133.68395952834942
133.71334710491635
133.7426692729067
133.7719285419679
133.80112719123292
133.8302672660617
133.85935057504832
133.8883786873015
133.91735293000363
133.94627438625423
133.97514389320293
134.00396204047763
134.0327291689108
134.0614453695681
134.09011048308287
134.11872409930072
134.14728555723843
134.17579394535926
134.20424810216684
134.2326466171197
134.26098783186706
134.289269841806
134.31749049796088
134.34564740918302
134.3737379446685
134.40175923679033
134.42970818423998
134.45758145547268
134.48537549244986
134.51308651467082
134.54071052348525
134.56824330667803
134.59568044331502
134.62301730883826
134.65024908039834
134.67737074241074
134.70437709232226
134.73126274657125
134.75802214672626
134.78464956578705
134.81113911463171
134.83748474859476
134.86368027416097
134.88971935576023
134.91559552264926
134.94130217586644
134.9668325952489
134.99217994650098
135.01733728830482
135.04229757946223
135.06705368605685
135.09159838862342
135.11592438931098
135.14002431902736
135.16389074455378
135.1875161756186
135.21089307191983
135.23401385008742
135.25687089057715
135.27945654448786
135.3017631402954
135.32378299049537
135.3455083981471
135.36693166331247
135.38804508938483
135.4088409893045
135.42931169165877
135.44944954666585
135.46924693204255
135.4886962587559
135.50778997665952
135.52652058001627
135.54488061290795
135.56286267453174
135.58045942438434
135.59766358733555
135.61446795859388
135.6308654085667
135.6468488876185
135.66241143073034
135.67754616206184
135.69224629941618
135.7065051586094
135.72031615774517
135.73367282139657
135.74656878469432
135.75899779732435
135.77095372743634
135.7824305654658
135.79342242787266
135.80392356079687
135.81392834363305
135.82343129252445
135.83242706377814
135.84091045720197
135.8488764193644
135.8563200467786
135.8632365890121
135.86962145172174
135.87547019961357
135.88077855932784
135.8855424222486
135.88975784723812
135.89342106329582
135.89652847214188
135.89907665072496
135.90106235365306
135.90248251554635
135.90333425331187
135.90361486833876
135.90332184861336
135.9024528707521
135.90100580194962
135.89897870183904
135.89636982426123
135.89317761894085
135.8894007330655
135.88503801276397
135.88008850448
135.87455145623767
135.86842631879585
135.8617127466889
135.85441059915183
135.8465199409286
135.83804104296178
135.82897438296254
135.81932064586022
135.80908072412944
135.7982557179928
135.78684693549758
135.77485589246749
135.7622843123304
135.74913412582532
135.7354074705911
135.72110669064045
135.7062343357229
135.69079316058105
135.674786124104
135.65821638838133
135.6410873176594
135.62340247720226
135.6051656320592
135.58638074574196
135.5670519788148
135.54718368739964
135.52678042159778
135.50584692382927
135.4843881270915
135.46240915313933
135.43991531058805
135.41691209294027
135.39340517653613
135.36940041842718
135.34490385417325
135.31992169556156
135.2944603282467
135.26852630931012
135.2421263647368
135.21526738680836
135.18795643141038
135.16020071525327
135.13200761300482
135.10338465433108
135.0743395208416
135.04488004293637
135.0150141965504
134.9847500997913
134.95409600946766
134.92306031750547
134.89165154724867
134.85987834963782
134.82774949926068
134.79527389026714
134.76246053214106
134.72931854532033
134.69585715665733
134.6620856947112
134.6280135848648
134.5936503442607
134.55900557655207
134.5240889664634
134.48891027415846
134.45347932941252
134.41780602558754
134.38190031340912
134.34577219454638
134.30943171499655
134.2728889582762
134.23615403842166
134.19923709280158
134.16214827474698
134.12489774600397
134.08749566901554
134.0499521990397
134.01227747611222
133.9744816168644
133.93657470620462
133.89856678887384
133.8604678608864
133.8222878608675
133.7840366612985
133.74572405968192
133.70735976963906
133.6689534119533
133.63051450557268
133.59205245858524
133.55357655918291
133.51509596662945
133.47661970224917
133.438156640453
133.39971549981928
133.36130483424822
133.32293302420962
133.28460826810132
133.246338573737
133.20813174998133
133.1699953985495
133.13193690598868
133.09396343585908
133.05608192113195
133.01829905682152
132.9806212928689
132.94305482729655
132.90560559965078
132.86827928474813
132.83108128673902
132.79401673350262
132.75709047138534
132.72030706029508
132.68367076916238
132.64718557177943
132.6108551430262
132.57468285549166
132.5386717764994
132.5028246655448
132.46714397215086
132.43163183415012
132.396290076398
132.36112020992059
132.32612343149853
132.29130062368776
132.25665235527785
132.2221788821872
132.18788014879155
132.1537557896821
132.11980513184764
132.08602719727466
132.0524207059577
132.0189840793116
131.98571544397666
131.9526126360083
131.9196732054406
131.88689442121355
131.8542732764524
131.82180649408812
131.78949053280755
131.75732159332117
131.72529562493693
131.6934083324281
131.6616551831821
131.63003141461647
131.59853204184807
131.56715186559947
131.53588548032823
131.5047272825643
131.4736714794387
131.4427120973855
131.41184299099766
131.38105785201944
131.35035021845667
131.31971348378553
131.28914090624127
131.25862561816686
131.22816063540265
131.19773886669756
131.16735312312218
131.1369961274638
131.106660523586
131.07633888573534
131.04602372777796
131.01570751235087
130.9853826599137
130.9550415576882
130.92467656847245
130.89428003931945
130.86384431006942
130.83336172172673
130.80282462467287
130.7722253867084
130.7415564009186
130.71081009335805
130.67997893055073
130.6490554268007
130.6180321513102
130.58690173510146
130.55565687773864
130.5242903538485
130.49279501943917
130.46116381801752
130.42938978650542
130.39746606095602
130.36538588207154
130.33314260052325
130.30072968207523
130.26814071251405
130.2353694023869
130.20240959155055
130.16925525353312
130.13590049971012
130.10233958329442
130.0685669031404
130.03457700736212
130.00036459676548
129.96592452809497
129.93125181709522
129.89634164138906
129.86118934317207
129.82579043172333
129.79014058573213
129.75423565543971
129.71807166459618
129.68164481223275
129.6449514742488
129.60798820481338
129.57075173758173
129.53323898672963
129.495447047807
129.4573731984145
129.41901489870665
129.3803697917252
129.34143570356545
129.30221064337772
129.26269280320614
129.22288055766714
129.1827724634713
129.14236725879184
129.10166386248406
129.0606613731621
129.01935906813807
128.97775640222775
128.93585300642596
128.89364868645484
128.85114342118877
128.8083373609596
128.76523082574678
128.7218243032573
128.67811844689876
128.63411407364853
128.5898121618214
128.54521384873644
128.50032042828283
128.45513334838387
128.4096542083575
128.36388475617156
128.31782688559036
128.27148263320913
128.2248541753741
128.17794382498715
128.13075402819396
128.08328736095604
128.0355465255074
127.98753434669636
127.9392537682133
127.89070784870655
127.84189975778686
127.79283277192117
127.74351027021699
127.69393573009798
127.64411272287244
127.59404490919844
127.54373603445102
127.4931899239976
127.44241047838928
127.39140166847717
127.34016753046372
127.28871216089802
127.23703971162486
127.18515438469713
127.13306042726124
127.08076212642545
127.02826380412053
126.97556981196061
126.92268452611125
126.86961234217068
126.81635767006998
126.76292492899887
126.70931854236295
126.65554293277802
126.60160251710664
126.54750170154188
126.49324487674261
126.43883641302506
126.3842806556168
126.32958191997994
126.27474448720994
126.21977259951638
126.16467045579151
126.10944220727362
126.05409195331237
125.99862373724278
125.9430415423738
125.88734928809805
125.83155082612956
125.77564993687605
125.71965032595216
125.66355562083976
125.60736936770235
125.55109502836018
125.49473597743298
125.43829549965602
125.3817767873748
125.3251829382229
125.26851695298768
125.21178173366837
125.1549800817292
125.09811469654943
125.04118817407067
124.98420300564084
124.9271615770528
124.87006616777461
124.81291895036799
124.75572199009156
124.69847724468463
124.64118656432703
124.58385169177114
124.52647426264156
124.469055805898
124.41159774445708
124.35410139596837
124.29656797373997
124.23899858780959
124.18139424615691
124.12375585605315
124.06608422554388
124.00838006506211
123.95064398916855
123.89287651841602
123.83507808133373
123.77724901652601
123.71938957488061
123.66149992188122
123.60358014001753
123.54563023128645
123.48765011977758
123.42963965433552
123.3715986112922
123.31352669726294
123.25542355199882
123.1972887512881
123.13912180989921
123.0809221845572
123.02268927694551
122.96442243672463
122.90612096455997
122.8477841151519
122.789411100261
122.7310010917228
122.67255322444537
122.61406659938397
122.55554028648719
122.49697332760904
122.43836473938192
122.37971351604419
122.32101863221662
122.26227904562249
122.20349369974717
122.14466152643426
122.08578144841674
122.02685238178223
121.96787323837252
121.90884292811818
121.84976036131086
121.79062445081574
121.73143411422659
121.67218827596598
121.61288586933328
121.55352583850213
121.49410714046853
121.4346287469496
121.37508964623196
121.31548884496901
121.25582536992572
121.1960982696691
121.13630661620236
121.07644950654064
121.01652606422606
120.95653544077975
120.89647681708827
120.83634940472272
120.77615244718986
120.71588522111476
120.65554703735488
120.59513724204434
120.53465521756725
120.47410038345917
120.41347219723723
120.35277015516003
120.29199379291872
120.23114268625993
120.17021645154232
120.10921474622903
120.0481372693195
119.98698376172369
119.92575400658193
119.86444782953303
119.80306509893391
119.74160572603346
119.68006966510329
119.61845691352714
119.55676751185153
119.49500154379977
119.43315913625138
119.37124045918863
119.30924572561109
119.24717519141875
119.18502915526406
119.12280795837196
119.06051198432684
118.99814165882529
118.93569744939342
118.8731798650671
118.81058945603482
118.7479268132428
118.68519256796233
118.62238739131865
118.5595119937814
118.49656712461686
118.43355357130204
118.37047215890087
118.30732374940285
118.24410924102474
118.1808295674754
118.11748569718489
118.0540786324988
117.99060940883979
117.9270790938381
117.86348878643358
117.79983961595227
117.73613274116067
117.67236934929977
117.60855065510091
117.54467789978551
117.48075235005038
117.4167752970408
117.35274805531415
117.28867196179706
117.22454837473893
117.16037867266394
117.09616425332345
117.03190653265088
116.96760694372009
116.90326693570742
116.83888797285866
116.77447153346068
116.71001910881765
116.64553220223084
116.58101232798165
116.51646101031773
116.45187978244124
116.38727018549858
116.32263376757058
116.2579720826632
116.19328668969811
116.12857915150201
116.0638510337931
115.99910390416383
115.93433933105885
115.86955888274625
115.80476412628062
115.73995662645737
115.67513794475897
115.61030963829435
115.54547325873287
115.48063035123438
115.41578245337656
115.35093109408037
115.28607779253504
115.22122405712425
115.15637138435456
115.0915212577885
115.02667514698477
114.96183450644766
114.89700077458771
114.83217537269503
114.76735970392532
114.70255515229736
114.63776308170101
114.57298483491424
114.50822173262851
114.44347507248132
114.37874612809505
114.31403614812042
114.24934635528315
114.18467794543245
114.12003208658952
114.05540991799411
113.99081254914769
113.92624105885058
113.86169649423154
113.79717986976824
113.73269216629798
113.668234330018
113.60380727147619
113.5394118645528
113.47504894543432
113.41071931158139
113.34642372069335
113.28216288967259
113.21793749359246
113.15374816467273
113.08959549126725
113.02548001686854
112.96140223913496
112.89736260894576
112.83336152949018
112.76939935539612
112.70547639190421
112.64159289409226
112.57774906615477
112.51394506074224
112.45018097836375
112.38645686685597
112.32277272092189
112.25912848174211
112.19552403666138
112.13195921895284
112.0684338076626
112.00494752753697
111.94150004903408
111.87809098842048
111.8147199079523
111.75138631614028
111.68808966809765
111.6248293659694
111.56160475944127
111.498415146325
111.43525977321748
111.37213783623044
111.30904848178729
111.2459908074833
111.18296386300575
111.11996665111053
111.05699812865191
110.99405720766197
110.93114275647656
110.86825360090643
110.80538852545158
110.74254627455741
110.67972555391111
110.61692503177653
110.55414334036561
110.49137907724378
110.42863080676807
110.3658970615569
110.30317634399
110.24046712773793
110.17776785931983
110.11507695968862
110.05239282584239
109.98971383246135
109.92703833357075
109.86436466423015
109.80169114224964
109.73901606993297
109.67633773584703
109.61365441661621
109.55096437874079
109.48826588043801
109.42555717350535
109.36283650520454
109.30010212016509
109.23735226230599
109.17458517677358
109.11179911189379
109.04899232113712
108.98616306509484
108.92330961346545
108.86043024704998
108.7975232597554
108.73458696060561
108.67161967575998
108.6086197505391
108.54558555145707
108.4825154682602
108.41940791597267
108.35626133694859
108.29307420293037
108.22984501711221
108.16657231620832
108.10325467252517
108.0398906960371
107.97647903646464
107.91301838535503
107.84950747816572
107.78594509635138
107.72233006945498
107.65866127720255
107.59493765160141
107.5311581790412
107.46732190239663
107.40342792312981
107.33947540338954
107.2754635681041
107.21139170706465
107.14725917699684
107.0830654036173
107.01880988367168
106.9544921869508
106.89011195828198
106.82566891949216
106.76116287133914
106.69659369540727
106.63196135596388
106.56726590177186
106.50250746785434
106.4376862772067
106.37280264245135
106.30785696743203
106.24284974874456
106.17778157720045
106.11265313921909
106.04746521814376
105.98221869547557
105.91691455201963
105.8515538689371
105.7861378286975
105.72066771592539
105.65514491813393
105.58957092633828
105.5239473355417
105.45827584508866
105.39255825887959
105.32679648544318
105.26099253786286
105.1951485335537
105.1292666938866
105.06334934365724
104.99739891039813
104.93141792353263
104.8654090133699
104.79937490994006
104.73331844166829
104.66724253388655
104.60115020718216
104.53504457558289
104.46892884457837
104.40280630897745
104.33668035060246
104.2705544358215
104.20443211291966
104.13831700931097
104.07221282859233
104.00612334744083
103.94005241235548
103.8740039362451
103.80798189486437
103.74199032310024
103.67603331111262
103.61011500033338
103.54423957932885
103.47841127953119
103.41263437084386
103.34691315712722
103.28125197157077
103.21565517195903
103.15012713583802
103.08467225558921
103.01929493341844
102.95399957626817
102.88879059066299
102.82367237749871
102.75864932678631
102.69372581236222
102.62890618657671
102.56419477497205
102.49959587096156
102.43511373052114
102.37075256690365
102.30651654538632
102.24240977806049
102.17843631867264
102.11460015752594
102.05090521645103
101.9873553438532
101.92395430984321
101.86070580145802
101.79761341797767
101.73468066634426
101.67191095668794
101.6093075979646
101.54687379370998
101.48461263791395
101.4225271110191
101.3606200760473
101.2988942748577
101.23735232453916
101.17599671394075
101.11482980034484
101.05385380628704
100.993070816526
100.9324827751652
100.87209148292922
100.81189859459673
100.75190561659244
100.6921139047399
100.63252466217634
100.57313893743057
100.51395762266472
100.454981452081
100.39621100049473
100.33764668207502
100.27928874925439
100.2211372918093
100.16319223611478
100.10545334457638
100.04792021524278
99.99059228160249
99.93346881256693
99.87654891264262
99.81983152229415
99.76331541849933
99.706999215497
99.65088136572737
99.59496016096463
99.539233733641
99.48370005836065
99.42835695360313
99.37320208361402
99.31823296048114
99.26344694639428
99.20884125608652
99.15441295945342
99.10015898434628
99.04607611953392
98.99216101782858
98.93841019937074
98.88482005506737
98.83138685017886
98.77810672804887
98.72497571397193
98.67198971919353
98.61914454503628
98.56643588714687
98.51385933985884
98.46141040066513
98.40908447479407
98.35687687988272
98.30478285074193
98.25279754420703
98.2009160440683
98.14913336607466
98.09744446300462
98.04584422979846
97.99432750874686
97.94288909473048
97.89152374050511
97.84022616202682
97.78899104381182
97.73781304432575
97.68668680139714
97.63560693764984
97.58456806594913
97.53356479485737
97.48259173409471
97.43164350000083
97.3807147209927
97.32980004301325
97.27889413496584
97.22799169412983
97.17708745155207
97.12617617740861
97.07525268633194
97.02431184269935
96.9733485658779
96.92235783542114
96.8713346962131
96.82027426355464
96.76917172818658
96.718022361244
96.66682151913695
96.61556464835321
96.56424729017881
96.51286508533174
96.46141377850513
96.4098892228164
96.3582873841586
96.3066043454498
96.25483631077618
96.20297960942362
96.15103069979268
96.09898617319227
96.04684275750601
95.99459732072553
95.94224687434549
95.88978857661466
95.8372197356377
95.78453781232265
95.73174042317028
95.67882534290182
95.62579050692143
95.57263401361043
95.51935412645032
95.46594927597205
95.41241806152944
95.35875925289595
95.30497179168374
95.25105479258384
95.19700754442574
95.14282951105493
95.08852033202716
95.0340798231186
94.97950797665119
94.92480496163371
94.86997112371883
94.81500698497582
94.7599132434785
94.70469077270782
94.64934062076993
94.59386400943045
94.53826233296691
94.48253715684105
94.426690216193
94.37072341415997
94.31463882002306
94.25843866718715
94.20212535099968
94.14570142641419
94.08916960550455
94.0325327548364
93.97579389270182
93.91895618622296
93.86202294833045
93.80499763462315
93.74788384011556
93.69068529587862
93.63340586557838
93.57604954191682
93.51862044297839
93.46112280848645
93.4035609959728
93.34593947686365
93.28826283248652
93.2305357500032
93.17276301827458
93.1149495236619
93.05710024576884
92.99922025312954
92.9413146988472
92.88338881618695
92.82544791412711
92.76749737287226
92.70954263933056
92.65158922255792
92.59364268917132
92.53570865873401
92.47779279911465
92.41990082182276
92.36203847732232
92.30421155032532
92.2464258550669
92.18868723056364
92.13100153585772
92.0733746452491
92.01581244351924
91.95832082114835
91.90090566952843
91.84357287617361
91.78632831993009
91.72917786618719
91.67212736209156
91.61518263176727
91.5583494715441
91.50163364519729
91.44504087920241
91.38857685800959
91.33224721934103
91.27605754951612
91.2200133788079
91.16412017683463
91.10838334799104
91.05280822692367
90.99740007405529
90.94216407116284
90.88710531701344
90.83222882306353
90.77753950922641
90.72304219971369
90.6687416189555
90.61464238760408
90.56074901862604
90.50706591348825
90.45359735844175
90.40034752090872
90.34732044597757
90.29452005301226
90.2419501323813
90.18961434231238
90.13751620587885
90.08565910812416
90.03404629332914
89.98268086242621
89.93156577056351
89.88070382482164
89.8300976820845
89.77974984706469
89.72966267048304
89.67983834740181
89.63027891571056
89.58098625476401
89.53196208417165
89.48320796273782
89.43472528755098
89.38651529321982
89.33857905125416
89.29091746958858
89.24353129224863
89.19642109915895
89.14958730609277
89.10303016476195
89.0567497630471
89.01074602536613
88.96501871317986
88.91956742563303
88.87439160032994
88.82949051424276
88.78486328475077
88.7405088708079
88.69642607423697
88.6526135411487
88.609069763484
88.56579308067779
88.52278168144181
88.48003360566378
88.43754674641872
88.39531885208822
88.35334752858381
88.31163024167034
88.27016431938574
88.22894695455403
88.18797520738923
88.14724600818812
88.10675616011002
88.06650234204125
88.02648111154184
87.98668890787286
87.94712205510183
87.90777676528495
87.86864914172526
87.82973518230659
87.79103078290353
87.7525317408685
87.71423375859735
87.67613244717307
87.63822333008812
87.60050184704443
87.56296335783162
87.52560314628244
87.48841642430324
87.45139833597733
87.41454396173816
87.37784832260905
87.3413063845058
87.30491306259836
87.2686632257275
87.23255170087185
87.19657327765998
87.16072271292188
87.12499473527492
87.08938404973975
87.05388534238244
87.01849328497877
86.98320253969615
86.94800776378946
86.91290361430748
86.877884752807
86.8429458500712
86.80808159082864
86.77328667846842
86.7385558397462
86.70388382947561
86.66926543519918
86.63469548183156
86.60016883626878
86.56568041195561
86.53122517340324
86.49679814065013
86.46239439365769
86.4280090766336
86.3936374022756
86.35927465592926
86.32491619965282
86.29055747618276
86.25619401279408
86.22182142505056
86.18743542043848
86.15303180187749
86.11860647110274
86.08415543191296
86.04967479328087
86.01516077232321
85.98060969712975
85.94601800945003
85.9113822672378
85.87669914705356
85.84196544632601
85.80717808547325
85.77233410988464
85.73743069176584
85.7024651318498
85.66743486097602
85.63233744154007
85.59717056881647
85.56193207215671
85.52661991606584
85.49123220116081
85.45576716501347
85.42022318288122
85.38459876832877
85.34889257374454
85.31310339075452
85.27723015053726
85.24127192404313
85.2052279221212
85.16909749555731
85.13288013502626
85.09657547096032
85.06018327333669
85.02370345138608
84.98713605322352
84.95048126540148
84.91373941238594
84.87691095595623
84.83999649452998
84.80299676241309
84.76591262897527
84.7287450977514
84.69149530546842
84.65416452099798
84.61675414423466
84.5792657048999
84.54170086127094
84.50406139883346
84.46634922885589
84.42856638688424
84.39071503115501
84.35279744092479
84.31481601471528
84.27677326847258
84.23867183363966
84.20051445514052
84.16230398927512
84.12404340152402
84.08573576426276
84.04738425438568
84.00899215083943
83.97056283206659
83.93209977335964
83.89360654412569
83.85508680506227
83.81654430524422
83.77798287912144
83.73940644342717
83.70081899399672
83.66222460249632
83.62362741306201
83.58503163884886
83.54644155849114
83.50786151247387
83.46929589941628
83.43074917226856
83.39222583442306
83.35373043574172
83.31526756850205
83.27684186326375
83.2384579846585
83.20012062710593
83.16183451045963
83.12360437558645
83.0854349798838
83.04733109273893
83.00929749093432
82.9713389540032
82.93346025953922
82.89566617846417
82.85796147025921
82.82035087816409
82.78283912434908
82.74543090506465
82.70813088577374
82.67094369627141
82.63387392579675
82.59692611814141
82.56010476675901
82.52341430987921
82.48685912563023
82.45044352717507
82.41417175786653
82.37804798642587
82.34207630215
82.30626071015199
82.27060512664018
82.23511337424172
82.19978917737528
82.16463615767809
82.12965782949259
82.09485759541796
82.06023874193208
82.02580443509002
81.9915577163063
81.9575014982277
81.92363856070283
81.88997154685562
81.85650295927023
81.82323515629439
81.79017034846838
81.75731059508693
81.72465780090003
81.692213712959
81.65997991761405
81.62795783766789
81.59614872969023
81.56455368149696
81.53317360979659
81.50200925800553
81.47106119423339
81.44032980943828
81.40981531575224
81.37951774497677
81.3494369472485
81.31957258987498
81.28992415633891
81.26049094546946
81.2312720707786
81.20226645996061
81.1734728545513
81.14488980974332
81.11651569435301
81.08834869093599
81.06038679604833
81.03262782065113
81.00506939065647
80.97770894761484
80.95054374954398
80.92357087189978
80.89678720868883
80.87018947372215
80.84377420200954
80.81753775129417
80.79147630372645
80.7655858676774
80.73986227969127
80.71430120657809
80.68889814764682
80.66364843707962
80.63854724644776
80.6135895873696
80.58877031431112
80.56408412753049
80.5395255761679
80.51508906148072
80.49076884022443
80.46655902817909
80.44245360382095
80.41844641213837
80.39453116859036
80.37070146320642
80.34695076482595
80.32327242547538
80.29965968488082
80.27610567511411
80.2526034253689
80.2291458668632
80.20572583786421
80.18233608883159
80.1589692876752
80.13561802512166
80.11227482018435
80.08893212573051
80.06558233413901
80.04221778304262
80.01883076114748
79.99541351412248
79.97195825054999
79.94845714793055
79.92490235873257
79.90128601647919
79.87760024186494
79.85383714889568
79.82998885104612
79.80604746742873
79.7820051289672
79.75785398456824
79.73358620728621
79.70919400047526
79.68466960392314
79.66000529996111
79.635193419545
79.61022634830252
79.58509653254285
79.5597964852249
79.53431879188159
79.50865611649877
79.48280120734708
79.45674690276545
79.43048613689453
79.40401194535823
79.37731747089029
79.3503959689024
79.32324081299001
79.29584550037102
79.26820365725258
79.24030904412122
79.2121555609507
79.18373725232222
79.15504831245086
79.12608309011308
79.09683609346918
79.06730199477433
79.03747563497144
79.0073520281584
78.97692636592286
78.94619402153798
78.91515055401193
78.88379171198393
78.85211343745824
78.82011186936803
78.78778334696109
78.75512441299908
78.72213181676229
78.68880251685233
78.65513368378551
78.62112270237027
78.58676717386312
78.55206491789842
78.51701397418834
78.48161260398923
78.44585929133133
78.40975274400911
78.3732918943298
78.3364758996179
78.29930414247407
78.26177623078674
78.22389199749513
78.1856515001033
78.14705501994435
78.10810306119483
78.06879634964038
78.02913583119324
77.98912267016296
77.94875824728116
77.90804415748245
77.86698220744383
77.82557441288647
77.78382299564318
77.74173038049447
77.69929919177606
77.65653224976121
77.61343256682188
77.57000334337273
77.52624796360227
77.48216999099647
77.43777316366062
77.39306138944552
77.34803874088415
77.30270944994517
77.25707790260914
77.21114863327388
77.16492631899611
77.11841577357643
77.07162194149487
77.02454989170383
76.97720481128499
76.92959199897712
76.88171685858265
76.8335848922618
76.7852016937228
76.73657294131749
76.68770439105174
76.63860186952036
76.58927126677622
76.53971852914378
76.48994965198699
76.43997067244061
76.3897876621138
76.33940671977496
76.28883396402716
76.23807552598305
76.1871375419463
76.13602614610727
76.08474746326033
76.03330760155063
75.98171264525797
75.92996864762506
75.87808162373756
75.82605754346343
75.7739023244593
75.72162182525199
75.66922183840359
75.61670808376812
75.56408620184811
75.5113617472598
75.45854018231569
75.40562687073339
75.35262707147876
75.29954593275158
75.2463884861221
75.19315964082625
75.13986417822719
75.08650674645014
75.03309185519765
74.97962387075108
74.92610701116303
74.87254534164515
74.81894277015533
74.76530304318754
74.7116297417669
74.65792627765182
74.60419588974553
74.55044164071835
74.49666641384208
74.44287291003654
74.38906364512825
74.3352409473212
74.28140695488041
74.2275636140278
74.17371267704964
74.11985570061499
74.06599404430487
74.01212886935132
73.95826113758623
73.90439161060031
73.85052084911216
73.79664921254822
73.7427768588335
73.6889037443933
73.63502962436642
73.58115405302975
73.5272763844341
73.47339577325043
73.41951117582526
73.36562135144378
73.31172486379897
73.25782008266513
73.20390518577356
73.14997816088804
73.09603680807764
73.0420787421841
72.98810139548037
72.9341020205163
72.88007769314764
72.82602531574479
72.77194162057843
72.71782317337862
72.66366637706402
72.60946747563791
72.55522255824717
72.50092756340057
72.44657828334282
72.39217036857978
72.33769933254989
72.28316055643567
72.22854929410975
72.17386067721013
72.11908972033966
72.06423132638376
72.00928029193997
71.95423131285239
71.89907898984328
71.84381783423376
71.78844227374535
71.732946658374
71.67732526632906
71.62157231003007
71.5656819421545
71.50964826172893
71.45346532025692
71.39712712787585
71.34062765953493
71.28396086118639
71.22712065598168
71.1701009504653
71.11289564075796
71.05549861872166
70.99790377809992
70.94010502062744
70.8820962621032
70.82387143842217
70.7654245115609
70.70674947551285
70.6478403621696
70.58869124714406
70.52929625553142
70.46964956760368
70.40974542443334
70.34957813344133
70.2891420738641
70.22843170213432
70.16744155716933
70.10616626556097
70.0446005466604
69.98273921755143
69.92057719790617
69.85810951471731
69.79533130690166
69.73223782977053
69.66882445936281
69.60508669663707
69.54102017151925
69.47662064680311
69.41188402190109
69.34680633644395
69.28138377372831
69.21561266401058
69.14948948764585
69.08301087806969
69.01617362462038
68.9489746751997
68.88141113876988
68.81348028768453
68.74517955985125
68.67650656072449
68.60745906512655
68.53803501889531
68.46823254035708
68.3980499216229
68.32748562970751
68.25653830747031
68.18520677437819
68.11349002709035
68.04138723986564
67.968897764793
67.89602113184613
67.82275704876322
67.74910540075275
67.67506625002586
67.60063983515575
67.5258265702637
67.45062704403166
67.3750420185411
67.29907242793878
67.2227193769295
67.14598413909597
67.06886815504653
66.99137303039107
66.91350053354574
66.8352525933683
66.75663129662689
66.67763888530465
66.59827775374265
66.51855044562501
66.43845965080982
66.35800820201041
66.27719907133144
66.1960353666642
66.11452032794494
66.0326573232798
65.95044984493978
65.86790150522819
65.78501603222418
65.70179726540522
65.61824915115216
65.53437573814057
65.45018117262265
65.36566969360382
65.28084562791861
65.1957133852103
65.11027745281842
65.02454239057926
64.9385128255455
64.8521934466313
64.7655889991899
64.67870427953181
64.5915441293917
64.50411343035199
64.41641709823023
64.32846007743711
64.24024733531166
64.1517838564403
64.06307463696668
63.97412467889904
63.88493898442197
63.79552255021883
63.705880361811005
63.61601738792029
63.52593857486004
63.435648840962116
63.34515307104611
63.25445611093771
63.16356276204253
63.07247777598228
62.98120584929943
62.889751618235536
62.79811965358748
62.70631445564531
62.61434044921559
62.52220197873332
62.42990330346633
62.33744859281556
62.24484192171495
62.15208726613473
62.05918849869219
61.9661493843739
61.87297357637372
61.77966461205117
61.686225909014674
61.59266076133432
61.49897233588829
61.40516366884689
61.31123766229789
61.21719708101623
61.12304454938093
61.0287825484422
60.934413413142046
60.83993932969177
60.74536233310952
60.65068430492036
60.55590697102119
60.46103189971271
60.366060499900556
60.270994019467224
60.175833543816594
60.080579994592455
59.985234128571875
59.88979653673434
59.794267643507254
59.69864770618838
59.602936814545416
59.50713489059282
59.41124168854614
59.315256794953626
59.219179629004906
59.12300944301651
59.02674532309336
58.9303861899651
58.83393079999612
58.73737774636904
58.64072546044101
58.54397221327198
58.44711611732438
58.35015512833299
58.25308704734348
58.15590952291782
58.05862005350408
57.961215989967535
57.863694538279866
57.76605276236264
57.668287587081764
57.57039580138952
57.47237406161078
57.374218894869
57.27592670264768
57.17749376448292
57.07891624178286
56.98019018176963
56.88131152153939
56.78227609223639
56.683079623336496
56.58371774703609
56.484186002741765
56.38447984165607
56.28459463145403
56.18452566104475
56.0842681454127
55.98381723053286
55.88316799835474
55.78231547184982
55.681254620117166
55.57998036354196
55.47848757900113
55.37677110511073
55.27482574750912
55.17264628417093
55.07022747074661
54.96756404592305
54.86465073680052
54.761482264281085
54.658053348463795
54.554358714041655
54.45039309569489
54.34615124347499
54.24162792817424
54.13681794667525
54.03171612727499
53.92631733497717
53.82061647674715
53.71460850672349
53.60828843138091
53.501651314639105
53.39469228291199
53.287406530091914
53.17978932246307
53.07183600353846
52.963541998814996
52.85490282044179
52.74591407179661
52.636571451966226
52.52687076012625
52.41680789981637
52.306378883106156
52.1955798346471
52.08440699560645
51.97285672747909
51.86092551577422
51.74860997357381
51.63590684495999
51.52281300830889
51.409325479448384
51.29544141467743
51.18115811364417
51.06647302207999
50.951383734386795
50.835887996075186
50.71998370605148
50.60366891875155
50.48694184611888
50.36980085942439
50.25224449092592
50.134271435365726
50.01588055130444
49.89707086229058
49.77784155786478
49.658191994397704
49.53812169576097
49.41763035383051
49.296717828822274
49.17538414946021
49.05362951297693
48.931454284947655
48.80885899895757
48.68584435610345
48.56241122433042
48.43856063760492
48.314293794925874
48.18961205917557
48.06451695581214
47.9390101714051
47.813093552016
47.68676910142531
47.560038979207064
47.43290549865233
47.30537112454326
47.17743847077938
47.049110297858725
46.920389510216204
46.79127915342203
46.66178241124256
46.53190260256596
46.40164317819576
46.271007717515396
46.13999992502678
46.00862362676619
45.87688276660062
45.7447814024085
45.61232370214869
45.479513939822496
45.346356491333566
45.21285583025049
45.07901652347631
44.94484322682946
44.81034068054045
44.675513704668575
44.540367194443334
44.404906115535326
44.26913549926111
44.133060437726
43.99668607890903
43.86001762169423
43.72306031085265
43.58581943197954
43.448300306391225
43.3105082859857
43.17244874807103
43.03412709016579
42.895548724775615
42.75671907414989
42.61764356502318
42.47832762334577
42.33877666900827
42.19899611056553
42.05899133996547
41.91876772728813
41.7783306154999
41.63768531522783
41.496837099558775
41.35579119886819
41.21455279568323
41.073127019584945
40.93151894215413
40.78973357196565
40.64777584963587
40.50565064292845
40.36336274192427
40.22091685426107
40.07831760044791
39.93556950926
39.79267701321981
39.64964444417051
39.50647602894741
39.363175885152764
39.21974801703964
39.07619631151009
38.93252453423274
38.788736325884926
38.64483519852398
38.50082453209221
38.35670757105969
38.212487421209104
38.0681670465671
37.92374926648584
37.779236752878305
37.63463202761044
37.48993746005361
37.34515526480025
37.20028749954526
37.055336063135435
36.91030269378869
36.765188967484995
36.61999629653068
36.474725928297325
36.32937894413639
36.18395625847038
36.03845861806122
35.89288660145599
35.74724061861053
35.60152091069119
35.45572755005526
35.309860440410375
35.16391931715353
35.017903747889676
34.87181313312951
34.72564670716528
34.579403539123376
34.43308253419198
34.2866824350225
34.140201823302846
33.99363912150073
33.84699259477468
33.70026035305079
33.55344035326271
33.40653040175274
33.2595281568314
33.11243113149302
32.965236696284215
32.81794208232227
32.67054438446049
32.52304056459746
32.37542745512683
32.22770176252463
32.07986007107063
31.931898846700523
31.78381444098538
31.63560309523409
31.487260944714606
31.338784022989685
31.190168266362733
31.041409518429344
30.89250353472998
30.743445987498927
30.59423247050456
30.44485850397599
30.295319539610954
30.14561096565982
29.995728112080094
29.84566625575605
29.69542062577805
29.544986408775948
29.394358754301045
29.243532780251005
29.092503578332103
28.941266219553004
28.78981575974422
28.638147245097375
28.486255717718652
28.334136221190676
28.181783806137048
28.02919353578386
27.87636049151243
27.723279778397426
27.56994653072482
27.41635591748388
27.26250314782774
27.108383476496893
26.953992209199978
26.79932470794648
26.644376396326233
26.48914276473078
26.33361937551168
26.177801868070866
26.021685963878063
25.865267471410412
25.70854229100936
25.551506419650213
25.394155955619926
25.236487103098785
25.07849617664188
24.920179605556104
24.761533938168373
24.602555845980945
24.443242127709865
24.283589713202744
24.123595667231783
23.963257193158213
23.80257163646429
23.641536488148954
23.48014938798344
23.318408127623126
23.156310653572216
22.993855069998045
22.83103964139176
22.66786279507256
22.504323123532778
22.3404193866214
22.17615051356399
22.011515604817284
21.846513933756828
21.68114494819631
21.515408271737275
21.34930370494806
21.18283122637101
21.015990993357548
20.84878334273074
20.68120879127528
20.513268036054853
20.344961954557135
20.176291604666886
20.0072582244677
19.837863231873026
19.66810822408703
19.49799497689636
19.32752544379377
19.156701754934797
18.98552621592895
18.814001306467013
18.64212967878617
18.46991415597477
18.29735773011867
18.124463560290938
17.951234970386995
17.77767544680734
17.603788635990146
17.429578341796248
17.255048522749096
17.08020328913244
16.905046899948672
16.729583759740606
16.553818415279764
16.37775555212393
16.201399991047023
16.02475668434438
15.847830712016755
15.670627277836527
15.493151705299647
15.315409433466792
15.13740601269715
14.959147100278436
14.780638455956826
14.601885937370575
14.42289549539118
14.243673169376171
14.064225082337789
13.88455743603183
13.704676505971026
13.524588636367357
13.344300235007823
13.1638177680683
12.983147754870345
12.80229676258601
12.621271400895779
12.440078316604696
12.25872418822203
12.077215720509852
11.895559639005977
11.713762684526753
11.53183160765496
11.349773163218325
11.167594104764044
10.985301179034856
10.802901120452269
10.620400645612513
10.437806447800886
10.25512519152999
10.072363507107402
9.889527985238448
9.70662517166959
9.52366156187796
9.340643595812596
9.15757765269291
8.974470045869928
8.791327017755755
8.60815473482674
8.424959282705776
8.241746661329023
8.058522780202336
7.875293453752616
7.6920643967791555
7.5088412200099794
7.325629425767852
7.142434403750579
6.959261426930142
6.7761156475750965
6.593002093400543
6.409925663849832
6.226891126512077
6.043903113679368
5.86096611904743
5.678084494563276
5.495262447423247
5.312504037224666
5.129813173274082
4.947193612054933
4.764648954857237
4.58218264557177
4.399797968651043
4.217498047239185
4.035285841472598
3.853164146953046
3.6711355933946317
3.4892026434459744
3.3073675916887413
3.1256325638134888
2.943999515973614
2.7624702343179997
2.5810463347027772
2.399729262582444
2.218520293080409
2.0374205312388503
1.8564309124475928
1.6755522030515289
1.4947850011358979
1.3141297374885446
1.133586676738094
0.9531559186668117
0.7728373996967303
0.5926308945474472
0.41253601806382184
0.2325522272116229
0.052678823238997446
-0.12708504599855652
-0.3067403835522162
-0.4862883407355451
-0.6657302143247545
-0.8450674436065593
-1.024301607276846
-1.2034344201935452
-1.3824677299872632
-1.5614035135334046
-1.7402438732896772
-1.9189910335030433
-2.097647336290329
-2.276215237596866
-2.4546973030376935
-2.6330962036260015
-2.8114147113936014
-2.9896556949083815
-3.1678221146938235
-3.345917018555792
-3.5239435368219327
-3.7019048774991443
-3.8798043213547033
-4.057645216926715
-4.235430975469626
-4.413165065840623
-4.5908510093328205
-4.7684923744612835
-4.946092771707962
-5.123655848231681
-5.3011852825493655
-5.4786847791946975
-5.656158063360455
-5.833608875530819
-6.011040966109972
-6.18845809005333
-6.365864001507809
-6.543262448467495
-6.720657167451088
-6.898051878207577
-7.075450278456481
-7.25285603866899
-7.430272796896286
-7.607704153651281
-7.785153666849948
-7.9626248468183345
-8.140121151371309
-8.317645980969004
-8.495202673956875
-8.672794501895169
-8.850424664983473
-9.028096287585848
-9.205812413861922
-9.383576003509159
-9.561389927621459
-9.73925696466917
-9.917179796605401
-10.095161005103469
-10.273203067930131
-10.451308355459211
-10.62947912733005
-10.807717529254994
-10.986025589979926
-11.16440521840165
-11.342858200845692
-11.521386198507823
-11.69999074506222
-11.878673244439181
-12.05743496877504
-12.23627705653672
-12.415200510823183
-12.594206197845708
-12.773294845588595
-12.952467042651664
-13.131723237275681
-13.311063736551562
-13.490488705813863
-13.669998168218857
-13.84959200450719
-14.029269952950846
-14.209031609483793
-14.388876428015442
-14.568803720926034
-14.748812659742775
-14.928902275995377
-15.109071462249284
-15.289318973314815
-15.469643427630212
-15.650043308816404
-15.830516967401191
-16.01106262271035
-16.191678364922947
-16.372362157287895
-16.55311183849878
-16.733925125223692
-16.91479961478676
-17.095732787997818
-17.27672201212664
-17.457764544017724
-17.638857533341454
-17.81999802597723
-18.001182967524006
-18.182409206933517
-18.36367350026143
-18.544972514531402
-18.726302831706967
-18.907660952766
-19.08904330187226
-19.270446230638633
-19.45186602247656
-19.633298897026005
-19.814741014660452
-19.996188481061008
-20.177637351853914
-20.35908363730567
-20.54052330706966
-20.72195229497811
-20.903366503873258
-21.084761810471548
-21.266134070254594
-21.44747912238057
-21.62879279460978
-21.810070908238007
-21.99130928303143
-22.172503742156895
-22.353650117101356
-22.534744252574118
-22.71578201138536
-22.89675927929435
-23.077671969820734
-23.258516029012533
-23.4392874401643
-23.619982228479223
-23.800596465669237
-23.981126274487064
-24.161567833184318
-24.341917379889633
-24.522171216900954
-24.70232571488624
-24.882377316987043
-25.06232254281947
-25.242157992367098
-25.42188034976057
-25.601486386938504
-25.780972967184553
-25.960337048535777
-26.139575687057643
-26.31868603998133
-26.49766536869898
-26.676511041612645
-26.855220536833077
-27.03379144472463
-27.21222147029305
-27.39050843541303
-27.56865028089296
-27.746645068374498
-27.924490982064775
-28.102186330298984
-28.279729546931343
-28.457119192552447
-28.634353955531417
-28.811432652881532
-28.9883542309484
-29.1651177659198
-29.3417224641565
-29.518167662343526
-29.694452827461813
-29.870577556580397
-30.04654157646948
-30.222344743035137
-30.397987040576965
-30.57346858087024
-30.748789602074567
-30.92395046747089
-31.09895166402916
-31.273793800809077
-31.448477607196484
-31.62300393097826
-31.79737373625898
-31.97158810122298
-32.14564821574567
-32.31955537885802
-32.49331099606844
-32.66691657654619
-32.84037373017046
-33.013684164449025
-33.18684968131098
-33.35987217377809
-33.53275362251967
-33.70549609229594
-33.878101728295185
-34.05057275237022
-34.2229114591794
-34.39512021223767
-34.56720143988299
-34.73915763116322
-34.9109913316491
-35.082705139179254
-35.25430169954306
-35.42578370210718
-35.59715387539124
-35.76841498259846
-35.93956981710697
-36.11062119792784
-36.28157196513594
-36.4524249752799
-36.62318309677717
-36.7938492053
-36.964426179157805
-37.13491689468153
-37.305324221615216
-37.47565101852046
-37.64590012819939
-37.81607437314198
-37.98617655100298
-38.15620943011367
-38.32617574503325
-38.49607819214446
-38.66591942529822
-38.835702051511866
-39.00542862672568
-39.17510165162246
-39.34472356751456
-39.51429675230247
-39.68382351650939
-39.853306099396264
-40.02274666516138
-40.19214729922891
-40.361510004630304
-40.5308366984828
-40.70012920856914
-40.86938927002245
-41.038618522119975
-41.20781850518841
-41.37699065762348
-41.54613631302567
-41.7152566974537
-41.88435292679753
-42.05342600427327
-42.22247681804186
-42.391506138953794
-42.5605146184218
-42.72950278642299
-42.8984710496315
-43.067419689682545
-43.23634886156851
-43.40525859216786
-43.57414877890802
-43.74301918856333
-43.91186945618927
-44.08069908419356
-44.24950744154473
-44.418293763118704
-44.58705714918381
-44.75579656502397
-44.92451084069957
-45.0931986709456
-45.26185861520669
-45.430489097808916
-45.59908840826763
-45.76765470173082
-45.93618599955734
-46.10468019002941
-46.27313502919817
-46.44154814186062
-46.60991702266632
-46.778239037352435
-46.946511424105225
-47.11473129504664
-47.28289563784439
-47.45100131744398
-47.61904507792106
-47.787023544452175
-47.95493322540121
-48.122770514518855
-48.29053169325223
-48.458212933161654
-48.6258102984415
-48.79331974854184
-48.96073714088768
-49.12805823369208
-49.29527868885926
-49.46239407497355
-49.629399870369944
-49.79629146628226
-49.96306417006465
-50.12971320848245
-50.296233731068604
-50.462620813541626
-50.62886946128102
-50.794974612855725
-50.960931143601414
-51.12673386924311
-51.29237754955969
-51.457856892086255
-51.62316655585093
-51.78830115514259
-51.95325526330615
-52.11802341656184
-52.28260011784502
-52.446979840662465
-52.611157032961586
-52.77512612100898
-52.93888151327516
-53.10241760432271
-53.265728778694864
-53.428809414801805
-53.59165388880231
-53.75425657847874
-53.91661186710369
-54.07871414729684
-54.24055782487037
-54.40213732266128
-54.56344708434873
-54.72448157825452
-54.885235301124546
-55.045702781888885
-55.205878585398104
-55.3657573161336
-55.525333621889594
-55.684602197424375
-55.84355778807825
-56.00219519335523
-56.16050927046562
-56.31849493782634
-56.47614717851602
-56.63346104368206
-56.79043165589688
-56.94705421246117
-57.10332398865141
-57.25923634090974
-57.414786709974166
-57.56997062394758
-57.72478370130402
-57.87922165383104
-58.03328028950692
-58.18695551531117
-58.34024333996659
-58.49313987661138
-58.64564134539931
-58.79774407602575
-58.94944451017675
-59.100739203898726
-59.25162482988627
-59.40209817968581
-59.55215616581301
-59.701795823781474
-59.85101431404063
-59.9998089238208
-60.14817706888282
-60.29611629516989
-60.443624280359295
-60.5906988353123
-60.737337905420695
-60.88353957184864
-61.02930205266863
-61.17462370389034
-61.31950302038097
-61.463938636676055
-61.60792932767941
-61.751474009251346
-61.89457173868447
-62.03722171506677
-62.17942327953221
-62.321175915398946
-62.462479248195905
-62.603333045578324
-62.743737217132775
-62.88369181407165
-63.02319702881732
-63.16225319447602
-63.300860784201916
-63.43902041045226
-63.57673282413441
-63.71399891364598
-63.85081970380935
-63.987196354701894
-64.12313016038297
-64.25862254751843
-64.39367507390375
-64.52828942688677
-64.66246742169056
-64.79621099963697
-64.92952222627065
-65.06240328938333
-65.19485649693758
-65.32688427488932
-65.45848916490849
-65.58967382199683
-65.72044101200265
-65.85079360903171
-65.98073459275406
-66.11026704560754
-66.23939414989889
-66.36811918480453
-66.49644552327402
-66.62437662883906
-66.7519160523317
-66.87906742851533
-67.00583447263229
-67.13222097687209
-67.25823080676425
-67.38386789749985
-67.5091362501869
-67.63403992804434
-67.75858305254066
-67.88276979948252
-68.00660439505988
-68.13009111185319
-68.25323426480783
-68.37603820718074
-68.49850732646395
-68.6206460402894
-68.7424587923186
-68.86395004812034
-68.98512429103933
-69.10598601805903
-69.22653973566158
-69.34678995568727
-69.46674119119673
-69.58639795233985
-69.70576474223635
-69.82484605287318
-69.94364636102394
-70.06217012419502
-70.18042177660398
-70.29840572519568
-70.41612634570204
-70.53358797875053
-70.6507949260269
-70.76775144649783
-70.88446175269912
-71.00093000709417
-71.11716031850717
-71.23315673863597
-71.34892325864833
-71.4644638058656
-71.57978224053689
-71.69488235270553
-71.80976785916967
-71.92444240053801
-72.03890953838165
-72.15317275248152
-72.26723543817128
-72.3811009037744
-72.49477236813529
-72.60825295824476
-72.72154570696013
-72.83465355082048
-72.94757932795689
-73.06032577609712
-73.17289553066418
-73.28529112296793
-73.39751497848933
-73.50956941525682
-73.62145664231583
-73.73317875829242
-73.8447377500519
-73.95613549145324
-74.06737374220032
-74.17845414679189
-74.28937823357185
-74.400147413881
-74.51076298131161
-74.62122611106568
-74.73153785941739
-74.84169916327986
-74.95171083987614
-75.06157358651396
-75.17128798046414
-75.28085447894281
-75.3902734191964
-75.4995450186884
-75.60866937538569
-75.7176464681423
-75.82647615717823
-75.93515818465139
-76.04369217532118
-76.15207763730254
-76.26031396290816
-76.36840042957724
-76.47633620088865
-76.58412032765702
-76.69175174911001
-76.79922929414542
-76.90655168266639
-77.01371752699285
-77.12072533334694
-77.22757350341018
-77.33426033594989
-77.44078402851241
-77.54714267918038
-77.65333428839082
-77.75935676081073
-77.86520790726692
-77.97088544672712
-78.07638700832942
-78.18171013345702
-78.2868522778551
-78.39181081378624
-78.49658303222176
-78.60116614506737
-78.7055572874211
-78.80975351986316
-78.91375183077659
-79.01754913869783
-79.12114229469555
-79.22452808477667
-79.3277032323185
-79.4306644005255
-79.53340819490901
-79.63593116578849
-79.7382298108125
-79.84030057749746
-79.94213986578174
-80.04374403059282
-80.14510938442513
-80.24623219992688
-80.34710871249487
-80.44773512287676
-80.54810759978054
-80.6482222824911
-80.74807528349433
-80.84766269110887
-80.94698057212676
-81.04602497446339
-81.14479192981682
-81.24327745633636
-81.34147756129923
-81.43938824379333
-81.53700549740412
-81.63432531290366
-81.73134368093949
-81.82805659472157
-81.92446005270503
-82.02055006126577
-82.1163226373653
-82.21177381120057
-82.30689962883432
-82.4016961548018
-82.49615947469054
-82.59028569769019
-82.68407095910992
-82.7775114228608
-82.8706032839002
-82.96334277063544
-83.05572614728429
-83.14774971618998
-83.23940982008888
-83.33070284433028
-83.42162521904832
-83.51217342128733
-83.60234397708074
-83.69213346348373
-83.7815385105598
-83.87055580332263
-83.9591820836341
-84.04741415205977
-84.13524886968422
-84.22268315988752
-84.30971401008377
-84.39633847342394
-84.48255367046453
-84.56835679080267
-84.65374509467834
-84.73871591454348
-84.82326665659694
-84.90739480228466
-84.99109790976489
-85.0743736153397
-85.15721963485247
-85.23963376505218
-85.32161388492419
-85.40315795698756
-85.48426402855851
-85.5649302329799
-85.64515479081648
-85.72493601101552
-85.80427229203222
-85.88316212291828
-85.96160408437264
-86.03959684975403
-86.11713918605413
-86.19422995483022
-86.27086811309606
-86.34705271416873
-86.42278290846842
-86.49805794426855
-86.57287716839356
-86.64724002686158
-86.72114606546926
-86.79459493031548
-86.8675863682606
-86.94012022731737
-87.01219645697073
-87.08381510842388
-87.15497633476865
-87.2256803910784
-87.29592763442166
-87.36571852379562
-87.43505361997778
-87.50393358529469
-87.57235918330785
-87.64033127841638
-87.70785083537542
-87.77491891872954
-87.84153669216049
-87.90770541774928
-87.97342645515265
-88.0387012606942
-88.1035313863707
-88.16791847877367
-88.23186427792596
-88.2953706160324
-88.35843941614256
-88.42107269072459
-88.48327254014849
-88.54504115107748
-88.6063807947662
-88.66729382526556
-88.72778267753436
-88.78784986545769
-88.84749797977143
-88.90672968589307
-88.96554772165847
-89.02395489496438
-89.08195408131608
-89.13954822128072
-89.19674031784642
-89.2535334336885
-89.30993068834447
-89.36593525529894
-89.42155035897973
-89.47677927166795
-89.531625310325
-89.58609183333907
-89.64018223719368
-89.69389995306061
-89.74724844331978
-89.80023119801011
-89.85285173121552
-89.90511357739102
-89.95702028763502
-90.00857542591301
-90.059782565237
-90.11064528380562
-90.1611671611099
-90.21135177400969
-90.26120269278555
-90.31072347717144
-90.35991767237361
-90.40878880508113
-90.45734037947248
-90.50557587322258
-90.5534987335145
-90.60111237305988
-90.64842016613248
-90.69542544461966
-90.74213149409637
-90.78854154992653
-90.83465879339711
-90.8804863478906
-90.92602727510176
-90.9712845713053
-91.0162611636815
-91.06095990670723
-91.10538357861968
-91.14953487795957
-91.19341642019957
-91.2370307344646
-91.28038026034993
-91.32346734484302
-91.36629423935493
-91.40886309686583
-91.45117596918952
-91.49323480436145
-91.53504144415409
-91.5765976217234
-91.61790495938918
-91.65896496655238
-91.69977903775201
-91.74034845086543
-91.78067436545551
-91.82075782126888
-91.86059973688917
-91.9002009085492
-91.93956200910553
-91.97868358717902
-92.01756606646425
-92.05620974521115
-92.09461479588059
-92.1327812649764
-92.17070907305661
-92.20839801492728
-92.24584776002108
-92.28305785296264
-92.32002771432279
-92.35675664156348
-92.39324381017398
-92.42948827499843
-92.46548897175386
-92.50124471873777
-92.53675421872298
-92.57201606103739
-92.60702872382556
-92.64179057648776
-92.67629988229235
-92.7105548011575
-92.74455339259815
-92.7782936188339
-92.81177334805328
-92.84499035782913
-92.87794233867963
-92.91062689776889
-92.9430415627413
-92.97518378568326
-93.00705094720568
-93.03864036063986
-93.06994927633876
-93.10097488607549
-93.13171432753028
-93.16216468885862
-93.19232301333282
-93.22218630404846
-93.25175152868756
-93.2810156243306
-93.30997550230937
-93.33862805309171
-93.36697015118908
-93.39499866007735
-93.42271043712059
-93.45010233848801
-93.47717122405389
-93.50391396227029
-93.53032743500272
-93.55640854231977
-93.58215420722875
-93.6075613803498
-93.63262704452107
-93.65734821932948
-93.68172196556155
-93.70574538957042
-93.72941564755398
-93.75272994974056
-93.77568556447862
-93.79827982222649
-93.82051011943803
-93.84237392234068
-93.8638687706027
-93.88499228088664
-93.90574215028651
-93.92611615964607
-93.94611217675491
-93.96572815941964
-93.98496215840656
-94.00381232025255
-94.0222768899407
-94.04035421343745
-94.05804274008834
-94.0753410248684
-94.09224773048344
-94.10876162931889
-94.12488160523229
-94.14060665518524
-94.15593589071146
-94.17086853921771
-94.1854039451143
-94.19954157077379
-94.21328099731645
-94.22662192522225
-94.23956417476879
-94.25210768629458
-94.26425252028727
-94.27599885729657
-94.28734699767185
-94.29829736112444
-94.30885048611535
-94.31900702906918
-94.32876776341683
-94.3381335784695
-94.34710547812708
-94.35568457942438
-94.36387211091798
-94.37166941091786
-94.379077925568
-94.38609920678059
-94.39273491002777
-94.39898679199516
-94.40485670810162
-94.41034660989098
-94.41545854230023
-94.42019464080906
-94.42455712847502
-94.42854831285862
-94.43217058284208
-94.43542640534653
-94.43831832195369
-94.44084894543718
-94.44302095620978
-94.44483709869323
-94.44630017761742
-94.44741305425643
-94.44817864260992
-94.4485999055382
-94.44867985085997
-94.44842152742078
-94.44782802113988
-94.446902451044
-94.4456479652965
-94.44406773723026
-94.44216496139151
-94.43994284960306
-94.43740462705429
-94.43455352842565
-94.43139279405463
-94.42792566615012
-94.4241553850612
-94.42008518560507
-94.41571829345853
-94.4110579216169
-94.40610726692509
-94.40086950668464
-94.39534779534003
-94.38954526124664
-94.38346500352233
-94.37711008898461
-94.37048354917519
-94.36358837747306
-94.3564275262963
-94.3490039043929
-94.34132037422032
-94.33337974941466
-94.32518479235134
-94.31673821179763
-94.30804266065806
-94.29910073381288
-94.28991496605008
-94.28048783009191
-94.27082173471692
-94.26091902297841
-94.2507819705207
-94.24041278399383
-94.22981359956745
-94.2189864815443
-94.2079334210733
-94.19665633496251
-94.1851570645924
-94.17343737492999
-94.16149895364524
-94.14934341033049
-94.13697227582415
-94.12438700163929
-94.11158895949777
-94.09857944096925
-94.08535965721407
-94.07193073882874
-94.05829373579294
-94.0444496175173
-94.0303992729915
-94.01614351103282
-94.00168306063537
-93.98701857141984
-93.97215061418305
-93.95707968154656
-93.941806188703
-93.92633047425826
-93.91065280116808
-93.89477335776687
-93.87869225888694
-93.86240954706689
-93.84592519384712
-93.82923910115069
-93.81235110274652
-93.7952609657926
-93.7779683924568
-93.76047302161312
-93.74277443061187
-93.72487213712175
-93.7067656010416
-93.68845422647878
-93.66993736379045
-93.65121431168389
-93.63228431937223
-93.61314658878173
-93.59380027680739
-93.57424449761432
-93.5544783249813
-93.53450079468287
-93.5143109069058
-93.49390762869628
-93.47328989643457
-93.45245661833424
-93.4314066769626
-93.41013893177951
-93.38865222169234
-93.36694536762396
-93.34501717509086
-93.32286643678772
-93.30049193517443
-93.27789244506239
-93.25506673619664
-93.23201357583123
-93.20873173129492
-93.18521997254477
-93.16147707470505
-93.13750182058864
-93.11329300319797
-93.08884942820266
-93.0641699163918
-93.0392533060993
-93.01409845560154
-92.98870424548723
-92.96306958099895
-92.93719339434604
-92.91107464698787
-92.88471233188712
-92.85810547573199
-92.83125314112574
-92.8041544287425
-92.77680847944869
-92.74921447638935
-92.72137164704004
-92.69327926522404
-92.66493665309584
-92.63634318309148
-92.60749827984644
-92.57840142208188
-92.54905214446008
-92.51945003940916
-92.4895947589168
-92.45948601629205
-92.42912358789495
-92.39850731483189
-92.3676371046151
-92.33651293278508
-92.3051348444961
-92.27350295606477
-92.24161745648162
-92.20947860888403
-92.17708675198885
-92.14444230148236
-92.11154575136523
-92.07839767524975
-92.04499872760637
-92.0113496449571
-91.97745124701267
-91.94330443775068
-91.90891020643149
-91.87426962854848
-91.83938386670941
-91.80425417144416
-91.76888188193466
-91.73326842666332
-91.69741532397661
-91.66132418256139
-91.6249967018302
-91.5884346722125
-91.55163997534949
-91.51461458419108
-91.4773605629933
-91.43988006721459
-91.40217534330971
-91.36424872841913
-91.3261026499518
-91.2877396250595
-91.24916226000114
-91.21037324939569
-91.17137537536264
-91.1321715065496
-91.09276459704684
-91.05315768518945
-91.0133538922466
-90.97335642099843
-90.93316855420115
-90.89279365294097
-90.85223515487822
-90.81149657238343
-90.77058149056764
-90.72949356520957
-90.68823652058308
-90.64681414718808
-90.60523029938912
-90.56348889296572
-90.52159390257924
-90.47954935916158
-90.43735934723219
-90.39502800215024
-90.3525595073092
-90.30995809127995
-90.26722802490968
-90.22437361838337
-90.18139921825463
-90.13830920445133
-90.09510798726109
-90.05180000430192
-90.00838971748391
-89.964881609967
-89.92128018312093
-89.87758995349333
-89.83381544979153
-89.78996120988455
-89.74603177782916
-89.70203170092367
-89.65796552679325
-89.61383780050954
-89.56965306174737
-89.52541584198076
-89.48113066171953
-89.43680202778734
-89.39243443064123
-89.3480323417329
-89.3036002109115
-89.25914246386839
-89.21466349962355
-89.17016768805269
-89.12565936745392
-89.08114284215361
-89.03662238015119
-88.9921022108029
-88.94758652254455
-88.90307946065315
-88.85858512504723
-88.81410756812505
-88.76965079263965
-88.72521874961052
-88.68081533627134
-88.63644439405317
-88.59210970660303
-88.54781499783718
-88.50356393002875
-88.45936010192935
-88.41520704692533
-88.37110823123004
-88.32706705211405
-88.28308683617507
-88.23917083765019
-88.19532223677226
-88.15154413817305
-88.107839569335
-88.0642114790931
-88.02066273618942
-87.9771961278812
-87.93381435860368
-87.89052004868876
-87.84731573313996
-87.80420386046325
-87.76118679155269
-87.71826679863028
-87.67544606423922
-87.63272668029032
-87.59011064716157
-87.54759987285155
-87.50519617218703
-87.46290126608557
-87.42071678087342
-87.37864424765957
-87.33668510176614
-87.29484068221478
-87.25311223126795
-87.21150089402323
-87.17000771805891
-87.12863365312893
-87.08737955090504
-87.04624616476468
-87.00523414962305
-86.96434406180805
-86.92357635897741
-86.88293140007744
-86.84240944534298
-86.80201065633929
-86.76173509604614
-86.7215827289845
-86.68155342138577
-86.64164694140418
-86.60186295937312
-86.56220104810534
-86.52266068323745
-86.48324124361947
-86.44394201175002
-86.404762174259
-86.36570082243911
-86.32675695282789
-86.28792946784283
-86.24921717647173
-86.21061879502058
-86.17213294792082
-86.13375816859768
-86.09549290040086
-86.05733549759832
-86.01928422643418
-85.98133726625126
-85.9434927106792
-85.90574856888968
-85.86810276691942
-85.830553149061
-85.7930974793225
-85.75573344295599
-85.7184586480552
-85.68127062722219
-85.64416683930294
-85.60714467119139
-85.57020143970037
-85.53333439349744
-85.49654071510365
-85.45981752295192
-85.42316187350313
-85.38657076341865
-85.35004113178745
-85.31356986240489
-85.27715378609939
-85.24078968310396
-85.2044742854702
-85.1682042795233
-85.13197630835661
-85.09578697436454
-85.05963284181296
-85.02351043944695
-84.98741626313567
-84.9513467785536
-84.91529842389711
-84.87926761263422
-84.84325073628558
-84.80724416723437
-84.7712442615621
-84.7352473619075
-84.69924980034573
-84.66324790128549
-84.6272379843811
-84.59121636745674
-84.55517936944004
-84.51912331330111
-84.48304452899315
-84.44693935639059
-84.41080414822095
-84.37463527298637
-84.3384291178716
-84.30218209163517
-84.26589062748126
-84.22955118590885
-84.19316025753487
-84.15671436588723
-84.12021007016419
-84.08364396795712
-84.04701269793365
-84.01031294247939
-83.97354143029501
-83.93669493894554
-83.89977029735921
-83.86276438827478
-83.82567415063617
-83.78849658193444
-83.75122874049718
-83.71386774772502
-83.67641079027457
-83.63885512218785
-83.60119806696768
-83.56343701959933
-83.52556944851828
-83.48759289752472
-83.4495049876454
-83.41130341894466
-83.372985972286
-83.33455051104606
-83.29599498278337
-83.25731742086354
-83.21851594604236
-83.17958876800917
-83.14053418689313
-83.10135059473468
-83.06203647692443
-83.02259041361155
-82.98301108108335
-82.94329725311722
-82.90344780230627
-82.86346170135975
-82.82333802437908
-82.78307594810967
-82.74267475316815
-82.70213382524359
-82.66145265627031
-82.62063084556954
-82.57966810095562
-82.53856423980201
-82.49731919006106
-82.45593299123121
-82.41440579526548
-82.37273786741414
-82.33092958699334
-82.28898144807206
-82.24689406007045
-82.20466814826185
-82.16230455417147
-82.11980423586445
-82.07716826811728
-82.03439784246623
-81.99149426712702
-81.94845896678035
-81.90529348221915
-81.86199946985394
-81.81857870107345
-81.77503306145766
-81.73136454984095
-81.68757527722474
-81.64366746553938
-81.59964344625487
-81.55550565884087
-81.51125664907752
-81.46689906721943
-81.4224356660167
-81.37786929859763
-81.33320291621843
-81.28843956588562
-81.24358238785797
-81.19863461303399
-81.15359956023147
-81.10848063336519
-81.06328131852868
-81.01800518098528
-80.97265586207439
-80.92723707603912
-80.88175260678148
-80.8362063045511
-80.7906020825732
-80.7449439136216
-80.69923582654272
-80.65348190273542
-80.60768627259031
-80.56185311189225
-80.51598663818882
-80.47009110712625
-80.42417080875308
-80.3782300637919
-80.332273219879
-80.28630464777214
-80.24032873752677
-80.19434989464085
-80.1483725361683
-80.10240108680196
-80.05643997492817
-80.01049362865447
-79.96456647181256
-79.91866291993873
-79.87278737623447
-79.82694422750913
-79.78113784010648
-79.73537255581769
-79.68965268778234
-79.6439825163798
-79.59836628511337
-79.55280819648956
-79.50731240789551
-79.4618830274791
-79.41652411003727
-79.37123965291792
-79.32603359194096
-79.28090979734444
-79.235872069762
-79.19092413623778
-79.14606964628504
-79.10131216799485
-79.05665518420042
-79.0121020887025
-78.96765618256157
-78.92332067046348
-78.87909865716428
-78.83499314401946
-78.79100702560267
-78.74714308641775
-78.70340399770807
-78.65979231436565
-78.61631047194273
-78.57296078376864
-78.52974543817483
-78.48666649582971
-78.4437258871849
-78.40092541003447
-78.3582667271893
-78.3157513642682
-78.27338070760824
-78.23115600229598
-78.18907835032145
-78.14714870885702
-78.10536788866251
-78.0637365526177
-78.02225521438233
-77.9809242371846
-77.9397438327385
-77.89871406029069
-77.85783482579735
-77.81710588123214
-77.77652682402551
-77.73609709663619
-77.69581598625588
-77.65568262464878
-77.61569598812709
-77.57585489766508
-77.53615801915477
-77.49660386380675
-77.45719078870015
-77.41791699748423
-77.37878054123429
-77.33977931946369
-77.30091108129353
-77.26217342678082
-77.2235638084053
-77.18507953271491
-77.14671776212937
-77.10847551690178
-77.07034967723736
-77.03233698556814
-76.99443404898217
-76.95663734180631
-76.91894320834082
-76.88134786574405
-76.84384740706516
-76.80643780442337
-76.7691149123316
-76.73187447116256
-76.69471211075474
-76.65762335415583
-76.62060362150034
-76.58364823401782
-76.5467524181686
-76.50991130990259
-76.47311995903728
-76.43637333375172
-76.39966632519317
-76.36299375219166
-76.32635036607793
-76.28973085559984
-76.25312985193217
-76.2165419337746
-76.17996163253135
-76.14338343756573
-76.10680180152248
-76.07021114571081
-76.03360586554153
-75.99698033601227
-75.96032891723554
-75.92364596000404
-75.88692581138788
-75.85016282035873
-75.81335134343534
-75.77648575034483
-75.7395604296935
-75.70256979464081
-75.66550828856977
-75.62837039074613
-75.59115062195839
-75.55384355013088
-75.51644379590267
-75.47894603816532
-75.44134501955217
-75.40363555187288
-75.36581252148677
-75.32787089460886
-75.28980572254228
-75.25161214683148
-75.21328540433082
-75.1748208321833
-75.1362138727036
-75.09746007816024
-75.05855511545167
-75.01949477067114
-74.98027495355495
-74.94089170180871
-74.90134118530659
-74.8616197101585
-74.82172372264108
-74.78164981298954
-74.74139471904647
-74.70095532976546
-74.66032868856729
-74.61951199654692
-74.57850261553057
-74.53729807098199
-74.49589605475768
-74.45429442771064
-74.41249122214236
-74.3704846441031
-74.32827307554072
-74.28585507629833
-74.24322938595998
-74.20039492554423
-74.15735079904545
-74.11409629482301
-74.07063088683884
-74.02695423574261
-73.98306618980365
-73.9389667856874
-73.89465624907348
-73.85013499511228
-73.80540362871614
-73.76046294468176
-73.71531392764018
-73.66995775183011
-73.62439578069132
-73.57862956627469
-73.53266084846632
-73.4864915540229
-73.44012379541596
-73.39355986948249
-73.34680225588056
-73.29985361534841
-73.25271678776551
-73.20539479001377
-73.15789081363766
-73.1102082223025
-73.06235054905119
-73.01432149335994
-72.96612491799465
-72.91776484566992
-72.86924545551346
-72.8205710793386
-72.7717461977287
-72.72277543593827
-72.67366355961587
-72.62441547035405
-72.57503620107241
-72.52553091123946
-72.47590488193975
-72.42616351079334
-72.37631230673537
-72.32635688466394
-72.2763029599646
-72.22615634292004
-72.17592293301357
-72.12560871313485
-72.07521974369683
-72.02476215667332
-71.97424214956595
-71.92366597930993
-71.87303995612774
-71.82237043734028
-71.77166382114461
-71.72092654036743
-71.67016505620285
-71.61938585194179
-71.56859542670003
-71.51780028915056
-71.46700695126566
-71.41622192207393
-71.36545170143751
-71.31470277385455
-71.26398160229161
-71.21329462205023
-71.16264823467151
-71.11204880188205
-71.06150263958415
-71.01101601189379
-70.96059512522942
-70.91024612245445
-70.85997507707697
-70.80978798751056
-70.75969077140068
-70.70968926002085
-70.65978919274396
-70.60999621159355
-70.56031585588009
-70.51075355692721
-70.46131463289298
-70.41200428369136
-70.36282758601867
-70.31378948849014
-70.26489480689195
-70.2161482195542
-70.1675542628506
-70.11911732682988
-70.07084165098438
-70.02273132016153
-69.9747902606238
-69.9270222362632
-69.87943084497594
-69.83201951520293
-69.78479150264143
-69.73774988713357
-69.6908975697368
-69.64423726998119
-69.59777152331775
-69.55150267876125
-69.5054328967302
-69.45956414708552
-69.41389820736946
-69.36843666124638
-69.32318089714691
-69.27813210711689
-69.23329128587294
-69.18865923006648
-69.14423653775746
-69.10002360809936
-69.05602064123569
-69.01222763840813
-68.96864440227567
-68.92527053744378
-68.8821054512026
-68.8391483544725
-68.79639826295453
-68.75385399848368
-68.71151419058229
-68.6693772782106
-68.62744151171124
-68.58570495494426
-68.54416548760956
-68.50282080775331
-68.46166843445495
-68.42070571069154
-68.37992980637567
-68.33933772156318
-68.29892628982633
-68.25869218178842
-68.21863190881662
-68.17874182686943
-68.13901814049528
-68.09945690697803
-68.06005404062465
-68.0208053171908
-67.98170637843974
-67.94275273683012
-67.90393978032795
-67.86526277733752
-67.82671688174626
-67.78829713807873
-67.74999848675405
-67.7118157694408
-67.67374373450274
-67.63577704252792
-67.59791027193397
-67.56013792464283
-67.52245443181901
-67.48485415966535
-67.44733141527017
-67.40988045249973
-67.37249547792912
-67.33517065680478
-67.29790011903224
-67.26067796518252
-67.22349827251098
-67.186355100983
-67.14924249930088
-67.11215451092623
-67.07508518009199
-67.03802855779809
-67.00097870778465
-66.96392971247774
-66.92687567890304
-66.88981074456414
-66.85272908328186
-66.8156249109915
-66.7784924914951
-66.74132614216528
-66.70412023959743
-66.6668692252063
-66.62956761076252
-66.5922099838646
-66.55479101334122
-66.51730545457751
-66.47974815475895
-66.4421140580262
-66.404398210535
-66.36659576541483
-66.32870198762002
-66.29071225866645
-66.25262208124744
-66.21442708372322
-66.17612302447824
-66.13770579614086
-66.09917142965983
-66.06051609823206
-66.02173612107632
-65.98282796704862
-65.94378825809511
-65.90461377253874
-65.86530144819633
-65.82584838532298
-65.78625184938076
-65.74650927362964
-65.7066182615387
-65.66657658901502
-65.62638220644808
-65.58603324056722
-65.54552799611022
-65.50486495730118
-65.46404278913624
-65.4230603384764
-65.38191663494675
-65.34061089164211
-65.29914250563846
-65.25751105830923
-65.2157163154466
-65.17375822718728
-65.13163692774273
-65.08935273493339
-65.04690614952759
-65.00429785438658
-64.96152871341658
-64.91859977033019
-64.87551224721929
-64.83226754294193
-64.7888672313255
-64.74531305918882
-64.70160694418612
-64.65775097247658
-64.61374739622303
-64.56959863092456
-64.52530725258688
-64.4808759947359
-64.4363077452796
-64.39160554322333
-64.34677257524314
-64.30181217212285
-64.2567278050607
-64.21152308185137
-64.16620174294948
-64.12076765742077
-64.07522481878695
-64.0295773407714
-63.98382945295279
-63.93798549633422
-63.89204991883341
-63.84602727069844
-63.79992219985323
-63.75373944717674
-63.70748384172063
-63.66116029586911
-63.61477380044536
-63.568329419768276
-63.52183228666294
-63.47528759742815
-63.428700606763954
-63.382076622662936
-63.33542100126894
-63.288739141707566
-63.24203648089329
-63.19531848831818
-63.14859066082673
-63.10185851738075
-63.055127593817616
-63.0084034376047
-62.961691602592644
-62.914997643770356
-62.86832711202421
-62.82168554890401
-62.77507848139836
-62.72851141672205
-62.681989837118316
-62.63551919467985
-62.589104906192595
-62.542752348006864
-62.49646685094094
-62.45025369522252
-62.40411810547331
-62.35806524574186
-62.31210021459017
-62.266228040239604
-62.220453675782004
-62.17478199446182
-62.129217785035245
-62.08376574721219
-62.03843048718695
-61.993216513263086
-61.94812823157732
-61.90316994192707
-61.85834583370572
-61.81365998194948
-61.76911634349889
-61.72471875327809
-61.68047092069488
-61.63637642616461
-61.59243871776069
-61.54866110799386
-61.50504677072157
-61.46159873818916
-61.41831989820414
-61.375212991445345
-61.332280608908796
-61.28952518949213
-61.24694901772008
-61.204554221612874
-61.162342770699375
-61.12031647417657
-61.07847697921718
-61.03682576942699
-60.99536416345344
-60.954093313746704
-60.91301420547452
-60.872127655591456
-60.83143431206311
-60.7909346532452
-60.75062898741716
-60.710517452469404
-60.67060001574352
-60.63087647402473
-60.59134645368654
-60.55200941098731
-60.51286463251854
-60.47391123580407
-60.435148170049175
-60.39657421703937
-60.35818799218829
-60.31998794573458
-60.28197236408762
-60.24413937132137
-60.20648693081576
-60.16901284704535
-60.13171476751468
-60.094590184839674
-60.05763643897474
-60.02085071958511
-59.98423006856406
-59.94777138269383
-59.91147141644906
-59.875326784941606
-59.8393339670056
-59.803489308421504
-59.76778902527737
-59.73222920746538
-59.69680582231173
-59.66151471833719
-59.626351629145816
-59.59131217743881
-59.55639187914967
-59.52158614769708
-59.48689029835141
-59.45229955271027
-59.41780904327841
-59.38341381814702
-59.349108845767276
-59.31488901981284
-59.280749164126306
-59.24668403774406
-59.21268833999382
-59.17875671565902
-59.14488376020411
-59.11106402505466
-59.0772920229269
-59.04356223320083
-59.009869107330715
-58.976207074286734
-58.9425705460218
-58.90895392295717
-58.87535159948028
-58.841757969448295
-58.808167431690734
-58.77457439550501
-58.74097328613853
-58.70735855025152
-58.67372466135493
-58.64006612521775
-58.60637748523897
-58.572653327779626
-58.53888828745051
-58.505077052351176
-58.47121436925534
-58.43729504873796
-58.40331397023909
-58.36926608706023
-58.3351464312882
-58.30095011864126
-58.26667235323169
-58.23230843223934
-58.1978537504906
-58.16330380493731
-58.12865419902955
-58.09390064697596
-58.05903897788546
-58.02406513978435
-57.98897520350341
-57.953765366429884
-57.91843195611995
-57.88297143376759
-57.847380397526145
-57.81165558567944
-57.775793879659325
-57.7397923069072
-57.703648043577296
-57.66735841708056
-57.63092090846795
-57.59433315465231
-57.5575929504675
-57.52069825056345
-57.48364717113589
-57.44643799149055
-57.409069155441735
-57.37153927254571
-57.33384711916933
-57.295991639394806
-57.25797194576143
-57.21978731984485
-57.1814372126745
-57.14292124498912
-57.10423920732979
-57.0653910599703
-57.02637693268441
-56.98719712435048
-56.94785210239457
-56.908342502072635
-56.86866912559322
-56.82883294108212
-56.78883508139098
-56.74867684275183
-56.70835968327976
-56.66788522132641
-56.627255233686704
