-46.62356970509695
-46.74497518979798
-46.866620341762605
-46.98850681667029
-47.110636142009135
-47.23300971551675
-47.35562880376603
-47.47849454089676
-47.60160792749396
-47.724969829613386
-47.84858097795457
-47.972441967181354
-48.09655325538996
-48.22091516372434
-48.345527876138775
-48.470391439307846
-48.59550576268374
-48.72087061870066
-48.846485643125575
-48.97235033555485
-49.098464060055974
-49.22482604595366
-49.35143538875942
-49.47829105124335
-49.60539186464606
-49.73273653002811
-49.86032361975483
-49.988151579114366
-50.11621872806662
-50.24452326311998
-50.373063259332945
-50.501836672437626
-50.63084134108211
-50.76007498918843
-50.88953522842328
-51.01921956077856
-51.149125381258585
-51.27924998067013
-51.40959054851149
-51.54014417595661
-51.67090785893046
-51.8018785012716
-51.93305291797796
-52.064427838531486
-52.1959999102975
-52.327765701994934
-52.459721707233285
-52.59186434811241
-52.7241899788813
-52.856694889652694
-52.989375310170125
-53.1222274136238
-53.25524732051171
-53.38843110254269
-53.521774786577545
-53.65527435860364
-53.788925767738284
-53.92272493025596
-54.05666773363519
-54.19075004062106
-54.324967693299904
-54.45931651718215
-54.59379232528987
-54.728390922245225
-54.863108108356684
-54.99793968369987
-55.13288145219006
-55.267929225642874
-55.403078827819556
-55.53832609845351
-55.67366689725479
-55.80909710788903
-55.94461264192715
-56.08020944276238
-56.215883489491134
-56.35163080075465
-56.487447438538815
-56.62332951192939
-56.759273180819655
-56.89527465956734
-57.0313302205975
-57.167436197948284
-57.30358899075673
-57.43978506668156
-57.57602096526016
-57.71229330119666
-57.84859876757758
-57.98493413901161
-58.12129627468982
-58.25768212136313
-58.394088716233966
-58.53051318975912
-58.666952768361114
-58.8034047770455
-58.93986664192107
-59.076335892620136
-59.21281016461592
-59.34928720143478
-59.485764856761136
-59.62224109643273
-59.75871400032423
-59.89518176411735
-60.03164270095562
-60.16809524298237
-60.30453794276094
-60.4409694745765
-60.57738863561884
-60.7137943470454
-60.85018565492391
-60.986561731054344
-61.12292187367047
-61.25926550802138
-61.39559218683332
-61.531901590652076
-61.66819352806642
-61.804467935812575
-61.9407248787589
-62.07696454977021
-62.213187269451694
-62.34939348577247
-62.485583773569616
-62.62175883393327
-62.75791949347361
-62.8940667034711
-63.030201538911186
-63.16632519740422
-63.302438997991274
-63.43854437983687
-63.57464290080942
-63.71073623595039
-63.84682617583339
-63.98291462481418
-64.11900359917236
-64.2550952251453
-64.39119173685505
-64.52729547412885
-64.66340888021337
-64.79953449938361
-64.93567497444812
-65.0718330441529
-65.20801154048675
-65.34421338589064
-65.48044159037389
-65.61669924853996
-65.75298953652415
-65.88931570884628
-66.0256810951814
-66.16208909705105
-66.29854318443799
-66.43504689232722
-66.57160381717571
-66.70821761331294
-66.84489198927437
-66.98163070407074
-67.1184375633969
-67.25531641578365
-67.39227114869593
-67.52930568458018
-67.66642397686442
-67.80363000591447
-67.94092777495078
-68.07832130593093
-68.21581463540318
-68.35341181033655
-68.49111688393275
-68.62893391142443
-68.76686694586355
-68.90492003390345
-69.04309721157806
-69.18140250008234
-69.3198399015577
-69.45841339488662
-69.59712693150128
-69.73598443121135
-69.87498977805579
-70.0141468161837
-70.15345934576895
-70.2929311189631
-70.43256583589094
-70.57236714069346
-70.71233861762254
-70.85248378719164
-70.99280610238633
-71.1333089449381
-71.27399562166634
-71.4148693608934
-71.55593330893832
-71.69719052669488
-71.83864398629935
-71.98029656789326
-72.12215105648617
-72.2642101389228
-72.40647640095807
-72.54895232444215
-72.6916402846179
-72.83454254753241
-72.97766126756454
-73.12099848507029
-73.26455612414787
-73.40833599052394
-73.55233976956231
-73.69656902439738
-73.84102519419412
-73.98570959253652
-74.13062340594581
-74.27576769252892
-74.42114338075748
-74.5667512683774
-74.71259202144847
-74.85866617351371
-75.00497412489801
-75.15151614213539
-75.29829235752322
-75.44530276880073
-75.59254723894912
-75.74002549611066
-75.88773713362366
-76.03568161017074
-76.18385825003816
-76.33226624348471
-76.48090464721862
-76.62977238498071
-76.77886824823328
-76.92819089695423
-77.07773886053634
-77.22751053879189
-77.37750420306294
-77.527717997437
-77.6781499400678
-77.82879792460052
-77.97965972170006
-78.1307329806806
-78.28201523123472
-78.43350388525984
-78.58519623878045
-78.7370894739653
-78.88918066123905
-79.04146676148845
-79.19394462836216
-79.346611010664
-79.49946255483862
-79.65249580754814
-79.80570721833875
-79.95909314239476
-80.11264984337733
-80.26637349634406
-80.42026019074457
-80.57430593348752
-80.7285066520748
-80.88285819779892
-81.0373563489998
-81.19199681437638
-81.3467752363488
-81.50168719446631
-81.65672820885769
-81.81189374372107
-81.96717921084988
-82.1225799731915
-82.27809134843531
-82.433708612625
-82.58942700379035
-82.74524172559305
-82.90114795098171
-83.05714082585192
-83.21321547270773
-83.36936699432172
-83.52559047739058
-83.68188099618365
-83.83823361618127
-83.99464339769932
-84.15110539949663
-84.30761468236201
-84.46416631267758
-84.6207553659548
-84.77737693033968
-84.93402611008177
-85.09069802896231
-85.24738783367734
-85.40409069717207
-85.56080182192356
-85.7175164431698
-85.87422983208266
-86.03093729888239
-86.18763419589133
-86.34431592052492
-86.50097791821786
-86.65761568528357
-86.81422477170626
-86.97080078386516
-87.12733938719093
-87.28383630875457
-87.44028733978921
-87.59668833814457
-87.75303523067423
-87.90932401555567
-88.06555076454428
-88.22171162516217
-88.37780282282249
-88.53382066288945
-88.68976153267356
-88.84562190336071
-89.00139833187465
-89.15708746267232
-89.31268602947176
-89.4681908569118
-89.62359886214193
-89.7789070563403
-89.93411254615847
-90.08921253509135
-90.24420432477001
-90.39908531617476
-90.55385301076666
-90.7085050115358
-90.86303902396509
-91.01745285690816
-91.17174442338131
-91.32591174126861
-91.47995293393973
-91.633866230779
-91.78764996762521
-91.94130258712136
-92.09482263897411
-92.2482087801215
-92.40145977480682
-92.55457449455679
-92.70755191806319
-92.860391130967
-93.01309132554496
-93.16565180029926
-93.3180719594514
-93.47035131234128
-93.62248947273287
-93.77448615802808
-93.92634118839005
-94.07805448577649
-94.2296260728843
-94.38105607200642
-94.53234470380148
-94.68349228597693
-94.83449923188637
-94.9853660490431
-95.13609333755115
-95.28668178845597
-95.43713218201579
-95.58744538589458
-95.73762235327668
-95.88766412090361
-96.0375718070347
-96.18734660933337
-96.336989802681
-96.48650273691915
-96.63588683452129
-96.78514358819389
-96.93427455840704
-97.08328137085535
-97.23216571385065
-97.38092933564799
-97.52957404170589
-97.67810169188233
-97.82651419756856
-97.97481351876282
-98.12300166108703
-98.27108067274885
-98.4190526414513
-98.56691969125195
-98.71468397937356
-98.86234769296888
-99.00991304584235
-99.15738227513211
-99.30475763795684
-99.45204140803261
-99.59923587226533
-99.74634332732407
-99.89336607620086
-100.04030642476172
-100.18716667829435
-100.33394913805748
-100.48065609783745
-100.62728984051691
-100.7738526346595
-100.920346731114
-101.06677435964056
-101.21313772556161
-101.3594390064379
-101.50568034877026
-101.65186386472689
-101.79799162889648
-101.94406567506789
-102.09008799303726
-102.23606052544389
-102.38198516463612
-102.52786374956949
-102.67369806274027
-102.81948982715741
-102.96524070335644
-103.11095228645942
-103.25662610328422
-103.4022636095062
-103.54786618687623
-103.69343514049942
-103.83897169617919
-103.98447699782989
-104.12995210496068
-104.27539799023383
-104.42081553710112
-104.56620553752178
-104.71156868976446
-104.85690559629562
-105.00221676175634
-105.14750259102969
-105.29276338740111
-105.43799935081437
-105.58321057622616
-105.72839705206319
-105.8735586587844
-106.01869516755049
-106.1638062390018
-106.3088914221456
-106.45395015335326
-106.5989817554673
-106.74398543701862
-106.88896029155443
-107.03390529707768
-107.1788193155986
-107.32370109279928
-107.46854925781359
-107.61336232312475
-107.75813868458191
-107.90287662153672
-108.04757429710081
-108.19222975852573
-108.33684093770624
-108.48140565180766
-108.62592160401901
-108.77038638443342
-108.91479747105664
-109.05915223094358
-109.20344792146248
-109.34768169168693
-109.49185058391559
-109.63595153531935
-109.77998137971531
-109.9239368494674
-110.06781457751299
-110.2116110995147
-110.35532285613613
-110.49894619543977
-110.6424773754045
-110.78591256655909
-110.92924785472803
-111.07247924388457
-111.2156026591066
-111.35861394963149
-111.50150889200586
-111.6442831933258
-111.7869324945649
-111.92945237398703
-112.07183835064211
-112.21408588794225
-112.35619039731603
-112.49814724193868
-112.63995174053616
-112.78159917126027
-112.9230847756312
-113.0644037625433
-113.20555131232902
-113.34652258087465
-113.48731270378164
-113.6279168005675
-113.76832997889983
-113.9085473388559
-114.04856397720073
-114.18837499167557
-114.3279754852881
-114.46736057059707
-114.60652537398494
-114.74546503991292
-114.88417473515244
-115.02264965298855
-115.16088501739091
-115.29887608714843
-115.43661815996349
-115.57410657650213
-115.71133672439522
-115.84830404218646
-115.98500402322351
-116.12143221948931
-116.25758424536947
-116.39345578135318
-116.52904257766365
-116.66434045781502
-116.79934532209303
-116.93405315095733
-117.0684600083638
-117.20256204500517
-117.33635550146768
-117.46983671130137
-117.603002104
-117.73584820788712
-117.8683716529056
-118.00056917330893
-118.13243761025275
-118.2639739142843
-118.39517514772866
-118.52603848697085
-118.65656122463317
-118.78674077164693
-118.9165746592172
-119.04606054067928
-119.17519619324618
-119.30397951964723
-119.43240854965792
-119.56048144152057
-119.68819648325554
-119.81555209386194
-119.94254682440625
-120.06917935899652
-120.19544851563843
-120.32135324696903
-120.44689264086425
-120.57206592091599
-120.69687244677438
-120.82131171435061
-120.9453833558763
-121.0690871398165
-121.19242297063536
-121.31539088841387
-121.43799106832026
-121.56022381993321
-121.68208958641858
-121.80358894356075
-121.92472259865022
-122.04549138922837
-122.16589628169086
-122.28593836975088
-122.40561887276422
-122.52493913391814
-122.64390061828752
-122.76250491076317
-122.8807537138579
-122.99864884539514
-123.11619223608457
-123.23338592698943
-123.35023206688984
-123.46673290954689
-123.5828908108721
-123.6987082260064
-123.81418770631208
-123.92933189628164
-124.04414353036671
-124.15862542972948
-124.27278049891962
-124.38661172247978
-124.50012216148266
-124.61331495000243
-124.72619329152374
-124.83876045529112
-124.95101977260165
-125.062974633045
-125.17462848069388
-125.28598481024872
-125.39704716314068
-125.50781912359778
-125.61830431467891
-125.72850639428046
-125.8384290511199
-125.9480760007007
-126.05745098126297
-126.16655774972529
-126.27540007762312
-126.38398174704949
-126.49230654660246
-126.60037826734438
-126.70820069877735
-126.81577762484008
-126.92311281993128
-127.03021004496352
-127.13707304345192
-127.24370553764109
-127.35011122467373
-127.45629377280332
-127.56225681765343
-127.66800395852479
-127.77353875475185
-127.87886472211008
-127.98398532927459
-128.08890399433065
-128.19362408133534
-128.29814889692867
-128.40248168699273
-128.50662563335757
-128.61058385055256
-128.7143593826037
-128.8179551998775
-128.92137419597262
-129.0246191846617
-129.1276928968853
-129.2305979777988
-129.33333698387392
-129.4359123800563
-129.53832653697978
-129.6405817282387
-129.74268012771918
-129.8446238069911
-129.94641473276081
-130.04805476438574
-130.1495456514522
-130.25088903141787
-130.3520864273212
-130.4531392455597
-130.55404877373738
-130.65481617858293
-130.75544250393924
-130.85592866882612
-130.9562754655798
-131.0564835580723
-131.1565534800133
-131.25648563333735
-131.35628028668148
-131.45593757395923
-131.55545749303693
-131.65483990451722
-131.75408453063565
-131.8531909542768
-131.95215861811803
-132.0509868239084
-132.14967473188963
-132.24822136036522
-132.34662558542362
-132.44488614082155
-132.54300161803206
-132.64097046646106
-132.73879099383538
-132.83646136676515
-132.93397961148247
-133.03134361475844
-133.1285511249991
-133.2255997535214
-133.32248697601102
-133.4192101341627
-133.51576643750462
-133.61215296540553
-133.70836666926397
-133.8044043748775
-133.90026278498925
-133.99593848200988
-134.0914279309133
-134.186727482305
-134.28183337565946
-134.37674174272496
-134.47144861109194
-134.56594990792263
-134.66024146384046
-134.75431901697715
-134.8481782171752
-134.94181463034346
-135.03522374296398
-135.12840096674694
-135.2213416434294
-135.31404104971438
-135.40649440234478
-135.49869686330607
-135.5906435451497
-135.68232951642966
-135.77374980724238
-135.86489941485928
-135.95577330943996
-136.04636643981434
-136.13667373932134
-136.22669013169315
-136.31641053697325
-136.40582987745682
-136.49494308364245
-136.58374510018388
-136.67223089183034
-136.76039544934275
-136.8482337953738
-136.93574099030167
-137.02291213800828
-137.1097423915931
-137.19622695901336
-137.2823611086406
-137.36814017472403
-137.45355956275154
-137.53861475469859
-137.62330131415735
-137.7076148913398
-137.79155122794856
-137.8751061619085
-137.9582756319531
-138.04105568205983
-138.1234424657294
-138.20543225010357
-138.2870214199159
-138.36820648126906
-138.44898406523322
-138.52935093126013
-138.60930397040698
-138.68884020836418
-138.76795680828042
-138.84665107337906
-138.92492044936017
-139.00276252658415
-139.08017504203423
-139.15715588105587
-139.23370307887222
-139.30981482187627
-139.3854894487011
-139.46072545106864
-139.5355214744166
-139.60987631830295
-139.6837889365866
-139.75725843738388
-139.83028408280012
-139.90286528843814
-139.9750016226863
-140.04669280578838
-140.1179387086982
-140.18873935172343
-140.25909490296277
-140.3290056765439
-140.39847213066975
-140.46749486548111
-140.53607462074189
-140.6042122733541
-140.67190883471022
-140.73916544789068
-140.8059833847147
-140.87236404265087
-140.93830894159447
-141.0038197205186
-141.06889813400636
-141.13354604867055
-141.19776543946938
-141.26155838592746
-141.3249270682723
-141.38787376349552
-141.45040084134968
-141.51251076029035
-141.57420606337342
-141.63548937411707
-141.69636339233836
-141.7568308899734
-141.81689470688985
-141.8765577467014
-141.93582297259587
-141.99469340318666
-142.05317210839604
-142.11126220537932
-142.16896685449825
-142.22628925535201
-142.28323264287297
-142.33980028349453
-142.39599547139693
-142.45182152483613
-142.50728178256196
-142.56237960033224
-142.61711834752992
-142.67150140388918
-142.72553215633621
-142.77921399595067
-142.8325503150541
-142.88554450443286
-142.93819995070254
-142.99052003382081
-143.04250812475522
-143.09416758331287
-143.145501756138
-143.19651397488343
-143.24720755456093
-143.2975857920738
-143.34765196493305
-143.39740933015747
-143.44686112335654
-143.49601055799536
-143.54486082484078
-143.59341509158577
-143.6416765026466
-143.68964817912826
-143.7373332189532
-143.7847346971476
-143.83185566627714
-143.8786991570242
-143.9252681788958
-143.97156572105115
-144.01759475323666
-144.06335822681723
-144.1088590758912
-144.15410021847816
-144.19908455776846
-144.24381498342342
-144.28829437291694
-144.33252559290992
-144.37651150064886
-144.4202549453799
-144.46375876976964
-144.507025811324
-144.55005890379545
-144.59286087856918
-144.63543456601957
-144.6777827968279
-144.71990840325412
-144.76181422035376
-144.80350308713201
-144.84497784762817
-144.88624135192237
-144.92729645705714
-144.96814602786804
-145.00879293771737
-145.0492400691267
-145.08949031430444
-145.12954657556412
-145.1694117656296
-145.209088807824
-145.24858063613834
-145.28789019517632
-145.32702043997193
-145.3659743356771
-145.40475485711664
-145.4433649882081
-145.48180772124448
-145.52008605603947
-145.55820299893418
-145.59616156166527
-145.63396476009444
-145.67161561279983
-145.7091171395312
-145.74647235953154
-145.7836842897271
-145.82075594278814
-145.85769032506306
-145.8944904343885
-145.93115925777857
-145.9676997689965
-146.00411492601285
-146.04040766835402
-146.07658091434433
-146.1126375582449
-146.14858046729393
-146.1844124786531
-146.22013639626454
-146.25575498762242
-146.2912709804628
-146.32668705937732
-146.3620058623572
-146.39722997727227
-146.43236193829154
-146.46740422225167
-146.50235924498207
-146.5372293575943
-146.57201684274497
-146.60672391088048
-146.6413526964721
-146.67590525425095
-146.71038355545198
-146.7447894840762
-146.77912483317965
-146.81339130119892
-146.8475904883224
-146.88172389291623
-146.91579290801388
-146.9497988178794
-146.98374279465412
-147.01762589509627
-147.05144905742446
-147.08521309827444
-147.1189187097778
-147.1525664567701
-147.18615677413624
-147.2196899643016
-147.25316619487654
-147.28658549646053
-147.3199477606127
-147.35325273799555
-147.38650003669983
-147.41968912075646
-147.45281930883908
-147.4858897731604
-147.51889953856363
-147.5518474818096
-147.58473233106048
-147.6175526655598
-147.65030691550947
-147.6829933621446
-147.71561013800743
-147.74815522742216
-147.78062646717223
-147.81302154738256
-147.84533801260824
-147.87757326313027
-147.90972455645925
-147.94178900904814
-147.97376359821357
-148.005645164265
-148.03743041284002
-148.0691159174442
-148.10069812219223
-148.13217334474604
-148.16353777944533
-148.19478750062473
-148.22591846611232
-148.25692652090362
-148.28780740100416
-148.31855673743513
-148.34917006039615
-148.37964280357807
-148.40997030861928
-148.44014782969867
-148.47017053825772
-148.50003352784353
-148.52973181906538
-148.5592603646558
-148.58861405462727
-148.61778772151507
-148.6467761456966
-148.6755740607776
-148.70417615903767
-148.73257709692786
-148.76077150061366
-148.78875397155758
-148.8165190921339
-148.84406143126927
-148.87137555010378
-148.89845600766654
-148.92529736656098
-148.9518941986542
-148.97824109076493
-149.00433265034582
-149.0301635111569
-149.05572833892626
-149.0810218369948
-149.10603875194244
-149.13077387919276
-149.15522206859424
-149.17937822997493
-149.20323733866695
-149.226794440996
-149.25004465972967
-149.27298319947755
-149.2956053520357
-149.31790650166664
-149.33988213030585
-149.3615278226835
-149.3828392713495
-149.40381228159032
-149.4244427762274
-149.44472680028463
-149.4646605255121
-149.4842402547543
-149.5034624261521
-149.52232361716966
-149.54082054843735
-149.55895008740373
-149.5767092517895
-149.5940952128381
-149.61110529835815
-149.62773699555333
-149.6439879536361
-149.65985598622188
-149.67533907350008
-149.69043536417604
-149.70514317717817
-149.71946100312317
-149.73338750553108
-149.74692152178142
-149.7600620638014
-149.77280831847844
-149.78515964778995
-149.79711558864489
-149.80867585243283
-149.81984032427732
-149.83060906199154
-149.84098229473676
-149.85096042138622
-149.86054400859626
-149.86973378858812
-149.8785306566436
-149.88693566831859
-149.89495003637882
-149.90257512746467
-149.90981245849258
-149.91666369280057
-149.92313063604576
-149.9292152318622
-149.93491955728933
-149.94024581797981
-149.94519634319778
-149.9497735806179
-149.95398009093634
-149.95781854230523
-149.96129170460068
-149.96440244353568
-149.96715371463034
-149.96954855705332
-149.97159008734803
-149.973281493059
-149.9746260262728
-149.97562699708857
-149.97628776703328
-149.97661174243723
-149.97660236778444
-149.97626311905293
-149.9755974970597
-149.97460902082554
-149.9733012209736
-149.97167763317617
-149.96974179166483
-149.96749722282
-149.96494743885324
-149.96209593159557
-149.95894616640322
-149.95550157619329
-149.95176555562063
-149.94774145540833
-149.9434325768421
-149.93884216643715
-149.93397341078736
-149.92882943160413
-149.92341328095205
-149.91772793668798
-149.91177629811028
-149.9055611818256
-149.89908531783982
-149.8923513458795
-149.88536181194883
-149.8781191651288
-149.87062575462534
-149.86288382707272
-149.85489552409655
-149.84666288014006
-149.8381878205576
-149.8294721599787
-149.8205176009456
-149.81132573282645
-149.8018980310065
-149.792235856359
-149.78234045499772
-149.77221295831083
-149.761854383276
-149.75126563305372
-149.74044749785782
-149.72940065609947
-149.71812567580133
-149.7066230162788
-149.69489303008498
-149.68293596521443
-149.6707519675594
-149.6583410836119
-149.6457032634043
-149.63283836368004
-149.6197461512856
-149.6064263067753
-149.5928784282209
-149.5791020352189
-149.56509657308806
-149.5508614172506
-149.53639587779088
-149.5216992041839
-149.50677059018534
-149.4916091788736
-149.47621406783395
-149.46058431447426
-149.44471894146108
-149.4286169422657
-149.41227728680877
-149.39569892719118
-149.37888080349938
-149.36182184967328
-149.34452099942376
-149.3269771921877
-149.3091893791074
-149.29115652902163
-149.27287763445491
-149.25435171759017
-149.2355778362093
-149.2165550895865
-149.1972826243188
-149.17775964007905
-149.15798539527617
-149.1379592126063
-149.11768048447965
-149.0971486783091
-149.07636334164653
-149.05532410715358
-149.03403069739437
-149.0124829294372
-148.9906807192539
-148.968624085907
-148.9463131555148
-148.92374816498514
-148.90092946550877
-148.877857525804
-148.8545329351072
-148.83095640590423
-148.80712877639863
-148.78305101271363
-148.7587242108265
-148.73414959823336
-148.70932853534296
-148.68426251659835
-148.65895317132632
-148.63340226431515
-148.6076116961216
-148.58158350310933
-148.55531985722055
-148.52882306548364
-148.5020955692586
-148.47513994322267
-148.4479588940957
-148.420555259106
-148.39293200419675
-148.36509222197574
-148.33703912941215
-148.30877606528534
-148.28030648739187
-148.25163396951658
-148.2227621981746
-148.19369496913046
-148.16443618370195
-148.13498984485605
-148.10536005310533
-148.07555100221217
-148.04556697470835
-148.01541233723756
-147.98509153572982
-147.95460909041608
-147.9239695906928
-147.89317768984702
-147.86223809965273
-147.83115558484852
-147.79993495750628
-147.76858107130047
-147.73709881568848
-147.70549311001187
-147.67376889752782
-147.6419311393801
-147.6099848085196
-147.57793488358382
-147.54578634274392
-147.51354415752806
-147.48121328663004
-147.4487986697134
-147.41630522122026
-147.38373782419538
-147.35110132413595
-147.31840052287774
-147.28564017252873
-147.25282496946127
-147.2199595483742
-147.18704847643542
-147.1540962475158
-147.121107276525
-147.08808589386106
-147.05503633998526
-147.0219627601323
-146.98886919916484
-146.9557595965796
-146.92263778167106
-146.8895074688585
-146.85637225318308
-146.8232356059789
-146.79010087072314
-146.75697125906916
-146.7238498470679
-146.69073957158142
-146.65764322689236
-146.6245634615125
-146.59150277519396
-146.55846351614744
-146.5254478784714
-146.49245789979548
-146.4594954591419
-146.42656227500677
-146.39365990366335
-146.36078973768875
-146.32795300471597
-146.29515076641317
-146.26238391769246
-146.22965318614823
-146.19695913172407
-146.16430214660684
-146.13168245534692
-146.09910011520472
-146.06655501672188
-146.03404688451454
-146.00157527828586
-145.96913959405586
-145.93673906560596
-145.90437276613628
-145.8720396101351
-145.83973835545842
-145.80746760561763
-145.77522581227257
-145.74301127792708
-145.71082215882373
-145.6786564680331
-145.6465120787316
-145.61438672765965
-145.5822780187523
-145.5501834269326
-145.51810030205618
-145.48602587299663
-145.45395725186088
-145.42189143832437
-145.38982532407525
-145.35775569735873
-145.3256792476125
-145.29359257018476
-145.26149217112518
-145.22937447203995
-145.19723581500253
-145.1650724675125
-145.13288062749476
-145.10065642833266
-145.0683959439281
-145.03609519378088
-145.00375014807938
-144.97135673279504
-144.93891083477448
-144.9064083068221
-144.8738449727663
-144.84121663250144
-144.80851906699732
-144.77574804326596
-144.74289931927424
-144.7099686487908
-144.67695178615568
-144.6438444909617
-144.61064253263604
-144.5773416949111
-144.54393778017393
-144.51042661368402
-144.4768040476496
-144.4430659651529
-144.40920828391555
-144.3752269598987
-144.34111799073222
-144.3068774189691
-144.27250133516205
-144.2379858807616
-144.20332725083554
-144.16852169661038
-144.13356552783776
-144.09845511498943
-144.06318689128457
-144.0277573545533
-143.9921630689411
-143.9564006664599
-143.92046684839318
-143.88435838656426
-143.84807212447697
-143.81160497833696
-143.77495393796187
-143.73811606758875
-143.70108850658642
-143.66386847007982
-143.6264532494946
-143.58884021302913
-143.55102680606217
-143.51301055150373
-143.4747890500979
-143.43635998068805
-143.39772110045317
-143.35887024512488
-143.3198053291925
-143.2805243461038
-143.24102536846874
-143.20130654827415
-143.16136611711715
-143.12120238646492
-143.0808137479454
-143.04019867367435
-142.99935571662252
-142.95828351102625
-142.91698077284389
-142.87544630026002
-142.83367897423943
-142.7916777591323
-142.74944170333185
-142.70696993998456
-142.66426168775422
-142.62131625164022
-142.57813302385114
-142.53471148473284
-142.49105120374918
-142.44715184051154
-142.40301314585156
-142.35863496292984
-142.31401722837222
-142.26915997342599
-142.2240633251272
-142.17872750747074
-142.13315284257465
-142.08733975183077
-142.04128875703373
-141.99500048147866
-141.94847565101736
-141.9017150950624
-141.8547197475284
-141.80749064770066
-141.76002894102066
-141.71233587977895
-141.6644128237067
-141.61626124045756
-141.56788270597235
-141.51927890471939
-141.47045162980316
-141.42140278293323
-141.37213437424634
-141.32264852197545
-141.27294745195968
-141.22303349699177
-141.1729090959991
-141.12257679305458
-141.07203923621455
-141.02129917618117
-140.97035946478786
-140.91922305330718
-140.86789299057978
-140.8163724209628
-140.7646645820971
-140.71277280249365
-140.66070049894006
-140.6084511737297
-140.55602841171594
-140.50343587719567
-140.4506773106259
-140.39775652518028
-140.34467740315267
-140.2914438922155
-140.23806000154036
-140.18452979778954
-140.13085740098722
-140.0770469802776
-140.02310274957813
-139.96902896313622
-139.9148299109993
-139.86050991440902
-139.80607332113118
-139.7515245007321
-139.69686783981388
-139.64210773721993
-139.5872485992229
-139.5322948347066
-139.47725085035518
-139.42212104586247
-139.36690980917433
-139.31162151177773
-139.25626050405026
-139.20083111068334
-139.14533762619112
-139.0897843105181
-139.03417538475674
-138.9785150269861
-138.9228073682416
-138.86705648862608
-138.81126641357173
-138.75544111026306
-138.69958448422926
-138.64370037611366
-138.58779255862453
-138.5318647336702
-138.47592052968014
-138.41996349911176
-138.36399711614115
-138.30802477453528
-138.25204978570162
-138.19607537691002
-138.14010468968047
-138.08414077832833
-138.0281866086583
-137.97224505679753
-137.91631890815768
-137.8604108565156
-137.8045235032031
-137.74865935639457
-137.692820830482
-137.63701024552518
-137.5812298267673
-137.5254817042047
-137.4697679122013
-137.41409038913878
-137.35845097709387
-137.30285142153468
-137.24729337103065
-137.19177837697055
-137.13630789328533
-137.08088327617372
-137.02550578382954
-136.97017657617118
-136.91489671457347
-136.8596671616036
-136.80448878076285
-136.74936233623575
-136.69428849264827
-136.6392678148387
-136.58430076764475
-136.52938771571107
-136.4745289233202
-136.4197245542501
-136.36497467166313
-136.31027923803103
-136.25563811509923
-136.20105106389482
-136.14651774478406
-136.09203771758584
-136.0376104417479
-135.98323527659304
-135.92891148164298
-135.87463821702735
-135.82041454398686
-135.76623942547948
-135.7121117268983
-135.65803021690826
-135.60399356841012
-135.55000035963857
-135.4960490754007
-135.44213810846085
-135.38826576107644
-135.33443024668654
-135.28062969175593
-135.22686213777487
-135.17312554341444
-135.119417786836
-135.06573666815163
-135.01207991203043
-134.95844517044608
-134.9048300255599
-134.85123199273264
-134.7976485236579
-134.74407700960907
-134.6905147847926
-134.63695912979867
-134.58340727513857
-134.5298564048596
-134.47630366022688
-134.42274614346226
-134.3691809215304
-134.31560502996237
-134.26201547670618
-134.20840924599153
-134.15478330219773
-134.10113459371402
-134.04746005678155
-133.99375661930478
-133.9400212046207
-133.88625073521504
-133.83244213637565
-133.77859233977526
-133.72469828697555
-133.67075693284457
-133.6167652488809
-133.56272022643813
-133.50861887984203
-133.45445824939586
-133.4002354042686
-133.34594744526268
-133.291591507457
-133.23716476272304
-133.18266442211254
-133.12808773811727
-133.07343200680086
-133.0186945698035
-132.96387281622216
-132.90896418436907
-132.85396616341197
-132.7988762949005
-132.7436921741821
-132.68841145171083
-132.6330318342527
-132.57755108598892
-132.52196702951957
-132.46627754676953
-132.41048057979808
-132.35457413151514
-132.29855626630862
-132.24242511058853
-132.18617885325554
-132.1298157461019
-132.07333410415274
-132.01673230595608
-131.96000879382925
-131.90316207406838
-131.84619071712856
-131.78909335777914
-131.73186869523917
-131.67451549329823
-131.61703258042732
-131.55941884988394
-131.50167325981462
-131.44379483335726
-131.38578265874523
-131.32763588941563
-131.26935374412253
-131.21093550705595
-131.15238052796835
-131.09368822230894
-131.03485807136676
-130.9758896224226
-130.9167824889092
-130.85753635057935
-130.7981509536829
-130.73862611115337
-130.6789617028049
-130.61915767553896
-130.55921404355897
-130.49913088859054
-130.4389083601046
-130.37854667554174
-130.31804612053688
-130.25740704914253
-130.19662988404966
-130.13571511680604
-130.0746633080324
-130.01347508763703
-129.95215115503058
-129.89069227934144
-129.82909929963213
-129.7673731251161
-129.7055147353735
-129.64352518056384
-129.5814055816331
-129.51915713051207
-129.45678109030277
-129.3942787954488
-129.3316516518855
-129.2689011371659
-129.20602880055736
-129.1430362631026
-129.07992521763816
-129.01669742876294
-128.95335473274855
-128.88989903738462
-128.82633232175186
-128.7626566359167
-128.69887410054304
-128.63498690641546
-128.57099731387035
-128.50690765213272
-128.44272031855877
-128.37843777778397
-128.31406256077656
-128.2495972637958
-128.18504454725422
-128.12040713448351
-128.05568781040296
-127.99088942008923
-127.92601486724602
-127.8610671125709
-127.7960491720175
-127.73096411495153
-127.66581506219934
-127.60060518398923
-127.53533769778569
-127.47001586601739
-127.40464299369938
-127.33922242595071
-127.27375754540952
-127.20825176954776
-127.14270854788771
-127.07713135912394
-127.0115237081539
-126.94588912302214
-126.88023115178345
-126.81455335929155
-126.7488593239197
-126.68315263421908
-126.6174368855215
-126.55171567649296
-126.48599260564407
-126.42027126780425
-126.35455525056642
-126.28884813070835
-126.22315347059617
-126.15747481457612
-126.09181568536115
-126.02617958041952
-125.96056996837098
-125.89499028539564
-125.82944393166014
-125.76393426776661
-125.69846461123046
-125.63303823299083
-125.56765835395657
-125.50232814158966
-125.43705070652715
-125.37182909924371
-125.30666630675609
-125.24156524937194
-125.1765287774852
-125.11155966841983
-125.04666062332427
-124.98183426411873
-124.91708313049645
-124.85240967698013
-124.78781627003417
-124.72330518523421
-124.65887860449556
-124.59453861336073
-124.53028719834646
-124.46612624434992
-124.40205753211369
-124.33808273574907
-124.27420342031853
-124.21042103947734
-124.14673693317518
-124.08315232541865
-124.01966832209636
-123.95628590886854
-123.89300594912338
-123.82982918200325
-123.76675622050338
-123.7037875496457
-123.64092352472976
-123.57816436966361
-123.51551017537729
-123.45296089832156
-123.39051635905427
-123.32817624091665
-123.26594008880151
-123.20380730801462
-123.14177716323006
-123.07984877754045
-123.0180211316022
-122.9562930628769
-122.89466326497079
-122.83313028707407
-122.77169253350102
-122.7103482633318
-122.64909559015625
-122.5879324819196
-122.52685676086882
-122.46586610359923
-122.40495804119966
-122.34412995949542
-122.28337909938868
-122.22270255729704
-122.16209728569008
-122.10156009372456
-122.04108764797813
-121.98067647328176
-121.92032295365087
-121.86002333331501
-121.7997737178454
-121.73957007537993
-121.67940823794541
-121.61928390287531
-121.55919263432205
-121.49912986486461
-121.43909089721242
-121.37907090600655
-121.31906493972
-121.25906792265815
-121.19907465706015
-121.13907982530273
-121.0790779922086
-121.0190636074615
-120.95903100812976
-120.89897442129941
-120.83888796681813
-120.7787656601503
-120.71860141534378
-120.65838904810883
-120.598122279009
-120.53779473676425
-120.47739996166572
-120.41693140910175
-120.35638245319402
-120.29574639054252
-120.23501644407784
-120.17418576701837
-120.11324744692936
-120.05219450987991
-119.99101992469346
-119.9297166072869
-119.86827742509243
-119.80669520155689
-119.74496272071352
-119.68307273182064
-119.62101795406183
-119.55879108130172
-119.4963847868927
-119.43379172852669
-119.37100455312715
-119.30801590177647
-119.24481841467379
-119.18140473611892
-119.11776751951653
-119.05389943239392
-118.98979316142619
-118.92544141746318
-118.86083694055152
-118.79597250494614
-118.73084092410546
-118.66543505566439
-118.59974780637937
-118.5337721370404
-118.46750106734545
-118.4009276807334
-118.33404512917231
-118.26684663790037
-118.19932551011847
-118.13147513163416
-118.06328897545656
-117.99476060634062
-117.92588368527824
-117.85665197393224
-117.78705933900962
-117.71709975656985
-117.64676731626425
-117.57605622550194
-117.50496081353835
-117.43347553548257
-117.36159497622054
-117.28931385424983
-117.21662702542096
-117.14352948658018
-117.07001637910776
-116.99608299234603
-116.92172476691087
-116.84693729788046
-116.77171633785485
-116.69605779987921
-116.61995776022366
-116.54341246101296
-116.46641831269903
-116.38897189636987
-116.31106996588926
-116.23270944986143
-116.15388745341556
-116.07460125980595
-115.9948483318235
-115.91462631301567
-115.8339330287115
-115.75276648684917
-115.67112487860425
-115.5890065788177
-115.50641014622443
-115.42333432348335
-115.33977803701146
-115.25574039662388
-115.17122069498271
-115.08621840685669
-115.00073318819341
-114.91476487500607
-114.82831348207729
-114.74137920148301
-114.65396240093911
-114.56606362197236
-114.47768357791777
-114.38882315174406
-114.29948339370888
-114.20966551884634
-114.1193709042892
-114.02860108642948
-113.93735775792173
-113.84564276453283
-113.75345810184216
-113.66080591179796
-113.56768847913507
-113.47410822765924
-113.38006771640333
-113.28556963566028
-113.19061680289859
-113.09521215856522
-112.99935876178164
-112.90305978593936
-112.80631851420172
-112.70913833491862
-112.61152273696051
-112.51347530497922
-112.4149997146037
-112.31609972757903
-112.21677918685711
-112.11704201164636
-112.01689219242755
-111.9163337859421
-111.81537091015909
-111.71400773922707
-111.61224849841764
-111.51009745906774
-111.40755893352784
-111.30463727012258
-111.20133684813001
-111.09766207278582
-110.9936173703181
-110.88920718301878
-110.7844359643577
-110.6793081741449
-110.57382827374633
-110.46800072135747
-110.3618299673386
-110.2553204496156
-110.14847658914934
-110.0413027854764
-109.93380341232373
-109.82598281329965
-109.71784529766282
-109.60939513617127
-109.50063655701383
-109.39157374182601
-109.28221082179262
-109.17255187384019
-109.06260091692225
-108.95236190840087
-108.84183874052754
-108.73103523702567
-108.61995514977669
-108.5086021556112
-108.39697985320613
-108.28509176008772
-108.17294130973978
-108.06053184881678
-107.94786663446207
-107.83494883173326
-107.72178151113674
-107.60836764627454
-107.49471011160615
-107.38081168032836
-107.26667502237645
-107.15230270254877
-107.03769717875737
-106.92286080040658
-106.80779580690199
-106.69250432629093
-106.57698837403524
-106.46124985191653
-106.34529054707372
-106.22911213117203
-106.1127161597031
-105.99610407141603
-105.87927718787824
-105.76223671316444
-105.64498373367218
-105.52751921806288
-105.40984401732732
-105.29195886497388
-105.17386437733802
-105.05556105401132
-104.93704927838763
-104.81832931832315
-104.69940132690675
-104.5802653433363
-104.46092129389757
-104.34136899304309
-104.22160814456817
-104.10163834288102
-103.98145907436361
-103.86106971881968
-103.74046955100691
-103.61965774225136
-103.49863336214177
-103.37739538030148
-103.25594266823525
-103.13427400124776
-103.01238806043038
-102.890283434713
-102.76795862297801
-102.64541203623394
-102.52264199984613
-102.39964675582239
-102.27642446515078
-102.152973210188
-102.0292909970962
-101.90537575832711
-101.78122535515165
-101.65683758023276
-101.53221016023899
-101.40734075849609
-101.28222697767482
-101.15686636251318
-101.03125640257194
-100.9053945350227
-100.77927814746843
-100.65290458079667
-100.52627113206486
-100.39937505741753
-100.27221357503416
-100.14478386810711
-100.01708308784865
-99.88910835652487
-99.76085677051461
-99.63232540339007
-99.50351130901598
-99.37441152466502
-99.24502307414812
-99.11534297095787
-98.98536822142367
-98.85509582787668
-98.72452279182258
-98.59364611712002
-98.46246281316249
-98.33096989806214
-98.19916440183388
-98.06704336957901
-97.93460386466737
-97.8018429719173
-97.66875780077228
-97.53534548847325
-97.40160320322526
-97.26752814735711
-97.13311756047086
-96.9983687225779
-96.86327895721719
-96.72784563455129
-96.59206617443546
-96.4559380494559
-96.31945878793285
-96.18262597688489
-96.04543726495048
-95.90789036526259
-95.76998305827273
-95.63171319452171
-95.49307869735505
-95.35407756558097
-95.21470787606985
-95.0749677862931
-94.93485553679854
-94.79436945361978
-94.65350795061694
-94.51226953174661
-94.37065279325918
-94.22865642582133
-94.08627921656
-93.94352005102462
-93.80037791506425
-93.65685189661701
-93.51294118740987
-93.36864508456665
-93.22396299212278
-93.0788944224447
-92.93343899755257
-92.78759645034336
-92.64136662571138
-92.4947494815633
-92.3477450897251
-92.2003536367389
-92.0525754245482
-91.90441087107035
-91.75586051065534
-91.60692499443019
-91.45760509052911
-91.30790168420901
-91.15781577785013
-91.00734849084095
-90.85650105934666
-90.70527483596048
-90.55367128923716
-90.40169200310696
-90.2493386761697
-90.09661312086847
-89.94351726254432
-89.7900531383733
-89.63622289618671
-89.4820287931751
-89.32747319447593
-89.17255857164479
-89.01728750101027
-88.86166266191377
-88.7056868348353
-88.549362899407
-88.39269383231623
-88.23568270510064
-88.07833268183695
-87.92064701672608
-87.76262905157782
-87.60428221319646
-87.44561001066833
-87.28661603255236
-87.12730394397371
-86.96767748362205
-86.80774046065582
-86.64749675151424
-86.48695029663938
-86.32610509711057
-86.16496521119299
-86.00353475080382
-85.84181787789905
-85.67981880078364
-85.51754177034806
-85.3549910762342
-85.19217104293395
-85.02908602582383
-84.86574040713808
-84.70213859188263
-84.5382850036934
-84.37418408064225
-84.20984027099537
-84.04525802893075
-83.8804418102222
-83.71539606789698
-83.55012524787283
-83.38463378458012
-83.21892609657478
-83.05300658214863
-82.88687961494357
-82.72054953957645
-82.5540206672825
-82.38729727158416
-82.22038358399261
-82.05328378974873
-81.88600202360949
-81.71854236568545
-81.55090883733426
-81.38310539711536
-81.21513593681023
-81.04700427751294
-80.87871416579566
-80.71026926995302
-80.54167317632954
-80.37292938573381
-80.20404130994399
-80.03501226830878
-79.86584548444802
-79.69654408305638
-79.52711108681336
-79.35754941340275
-79.18786187264465
-79.01805116374265
-78.84811987264806
-78.67807046954266
-78.50790530644218
-78.33762661492159
-78.16723650396494
-77.99673695794257
-77.82612983471819
-77.65541686388796
-77.4845996451525
-77.31367964682197
-77.14265820445489
-76.97153651963042
-76.8003156588541
-76.62899655259768
-76.45757999447396
-76.2860666405483
-76.11445700878828
-75.94275147865226
-75.77095029081686
-75.59905354704226
-75.42706121017481
-75.25497310428709
-75.08278891495563
-74.91050818967669
-74.73813033842048
-74.56565463432445
-74.39308021452653
-74.22040608113909
-74.04763110236408
-73.87475401374851
-73.70177341957898
-73.52868779441425
-73.35549548475441
-73.18219471084447
-73.00878356860997
-72.83526003172156
-72.6616219537855
-72.4878670706577
-72.31399300287913
-72.1399972582299
-71.96587723439896
-71.79163022176616
-71.61725340629349
-71.44274387252207
-71.26809860667115
-71.09331449983446
-70.91838835126961
-70.74331687177592
-70.56809668715682
-70.39272434176321
-70.21719630211415
-70.04150896059225
-69.86565863921096
-69.68964159345019
-69.51345401615698
-69.33709204150729
-69.16055174902455
-68.98382916765082
-68.80692027986653
-68.62982102585478
-68.452527307707
-68.27503499366652
-68.09733992240787
-67.91943790734867
-67.74132474099117
-67.56299619928923
-67.3844480460369
-67.20567603727518
-67.02667592571373
-66.84744346516453
-66.66797441498505
-66.4882645445287
-66.30830963760076
-66.12810549691795
-65.94764794856928
-65.76693284647445
-65.58595607683549
-65.40471356257706
-65.22320126777106
-65.0414152020416
-64.8593514249464
-64.67700605033025
-64.49437525064673
-64.3114552612443
-64.128242384614
-63.94473299459593
-63.76092354054111
-63.576810551424266
-63.39239063990339
-63.20766050632164
-63.02261694264711
-62.83725683634588
-62.65157717418423
-62.46557504595573
-62.279247648128646
-62.09259228741
-61.90560638422248
-61.71828747609031
-61.53063322092997
-61.34264140024162
-61.15430992219778
-60.965636824625435
-60.776620277877086
-60.587258587586724
-60.39755019730652
-60.207493691020694
-60.01708779553301
-59.826331382724426
-59.63522347167717
-59.44376323066158
-59.251949978982545
-59.05978318868271
-58.867262486099925
-58.67438765327651
-58.4811586292179
-58.28757551099878
-58.093638554715056
-57.899348176280256
-57.70470495206487
-57.509709619377844
-57.31436307678891
-57.118666384290606
-56.922620763299356
-56.72622759649473
-56.529488427496254
-56.33240496037708
-56.134979059013766
-55.93721274627139
-55.73910820302424
-55.540667767012415
-55.34189393153573
-55.14278934398592
-54.94335680421899
-54.74359926276999
-54.54351981891223
-54.34312171856381
-54.14240835204403
-53.94138325168281
-53.74005008928613
-53.538412673460996
-53.33647494680396
-53.13424098295765
-52.93171498353974
-52.72890127494862
-52.525804305050094
-52.322428639749326
-52.118778959452534
-51.914860055423055
-51.710676826035986
-51.50623427293562
-51.30153749710002
-51.096591694817
-50.89140215357605
-50.68597424788055
-50.48031343498485
-50.27442525056159
-50.06831530430469
-49.86198927547332
-49.65545290838236
-49.44871200784445
-49.241772434569384
-49.03464010052601
-48.82732096427144
-48.6198210262525
-48.4121463240844
-48.20430292781173
-47.99629693515703
-47.78813446676241
-47.579821661429996
-47.371364671366045
-47.16276965743378
-46.95404278441974
-46.745190216317994
-46.53621811163622
-46.32713261872759
-46.11793987115213
-45.90864598307137
-45.699257044680095
-45.489779117678594
-45.280218230787895
-45.07058037531082
-44.86087150074176
-44.65109751042812
-44.441264257286754
-44.23137753957807
-44.021443096740406
-43.81146660528672
-43.60145367476597
-43.391409843791486
-43.18134057613898
-42.97125125691636
-42.76114718880743
-42.55103358839128
-42.340915582539225
-42.130798204891136
-41.920686392413046
-41.71058498203777
-41.50049870739039
-41.29043219560034
-41.08038996420188
-40.870376418123804
-40.660395846769255
-40.45045242118649
-40.24055019133183
-40.03069308342585
-39.82088489740365
-39.61112930446003
-39.401429844690675
-39.19178992483053
-38.98221281609081
-38.77270165209593
-38.563259426921505
-38.35388899323466
-38.14459306053841
-37.93537419352158
-37.726234810516544
-37.517177182066476
-37.3082034296042
-37.09931552424454
-36.89051528569244
-36.68180438126891
-36.47318432505637
-36.26465647716464
-36.05622204311937
-35.84788207337471
-35.639637462952074
-35.43148895120604
-35.22343712171843
-35.01548240232145
-34.8076250652509
-34.59986522743037
-34.392202850886974
-34.18463774329922
-33.97716955867719
-33.76979779817532
-33.562521811037726
-33.355340795676085
-33.148253800880035
-32.94125972715951
-32.734357328218
-32.527545212555815
-32.3208218452022
-32.114185549574835
-31.90763450946519
-31.701166771148355
-31.494780245616273
-31.28847271093331
-31.08224181471336
-30.87608507671742
-30.669999891570157
-30.46398353159408
-30.25803314975967
-30.052145782749776
-29.846318354136585
-29.64054767766926
-29.434830460669996
-29.229163307535924
-29.023542723344388
-28.81796511755898
-28.612426807833582
-28.40692402391131
-28.20145291161493
-27.996009536924824
-27.790589890140474
-27.58518989012169
-27.379805388605607
-27.17443217459544
-26.96906597881676
-26.763702478236898
-26.55833730064325
-26.352966029276445
-26.147584207514228
-25.94218734360183
-25.73677091542487
-25.531330375320636
-25.325861154923697
-25.120358670041835
-24.914818325558283
-24.70923552035634
-24.503605652262106
-24.297924123000875
-24.092186343162687
-23.886387737172434
-23.680523748260036
-23.474589843425882
-23.268581518397035
-23.062494302569593
-22.856323763932682
-22.650065513969327
-22.443715212529543
-22.237268572670747
-22.03072136546082
-21.824069424739108
-21.61730865183067
-21.410435020209107
-21.20344458010338
-20.99633346304422
-20.78909788634571
-20.581734157517626
-20.37423867860404
-20.166607950443886
-19.958838576849367
-19.75092726869844
-19.54287084793757
-19.334666251491093
-19.126310535073635
-18.917800876902113
-18.709134581303775
-18.500309082216862
-18.291321946580442
-18.082170877609972
-17.872853717955042
-17.663368452735867
-17.453713212455042
-17.243886275781165
-17.033886072201085
-16.82371118453787
-16.613360351331533
-16.40283246907988
-16.192126594337136
-15.981241945667872
-15.770177905454057
-15.55893402155325
-15.347510008805878
-15.135905750389519
-14.92412129901836
-14.712156877986223
-14.500012882051612
-14.287689878163524
-14.075188606026831
-13.862509978506242
-13.649655081867992
-13.43662517585854
-13.223421693619686
-13.010046241439795
-12.796500598340984
-12.582786715502394
-12.368906715519811
-12.154862891502047
-11.94065770600464
-11.72629378980157
-11.511773940495853
-11.297101120969993
-11.082278457677385
-10.867309238775881
-10.65219691210482
-10.436945083007053
-10.221557511997664
-10.00603811228118
-9.790390947119354
-9.5746202270517
-9.358730306971115
-9.142725683057025
-8.926610989568639
-8.710390995501117
-8.494070601107701
-8.277654834291141
-8.06114884686792
-7.844557910708849
-7.627887413759663
-7.41114285594534
-7.194329844961889
-6.977454091959532
-6.760521407121212
-6.543537695140473
-6.326508950602951
-6.109441253275811
-5.892340763309568
-5.675213716356785
-5.458066418612253
-5.240905241779335
-5.023736617967234
-4.806567034524067
-4.58940302881066
-4.372251182920115
-4.155118118348299
-3.938010490620471
-3.7209349838793098
-3.503898305439715
-3.2869071803158416
-3.069968345725877
-2.8530885455801216
-2.6362745249579547
-2.4195330245792936
-2.202870775276184
-1.9862944924701682
-1.7698108706610742
-1.5534265779328482
-1.3371482504820424
-1.1209824871745604
-0.904935844136247
-0.6890148293828791
-0.47322589749508853
-0.2575754443436949
-0.04206980187087634
0.1732847670674517
0.3884820737927475
0.6035160088232047
0.818380546816199
1.033069751428738
1.2475777800909182
1.4618988886874897
1.6760274361427205
1.889957888903856
2.1036848253185707
2.317202939901923
2.530507047488456
2.743592087265219
2.9564531266816263
3.1690853652322133
3.381484138108502
3.5936449197163163
3.8055633270550495
4.017235122955532
4.228656219173331
4.439822679334438
4.650730721730462
4.861376721960623
5.0717572154180095
5.281868899617748
5.491708636364834
5.701273453759598
5.910560548038932
6.11956728525155
6.328291202765757
6.53673001060837
6.744881592633728
6.952744007521869
7.160315489605173
7.367594449522968
7.574579474703753
7.781269329674942
7.987662956200183
8.19375947324455
8.399558176768055
8.605058539348216
8.810260209632435
9.0151630116213
9.219766943784048
9.424072178007654
9.628079058381187
9.831788099817302
10.035199986512808
10.238315570250364
10.441135868543514
10.64366206262743
10.845895495297869
11.047837668600966
11.249490241376794
11.450855026659827
11.651933988939538
11.85272924128454
12.053243042333781
12.25347779315829
12.453436033997143
12.653120440871497
12.852533822080625
13.051679114584056
13.25055938027405
13.44917780214271
13.647537680348005
13.845642428182995
14.043495567952489
14.2411007267616
14.438461632220664
14.635582108070992
14.832466069735787
15.029117519800522
15.22554054342716
15.421739303706604
15.61771803695399
15.813481047951502
16.009032705143415
16.204377435788135
16.39951972107224
16.594464091191703
16.789215120405267
16.98377742206501
17.17815564362919
17.37235446166263
17.56637857682997
17.760232708886956
17.95392159167518
18.14744996812531
18.34082258527388
18.534044189298466
18.727119520576277
18.920053308770928
19.112850267952155
19.305515091753023
19.49805244856921
19.690466976804913
19.882763280169712
20.074945923030725
20.26701942582415
20.458988260530223
20.65085684621565
20.842629544647483
21.03431065598227
21.22590441453409
21.41741498462506
21.60884645652181
21.800202842461296
21.991488072769165
22.182705992073416
22.373860355615825
22.5649548256636
22.755992968023758
22.9469782486626
23.13791403043258
23.328803569908626
23.519650014336047
23.710456398691814
23.90122564286098
24.091960548930203
24.28266379860024
24.473337950719113
24.663985438937814
24.854608569490082
25.0452095190977
25.2357903330025
25.426352923126434
25.616899066360606
25.807430402984227
25.997948435213818
26.188454525883078
26.37894989725364
26.569435629956807
26.759912662066277
26.950381788301932
27.140843659364286
27.331298781399106
27.52174751559175
27.71219007789102
27.902626538862247
28.093056823669084
28.28348071218343
28.473897839222698
28.664307694913784
28.85470962518292
29.04510283237039
29.235486375969202
29.425859173486856
29.616220001429184
29.80656749640508
29.996900156350648
30.18721634187094
30.377514277697262
30.567792054258295
30.758047629363123
30.948278829994255
31.138483354208436
31.328658773142937
31.51880253312482
31.708911957880538
31.898984250843377
32.08901649755635
32.279005668168544
32.46894862002279
32.658842100332556
32.84868274894567
33.038467101193085
33.228191590820025
33.417852552996706
33.60744622740539
33.79696876140055
33.98641621323908
34.17578455537752
34.365069677833205
34.554267391606444
34.743373432160226
34.93238346295378
35.12129307902613
35.31009781062595
35.49879312688442
35.6873744395278
35.87583710662598
36.064176436373785
36.25238769090125
36.44046609010919
36.62840681552657
36.816205014186345
37.003855802516505
37.19135427024303
37.37869548430199
37.56587449275769
37.752886328723655
37.93972601428299
38.126388564404174
38.31286899084812
38.49916230606237
38.68526352705816
38.87116767926613
39.05686980036586
39.24236494408507
39.427648183964266
39.612714617082986
39.79755936774319
39.98217759110531
40.166564476772464
40.35071525231854
40.5346251867565
40.71828959394338
40.901703835918454
41.08486332617099
41.2677635328339
41.450399981799535
41.63276825975424
41.81486401712823
41.996682970957984
42.17822090765845
42.35947368570226
42.540437238204
42.72110757540742
42.90148078707359
43.08155304476754
43.26132060404155
43.440779806513326
43.619927081838064
43.798758949573546
43.97727202093706
44.15546300045333
44.33332868749279
44.510865977699446
44.68807186430781
44.86494343934829
45.04147789474071
45.21767252327585
45.39352471948537
45.56903198040074
45.74419190620206
45.91900220075793
46.093460672057134
46.267565232532846
46.44131389927993
46.614704794165974
46.78773614383614
46.96040627961192
47.13271363728337
47.30465675679484
47.47623428182341
47.647444959249995
47.81828763852293
47.98876127091388
48.15886490866633
48.32859770403691
48.497958908230046
48.666947870226146
48.835564035503545
49.00380694465414
49.17167623189268
49.339171623460196
49.506292935922
49.6730400743614
49.83941303047006
50.005411880536506
50.171036783334465
50.33628797791285
50.501165781289295
50.66567058604877
50.82980285784932
50.99356313283689
51.15695201497177
51.319970173269574
51.48261833895983
51.644897302565504
51.80680791090682
51.96835106403281
52.12952771208389
52.29033885208852
52.450785524696954
52.61086881085558
52.77058982842604
52.929949728754394
53.08894969319536
53.24759092959701
53.405874668751466
53.563802160816664
53.721374671714244
53.87859347950885
54.03545987077402
54.19197513694965
54.348140570696074
54.50395746224993
54.65942709578721
54.81455074579847
54.96932967348138
55.12376512315561
55.277858318705256
55.431610460053975
55.58502271967697
55.738096239153805
55.89083212576557
56.04323144913988
56.19529523794702
56.34702447665078
56.49842010231797
56.64948300149124
56.80021400712955
56.950613895621
57.100683383872344
57.25042312647967
57.399833712984595
57.54891566521983
57.69766943474722
57.84609540039131
57.99419386587105
58.14196505753208
58.28940912218193
58.43652612502954
58.583316047731365
58.729778786546014
58.875914150599534
59.02172186026386
59.167201545650165
59.312352745218654
59.457174904506395
59.60166737497489
59.745829412978686
59.88966017885625
60.03315873614438
60.17632405091744
60.31915499125271
60.46165032682317
60.60380872861871
60.74562876879615
60.88710892065778
61.028247558758196
61.16904295913939
61.30949329969364
61.449596660653796
61.58935102521046
61.728754280255416
61.86780421725091
62.0064985332243
62.144834831887906
62.28281062488337
62.420423333149685
62.55767028841312
62.694548734797465
62.831055830552586
62.967188649898944
63.10294418498533
63.23831934795679
63.37331097312942
63.50791581926937
63.64213057197331
63.77595184614755
63.909376188582755
64.04240008062122
64.17501994091371
64.30723212826364
64.43903294455576
64.57041863776736
64.70138540505944
64.831929395946
64.9620467155393
65.09173342786941
65.22098555927668
65.34979910187529
65.4781700170855
65.60609423923209
65.73356767920573
65.86058622818403
65.98714576140843
66.11324214201328
66.23887122490292
66.36402886067263
66.48871089956866
66.61291319548194
66.73663160997044
66.85986201630543
66.9826003035365
67.10484238057039
67.22658418025799
67.34782166348486
67.46855082325976
67.58876768879554
67.70846832957773
67.82764885941572
67.94630544047186
68.06443428726402
68.18203167063723
68.29909392169952
68.41561743571708
68.53159867596435
68.64703417752526
68.76192055104093
68.87625448639938
68.99003275636255
69.10325222012546
69.21590982680164
69.3280026188304
69.439527735301
69.55048241519012
69.66086400050955
69.77066993936188
69.8798977889025
69.98854521820573
70.09661001103262
70.2040900684978
70.31098341163266
70.41728818384189
70.52300265325067
70.62812521494021
70.73265439307016
70.83658884288656
70.93992735261378
71.04266884522912
71.14481238011848
71.24635715461244
71.34730250540116
71.44764790982771
71.54739298705903
71.64653749913413
71.74508135188984
71.8430245957648
71.94036742648308
72.03711018561825
72.13325336103861
72.22879758723349
72.32374364552112
72.41809246413874
72.51184511821538
72.60500282962795
72.69756696674045
72.78953904402539
72.88092072156604
72.97171380443791
73.0619202419677
73.15154212686849
73.24058169424933
73.32904132049697
73.41692352202716
73.50423095390278
73.59096640831632
73.67713281293442
73.76273322910214
73.84777084990509
73.9322489980878
74.01617112382706
74.09954080235883
74.18236173145812
74.26463772877167
74.34637272900392
74.42757078095752
74.50823604443036
74.58837278697075
74.66798538049335
74.7470782977586
74.82565610871922
74.90372347673753
74.98128515467778
75.05834598087785
75.134910875005
75.21098483380018
75.28657292671511
75.36168029144682
75.4363121293739
75.51047370089867
75.58417032069912
75.65740735289404
75.73019020612531
75.80252432856156
75.87441520282897
75.94586834087539
76.01688927877484
76.08748357147994
76.15765678752956
76.2274145037191
76.29676229974058
76.36570575279978
76.4342504322172
76.50240189402024
76.57016567553325
76.63754728997179
76.70455222104823
76.77118591759546
76.83745378821635
76.90336119596651
76.96891345307853
77.03411581573704
77.09897347891302
77.16349157126632
77.22767515012521
77.29152919655206
77.35505861050405
77.41826820609725
77.48116270698239
77.54374674184015
77.60602484000407
77.6680014272178
77.72968082153346
77.79106722935677
77.85216474164503
77.91297733026312
77.97350884450287
78.03376300777035
78.09374341444533
78.15345352691708
78.21289667279933
78.27207604232666
78.33099468593417
78.38965551202222
78.44806128490762
78.506214622963
78.56411799694519
78.62177372851426
78.67918398894409
78.73635079802551
78.7932760231626
78.84996137866295
78.90640842522095
78.96261856959273
79.01859306446187
79.07433300849397
79.12983934657865
79.18511287025632
79.24015421832627
79.29496387763317
79.34954218402908
79.40388932350737
79.45800533350524
79.51189010437116
79.565543380993
79.61896476458236
79.67215371461049
79.72510955089132
79.77783145580639
79.8303184766674
79.88256952821104
79.93458339522084
79.98635873527002
80.03789408157962
80.0891878459858
80.1402383220098
80.19104368802374
80.24160201050648
80.2919112473839
80.34196925144903
80.39177377385835
80.4413224677001
80.4906128916312
80.5396425135786
80.58840871450201
80.63690879221423
80.68513996525536
80.73309937681637
80.78078409870722
80.82819113536533
80.8753174279006
80.92215985817217
80.96871525289345
81.01498038776089
81.06095199160262
81.10662675054397
81.1520013121862
81.19707228979502
81.24183626649398
81.28628979945785
81.33042942410162
81.3742516582609
81.41775300635942
81.4609299635602
81.50377901989629
81.5462966643774
81.58847938906871
81.6303236931372
81.67182608686124
81.71298309559978
81.75379126371746
81.79424715846159
81.83434737378553
81.87408853411256
81.91346729803394
81.95248036193544
81.99112446354678
82.02939638540812
82.06729295824829
82.10481106426909
82.14194764032999
82.17869968102895
82.21506424167575
82.25103844115455
82.28661946467201
82.32180456638713
82.35659107191935
82.39097638073162
82.42495796838563
82.45853338866829
82.49170027558847
82.52445634524378
82.55679939755686
82.58872731788227
82.6202380784843
82.65132973988653
82.68200045209477
82.71224845569412
82.74207208282115
82.7714697580123
82.80043999892968
82.82898141696506
82.85709271772265
82.88477270138134
82.91202026293814
82.93883439233451
82.96521417446735
82.9911587890877
83.01666751059082
83.04173970770177
83.06637484306094
83.09057247271386
83.11433224550973
83.13765390241366
83.16053727573689
83.18298228829002
83.20498895246459
83.22655736924736
83.24768772717204
83.26838030121354
83.28863545163034
83.30845362276074
83.32783534177844
83.34678121741257
83.36529193863697
83.3833682733337
83.40101106693447
83.41822124104311
83.43499979204165
83.45134778968264
83.46726637567014
83.48275676223165
83.49782023068343
83.51245812999178
83.5266718753332
83.54046294665528
83.55383288724084
83.56678330227697
83.57931585743091
83.59143227743465
83.60313434468031
83.61442389782786
83.62530283042696
83.63577308955513
83.64583667447488
83.65549563531255
83.66475207176092
83.6736081318075
83.68206601049002
83.69012794868087
83.69779623190237
83.70507318917538
83.71196119190387
83.71846265279731
83.72458002483091
83.7303158002432
83.7356725095704
83.74065272071601
83.74525903805267
83.74949410155335
83.75336058594877
83.75686119990831
83.75999868524201
83.76277581612163
83.76519539831924
83.76726026846183
83.76897329330069
83.77033736899381
83.77135542039986
83.77203040038097
83.77236528911061
83.77236309338235
83.77202684591481
83.77135960464767
83.77036445202367
83.76904449425257
83.76740286055286
83.76544270236758
83.76316719254982
83.76057952451418
83.75768291134983
83.75448058489059
83.7509757947384
83.74717180723627
83.7430719043868
83.73867938271331
83.7339975520603
83.72902973432888
83.72377926214374
83.71824947744794
83.71244373002257
83.7063653759299
83.70001777587872
83.69340429351148
83.68652829361388
83.67939314024811
83.67200219481167
83.66435881402451
83.65646634784802
83.64832813733965
83.63994751244734
83.63132778974732
83.62247227012976
83.61338423643751
83.6040669510625
83.59452365350369
83.58475755789054
83.57477185047667
83.5645696871084
83.55415419067462
83.54352844854434
83.53269550999839
83.5216583836622
83.51042003494665
83.49898338350367
83.48735130070331
83.4755266071384
83.46351207016203
83.45131040146275
83.43892425468339
83.42635622308948
83.4136088372931
83.40068456303725
83.38758579904622
83.37431487494648
83.36087404926268
83.34726550749251
83.33349136026293
83.31955364157163
83.30545430711747
83.29119523272225
83.27677821284662
83.26220495920283
83.24747709946705
83.23259617609396
83.21756364523576
83.2023808757671
83.18704914841787
83.17156965501549
83.15594349783912
83.14017168908747
83.12425515046066
83.10819471285531
83.09199111617197
83.0756450092329
83.05915694980835
83.04252740474946
83.02575675022517
83.00884527206055
82.99179316617419
82.97460053911145
82.95726740867103
82.93979370462243
82.92217926951257
82.90442385955991
82.8865271456347
82.86848871432305
82.85030806907416
82.83198463143042
82.8135177423399
82.79490666355154
82.77615057909377
82.7572485968365
82.73819975013605
82.71900299956239
82.699657234708
82.68016127607636
82.66051387704856
82.64071372592666
82.62075944805262
82.60064960800132
82.58038271184618
82.5599572094955
82.53937149709752
82.51862391951276
82.49771277285201
82.47663630707864
82.45539272867386
82.43398020336365
82.41239685890507
82.39064078792994
82.36871005084213
82.34660267876579
82.32431667654116
82.30185002576425
82.27920068786662
82.25636660723072
82.23334571433477
82.21013592892078
82.18673516317872
82.16314132493974
82.13935232087036
82.11536605966003
82.09118045519384
82.06679342970281
82.04220291688412
82.01740686498343
81.99240323983159
81.96719002782802
81.94176523886384
81.91612690917785
81.89027310414022
81.86420192096014
81.83791149131414
81.81139998389236
81.78466560686095
81.75770661023935
81.73052128819032
81.70310798122185
81.67546507830028
81.6475910188748
81.61948429481393
81.59114345225478
81.56256709336654
81.5337538780291
81.5047025254286
81.4754118155711
81.4458805907166
81.41610775673578
81.38609228439228
81.35583321055358
81.32532963933423
81.2945807431735
81.26358576384942
81.23234401343123
81.20085487517204
81.16911780434285
81.137132329009
81.10489805074943
81.0724146453189
81.03968186325349
81.00669953041862
80.97346754849835
80.93998589542414
80.9062546257409
80.87227387090834
80.8380438395358
80.80356481754896
80.76883716828743
80.73386133253169
80.69863782845815
80.66316725152151
80.62745027426391
80.5914876460503
80.55528019273086
80.51882881623149
80.48213449407379
80.4451982788261
80.40802129748661
80.37060475080037
80.33294991251219
80.29505812855794
80.25693081619605
80.21856946308063
80.17997562627764
80.14115093122544
80.10209707064124
80.06281580337625
80.0233089532218
79.98357840766894
79.94362611662362
79.90345409107843
79.86306440174225
79.82245917762886
79.7816406046053
79.74061092390026
79.69937243057349
79.65792747194747
79.61627844600174
79.57442779973066
79.53237802746538
79.49013166916042
79.44769130864417
79.40505957183258
79.36223912490506
79.31923267244203
79.27604295552455
79.23267274979641
79.18912486348951
79.1454021354133
79.10150743290957
79.05744364977421
79.01321370414827
78.96882053637968
78.92426710685756
78.87955639382143
78.83469139114881
78.78967510612428
78.7445105571942
78.69920077171072
78.65374878366835
78.60815763143684
78.56243035549393
78.5165699961607
78.47057959134158
78.42446217427143
78.37822077127193
78.3318583995191
78.28537806482383
78.23878275942697
78.19207545981011
78.14525912452395
78.09833669203648
78.0513110786036
78.00418517616505
77.95696185026931
77.90964393803144
77.86223424612832
77.81473554883486
77.76715058610434
77.71948206169567
77.67173264134944
77.6239049510149
77.57600157513083
77.52802505496244
77.47997788699605
77.43186252139277
77.383681360501
77.3354367574275
77.28713101466646
77.23876638278684
77.19034505917854
77.14186918685745
77.09334085332979
77.04476208951714
76.99613486874274
76.94746110577957
76.89874265595985
76.84998131434624
76.80117881496439
76.75233683009664
76.70345696963626
76.65454078050199
76.60558974611264
76.5566052859216
76.50758875500993
76.45854144373699
76.4094645774478
76.36035931623633
76.31122675476377
76.26206792213134
76.21288378180668
76.1636752316042
76.11444310371996
76.06518816482185
76.01591111619598
75.96661259395046
75.9172931692774
75.86795334877502
75.81859357483074
75.76921422606665
75.71981561784833
75.6703980028584
75.62096157173562
75.57150645377976
75.5220327177235
75.47254037257164
75.42302936850888
75.3734995978773
75.32395089622503
75.27438304342684
75.22479576487683
75.17518873275253
75.12556156734956
75.07591383848603
75.02624506697634
74.97655472617373
74.92684224358027
74.87710700252251
74.82734834389055
74.7775655679377
74.72775793613755
74.67792467309494
74.62806496850669
74.57817797916721
74.5282628310141
74.47831862120916
74.428344420249
74.37833927410088
74.32830220635913
74.27823222041798
74.22812830165572
74.17798941962565
74.12781453024957
74.07760257800908
74.02735249813043
73.97706321875899
73.92673366312067
73.87636275166813
73.82594940420961
73.77549254201892
73.72499108992486
73.6744439783788
73.6238501455
73.57320853909835
73.52251811867484
73.47177785739939
73.420986744066
73.37014378502624
73.31924800610182
73.26829845447753
73.2172942005758
73.1662343399131
73.11511799493951
73.06394431686181
73.01271248745138
72.96142172083728
72.91007126528552
72.85866040496512
72.80718846170123
72.75565479671661
72.7040588123624
72.65239995383911
72.6006777109086
72.5488916195983
72.49704126389832
72.44512627745183
72.39314634523856
72.34110120525173
72.28899065016805
72.23681452900979
72.18457274879671
72.13226527618457
72.07989213908633
72.02745342827126
71.9749492989369
71.9223799722485
71.86974573683989
71.8170469502698
71.76428404042855
71.71145750688953
71.65856792220012
71.60561593310734
71.55260226171362
71.49952770655813
71.4463931436199
71.39319952723844
71.33994789094851
71.28663934822583
71.23327509314043
71.17985640091517
71.12638462838667
71.07286121436577
71.0192876798947
70.9656656283983
70.91199674572663
70.85828280008722
70.8045256418656
70.75072720333314
70.6968894982421
70.64301462130804
70.58910474758072
70.53516213170364
70.481189107063
70.42718808482691
70.37316155287617
70.31911207462785
70.26504228775325
70.21095490279258
70.15685270166914
70.10273853610515
70.04861532594195
69.99448605736704
69.94035378105109
69.88622161019781
69.83209271850977
69.77797033807381
69.72385775716997
69.66975831800686
69.61567541438647
69.5616124893014
69.507573032467
69.45356057779098
69.39957870078341
69.34563101591026
69.29172117389383
69.23785285896302
69.18402978605523
69.13025569797126
69.07653436248414
69.02286956940269
68.9692651275909
68.9157248619433
68.86225261031653
68.80885222041705
68.7555275466451
68.70228244689541
68.64912077931545
68.59604639902214
68.54306315477912
68.49017488563616
68.43738541753258
68.38469855986737
68.33211810203919
68.27964780995931
68.22729142254194
68.17505264817576
68.12293516118062
68.07094259825304
68.01907855490514
67.96734658190165
67.91575018170066
67.86429280490414
67.81297784672493
67.76180864347644
67.71078846909141
67.65992053167587
67.60920797010384
67.55865385065805
67.50826116372171
67.45803282052684
67.40797164996393
67.35808039545763
67.30836171191326
67.25881816273913
67.20945221694892
67.16026624634792
67.11126252280705
67.06244321562819
67.01381038900381
66.96536599957385
66.91711189408277
66.86904980714012
66.82118135908858
66.77350805398366
66.72603127768939
66.67875229609483
66.63167225345505
66.58479217085976
66.53811294483255
66.49163534606241
66.44536001826775
66.39928747719311
66.35341810973891
66.30775217322473
66.26228979478608
66.21703097090406
66.17197556706677
66.12712331756146
66.08247382539619
66.03802656235055
65.99378086915445
65.94973595579361
65.90589090194047
65.86224465750891
65.81879604333213
65.7755437519626
65.73248634859343
65.68962227209957
65.64694983619748
65.60446723072144
65.56217252301454
65.52006365943183
65.47813846695342
65.43639465490563
65.3948298167883
65.35344143220689
65.31222686890706
65.27118338490996
65.2303081307463
65.18959815178718
65.14905039066937
65.10866168981258
65.06842879402663
65.0283483532061
64.98841692510987
64.94863097822358
64.9089868947029
64.86948097339607
64.83010943294389
64.79086841495595
64.7517539872608
64.71276214722818
64.67388882516119
64.63512988775611
64.5964811416276
64.55793833689657
64.51949717083792
64.48115329158597
64.44290230189583
64.40473976295957
64.36666119827524
64.32866209756767
64.29073792075965
64.25288410199155
64.21509605368757
64.17736917066665
64.13969883429544
64.10208041667957
64.06450928488985
64.02698080522131
63.98949034748236
63.952033289312425
63.91460502052573
63.877200947478485
63.83981649745604
63.802447123076234
63.76508830670534
63.727735564882806
63.69038445275001
63.65303056847685
63.615669557679865
63.578297117825144
63.54090900260903
63.50350102630901
63.46606906809714
63.42860907630839
63.39111707265667
63.35358915639139
63.316021508387365
63.27841039516099
63.24075217280554
63.20304329083908
63.16528029595858
63.12745983569366
63.089578661953254
63.05163363445902
63.01362172405962
62.97554001592047
62.937385712583506
62.89915613689166
62.860848734773384
62.822461077882195
62.78399086608724
62.74543592981124
62.70679423221284
62.66806387121059
62.629243081346175
62.590330235484906
62.551323846351316
62.512222567897616
62.47302519650318
62.43373067200334
62.394338078545864
62.354846645273334
62.31525574683038
62.27556490369508
62.2357737823344
62.195882195184275
62.15589010045479
62.11579760176172
62.07560494758629
62.03531253056544
61.99492088661528
61.954430693891275
61.913842771588826
61.8731580785882
61.83237771194799
61.791502905251285
61.75053502680836
61.709475577720035
61.66832618980529
61.62708862339658
61.58576476500618
61.544356624866815
61.502866334349925
61.46129614326511
61.419648417044606
61.37792563381637
61.33613038136948
61.29426535401594
61.2523333493531
61.21033726493081
61.168280094827274
61.126164926137584
61.08399493537953
61.04177338482119
60.99950361873456
60.95718905957974
60.914833204124555
60.87243961950454
60.83001193922862
60.78755385913555
60.745069133306195
60.70256156993647
60.6600350271756
60.61749340893416
60.57494066066604
60.53238076512891
60.48981773812792
60.447255624247724
60.404698492577914
60.36215043243626
60.31961554909425
60.27709795950854
60.23460178806154
60.19213116231448
60.14969020877557
60.10728304868634
60.064913793829206
60.022586542359434
59.98030537466498
59.93807434925715
59.895897498695106
59.85377882554731
59.811722298393434
59.76973184787029
59.72781136276514
59.68596468615961
59.64419561162761
59.60250787949117
59.560905173137726
59.5193911154026
59.477969265020036
59.43664311314588
59.3954160799549
59.35429151131599
59.313272675548106
59.27236276026021
59.231564869278785
59.19088201966652
59.15031713883566
59.109873061759814
59.069552528287275
59.02935818055916
58.98929256053556
58.94935810763276
58.90955715647438
58.869891934759224
58.830364561247976
58.79097704387051
58.751731277955926
58.71262904458696
58.673672009081045
58.63486171960041
58.596199605893574
58.5576869781694
58.519325026104255
58.48111481798249
58.44305729997019
58.405153295522055
58.3674035049208
58.32980850494842
58.292368748688105
58.25508456545573
58.21795616085912
58.18098361698317
58.144166892698834
58.10750582409385
58.07100012502333
58.03464938777803
57.99845308386831
57.962410564922386
57.926521063696846
57.89078369519735
57.855197457907714
57.81976123512545
57.784473796401876
57.74933379908499
57.71433978996334
57.67949020700923
57.64478338121939
57.61021753855102
57.57579080195121
57.54150119347765
57.50734663650838
57.473324958037615
57.43943389105443
57.40567107700054
57.37203406830361
57.33852033098203
57.30512724731717
57.27185211858927
57.238692167873246
57.20564454289036
57.17270631891183
57.13987450171033
57.107146030556244
57.0745177812554
57.04198656922484
57.009549152603206
56.97720223539307
56.94494247063245
56.91276646359302
56.88067077500279
56.84865192429101
56.81670639285358
56.78483062733728
56.753021042941505
56.7212740267363
56.68958594099548
56.65795312654365
56.626371906116226
56.594838587730756
56.5633494680688
56.53190083586748
56.50048897531986
56.46911016948321
56.43776070369399
56.40643686898898
56.37513496553175
56.34385130604313
56.31258221923401
56.28132405323846
56.250073179044485
56.218825993919786
56.18757892482916
56.15632843183989
56.12507101151102
56.093803200261796
56.06252157771463
56.031222770008476
55.999903453078964
55.968560355901054
55.937190263690475
55.905790021059836
55.87435653512512
55.84288677855847
55.81137779258285
55.77982668990479
55.74823065758171
55.716586959820184
55.684892940702134
55.653146026836176
55.62134372993183
55.58948364929473
55.557563474241256
55.52558098643113
55.49353406211629
55.46142067430429
55.429238894834214
55.396986896362705
55.364662954258336
55.33226544840204
55.299792864891515
55.267243797647495
55.2346169499196
55.201911135689386
55.1691252809681
55.13625842498698
55.10330972127781
55.07027843864188
55.037163962005025
55.00396579315691
54.97068355137253
54.93731697391439
54.90386591641328
54.87033035312584
54.83671037706699
54.803006200015375
54.7692181523899
54.73534668299612
54.701392358641215
54.66735586361665
54.63323799904816
54.59903968211262
54.564761945121575
54.5304059344715
54.49597290946019
54.461464240969406
54.42688141001429
54.392226006160456
54.3574997258105
54.322704370361805
54.28784184423796
54.25291415279605
54.21792340011285
54.182871786652186
54.147761606815436
54.11259524637779
54.077375179813146
54.04210396751091
54.00678425288828
53.97141875940156
53.936010287460704
53.9005617112507
53.86507597546358
53.82955609194482
53.794005136258136
53.75842624417305
53.72282260808032
53.687197473339836
53.65155413456563
53.615895931852094
53.58022624694598
53.54454849936906
53.508866142496515
53.47318265959666
53.43750155983696
53.40182637426176
53.36616065174741
53.33050795494034
53.29487185618324
53.25925593343424
53.223663766183954
53.188098931375116
53.15256499932877
53.11706552968098
53.081604067334005
53.04618413842575
53.01080924632162
52.97548286763247
52.9402084482624
52.90498939949054
52.86982909409101
52.83473086249523
52.799697989000485
52.76473370802892
52.729841200440994
52.6950235899074
52.66028393934322
52.6256252474082
52.59105044507691
52.556562392282835
52.52216387464022
52.48785760024747
52.45364619657527
52.419532207442835
52.385518090085945
52.35160621232017
52.317798849802834
52.28409818339684
52.25050629663945
52.217025173319136
52.18365669516418
52.150402639646465
52.11726467790418
52.08424437278682
52.05134317702595
52.01856243153542
51.98590336384438
51.953367086665814
51.9209545966035
51.88866677299938
51.85650437692316
51.824468050305136
51.79255831521299
51.76077557327351
51.729120105240035
51.6975920707066
51.66619150796941
51.63491833403622
51.603772344784026
51.57275321526503
51.5418605001609
51.51109363438467
51.48045193382978
51.44993459626533
51.41954070237659
51.38926921694871
51.359118990191966
51.32908875920622
51.299177149582356
51.26938267713779
51.239703749782784
51.21013866951357
51.1806856345281
51.15134274145963
51.12210798772331
51.09297927397107
51.063954406649756
51.03503110065769
51.00620698209438
50.9774795910984
50.94884638476803
50.92030474015938
50.891851957356934
50.86348526261115
50.835201811538
50.8069986923757
50.77887292929397
50.750821485751075
50.722841267894054
50.69492912799721
50.667081867934186
50.63929624267881
50.61156896383015
50.58389670315772
50.55627609616293
50.5287037456532
50.50117622532507
50.47369008335305
50.446241845981476
50.41882802111648
50.39144510191572
50.36408957037331
50.33675790089778
50.309446563881224
50.28215202925763
50.25487077004827
50.22759926589201
50.200334006558066
50.17307149543818
50.14580825301515
50.11854082030446
50.09126576226582
50.06397967118146
50.03667916999812
50.00936091562919
49.98202160221375
49.95465796432977
49.927266780158206
49.899844874594905
49.87238912230741
49.84489645073357
49.81736384301887
49.78978834088956
49.76216704745876
49.73449712996289
49.70677582242568
49.67900042824685
49.65116832271268
49.62327695542574
49.59532385265122
49.567306619577536
49.53922294248922
49.51107059085051
49.48284741929824
49.454551369542614
49.42618047217472
49.397732848379334
49.36920671155154
49.34060036881611
49.311912222449266
49.2831407712021
49.254284611525165
49.225342438693914
49.19631304783523
49.167195334855464
49.13798829727055
49.108691034938644
49.07930275069525
49.04982275089115
49.02025044583313
48.990585350127375
48.96082708292538
48.9309753680722
48.90103003415753
48.870991014469936
48.84085834685486
48.8106321734774
48.78031274049116
48.749900397614205
48.71939559761345
48.68879889569886
48.658110948829325
48.627332514931915
48.59646445203604
48.5655077173245
48.5344633661035
48.50333255069339
48.47211651924162
48.44081661445947
48.40943427228357
48.3779710204627
48.346428477070255
48.3148083489426
48.283112430044106
48.25134259975963
48.21950082111491
48.187589138925354
48.15560967787386
48.12356464051906
48.091456305234864
48.059287024082415
48.02705922061464
47.99477538761423
47.96243808476576
47.93004993626264
47.897613628350065
47.86513190680521
47.83260757435628
47.8000434880423
47.76744255651543
47.73480773728742
47.70214203392201
47.669448493175686
47.63673020208976
47.60399028503716
