-49.27903125958678
-49.400330722315424
-49.52164494434398
-49.64297630808252
-49.764327334894766
-49.88570068251416
-50.00709914233848
-50.12852563660632
-50.24998321545839
-50.37147505388676
-50.49300444857547
-50.61457481463569
-50.736189682238745
-50.857852693150306
-50.97956759716956
-51.101338248477106
-51.22316860189531
-51.345062709065616
-51.46702471454668
-51.589058851837166
-51.71116943932677
-51.8333608761794
-51.95563763815258
-52.078004273356754
-52.200465397958254
-52.32302569182972
-52.445689894151975
-52.568462798971304
-52.69134925071595
-52.81435413967555
-52.93748239744654
-53.06073899234614
-53.18412892479686
-53.30765722268402
-53.43132893668972
-53.55514913560658
-53.67912290163466
-53.803255325665454
-53.9275515025569
-54.05201652640373
-54.17665548580747
-54.3014734591507
-54.42647550987998
-54.55166668180202
-54.67705199439739
-54.80263643815634
-54.92842496994136
-55.05442250838131
-55.18063392930155
-55.30706406119428
-55.43371768073375
-55.560599508340644
-55.6877142037997
-55.81506636193432
-55.942660508342435
-56.070501095197464
-56.198592497117765
-56.32693900710779
-56.45554483257359
-56.584414091415674
-56.71355080820194
-56.84295891042341
-56.97264222483573
-57.10260447388861
-57.232849272245794
-57.36338012339757
-57.49420041636801
-57.62531342251896
-57.75672229245299
-57.88843005301743
-58.020439604411706
-58.15275371740006
-58.285375030631485
-58.41830604806893
-58.55154913652967
-58.685106523338845
-58.81898029409814
-58.95317239057158
-59.08768460869038
-59.22251859667881
-59.35767585330211
-59.493157726237094
-59.62896541056552
-59.76509994739087
-59.90156222257975
-60.038352965629095
-60.17547274866099
-60.31292198554679
-60.45070093116238
-60.58880968077592
-60.72724816956907
-60.866016172293094
-61.00511330306046
-61.14453901527259
-61.28429260168396
-61.42437319460306
-61.56477976622996
-61.70551112913007
-61.84656593684407
-61.98794268463389
-62.129639710365225
-62.271655195526435
-62.41398716638328
-62.55663349526846
-62.69959190200463
-62.8428599554597
-62.98643507523373
-63.13031453347693
-63.274495456837904
-63.418974828541046
-63.563749490591555
-63.70881614610598
-63.85417136176559
-63.99981157038993
-64.14573307362755
-64.29193204476107
-64.43840453162434
-64.58514645962973
-64.73215363490246
-64.87942174751922
-65.02694637484748
-65.17472298498242
-65.32274694027845
-65.47101350097248
-65.61951782889659
-65.76825499127833
-65.91721996462636
-66.06640763869925
-66.2158128205543
-66.36543023867316
-66.51525454716065
-66.66528033001381
-66.81550210545717
-66.96591433034118
-67.11651140460097
-67.26728767577268
-67.41823744356512
-67.56935496448446
-67.72063445650932
-67.87207010381262
-68.02365606152675
-68.17538646054713
-68.32725541236987
-68.47925701395859
-68.63138535263595
-68.78363451099533
-68.93599857182924
-69.0884716230713
-69.24104776274883
-69.39372110394321
-69.54648577975466
-69.69933594826806
-69.85226579751496
-70.00526955042675
-70.15834146977305
-70.31147586307905
-70.46466708751494
-70.61790955475213
-70.77119773578185
-70.9245261656926
-71.07788944840256
-71.23128226134297
-71.38469936008816
-71.53813558292785
-71.6915858553769
-71.84504519461808
-71.99850871387315
-72.15197162669739
-72.30542925119181
-72.45887701412704
-72.61231045497345
-72.76572522983281
-72.91911711526757
-73.07248201202447
-73.2258159486488
-73.37911508498576
-73.53237571556531
-73.68559427286664
-73.83876733045793
-73.99189160600747
-74.14496396416155
-74.2979814192845
-74.45094113805675
-74.60384044192682
-74.75667680941325
-74.90944787825316
-75.06215144739394
-75.2147854788251
-75.3673480992477
-75.51983760157954
-75.67225244629482
-75.82459126259768
-75.97685284942908
-76.12903617630708
-76.28114038400066
-76.43316478503722
-76.5851088640443
-76.73697227792526
-76.88875485586927
-77.04045659919736
-77.1920776810464
-77.34361844589252
-77.49507940891648
-77.64646125521371
-77.79776483885236
-77.94899118178218
-78.10014147259677
-78.25121706515189
-78.4022194770405
-78.55315038792482
-78.7040116377241
-78.85480522465778
-79.00553330314372
-79.15619818155247
-79.30680231981992
-79.45734832692042
-79.60783895820273
-79.75827711259095
-79.90866582965364
-80.05900828654504
-80.20930779482242
-80.35956779714346
-80.50979186384635
-80.65998368941544
-80.81014708883518
-80.96028599383479
-81.11040444902599
-81.2605066079374
-81.41059672894986
-81.56067917113765
-81.71075839002086
-81.86083893323351
-82.01092543611188
-82.16102261720656
-82.31113527372113
-82.46126827688104
-82.61142656723614
-82.76161514990024
-82.91183908973078
-83.06210350645226
-83.21241356972682
-83.36277449417507
-83.51319153435104
-83.66366997967604
-83.81421514933758
-83.96483238715955
-84.1155270564489
-84.26630453482464
-84.4171702090354
-84.56812946977236
-84.71918770648442
-84.87035030220174
-85.02162262837355
-85.1730100397255
-85.32451786914127
-85.47615142257273
-85.6279159739825
-85.77981676032373
-85.9318589765616
-86.08404777074183
-86.23638823911135
-86.38888542129534
-86.5415442955355
-86.69436977399408
-86.8473666981285
-87.00053983413983
-87.15389386849853
-87.30743340354996
-87.46116295320286
-87.6150869387032
-87.76920968449514
-87.92353541417123
-88.07806824651567
-88.232812191645
-88.38777114724991
-88.54294889494219
-88.6983490967097
-88.85397529148173
-89.00983089180698
-89.16591918064665
-89.32224330828438
-89.47880628935428
-89.63561099998725
-89.79266017507615
-89.94995640565986
-90.10750213642547
-90.26529966332811
-90.42335113132839
-90.58165853224722
-90.74022370273866
-90.89904832238103
-91.05813391188674
-91.2174818314315
-91.3770932791037
-91.53696928947564
-91.6971107322973
-91.857518311314
-92.01819256320819
-92.1791338566672
-92.34034239157741
-92.50181819834582
-92.66356113734908
-92.8255708985101
-92.98784700100266
-93.15038879308413
-93.31319545205561
-93.47626598434972
-93.63959922574561
-93.80319384171123
-93.96704832787334
-94.13116101061503
-94.2955300478006
-94.4601534296274
-94.62502897960367
-94.79015435565096
-94.95552705132953
-95.12114439718468
-95.28700356221199
-95.45310155544061
-95.61943522763337
-95.78600127310332
-95.95279623164626
-96.11981649058939
-96.28705828695567
-96.45451770974361
-96.62219070232217
-96.79007306493972
-96.95816045734531
-97.12644840152083
-97.29493228452199
-97.46360736142614
-97.63246875838362
-97.80151147576984
-97.97073039143604
-98.14012026405666
-98.30967573657196
-98.47939133972395
-98.64926149568439
-98.81928052177315
-98.98944263426526
-99.15974195228418
-99.33017250177758
-99.50072821957085
-99.67140295749367
-99.84219048657552
-100.01308450130453
-100.18407862394461
-100.35516640890545
-100.52634134716173
-100.6975968707179
-100.868926357115
-101.04032313397612
-101.2117804835875
-101.38329164751165
-101.55484983122913
-101.72644820880645
-101.89807992758664
-102.06973811289991
-102.24141587279165
-102.41310630276415
-102.58480249052785
-102.7564975207574
-102.92818447984631
-103.09985646065341
-103.27150656723562
-103.443127919562
-103.61471365820465
-103.78625694900107
-103.95775098768193
-104.12918900445787
-104.30056426856014
-104.47187009273067
-104.6430998376569
-104.81424691634754
-104.98530479844624
-105.15626701448093
-105.32712716004562
-105.49787889991103
-105.6685159720605
-105.83903219164756
-106.00942145487284
-106.17967774277815
-106.34979512495545
-106.51976776316906
-106.68958991488967
-106.85925593673801
-107.02876028783714
-107.19809753307266
-107.3672623462603
-107.53624951322035
-107.70505393475696
-107.87367062953967
-108.04209473688388
-108.21032151942609
-108.37834636568914
-108.54616479253298
-108.71377244748658
-108.88116511095666
-109.04833869830861
-109.2152892618169
-109.38201299248294
-109.54850622171739
-109.71476542288383
-109.88078721270041
-110.04656835249683
-110.21210574932367
-110.37739645691126
-110.54243767647496
-110.70722675736512
-110.87176119755988
-111.03603864399953
-111.20005689276037
-111.36381388906695
-111.52730772714189
-111.69053664989237
-111.85349904843282
-112.01619346144402
-112.1786185743696
-112.34077321845099
-112.50265636960309
-112.66426714713397
-112.8256048123127
-112.98666876678966
-113.14745855087325
-113.30797384166648
-113.46821445106617
-113.62818032362829
-113.78787153430348
-113.94728828604629
-114.10643090730095
-114.26529984936668
-114.42389568364617
-114.58221909878115
-114.74027089767914
-114.89805199443482
-115.05556341114972
-115.21280627465275
-115.3697818131234
-115.52649135261939
-115.68293631351108
-115.83911820682513
-115.99503863050077
-116.15069926556171
-116.30610187220762
-116.46124828582938
-116.61614041295209
-116.77078022710978
-116.92516976465734
-117.07931112052623
-117.23320644393075
-117.38685793403172
-117.54026783556495
-117.69343843444247
-117.8463720533338
-117.99907104723414
-118.15153779902599
-118.30377471504019
-118.45578422062218
-118.60756875570783
-118.75913077041324
-118.91047272064273
-119.06159706372014
-119.2125062540488
-119.36320273880679
-119.51368895368458
-119.66396731867272
-119.81404023390579
-119.96391007556795
-120.11357919186574
-120.26304989907365
-120.41232447765745
-120.56140516847896
-120.71029416908587
-120.85899363009085
-121.00750565164313
-121.15583227999585
-121.30397550417118
-121.45193725272502
-121.59971939061352
-121.74732371616282
-121.89475195814298
-122.04200577294596
-122.1890867418687
-122.33599636850265
-122.48273607623018
-122.62930720582874
-122.77571101318317
-122.92194866710774
-123.06802124727828
-123.2139297422746
-123.35967504773286
-123.50525796460697
-123.65067919753874
-123.79593935333621
-123.94103893956053
-124.08597836322205
-124.23075792958575
-124.37537784108547
-124.51983819634727
-124.66413898932187
-124.80828010852672
-124.95226133639805
-125.09608234875388
-125.2397427143682
-125.38324189465736
-125.52657924347925
-125.66975400704716
-125.81276532396025
-125.95561222535223
-126.09829363515966
-126.24080837051149
-126.38315514224091
-126.52533255552093
-126.66733911062549
-126.809173203817
-126.95083312836032
-127.09231707566384
-127.23362313654734
-127.37474930263492
-127.51569346787102
-127.65645343015746
-127.79702689310972
-127.93741146793019
-128.0776046753977
-128.21760394797246
-128.3574066320145
-128.4970099901139
-128.6364112035298
-128.77560737473294
-128.91459553004762
-129.0533726223885
-129.19193553408758
-129.33028107980732
-129.4684060095363
-129.6063070116623
-129.74398071611841
-129.88142369759788
-130.0186324788338
-130.15560353393954
-130.29233329180482
-130.42881813954347
-130.56505442598888
-130.70103846523313
-130.83676654020434
-130.97223490627795
-131.10743979491878
-131.24237741734993
-131.37704396824353
-131.51143562942895
-131.64554857361605
-131.77937896813347
-131.9129229786825
-132.04617677310608
-132.1791365251725
-132.31179841837326
-132.444158649734
-132.57621343363604
-132.70795900564627
-132.83939162635153
-132.97050758519373
-133.1013032043034
-133.23177484233025
-133.36191889827074
-133.49173181529096
-133.6212100845425
-133.7503502489696
-133.87914890710448
-134.00760271684697
-134.13570839922403
-134.26346274212432
-134.3908626040024
-134.51790491754485
-134.64458669329218
-134.7709050232101
-134.89685708420478
-135.02244014157617
-135.14765155240406
-135.2724887688609
-135.39694934144535
-135.52103092212946
-135.64473126741285
-135.76804824127674
-135.8909798180302
-136.01352408503993
-136.1356792453352
-136.25744362007907
-136.37881565089737
-136.4997939020572
-136.6203770624865
-136.7405639476255
-136.86035350110245
-136.97974479622664
-137.09873703729224
-137.21732956068647
-137.3355218357958
-137.45331346570512
-137.57070418768487
-137.68769387346126
-137.80428252926774
-137.9204702956758
-138.0362574472044
-138.1516443917089
-138.2666316695522
-138.38121995256094
-138.4954100427735
-138.609202870987
-138.72259949511155
-138.83560109834022
-138.9482089871444
-139.0604245891047
-139.1722494505868
-139.28368523427181
-139.39473371655114
-139.50539678479433
-139.61567643449914
-139.72557476633298
-139.83509398307385
-139.94423638645955
-140.05300437395428
-140.1614004354403
-140.2694271498419
-140.37708718168912
-140.48438327762867
-140.5913182628892
-140.69789503770718
-140.80411657371926
-140.90998591032584
-141.01550615103142
-141.12068045976466
-141.22551205718113
-141.33000421695087
-141.4341602620335
-141.53798356094453
-141.64147752401604
-141.74464559965517
-141.84749127060363
-141.95001805020192
-142.05222947866136
-142.1541291193449
-142.25572055505754
-142.35700738434647
-142.45799321781223
-142.558681674432
-142.65907637789687
-142.7591809529641
-142.85899902182504
-142.95853420048942
-143.0577900951865
-143.1567702987828
-143.25547838721567
-143.3539179159428
-143.452092416407
-143.5500053925176
-143.6476603171471
-143.74506062864256
-143.8422097273495
-143.93911097214763
-144.0357676769962
-144.1321831074882
-144.22836047741075
-144.3243029453093
-144.42001361105562
-144.5154955124177
-144.61075162162987
-144.70578484196093
-144.80059800427816
-144.89519386360743
-144.98957509569036
-145.0837442935402
-145.17770396399928
-145.27145652430121
-145.365004298642
-145.4583495147634
-145.55149430055448
-145.64444068067846
-145.73719057323441
-145.82974578646403
-145.9221080155131
-146.01427883925734
-146.10625971720273
-146.19805198646972
-146.28965685887223
-146.3810754181023
-146.4723086170321
-146.56335727514406
-146.65422207609944
-146.74490356545434
-146.83540214853187
-146.92571808845796
-147.01585150436753
-147.1058023697884
-147.19557051120918
-147.28515560683726
-147.37455718555074
-147.46377462604832
-147.55280715619992
-147.64165385260057
-147.73031364033076
-147.81878529292598
-147.90706743255677
-147.99515853042007
-148.08305690734196
-148.17076073459165
-148.25826803490585
-148.34557668372358
-148.43268441063137
-148.51958880101856
-148.6062872979431
-148.69277720420845
-148.77905568465084
-148.86511976863707
-148.9509663527709
-149.03659220380663
-149.12199396176865
-149.20716814327565
-149.29211114506833
-149.37681924773833
-149.46128861965403
-149.54551532107857
-149.62949530847422
-149.71322443898666
-149.7966984751025
-149.87991308947275
-149.96286386989536
-150.04554632444896
-150.12795588676963
-150.21008792146162
-150.29193772963262
-150.37350055454303
-150.45477158735943
-150.53574597300198
-150.61641881607633
-150.69678518688133
-150.77684012748395
-150.85657865785342
-150.9359957820446
-151.01508649442084
-151.09384578590524
-151.17226865025017
-151.25035009031453
-151.32808512433812
-151.40546879220128
-151.48249616165762
-151.55916233452908
-151.63546245285247
-151.7113917049688
-151.78694533154598
-151.86211863152502
-151.9369069679802
-152.0113057738848
-152.08531055777357
-152.15891690929365
-152.2321205046363
-152.30491711184285
-152.37730259597865
-152.4492729241691
-152.52082417049073
-152.5919525207083
-152.66265427684866
-152.7329258616031
-152.80276382254883
-152.87216483618144
-152.9411257117516
-153.00964339490005
-153.07771497108487
-153.14533766879558
-153.21250886254992
-153.27922607566947
-153.34548698283183
-153.4112894123983
-153.4766313485171
-153.54151093300388
-153.60592646700192
-153.66987641242426
-153.73335939318108
-153.7963741961947
-153.85891977220476
-153.92099523636747
-153.98259986865523
-154.04373311406275
-154.10439458262667
-154.16458404926456
-154.22430145343932
-154.28354689865418
-154.34232065178443
-154.40062314225233
-154.45845496105207
-154.51581685963046
-154.57270974862863
-154.62913469649024
-154.68509292794224
-154.74058582235475
-154.79561491198805
-154.8501818801329
-154.90428855915079
-154.95793692841957
-155.0111291121892
-155.06386737735065
-155.11615413112065
-155.1679919186446
-155.21938342052124
-155.27033145025405
-155.3208389516334
-155.37090899605312
-155.42054477976478
-155.4697496210723
-155.51852695747118
-155.56688034273645
-155.61481344396395
-155.66233003856894
-155.70943401124816
-155.756129350911
-155.80242014758267
-155.8483105892807
-155.8938049588677
-155.93890763088382
-155.98362306836145
-156.02795581962516
-156.07191051507914
-156.1154918639828
-156.15870465121645
-156.20155373403702
-156.24404403882352
-156.28618055781124
-156.3279683458146
-156.36941251693577
-156.410518241256
-156.45129074150702
-156.49173528971926
-156.53185720384624
-156.57166184436244
-156.61115461083307
-156.65034093845554
-156.689226294572
-156.7278161751525
-156.76611610124894
-156.80413161542072
-156.8418682781338
-156.87933166413507
-156.9165273588029
-156.95346095447587
-156.99013804676213
-157.02656423083215
-157.0627450976957
-157.09868623046407
-157.13439320059786
-157.1698715641404
-157.20512685793696
-157.240164595839
-157.27499026489372
-157.30960932151797
-157.34402718765486
-157.37824924691208
-157.41228084068015
-157.44612726423074
-157.4797937627953
-157.51328552762365
-157.54660769202027
-157.57976532735742
-157.61276343906306
-157.64560696258363
-157.678300759322
-157.71084961255232
-157.74325822331443
-157.77553120629258
-157.80767308568429
-157.8396882910641
-157.87158115324686
-157.90335590015556
-157.9350166527009
-157.9665674206802
-157.9980120987046
-158.02935446216324
-158.06059816323258
-158.0917467269388
-158.12280354728054
-158.15377188342026
-158.18465485595138
-158.21545544324894
-158.246176477911
-158.2768206432971
-158.30739047016968
-158.33788833344678
-158.36831644907383
-158.39867687102205
-158.4289714884222
-158.45920202284114
-158.4893700257081
-158.51947687589868
-158.54952377748245
-158.57951175763864
-158.6094416647421
-158.63931416662248
-158.66912974899796
-158.69888871408475
-158.72859117938364
-158.75823707664594
-158.78782615102213
-158.8173579603966
-158.846831874912
-158.87624707668542
-158.90560255971818
-158.9348971299988
-158.96412940579975
-158.9932978181665
-159.02240061159577
-159.05143584490028
-159.08040139225554
-159.1092949444238
-159.13811401015218
-159.16685591773998
-159.19551781677146
-159.22409668001032
-159.2525893054527
-159.2809923185351
-159.30930217449404
-159.33751516087327
-159.36562740017516
-159.39363485265412
-159.42153331925178
-159.44931844467337
-159.47698572060344
-159.50453048905828
-159.53194794587134
-159.5592331443091
-159.5863809988151
-159.6133862888813
-159.64024366304724
-159.66694764302528
-159.69349262795012
-159.71987289875128
-159.7460826226464
-159.77211585775294
-159.79796655781374
-159.82362857703274
-159.84909567501617
-159.8743615218162
-159.8994197030723
-159.92426372524582
-159.94888702094235
-159.97328295431734
-159.99744482656078
-160.0213658814565
-160.0450393110103
-160.06845826114122
-160.09161583743125
-160.11450511092934
-160.13711912400603
-160.15945089625606
-160.1814934304476
-160.20323971851516
-160.22468274759385
-160.2458155060925
-160.26663098980302
-160.287122208044
-160.3072821898364
-160.32710399010838
-160.3465806959276
-160.3657054327583
-160.38447137074
-160.40287173098645
-160.42089979190277
-160.43854889551798
-160.4558124538306
-160.4726839551639
-160.4891569705279
-160.5052251599835
-160.5208822790049
-160.53612218483622
-160.55093884283755
-160.56532633281458
-160.57927885532476
-160.59279073795264
-160.60585644154716
-160.61847056641417
-160.6306278584578
-160.642323215265
-160.65355169212657
-160.66430850798733
-160.67458905131807
-160.68438888590262
-160.69370375653406
-160.70252959461422
-160.71086252364952
-160.71869886463523
-160.7260351413191
-160.73286808533757
-160.73919464121795
-160.7450119712399
-160.7503174601487
-160.7551087197124
-160.75938359311417
-160.76314015917123
-160.76637673637387
-160.76909188673775
-160.77128441946397
-160.77295339440124
-160.77409812530286
-160.7747181828705
-160.7748133975775
-160.77438386226535
-160.77342993450665
-160.77195223872795
-160.76995166808578
-160.76742938608945
-160.76438682796342
-160.7608257017417
-160.75674798908844
-160.7521559458406
-160.74705210226952
-160.7414392630586
-160.73532050699495
-160.72869918637306
-160.72157892610957
-160.71396362256777
-160.70585744209038
-160.69726481923894
-160.68819045473842
-160.67863931312522
-160.66861662009555
-160.65812785955185
-160.64717877034636
-160.63577534272176
-160.6239238144477
-160.61163066665208
-160.59890261934683
-160.5857466266469
-160.5721698716819
-160.55817976120065
-160.54378391987038
-160.528990184271
-160.5138065965867
-160.49824139799657
-160.4823030217668
-160.4660000860475
-160.44934138637777
-160.4323358879038
-160.41499271731672
-160.39732115451702
-160.3793306240137
-160.36103068606766
-160.3424310275894
-160.3235414528027
-160.30437187368656
-160.28493230021022
-160.26523283037372
-160.24528364006764
-160.22509497276505
-160.20467712905892
-160.18404045605584
-160.1631953366353
-160.1421521785845
-160.12092140361923
-160.099513436303
-160.07793869287624
-160.0562075700112
-160.03433043350705
-160.01231760694108
-159.99017936028994
-159.9679258985362
-159.9455673502765
-159.923113756348
-159.90057505849254
-159.87796108807524
-159.85528155487359
-159.8325460359532
-159.80976396464698
-159.78694461965424
-159.7640971142758
-159.74123038580214
-159.71835318507155
-159.6954740662155
-159.67260137660728
-159.64974324703107
-159.62690758208723
-159.60410205084835
-159.58133407778095
-159.55861083394765
-159.53593922850482
-159.51332590050956
-159.49077721104922
-159.4682992357053
-159.44589775736458
-159.4235782593888
-159.4013459191552
-159.37920560197912
-159.3571618554291
-159.33521890404458
-159.31338064446513
-159.29165064097796
-159.2700321214903
-159.24852797393336
-159.22714074310406
-159.20587262794933
-159.1847254792975
-159.163700798039
-159.1427997337581
-159.12202308381424
-159.10137129287236
-159.0808444528794
-159.06044230348365
-159.04016423289394
-159.02000927917683
-158.99997613198965
-158.98006313474852
-158.96026828722992
-158.94058924860164
-158.92102334087835
-158.90156755279904
-158.88221854412367
-158.86297265034554
-158.8438258878151
-158.8247739592699
-158.80581225976525
-158.78693588299697
-158.76813962800483
-158.74941800624455
-158.73076524901634
-158.71217531523604
-158.69364189953268
-158.6751584406539
-158.6567181301587
-158.638313921377
-158.61993853861264
-158.601584486567
-158.58324405996046
-158.56490935332914
-158.54657227097488
-158.52822453704817
-158.50985770574454
-158.4914631715954
-158.47303217983364
-158.45455583681434
-158.43602512047147
-158.41743089079188
-158.3987639002881
-158.38001480445115
-158.3611741721666
-158.3422324960764
-158.32318020287204
-158.3040076635064
-158.28470520331172
-158.26526311201093
-158.24567165361196
-158.22592107617635
-158.20600162145462
-158.18590353438213
-158.16561707243005
-158.14513251480804
-158.12444017151557
-158.1035303922386
-158.08239357508984
-158.06102017519044
-158.03940071309017
-158.01752578302222
-157.9953860609897
-157.97297231268277
-157.95027540122675
-157.92728629476284
-157.90399607386445
-157.88039593879108
-157.85647721658125
-157.8322313679849
-157.80764999423747
-157.7827248436784
-157.757447818216
-157.73181097964044
-157.70580655578652
-157.67942694654818
-157.6526647297472
-157.62551266685756
-157.59796370858732
-157.5700110003193
-157.5416478874127
-157.51286792036655
-157.4836648598469
-157.4540326815773
-157.42396558109414
-157.39345797836887
-157.3625045222987
-157.33110009506646
-157.2992398163688
-157.26691904751084
-157.23413339536347
-157.2008787161779
-157.16715111925106
-157.13294697043744
-157.0982628955008
-157.06309578329916
-157.02744278879624
-156.99130133589193
-156.95466912006583
-156.917544110826
-156.8799245539538
-156.84180897353423
-156.80319617375977
-156.76408524049845
-156.7244755426155
-156.68436673303887
-156.64375874955869
-156.60265181535152
-156.56104643922146
-156.51894341555118
-156.47634382395637
-156.43324902863816
-156.3896606774295
-156.34558070053123
-156.30101130893314
-156.2559549925159
-156.21041451783123
-156.1643929255584
-156.11789352763486
-156.07091990405848
-156.0234758993618
-155.97556561876064
-155.92719342397896
-155.8783639287547
-155.8290819940317
-155.77935272284532
-155.72918145491082
-155.67857376092462
-155.62753543659124
-155.57607249638755
-155.5241911670767
-155.47189788098495
-155.4191992690558
-155.36610215369598
-155.31261354142572
-155.25874061534688
-155.2044907274415
-155.14987139071474
-155.0948902711944
-155.0395551797995
-154.98387406409103
-154.9278549999188
-154.8715061829776
-154.81483592028786
-154.7578526216144
-154.7005647908373
-154.6429810172861
-154.5851099670502
-154.52696037427523
-154.46854103245624
-154.40986078573616
-154.35092852021882
-154.29175315530554
-154.23234363506256
-154.17270891962679
-154.1128579766569
-154.05279977283774
-153.99254326544636
-153.93209739398915
-153.87147107191848
-153.81067317843534
-153.74971255038602
-153.68859797425924
-153.62733817828942
-153.565941824671
-153.50441750188818
-153.4427737171641
-153.3810188890316
-153.31916134002702
-153.2572092895082
-153.19517084659836
-153.13305400325888
-153.07086662749546
-153.0086164567024
-152.94631109114974
-152.88395798761715
-152.82156445317835
-152.75913763913857
-152.69668453512898
-152.63421196336142
-152.57172657304798
-152.50923483499085
-152.44674303634727
-152.3842572755739
-152.32178345755486
-152.25932728891783
-152.19689427354413
-152.13448970827974
-152.07211867885465
-152.0097860560177
-151.94749649189365
-151.88525441656978
-151.82306403492
-151.76092932367422
-151.69885402874004
-151.63684166278452
-151.57489550308267
-151.51301858963737
-151.45121372357383
-151.38948346581154
-151.32783013601696
-151.26625581183865
-151.20476232842523
-151.14335127822622
-151.08202401107386
-151.02078163454328
-150.95962501458806
-150.89855477644895
-150.83757130583356
-150.77667475036472
-150.7158650212955
-150.6551417954893
-150.59450451766136
-150.53395240287912
-150.473484439317
-150.4130993912609
-150.3527958023574
-150.2925719991022
-150.23242609456273
-150.17235599233052
-150.11235939069687
-150.0524337870468
-149.99257648246615
-149.93278458655553
-149.87305502244433
-149.81338453199876
-149.75376968121762
-149.69420686580864
-149.6346923169381
-149.57522210714527
-149.51579215641212
-149.45639823837976
-149.39703598670283
-149.33770090153305
-149.27838835612286
-149.21909360353928
-149.15981178347877
-149.1005379291751
-149.0412669743902
-148.9819937604781
-148.92271304351144
-148.8634195014619
-148.8041077414256
-148.7447723068848
-148.68540768499784
-148.62600831390878
-148.56656859006753
-148.50708287555054
-148.44754550537291
-148.38795079478214
-148.32829304652333
-148.2685665580656
-148.2087656287794
-148.1488845670539
-148.08891769734433
-148.02885936713747
-147.9687039538259
-147.90844587148163
-147.8480795775205
-147.78759957924845
-147.72700044028184
-147.66627678683463
-147.60542331386696
-147.54443479109014
-147.48330606882305
-147.4220320836943
-147.36060786418503
-147.2990285360073
-147.2372893273133
-147.17538557373166
-147.11331272322684
-147.051066340778
-146.98864211287412
-146.92603585182303
-146.86324349987274
-146.80026113314523
-146.7370849653829
-146.67371135150768
-146.61013679099472
-146.54635793106388
-146.48237156969105
-146.41817465844167
-146.3537643051294
-146.28913777630294
-146.22429249956497
-146.15922606572747
-146.09393623080825
-146.0284209178725
-145.96267821872254
-145.89670639543908
-145.83050388177628
-145.76406928441463
-145.69740138407462
-145.63049913649468
-145.56336167327584
-145.49598830259572
-145.42837850979345
-145.3605319578262
-145.29244848759822
-145.22412811816093
-145.15557104678214
-145.08677764888057
-145.01774847782144
-144.94848426456883
-144.87898591718977
-144.80925452020506
-144.73929133378238
-144.66909779276716
-144.59867550554645
-144.52802625274194
-144.45715198572816
-144.38605482497155
-144.31473705818644
-144.24320113830572
-144.17144968126286
-144.0994854635826
-144.02731141977824
-143.9549306395545
-143.88234636481616
-143.80956198648414
-143.73658104111928
-143.6634072073557
-143.59004430214736
-143.51649627683128
-143.4427672130114
-143.36886131826668
-143.2947829216871
-143.22053646924292
-143.14612651899392
-143.071557736145
-142.99683488795563
-142.92196283851172
-142.8469465433693
-142.7717910440806
-142.6965014626128
-142.62108299567103
-142.54554090893726
-142.46988053123528
-142.39410724863433
-142.31822649850278
-142.24224376352458
-142.1661645656909
-142.0899944602795
-142.01373902983437
-141.93740387815706
-141.8609946243214
-141.7845168967226
-141.70797632717222
-141.63137854505067
-141.55472917152906
-141.47803381387234
-141.40129805983577
-141.32452747216496
-141.24772758320876
-141.17090388965323
-141.09406184738498
-141.01720686649026
-140.94034430639488
-140.8634794711462
-140.78661760483772
-140.70976388717497
-140.6329234291801
-140.5561012690315
-140.4793023680371
-140.40253160673967
-140.32579378115145
-140.24909359911646
-140.17243567679918
-140.095824535298
-140.01926459738308
-139.94276018435914
-139.86631551305288
-139.78993469292584
-139.71362172331112
-139.6373804907713
-139.56121476657458
-139.48512820428536
-139.40912433746607
-139.3332065774874
-139.25737821144443
-139.1816424001764
-139.1060021763884
-139.0304604428737
-138.95501997083701
-138.87968339831954
-138.8044532287282
-138.72933182946971
-138.6543214306915
-138.57942412413044
-138.50464186207122
-138.42997645641557
-138.35542957786387
-138.28100275521192
-138.20669737476518
-138.13251467987297
-138.05845577058548
-137.98452160343808
-137.91071299136624
-137.83703060375464
-137.76347496662342
-137.69004646295363
-137.61674533315337
-137.54357167566374
-137.47052544770347
-137.39760646615125
-137.3248144085628
-137.25214881431904
-137.1796090859011
-137.10719449028622
-137.0349041604613
-136.96273709704926
-136.8906921700436
-136.818768120645
-136.7469635631937
-136.6752769871916
-136.60370675940655
-136.5322511260526
-136.46090821503955
-136.38967603828402
-136.31855249407542
-136.24753536948944
-136.17662234284373
-136.1058109861908
-136.0350987678448
-135.96448305493956
-135.89396111601556
-135.82353012363316
-135.75318715700766
-135.68292920466158
-135.61275316708927
-135.54265585942832
-135.47263401413258
-135.40268428364195
-135.33280324304584
-135.26298739273668
-135.19323316105007
-135.12353690689017
-135.053894922338
-134.98430343524112
-134.91475861178148
-134.84525655901982
-134.77579332741422
-134.70636491331103
-134.6369672614064
-134.56759626717755
-134.49824777928356
-134.42891760193433
-134.3596014972264
-134.29029518744423
-134.22099435732602
-134.15169465629546
-134.0823917006604
-134.01308107578083
-133.94375833820854
-133.8744190178014
-133.80505861981655
-133.7356726269871
-133.66625650158662
-133.5968056874868
-133.52731561221398
-133.45778168900992
-133.38819931890347
-133.31856389279696
-133.2488707935705
-133.17911539820813
-133.10929307994894
-133.0393992104644
-132.96942916206132
-132.89937830990863
-132.8292420342862
-132.75901572285426
-132.6886947729427
-132.61827459385933
-132.54775060921526
-132.47711825926632
-132.40637300326767
-132.33551032183965
-132.26452571934107
-132.1934147262471
-132.12217290152768
-132.0507958350218
-131.97927914980284
-131.90761850452787
-131.83580959576517
-131.7638481602931
-131.69172997736558
-131.61945087093903
-131.54700671185668
-131.47439341998592
-131.40160696630522
-131.3286433749367
-131.25549872512119
-131.1821691531356
-131.10865085415247
-131.03494008404476
-130.96103316113926
-130.88692646792146
-130.81261645269518
-130.73809963119987
-130.66337258818766
-130.58843197896402
-130.51327453089613
-130.4378970448924
-130.36229639685752
-130.28646953912533
-130.21041350187016
-130.1341253944958
-130.05760240700278
-129.98084181133316
-129.9038409626923
-129.82659730084464
-129.74910835138036
-129.67137172694805
-129.5933851284487
-129.51514634618633
-129.4366532609708
-129.35790384516764
-129.27889616369163
-129.19962837493807
-129.1200987316476
-129.04030558169876
-128.96024736882413
-128.87992263324503
-128.799330012221
-128.71846824051028
-128.6373361507379
-128.55593267366936
-128.4742568383886
-128.39230777237793
-128.31008470149817
-128.22758694986732
-128.1448139396369
-128.06176519066634
-127.97844032009486
-127.89483904181024
-127.81096116581493
-127.7268065974901
-127.64237533675832
-127.5576674771451
-127.47268320473954
-127.38742279705404
-127.30188662178254
-127.21607513545557
-127.12998888199051
-127.0436284911355
-126.95699467680542
-126.87008823530861
-126.78291004346207
-126.69546105659438
-126.60774230643565
-126.51975489889358
-126.43150001171435
-126.34297889202688
-126.25419285376918
-126.1651432749965
-126.07583159507172
-125.98625931173947
-125.89642797808452
-125.80633919937625
-125.71599462980205
-125.62539596909338
-125.53454495904944
-125.44344337996372
-125.35209304695846
-125.26049580623285
-125.16865353123231
-125.07656811874577
-124.98424148493851
-124.89167556132807
-124.79887229071065
-124.70583362304447
-124.61256151129604
-124.51905790725439
-124.42532475731926
-124.33136399826937
-124.23717755301824
-124.14276732636439
-124.04813520074323
-123.9532830319878
-123.8582126451055
-123.7629258300774
-123.66742433768594
-123.57170987537633
-123.47578410315715
-123.37964862954438
-123.28330500755295
-123.18675473073974
-123.0899992293006
-122.99303986622603
-122.89587793351906
-122.79851464848026
-122.70095115006428
-122.6031884953136
-122.50522765587529
-122.40706951460528
-122.30871486226489
-122.21016439431368
-122.1114187078024
-122.01247829837008
-121.913343557349
-121.8140147689802
-121.71449210774222
-121.6147756357957
-121.51486530054717
-121.41476093233439
-121.31446224223498
-121.21396882000045
-121.11328013211812
-121.01239552000345
-120.91131419832504
-120.81003525346443
-120.70855764211285
-120.60688019000645
-120.50500159080093
-120.40292040508746
-120.30063505955275
-120.19814384628592
-120.09544492223449
-119.99253630881128
-119.88941589165427
-119.78608142054156
-119.68253050946385
-119.57876063685671
-119.47476914599577
-119.37055324555672
-119.26611001034244
-119.16143638217862
-119.0565291709796
-118.95138505598435
-118.84600058716181
-118.74037218678494
-118.63449615117212
-118.52836865259358
-118.42198574133964
-118.3153433479482
-118.20843728559042
-118.10126325261295
-117.99381683523619
-117.88609351040758
-117.77808864880807
-117.66979751800953
-117.56121528578022
-117.45233702353435
-117.34315770992099
-117.23367223454748
-117.1238754018327
-117.0137619349865
-116.90332648011291
-116.79256361043473
-116.68146783063695
-116.57003358132712
-116.45825524361041
-116.34612714377667
-116.23364355809596
-116.12079871771888
-116.00758681367913
-115.89400200199563
-115.78003840887058
-115.665690135978
-115.55095126583828
-115.43581586727325
-115.32027800093655
-115.20433172491411
-115.08797110038833
-114.9711901973603
-114.85398310042294
-114.73634391457719
-114.61826677108397
-114.49974583334412
-114.38077530279904
-114.26134942484381
-114.14146249474467
-114.02110886355317
-113.90028294400972
-113.77897921642848
-113.65719223455604
-113.53491663139614
-113.4121471249933
-113.28887852416706
-113.16510573418982
-113.04082376240144
-112.916027723754
-112.7907128462809
-112.66487447648451
-112.53850808463524
-112.41160926997448
-112.28417376581451
-112.15619744452893
-112.02767632242792
-111.89860656451215
-111.7689844890992
-111.63880657231716
-111.50806945245934
-111.37676993419412
-111.24490499262488
-111.11247177719402
-110.97946761542501
-110.84589001649675
-110.71173667464478
-110.577005472385
-110.44169448355586
-110.30580197617547
-110.16932641510965
-110.03226646454863
-109.89462099028941
-109.75638906182138
-109.61756995421246
-109.47816314979417
-109.33816833964391
-109.19758542486267
-109.05641451764546
-108.91465594214168
-108.77231023510211
-108.62937814631124
-108.48586063880288
-108.34175888885767
-108.19707428578164
-108.05180843146496
-107.90596313971974
-107.75954043539598
-107.61254255327565
-107.46497193674547
-107.31683123624946
-107.16812330752275
-107.01885120960883
-106.86901820266216
-106.71862774553931
-106.56768349318195
-106.4161892937954
-106.26414918582672
-106.1115673947467
-105.9584483296408
-105.80479657961489
-105.6506169100217
-105.49591425851388
-105.34069373092875
-105.18496059700946
-105.028720285966
-104.87197838188028
-104.71474061895961
-104.55701287664274
-104.39880117456269
-104.24011166736992
-104.08095063941963
-103.92132449932754
-103.76123977439764
-103.60070310492554
-103.43972123838151
-103.27830102347755
-103.11644940412444
-102.9541734132844
-102.79148016672653
-102.62837685669197
-102.46487074547534
-102.30096915892867
-102.13667947989407
-101.97200914157239
-101.80696562083531
-101.64155643148823
-101.47578911749078
-101.30967124614257
-101.14321040124084
-100.9764141762172
-100.80929016726056
-100.64184596643203
-100.47408915477855
-100.30602729545173
-100.13766792684056
-99.96901855572607
-99.8000866504665
-99.63087963422107
-99.46140487822016
-99.29166969508948
-99.12168133223635
-98.95144696530669
-98.78097369172214
-98.61026852430588
-98.4393383850062
-98.26819009872703
-98.09683038727462
-97.9252658634282
-97.75350302514175
-97.58154824988378
-97.40940778912079
-97.23708776295075
-97.06459415489132
-96.89193280682764
-96.71910941412386
-96.5461295209027
-96.37299851549653
-96.19972162607269
-96.02630391643527
-95.85275028200715
-95.67906544599498
-95.5052539557405
-95.33132017926096
-95.15726830198139
-94.98310232366134
-94.8088260555188
-94.63444311755369
-94.45995693607277
-94.28537074141717
-94.11068756589394
-93.9359102419122
-93.7610414003236
-93.5860834689672
-93.41103867141838
-93.23590902594184
-93.06069634464721
-92.88540223284564
-92.71002808860509
-92.53457510250233
-92.35904425756983
-92.18343632943593
-92.00775188665635
-91.83199129123544
-91.65615469933526
-91.48024206217029
-91.30425312708641
-91.12818743882232
-90.95204434095135
-90.77582297750106
-90.59952229474831
-90.42314104318709
-90.24667777966644
-90.07013086969593
-89.89349848991546
-89.71677863072725
-89.53996909908821
-89.36306752146228
-89.18607134693283
-89.00897785047468
-88.83178413638481
-88.65448714187048
-88.47708364079435
-88.29957024757604
-88.12194342124948
-87.94419946967487
-87.76633455390375
-87.58834469269478
-87.41022576717826
-87.23197352566724
-87.05358358861095
-86.87505145368455
-86.69637250100818
-86.51754199848877
-86.33855510727797
-86.15940688733947
-85.98009230311841
-85.80060622930655
-85.62094345669716
-85.44109869812276
-85.26106659446891
-85.08084172075662
-84.90041859228548
-84.71979167082993
-84.53895537088131
-84.35790406592895
-84.17663209477342
-83.99513376786439
-83.8134033736556
-83.63143518497048
-83.44922346537152
-83.26676247552729
-83.08404647956974
-82.90106975143323
-82.71782658116757
-82.53431128121844
-82.35051819266863
-82.16644169143325
-81.98207619440251
-81.79741616552548
-81.6124561218283
-81.42719063936187
-81.2416143590753
-81.05572199261172
-80.86950832802226
-80.68296823539394
-80.49609667238762
-80.30888868968184
-80.12133943631777
-79.9334441649401
-79.74519823692951
-79.55659712742253
-79.3676364302152
-79.17831186254652
-78.98861926975808
-78.79855462982555
-78.60811405775898
-78.41729380986787
-78.22609028788763
-78.03450004296478
-77.8425197794982
-77.65014635883374
-77.45737680281005
-77.26420829715258
-77.07063819471196
-76.87666401854315
-76.68228346482229
-76.48749440559803
-76.2922948913737
-76.09668315351692
-75.90065760649387
-75.70421684992496
-75.5073596704598
-75.31008504346985
-75.11239213455715
-74.91428030087698
-74.71574909227255
-74.51679825221933
-74.31742771857691
-74.11763762414668
-73.91742829703396
-73.71680026081317
-73.51575423449567
-73.31429113230077
-73.11241206322991
-72.91011833044418
-72.70741143044508
-72.50429305205968
-72.3007650752311
-72.09682956961582
-71.89248879298954
-71.68774518946374
-71.4826013875154
-71.2770601978324
-71.07112461097815
-70.86479779487895
-70.65808309213783
-70.45098401717821
-70.24350425322183
-70.03564764910442
-69.82741821593271
-69.61882012358689
-69.40985769707294
-69.20053541272995
-68.99085789429785
-68.7808299088507
-68.57045636260057
-68.35974229657631
-68.14869288218244
-67.93731341664238
-67.7256093183313
-67.51358612200283
-67.3012494739146
-67.08860512685709
-66.87565893509094
-66.66241684919686
-66.44888491084343
-66.23506924747771
-66.02097606694365
-65.80661165203269
-65.59198235497097
-65.37709459184832
-65.16195483699481
-64.94656961731054
-64.73094550655456
-64.51508911959853
-64.2990071066507
-64.08270614745548
-63.8661929454734
-63.649474222046
-63.43255671054991
-63.21544715054481
-62.998152281920206
-62.78067883904672
-62.56303354493864
-62.345223105433924
-62.12725420339738
-61.9091334929527
-61.69086759374866
-61.47246308526505
-61.25392650116416
-61.03526432369452
-60.81648297815295
-60.597588827411215
-60.378588166513765
-60.1594872173533
-59.94029212343045
-59.72100894470369
-59.50164365253547
-59.28220212474056
-59.06269014074203
-58.843113376840186
-58.623477401599665
-58.40378767136033
-58.18404952587732
-57.96426818409562
-57.74444874006413
-57.5245961589941
-57.30471527346624
-57.08481077979003
-56.86488723451835
-56.64494905112089
-56.42500049681901
-56.20504568958491
-55.98508859530769
-55.76513302512854
-55.545182632946485
-55.325240913095804
-55.10531119819593
-54.88539665717463
-54.66550029346565
-54.44562494338124
-54.22577327465991
-54.0059477851894
-53.786150801905485
-53.56638447986688
-53.3466508015066
-53.126951576060264
-52.90728843917179
-52.68766285267691
-52.46807610456494
-52.248529309118794
-52.029023407233126
-51.80955916691107
-51.590137183939866
-51.370757882745345
-51.15142151742514
-50.93212817296017
-50.712877766604144
-50.49367004945076
-50.27450460817743
-50.05538086696429
-49.83629808958698
-49.61725538168132
-49.398251693177755
-49.179285820903644
-48.96035641135096
-48.741461963606454
-48.52260083244089
-48.30377123155374
-48.08497123696945
-47.86619879058104
-47.64745170383689
-47.42872766156629
-47.2100242259389
-46.99133884055349
-46.77266883465072
-46.5540114274443
-46.33536373256462
-46.116722762609164
-45.898085433793916
-45.67944857070021
-45.46080891111112
-45.24216311093207
-45.02350774919037
-44.80483933310873
-44.58615430324758
-44.3674490387119
-44.14871986241778
-43.92996304641403
-43.71117481725375
-43.49235136141053
-43.273488830733434
-43.054583347934475
-42.83563101210219
-42.616627904235166
-42.39757009279
-42.17845363923876
-41.959274603630625
-41.74002905015177
-41.5207130526775
-41.30132270031114
-41.081854102904245
-40.86230339655283
-40.64266674906476
-40.42294036539296
-40.20312049302875
-39.983203427349636
-39.763185516916295
-39.543063168713346
-39.32283285332882
-39.10249111006705
-38.882034551989825
-38.66145987087993
-38.44076384212156
-38.21994332949203
-37.998995289859245
-37.7779167777797
-37.5567049499922
-37.335357069802576
-37.11387051135464
-36.89224276378261
-36.670471435240046
-36.44855425680058
-36.22648908622611
-36.004273911598034
-35.78190685480723
-35.55938617489886
-35.33671027126809
-35.11387768670329
-34.89088711027321
-34.667737380054604
-34.44442748569721
-34.22095657082311
-33.99732393525718
-33.77352903708606
-33.54957149454321
-33.3254510877183
-33.101167760089474
-32.87672161987722
-32.65211294121874
-32.42734216516208
-32.20240990047971
-31.977316924301096
-31.752064182564524
-31.526652790288168
-31.301084031660693
-31.075359359951975
-30.84948039724496
-30.623448933989987
-30.3972669283829
-30.170936505568374
-29.944459956670084
-29.717839737649523
-29.491078467995557
-29.264178929247073
-29.03714406335113
-28.809976970859033
-28.582680908963177
-28.355259289377504
-28.127715676064444
-27.900053782810947
-27.672277470656216
-27.444390745173852
-27.216397753611375
-26.988302781890326
-26.76011025147011
-26.531824716078717
-26.303450858313624
-26.07499348611631
-25.846457529124162
-25.617848034903457
-25.389170165066954
-25.1604291912798
-24.931630491157613
-24.70277954406071
-24.473881926788344
-24.244943309176982
-24.015969449606892
-23.786966190421328
-23.55793945326268
-23.32889523433001
-23.099839599562063
-22.87077867975005
-22.641718665584662
-22.412665802642024
-22.183626386313264
-21.954606756682566
-21.72561329335853
-21.496652410263646
-21.267730550386585
-21.03885418050221
-20.810029785864327
-20.581263864876185
-20.352562923743854
-20.12393347111746
-19.895382012725356
-19.666915046006274
-19.43853905474484
-19.210260503715606
-18.982085833340935
-18.754021454368118
-18.52607374257099
-18.298249033481383
-18.07055361715551
-17.842993732980375
-17.61557556452516
-17.38830523444247
-17.16118879942429
-16.93423224521761
-16.707441481704617
-16.480822338052374
-16.25438055793691
-16.028121794846463
-15.802051607468776
-15.576175455167252
-15.35049869355067
-15.12502657014115
-14.899764220144936
-14.674716662330244
-14.449888795016381
-14.225285392178126
-14.000911099669326
-13.776770431569405
-13.55286776665622
-13.329207345008683
-13.105793264742346
-12.882629478880942
-12.659719792366685
-12.437067859211961
-12.214677179794943
-11.99255109830153
-11.770692800315837
-11.549105310561453
-11.327791490795414
-11.106754037856682
-10.885995481870786
-10.665518184612074
-10.445324338024724
-10.225415962903687
-10.00579490773642
-9.786462847706037
-9.567421283856477
-9.348671542420123
-9.13021477430823
-8.912051954764259
-8.694183883180017
-8.47661118307431
-8.259334302233517
-8.042353513013422
-7.8256689128014445
-7.609280424638289
-7.393187797997828
-7.177390609723995
-6.961888265123401
-6.746679999212184
-6.531764878115524
-6.317141800618123
-6.102809499863829
-5.888766545202413
-5.67501134418139
-5.461542144680582
-5.248357037187044
-5.035453957207809
-4.82283068781785
-4.610484862340507
-4.398413967157502
-4.1866153446455066
-3.97508619623608
-3.76382358559575
-3.552824441922924
-3.342085563358258
-3.1316036205050324
-2.9213751600559656
-2.711396608522828
-2.501664276065112
-2.2921743604139566
-2.0829229508874225
-1.87390603249314
-1.6651194901142583
-1.456559112774601
-1.2482205979788854
-1.0400995561238158
-0.8321915149758068
-0.6244919242110456
-0.416996160013563
-0.20969952972694886
-0.002597276555315539
0.20431541569091058
0.41104341780881104
0.6175916503808693
0.8239650789214082
1.0301687089960523
1.2362075813187048
1.4420867668305366
1.6478113617654795
1.8533864827067155
2.058817261638648
2.26410884099882
2.4692663687342224
2.6742949933664026
2.8791998590697796
3.0839861007675515
3.288658839249552
3.493223176316369
3.697684189954
3.9020469295432645
4.106316411108183
4.3104976126074614
4.514595469273195
4.718614869000798
4.92256064779415
5.12643758526987
5.330250400224558
5.534003746268711
5.737702207530904
5.941350294435746
6.144952439559088
6.348512993563877
6.552036221219955
6.755526297511038
6.958987303832017
7.1624232242796495
7.36583794203959
7.569235235872648
7.772618776702993
7.9759921243109435
8.179358724132879
8.382721904170783
8.58608487201381
8.789450711974217
8.992822382339886
9.19620271274563
9.399594401665361
9.603000014027089
9.806421978952656
10.00986258762403
10.213323991277806
10.416808199329497
10.620317077628986
10.823852346848486
11.027415581004039
11.231008206111445
11.43463149897733
11.638286586125794
11.84197444286108
12.04569589246659
12.249451605540509
12.453242099468222
12.657067738031538
12.86092873115474
13.064825134787437
13.268756850924046
13.472723627759676
13.676725059982301
13.880760589201001
14.084829504510012
14.288930943188163
14.493063891533227
14.697227185830615
14.901419513455822
15.105639414110062
15.309885281188361
15.514155363279333
15.718447765795679
15.9227604527343
16.127091248564774
16.331437840244938
16.53579777936215
16.740168484398616
16.944547243118897
17.148931215077493
17.35331743424454
17.55770281174733
17.76208413872538
17.966458089296875
18.170821223634206
18.37516999114628
18.57950073376496
18.783809689333054
18.988092995090994
19.192346691259218
19.39656672471327
19.60074895274855
19.804889146931604
20.00898299703488
20.213026115051722
20.417014039288468
20.620942238530212
20.82480611627657
21.02860101504391
21.232322220730403
21.4359649670399
21.63952443996082
21.84299578229577
22.046374098237873
22.249654457989504
22.45283190241916
22.655901447752097
22.858858090290127
23.06169681115587
23.26441258105679
23.46700036506435
23.669455127403566
23.871771836248076
24.07394546851599
24.27597101466181
24.47784348345981
24.67955790677461
24.881109344314627
25.082492888364122
25.283703668489174
25.484736856212713
25.685587669653778
25.886251378126353
26.086723306692953
26.28699884066827
26.487073430068076
26.68694259399879
26.886601924982894
27.086047093215367
27.285273850746304
27.484278035584907
27.68305557572006
27.88160249305281
28.07991490723589
28.27798903941553
28.475821215870866
28.673407871546402
28.870745553473288
29.067830924075256
29.264660764355174
29.461231976958434
29.65754158910949
29.853586755417954
30.04936476055068
30.244873021766246
30.44010909130845
30.635070658655714
30.829755552623432
31.02416174331652
31.218287343929724
31.412130612393252
31.60568995286142
31.798963917042112
31.99195120536488
32.18465066798559
32.377061305625844
32.569182270245804
32.76101286554926
32.952552547319655
33.14380092358634
33.33475775462033
33.525422952758944
33.71579658205853
33.90587885777482
34.095670145671235
34.28517096115537
34.47438196824403
34.663303978357156
34.85193794894084
35.04028498191919
35.22834632197512
35.41612335466018
35.60361760433437
35.79083073193663
35.97776453258751
36.16442093302543
36.35080198887817
36.53690988177106
36.7227469162741
36.908315516690145
37.09361822368722
37.27865769077791
37.46343668064892
37.64795806134396
37.832224802303756
38.01623997026718
38.20000672503761
38.38352831511878
38.566808073224536
38.749849411667356
38.9326558176308
39.11523084833152
39.297578126076644
39.47970133322258
39.66160420704125
39.84329053450017
40.02476414696247
40.20602891481286
40.38708874201603
40.56794756061442
40.74860932517232
40.929078007172855
41.109357589374504
41.28945206013373
41.46936540770054
41.6491016144932
41.82866465135812
42.00805847182102
42.1872870063362
42.36635415654053
42.54526378951869
42.72401973208617
42.90262576509674
43.08108561778068
43.25940296211997
43.43758140726653
43.61562449400908
43.7935356892947
43.97131838081056
44.14897587163195
44.326511374942825
44.50392800883482
44.68122879119052
44.858416634656706
45.03549434171323
45.21246459984265
45.38932997680526
45.56609291602446
45.74275573208753
45.9193206063663
46.09578958276229
46.272164563581114
46.44844730554043
46.624639415915695
46.80074234882757
46.97675740167468
47.15268571171551
47.32852825280255
47.504285832271954
47.67995908799204
47.855548485574126
48.03105431574951
48.2064766919166
48.38181554786225
48.55707063566128
48.732241523757374
48.90732759522816
49.08232804623659
49.257241884670144
49.43206792896935
49.60680480714725
49.781450956001514
49.95600462052058
50.13046385348425
50.304826515258895
50.479090273786966
50.6532526047707
50.82731079204987
51.00126192817342
51.175102915164615
51.34883046547938
51.52244110315738
51.695931165165035
51.86929680292937
52.04253398406101
52.215638494264425
52.388605939433916
52.56143174793371
52.73411117306003
52.90663929568305
53.07901102706674
53.25122111186417
53.42326413128606
53.59513450644019
53.76682650183856
53.938334229068666
54.10965165062519
54.2807725838986
54.451690705317596
54.62239955464171
54.792892539400476
54.9631629394755
55.133203911821376
55.30300849532055
55.47256961576685
55.64188009097237
55.81093263599244
55.979719868463214
56.14823431404634
56.31646841197463
56.48441452069299
56.65206492358883
56.81941183480601
56.986447405135756
57.15316372797853
57.31955284537046
57.485606754068144
57.651317411685724
57.8166767428787
57.981676645569095
58.14630899720645
58.310565661059044
58.47443849253027
58.63791934549418
58.801000078644265
58.963672561848725
59.125928682506284
59.28776035189587
59.4491595115134
59.61011813938903
59.77062825637823
59.93068193241997
60.09027129275522
60.24938852409956
60.4080258807641
60.566175690718964
60.72383036159407
60.880982386612274
61.03762435045034
61.1937489350231
61.34934892518617
61.50441721435225
61.65894681001668
61.812930839188304
61.96636255372152
62.119235335544936
62.27154270178249
62.42327830976301
62.574435961914666
62.725009610540205
62.874993362469176
63.024381483582935
63.173168403208415
63.32134871837592
63.4689171979358
63.615868786529
63.76219860840654
63.907901971092535
64.0529743688856
64.19741148619414
64.3412092007012
64.48436358635541
64.62687091618454
64.76872766492818
64.90993051148604
65.05047634117778
65.19036224781024
65.32958553554835
65.46814372058651
65.60603453261871
65.7432559161062
65.87980603134207
66.01568325531167
66.15088618234887
66.2854136245881
66.41926461221198
66.55243839349367
66.68493443463382
66.81675241939166
66.94789224851075
67.07835403893938
67.20813812284672
67.33724504643686
67.46567556856297
67.59343065914396
67.72051149738621
67.84691946981292
67.97265616810427
68.09772338675117
68.22212312052585
68.34585756177313
68.46892909752631
68.59134030645151
68.71309395562429
68.83419299714222
68.95464056457723
69.07443996927151
69.19359469648049
69.3121084013664
69.42998490484621
69.54722818929707
69.66384239412304
69.77983181118674
69.89520088010971
70.0099541834457
70.12409644173141
70.23763250841859
70.35056736469136
70.46290611417243
70.57465397752156
70.68581628693028
70.79639848051704
70.90640609662807
71.01584476804885
71.12472021613166
71.23303824484469
71.34080473474864
71.44802563690769
71.55470696674172
71.6608547978268
71.76647525565113
71.87157451133328
71.97615877530973
72.08023429099899
72.18380732844992
72.28688417798242
72.38947114382847
72.49157453778128
72.59320067286035
72.69435585700148
72.79504638677997
72.89527854117557
72.99505857538747
73.09439271470671
73.19328714845346
73.29174802398677
73.38978144079465
73.4873934446722
73.5845900219955
73.6813770940986
73.77776051176012
73.87374604980575
73.96933940183227
74.06454617505962
74.15937188531622
74.2538219521639
74.34790169416807
74.44161632431839
74.53497094560522
74.62797054675606
74.72061999813549
74.81292404781199
74.90488731779477
74.99651430044317
75.08780935505077
75.17877670460594
75.26942043272966
75.35974448079146
75.44975264520401
75.53944857489655
75.62883576896634
75.71791757450701
75.80669718461156
75.89517763654744
75.98336181010139
76.07125242609182
76.15885204504657
76.24616306604374
76.3331877257129
76.41992809739413
76.50638609045207
76.59256344974263
76.67846175522978
76.76408242174928
76.84942669891605
76.93449567117234
77.01929025797354
77.10381121410792
77.18805913014644
77.2720344330183
77.35573738670833
77.43916809307275
77.52232649276966
77.60521236630048
77.68782533515862
77.77016486308169
77.85223025740363
77.93402067050415
78.01553510135268
78.09677239714433
78.17773125502568
78.25841022390837
78.33880770636877
78.41892196063209
78.49875110264061
78.57829310820541
78.65754581524045
78.73650692607812
78.81517400986498
78.8935445050359
78.9716157218656
79.04938484509576
79.12684893663705
79.20400493834502
79.280849674869
79.3573798565737
79.43359208253283
79.50948284359477
79.58504852552103
79.66028541219778
79.73518968892104
79.80975744575524
79.88398468096473
79.95786730451842
80.03140114166736
80.10458193659538
80.17740535614253
80.24986699360143
80.32196237258604
80.39368695097217
80.46503612490854
80.5360052328967
80.60658955993934
80.6767843417576
80.74658476907753
80.81598599198601
80.88498312435588
80.95357124834068
81.02174541893858
81.0895006686256
81.15683201205725
81.22373445083754
81.29020297835548
81.35623258468839
81.42181826157032
81.4869550074239
81.55163783245423
81.61586176380258
81.67962185075687
81.74291317001457
81.80573083099348
81.86806998118534
81.92992581154643
81.99129356191914
82.05216852647852
82.11254605919653
82.17242157931612
82.23179057682746
82.29064861793877
82.34899135053452
82.40681450961377
82.46411392270154
82.52088551522588
82.57712531585214
82.63282946176692
82.68799420390435
82.7426159121073
82.79669108021592
82.85021633107597
82.90318842145889
82.95560424688581
83.00746084634712
83.05875540690995
83.10948526820523
83.15964792678649
83.20924104035244
83.25826243182594
83.30671009328314
83.35458218972629
83.4018770626944
83.44859323370606
83.49472940752828
83.54028447526566
83.58525751726366
83.62964780581918
83.67345480769139
83.71667818640579
83.75931780434583
83.80137372462634
83.84284621274374
83.88373573799852
83.92404297468654
83.96376880305543
84.00291431002354
84.04148078965905
84.07946974341708
84.11688288013359
84.15372211577399
84.1899895729343
84.22568758009295
84.26081867061198
84.29538558148609
84.32939125183948
84.36283882117102
84.3957316273498
84.42807320436391
84.45986727982513
84.49111777223273
84.5218287879995
84.55200461824298
84.58164973534493
84.6107687892822
84.63936660373072
84.6674481719452
84.69501865241712
84.722083364315
84.74864778271133
84.77471753360085
84.80029838871549
84.82539626014211
84.85001719474913
84.87416736842836
84.89785308015776
84.92108074589153
84.9438568922845
84.966188150257
84.98808124840703
85.00954300627662
85.03058032747988
85.05120019270096
85.07140965256959
85.09121582042299
85.11062586496355
85.12964700282198
85.14828649103636
85.16655161945728
85.1844497030889
85.20198807437562
85.21917407544522
85.23601505031895
85.25251833709781
85.26869126013567
85.2845411222092
85.30007519669432
85.31530071975904
85.33022488258196
85.34485482360635
85.35919762084035
85.37326028421472
85.38704974800959
85.40057286336145
85.41383639086217
85.4268469932619
85.43961122828722
85.45213554158653
85.46442625981393
85.47648958386259
85.48833158225813
85.49995818472354
85.5113751759265
85.52258818941954
85.5336027017824
85.54442402697515
85.55505731090926
85.5655075262444
85.57577946741804
85.58587774591462
85.59580678577964
85.60557081938458
85.61517388344743
85.62461981531345
85.63391224950084
85.6430546145155
85.65205012993869
85.66090180378961
85.66961243016561
85.67818458716073
85.68662063506332
85.69492271483244
85.70309274685093
85.71113242995347
85.7190432407271
85.72682643307957
85.73448303807078
85.7420138640029
85.74941949676378
85.75670030041778
85.7638564180375
85.77088777277055
85.77779406913459
85.78457479453499
85.79122922099958
85.79775640712563
85.80415520023513
85.8104242387347
85.81656195467627
85.82256657651448
85.82843613205688
85.83416845160428
85.83976117127685
85.845211736522
85.85051740580008
85.85567525444316
85.860682178682
85.86553489983629
85.87022996866443
85.87476376986916
85.879132526756
85.88333230604161
85.88735902280922
85.89120844560699
85.89487620168524
85.89835778236767
85.90164854855226
85.90474373633725
85.90763846276872
85.9103277317061
85.91280643980264
85.91506938259687
85.91711126071078
85.91892668615054
85.92051018870603
85.92185622244455
85.92295917229302
85.92381336070292
85.92441305439155
85.92475247115311
85.92482578673247
85.92462714175309
85.92415064869004
85.92339039887821
85.92234046954667
85.9209949308709
85.91934785303494
85.91739331329569
85.9151254030416
85.91253823483811
85.90962594945262
85.90638272285088
85.90280277315645
85.89888036756446
85.89460982920087
85.88998554391759
85.88500196701324
85.87965362986921
85.87393514649108
85.86784121994543
85.86136664868383
85.85450633274587
85.84725527983261
85.83960861124177
85.83156156765568
85.82310951477331
85.81424794877859
85.80497250163836
85.79527894622419
85.78516320125249
85.77462133603734
85.76364957505147
85.75224430229098
85.74040206543923
85.72811957982576
85.71539373217665
85.70222158415372
85.68860037567985
85.67452752804904
85.66000064682093
85.64501752450126
85.62957614300926
85.61367467593281
85.59731149057181
85.58048514977024
85.563194413537
85.54543824045588
85.52721578888536
85.50852641794943
85.48936968832042
85.4697453627944
85.44965340665946
85.42909398785893
85.40806747695187
85.38657444687401
85.3646156725021
85.34219213002454
85.31930499612137
85.29595564695687
85.27214565698903
85.24787679760122
85.22315103556109
85.19797053131292
85.17233763711003
85.14625489499285
85.11972503461827
85.09275097094569
85.06533580178545
85.03748280521522
85.00919543687
84.98047732711125
84.95133227807985
84.9217642606374
84.8917774111997
84.86137602846615
84.8305645700488
84.7993476490041
84.76773003027022
84.73571662701151
84.70331249687347
84.6705228381508
84.63735298587146
84.60380840779901
84.56989470035607
84.53561758447067
84.50098290134808
84.46599660816962
84.43066477371922
84.39499357393906
84.35898928741567
84.32265829079772
84.2860070541473
84.24904213622726
84.21177017972802
84.17419790643741
84.13633211235656
84.09817966276528
84.05974748724138
84.02104257463832
83.98207196802632
83.94284275960199
83.90336208557078
83.86363712100642
83.8236750746916
83.78348318394369
83.74306870943069
83.70243892998194
83.66160113739879
83.62056263126992
83.57933071379664
83.53791268463321
83.49631583574744
83.45454744630665
83.41261477759387
83.37052506795776
83.32828552779816
83.28590333458968
83.24338562794517
83.20073950472059
83.1579720141622
83.11509015309778
83.07210086117291
83.02901101613364
82.98582742915735
82.9425568402335
82.89920591359592
82.85578123320866
82.81228929830652
82.76873651899169
82.72512921188789
82.68147359585399
82.63777578775822
82.59404179831441
82.55027752798165
82.50648876292897
82.46268117106652
82.41886029814489
82.3750315639243
82.33120025841552
82.287371538195
82.24355042279686
82.19974179118552
82.15595037831284
82.11218077176434
82.06843740849948
82.02472457169122
81.98104638767123
81.93740682298701
81.89380968157789
81.85025860207591
81.80675705523836
81.76330834151818
81.71991558877838
81.6765817501553
81.6333096020758
81.59010174243204
81.54696058891719
81.50388837752476
81.46088716121315
81.4179588087367
81.3751050036449
81.33232724345115
81.2896268389733
81.24700491384866
81.20446240422487
81.16200005862768
81.11961843800603
81.07731791595486
81.03509867911603
80.99296072775726
80.950903876529
80.90892775539842
80.86703181076032
80.82521530672321
80.78347732656985
80.74181677439154
80.70023237689546
80.6587226853849
80.61728607791125
80.57592076159634
80.53462477512394
80.49339599139913
80.4522321203739
80.41113071203702
80.37008915956622
80.32910470264088
80.2881744309125
80.2472952876308
80.20646407342261
80.16567745022192
80.12493194534844
80.08422395573237
80.04354975228367
80.00290548440367
79.96228718463672
79.92169077345923
79.88111206420311
79.84054676811061
79.79999049951712
79.75943878115837
79.71888704959773
79.67833066076949
79.63776489563409
79.59718496594122
79.55658602009602
79.51596314912241
79.47531139271781
79.43462574539252
79.39390116268716
79.35313256746146
79.31231485624825
79.27144290566618
79.23051157888484
79.18951573213657
79.14845022126941
79.10730990833532
79.06608966820649
79.02478439521202
78.9833890097865
78.94189846512224
78.90030775381628
78.85861191450353
78.81680603846691
78.77488527621564
78.73284484402258
78.69068003041117
78.64838620258276
78.60595881277506
78.56339340454316
78.52068561895375
78.4778312006837
78.43482600401423
78.39166599871204
78.34834727578881
78.30486605313003
78.26121868098507
78.21740164731047
78.17341158295893
78.12924526670726
78.08489963011608
78.04037176221483
77.99565891400518
77.95075850277671
77.905668116229
77.86038551639423
77.81490864335548
77.76923561875584
77.72336474909436
77.67729452880532
77.63102364311852
77.5845509706984
77.53787558606042
77.49099676176355
77.4439139703775
77.39662688622344
77.34913538688762
77.30143955450627
77.25353967682135
77.20543624800634
77.1571299692613
77.10862174917715
77.05991270386961
77.0110041568844
76.96189763887527
76.91259488705727
76.8630978444369
76.81340865882159
76.76352968161054
76.71346346636939
76.66321276719192
76.61278053685216
76.56216992475062
76.51138427465868
76.46042712226496
76.40930219252824
76.358013396841
76.30656483000713
76.2549607670385
76.20320565977433
76.15130413332714
76.09926098235975
76.04708116719736
75.99476980977899
75.94233218945205
75.88977373861452
75.8371000382091
75.78431681307383
75.73142992715442
75.6784453785831
75.62536929462864
75.57220792652221
75.51896764416405
75.46565493071559
75.412276377082
75.35883867628924
75.30534861775949
75.25181308148866
75.19823903212945
75.14463351298379
75.09100363990798
75.0373565951344
74.98369962101391
74.9300400136831
74.87638511665968
74.82274231437033
74.7691190256149
74.71552269697129
74.66196079614527
74.60844080527039
74.55497021416403
74.50155651354561
74.44820718822467
74.3949297102659
74.34173153213766
74.28862007985123
74.23560274609832
74.18268688339441
74.12987979723567
74.07718873927814
74.02462090054763
73.97218340468845
73.91988330125929
73.86772755908481
73.81572305967171
73.76387659069866
73.71219483958924
73.6606843871761
73.60935170146416
73.5582031315011
73.50724490136241
73.45648310425753
73.40592369676261
73.35557249318492
73.3054351600631
73.25551721080797
73.2058240004884
73.15636072076654
73.10713239498625
73.05814387341809
73.00939982866385
72.96090475122321
72.91266294522495
72.86467852432475
72.81695540777196
72.76949731664752
72.72230777027562
72.67539008281176
72.62874736000947
72.5823824961675
72.53629817125909
72.49049684824502
72.4449807705721
72.39975195985846
72.35481221376665
72.31016310406528
72.26580597487941
72.22174194112972
72.17797188716054
72.13449646555773
72.09131609615827
72.04843096525406
72.00584102499283
71.96354599297888
71.92154535207635
71.87983835041814
71.8384240016228
71.79730108522222
71.7564681473034
71.71592350136757
71.6756652294099
71.63569118322312
71.59599898592876
71.55658603373877
71.51744949794966
71.4785863271718
71.43999324979598
71.4016667766989
71.36360320418862
71.32579861719046
71.28824889267332
71.25094970331577
71.21389652141102
71.17708462300982
71.14050909229991
71.10416482621969
71.06804653930288
71.03214876875
70.99646587972148
70.96099207084666
70.92572137994222
70.89064768993222
70.85576473496116
70.82106610669115
70.78654526077406
70.75219552348864
70.71801009853237
70.68398207395688
70.65010442923545
70.61637004245114
70.5827716975927
70.54930209194544
70.51595384356432
70.48271949881695
70.44959153998337
70.41656239290086
70.38362443464149
70.35077000121095
70.31799139525737
70.28528089377988
70.25263075582649
70.22003323017105
70.1874805629597
70.15496500531668
70.1224788209002
70.09001429339963
70.05756373396575
70.02511948856652
69.99267394526161
69.96021954138841
69.92774877065237
69.89525419011527
69.8627284270746
69.83016418582854
69.79755425432135
69.76489151066419
69.73216892952591
69.69937958838982
69.66651667367232
69.63357348670063
69.60054344954578
69.56742011070826
69.53419715065301
69.50086838719146
69.46742778070761
69.43386943922648
69.40018762332288
69.36637675086915
69.33243140162124
69.29834632164277
69.26411642756754
69.22973681070009
69.19520274095434
69.16050967063056
69.12565323803055
69.09062927091195
69.0554337897825
69.02006301103545
68.98451334992642
68.9487814233916
68.9128640527063
68.8767582659829
68.84046130050665
68.80397060490724
68.76728384116335
68.73039888643676
68.69331383473273
68.65602699838358
68.61853690935196
68.58084232035127
68.54294220578059
68.50483576247187
68.46652241024684
68.42800179228139
68.38927377527578
68.35033844943005
68.31119612822441
68.27184734800436
68.2322928673709
68.19253366637564
68.15257094552042
68.11240612456082
68.0720408411115
68.03147694905225
67.99071651673283
67.9497618249752
67.9086153648718
67.86727983537945
67.8257581407082
67.78405338750507
67.74216888183149
67.70010812593476
67.65787481481344
67.61547283257788
67.57290624860762
67.5301793135079
67.48729645486809
67.4442622728253
67.40108153543677
67.35775917386489
67.31430027737939
67.27071008818199
67.22699399605925
67.1831575328698
67.13920636687281
67.09514629690476
67.05098324641175
67.00672325734546
66.96237248393162
66.9179371863206
66.87342372412967
66.82883854988698
66.78418820238743
66.7394792999696
66.69471853372316
66.6499126606352
66.60506849668387
66.56019290988762
66.51529281331828
66.47037515808653
66.4254469263078
66.38051512405706
66.33558677432022
66.29066890994982
66.24576856663184
66.20089277587162
66.1560485580067
66.11124291525441
66.06648282480255
66.02177523195114
65.97712704331336
65.93254512008359
65.88803627138002
65.843607247669
65.79926473427842
65.75501534500681
65.71086561583483
65.66682199874587
65.62289085566208
65.57907845250229
65.53539095336832
65.49183441486586
65.44841478056439
65.4051378756
65.36200940142434
65.31903493070244
65.27621990236166
65.23356961679363
65.19108923121135
65.14878375516352
65.10665804620791
65.06471680574552
65.02296457501708
64.98140573126315
64.94004448404863
64.89888487175247
64.85793075822372
64.81718582960585
64.77665359133155
64.73633736528964
64.6962402871657
64.65636530395781
64.61671517166766
64.57729245316708
64.53809951624069
64.49913853180513
64.46041147230508
64.42192011028632
64.38366601714571
64.34565056205852
64.30787491108308
64.27034002644254
64.23304666598287
64.19599538280644
64.15918652508034
64.12262023601912
64.08629645404116
64.0502149130983
64.01437514317846
63.978776470980705
63.94341802076255
63.908298715358654
63.873417277371146
63.83877223053159
63.8043619012341
63.77018442023885
63.73623772454519
63.70251955943368
63.66902748067574
63.635758856909575
63.60271087218135
63.569880528649975
63.53726464945427
63.504859881740884
63.4726626998515
63.440669408668356
63.408876147117525
63.37727889182847
63.34587346094858
63.314655518111095
63.28362057655423
63.25276400338922
63.22208102401507
63.19156672667762
63.16121606716982
63.13102387366965
63.10098485171247
63.071093589293895
63.04134456209928
63.011732138855706
62.98225058680154
62.95289407726776
62.923656691364414
62.89453242576562
62.86551519858588
62.83659885534067
62.80777717498373
62.779043876013674
62.75039262264235
62.72181703101691
62.69331067548782
62.66486709491542
62.63647979900716
62.60814227467765
62.57984799242391
62.551590412708805
62.52336299234568
62.49515919087773
62.466972476945756
62.43879633463834
62.41062426981833
62.382449816419495
62.354266542706995
62.32606805749489
62.29784801631345
62.26960012751894
62.241318158338885
62.212995940845445
62.18462737784975
62.15620644870975
62.1277272150443
62.09918382634655
62.07057052549018
62.0418816541219
62.01311165793387
61.98425509181012
61.95530662484102
61.92626104519993
61.89711326487619
61.86785832425854
61.838491396563846
61.80900779210625
61.77940296240259
61.74967250411057
61.71981216279689
61.68981783653319
61.6596855793181
61.6294116043243
61.598992286969256
61.56842416780889
61.537703955253185
61.50682852810362
61.47579493791189
61.444600411159364
61.413242351256905
61.38171834036515
61.35002614103504
61.318163697668545
61.28612913779889
61.25392077319017
61.22153710075619
61.18897680329817
61.15623875006147
61.12332199711167
61.09022578753038
61.056949551430954
61.023492905794136
60.989855654124106
60.95603778592564
60.9220394760027
60.88786108357899
60.85350315124153
60.81896640370885
60.784251746425035
60.74936026398202
60.71429321837197
60.67905204707173
60.64363836096131
60.60805394207929
60.57230074121812
60.536380875362816
60.50029662497624
60.46405043113449
60.42764489251666
60.39108276225331
60.35436694463848
60.317500491710085
60.2804865997036
60.24332860538376
60.20602998225879
60.1685943366813
60.13102540383985
60.093327043645466
60.05550323651729
60.017558079071435
59.97949577971674
59.941320654160975
59.90303712083103
59.86464969621092
59.826162990101196
59.787581700803926
59.748910610237104
59.71015457898234
59.67131854126991
59.63240749990531
59.59342652114135
59.55438072950007
59.5152753025488
59.47611546563486
59.43690648658311
59.3976536703607
59.358362353713474
59.31903789977902
59.27968569268076
59.24031113210806
59.200919627887245
59.161516594548814
59.12210744589659
59.0826975895845
59.043292421706795
59.00389732140731
58.96451764551371
58.92515872320298
58.88582585070442
58.846524286046375
58.80725924385264
58.76803589019433
58.72885933750298
58.68973463954997
58.650666786497155
58.61166070002419
58.57272122853779
58.53385314246812
58.495061129656804
58.45634979084072
58.41772363523542
58.37918707622221
58.34074442714241
58.302399897201965
58.26415758748955
58.22602148711162
58.18799546944787
58.15008328853038
58.11228857554961
58.074614835489754
58.037065443896736
57.9996436437819
57.96235254266447
57.925195109755755
57.88817417328779
57.851292417988994
57.814552382709685
57.77795645819976
57.74150688504137
57.70520575173908
57.6690549929694
57.63305638799148
57.597211559220064
57.56152197096123
57.52598892831055
57.49061357621316
57.45539689868475
57.42033971819257
57.385442695195714
57.35070632784369
57.316130951832015
57.281716740413124
57.24746370456132
57.213371693290306
57.17944039412203
57.14566933370606
57.11205787858848
57.078605236129654
57.045310455570196
57.01217242924418
56.97918989393862
56.94636143239848
56.913685474975985
56.881160301422945
56.84878404282518
56.81655468367769
56.78447006409943
56.75252788218655
56.72072569650249
56.6890609287039
56.65753086630088
56.62613266554997
56.59486335447753
56.56371983603129
56.53269889135732
56.50179718319925
56.47101125941618
56.440337556615766
56.409772403898565
56.379312026709336
56.34895255079079
56.318690006235165
56.28852033162952
56.258439378290525
56.22844291458427
56.19852663032646
56.16868614125776
56.1389169935892
56.10921466861266
56.079574587371106
56.049992115383255
56.020462567417106
55.99098121230696
55.961543277808346
55.93214395548506
55.902778405622655
55.87344176216277
55.844129137653056
55.814835628207106
55.78555631846871
55.75628628657449
55.72702060910893
55.697754366045956
55.66848264567159
55.63920054948153
55.60990319704757
55.580585730847076
55.551243321050606
55.52187117026307
55.49246451821398
55.463018646392186
55.43352888261995
55.40399060556098
55.374399249156966
55.34475030698735
55.31503933654682
55.28526196343523
55.25541388545463
55.22549087660815
55.195488790996365
55.165403566607154
55.135231228995565
55.104967894850404
55.074609775444344
55.04415317996461
55.01359451872162
54.98293030623313
54.952157164181926
54.92127182424531
54.89027113079533
54.85915204346901
54.82791163960775
54.79654711656525
54.76505579388345
54.733435115335794
54.70168265083743
54.66979609822175
54.637773284882826
54.60561216928306
54.57331084232635
54.54086752859689
54.50828058746487
54.475548514060335
54.44266994011684
54.40964363468612
54.376468504725096
54.34314359555634
54.30966809120309
54.27604131460015
54.24226272768135
54.20833193134462
54.17424866529575
54.14001280777251
54.10562437515057
54.071083521433025
54.036390537625095
54.001545850996024
53.966550024230685
53.93140375447308
53.896107872264565
53.86066334037951
53.82507125256097
53.789332832158884
53.75344943067312
53.717422526203556
53.681253721809576
53.6449447437813
53.60849743982407
53.57191377715747
53.535195840529916
53.49834583014944
53.46136605953159
53.424258953265614
53.38702704470034
53.34967297355086
53.31219948342743
53.2746094192883
53.236905724818364
53.19909143973529
53.16116969702505
53.123143720108764
53.085016819943284
53.0467923920583
53.00847391353232
52.97006493991005
52.931569102063456
52.89299010299873
52.85433171461181
52.81559777439514
52.776792182098056
52.73791889634253
52.69898193119638
52.65998535270585
52.620933275388886
52.58182985869029
52.542679303400625
52.50348584804106
52.46425376521625
52.424987357937304
52.385690955916964
52.346368911839754
52.30702559761004
52.267665400581556
52.22829271977201
52.188911962066804
52.14952753841629
52.110143860030455
52.07076533457495
52.03139636237221
51.99204133261207
51.952704619575734
51.91339057887728
51.8741035437265
51.83484782121695
51.79562768864297
51.75644738984919
51.71731113161489
51.678223080075995
51.639187357186856
51.60020803722459
51.56128914333844
51.52243464414737
51.48364845038894
51.444934411622214
51.40629631298707
51.3677378720224
51.32926273554533
51.2908744765936
51.25257659143328
51.214372496633516
51.17626552621026
51.13825892884084
51.100355865151116
51.06255940507707
51.02487252530294
50.98729810677786
50.949838932313284
50.91249768426353
50.87527694229128
50.83817918121996
50.801206768974325
50.76436196461087
50.72764691643981
50.691063660240374
50.654614117571654
50.61830009418081
50.58212327851048
50.54608524030691
50.510187429329946
50.4744311741661
50.43881768114572
50.40334803336462
50.36802318981073
50.332843984596295
50.297811126296025
50.262925197391255
50.22818665382054
50.1935958246372
50.159152911774626
50.12485798992047
50.09071100650071
50.05671178177492
50.02286000904381
49.98915525496953
49.955596960009515
49.92218443896398
49.88891688163743
49.85579335361409
49.82281279714719
49.78997403216128
49.75727575736714
49.72471655148932
49.692294874606475
49.66000906960447
49.627857363742336
49.59583787033033
49.56394859051952
49.53218741520195
49.50055212701964
49.46904040248072
49.43764981418068
49.40637783312648
49.37522183116156
49.34417908349
49.31324677129815
