-47.351940160859286
-47.475867198841584
-47.599772635746504
-47.72365723686791
-47.84752196680178
-47.9713679886287
-48.09519666290079
-48.21900954643413
-48.342808390907884
-48.4665951412717
-48.59037193396281
-48.71414109493437
-48.837905137497636
-48.961666759980254
-49.085428843203
-49.20919444777754
-49.332966811228026
-49.456749344939304
-49.58054563093511
-49.704359418489865
-49.82819462057799
-49.95205531016498
-50.07594571634425
-50.19987022032407
-50.32383335126909
-50.44783978200073
-50.57189432456087
-50.69600192564317
-50.82016766189665
-50.94439673510564
-51.068694467250594
-51.193066295454145
-51.317517766816906
-51.44205453314758
-51.56668234559269
-51.69140704917178
-51.81623457722393
-51.941170945771695
-52.066222247808504
-52.19139464751576
-52.31669437441557
-52.442127717464736
-52.5677010190955
-52.69342066920863
-52.819293099124515
-52.94532477549823
-53.0715221942044
-53.19789187419762
-53.32444035135386
-53.45117417229817
-53.578099888224514
-53.70522404871342
-53.832553195552904
-53.96009385656781
-54.087852539462446
-54.21583572568123
-54.344049864291705
-54.47250136589422
-54.6011965965627
-54.73014187182058
-54.859343450655885
-54.98880752958035
-55.11854023673765
-55.248547626066106
-55.378835671520385
-55.50941026135711
-55.64027719248934
-55.77144216491512
-55.902910776225205
-56.03468851619481
-56.166780761464445
-56.2991927703145
-56.4319296775377
-56.564996489413026
-56.69839807878474
-56.83213918025041
-56.96622438546177
-57.10065813854243
-57.235444731625876
-57.37058830051802
-57.50609282048845
-57.641962102194555
-57.77819978774272
-57.91480934689014
-58.0517940733904
-58.189157081486144
-58.32690130255173
-58.46502948188834
-58.60354417567414
-58.742447748071704
-58.881742368494606
-59.02143000903522
-59.16151244205651
-59.30199123795081
-59.442867763068996
-59.58414317782354
-59.72581843496847
-59.867894278058834
-60.01037124009208
-60.15324964233384
-60.29652959333078
-60.44021098811209
-60.58429350758111
-60.72877661809822
-60.87365957125577
-61.01894140384543
-61.16462093801836
-61.31069678163807
-61.45716732882552
-61.60403076069527
-61.751285046281524
-61.898927943652964
-62.046957001215176
-62.195369559199904
-62.34416275134005
-62.49333350672898
-62.642878551862474
-62.79279441286112
-62.94307741787073
-63.09372369963793
-63.24472919825805
-63.3960896640917
-63.54780066084688
-63.69985756882388
-63.8522555883201
-64.00498974319257
-64.15805488457616
-64.31144569475467
-64.4651566911813
-64.61918223064586
-64.77351651358518
-64.92815358853338
-65.0830873567082
-65.23831157672973
-65.39381986946702
-65.54960572300749
-65.70566249774308
-65.86198343156863
-66.01856164518776
-66.17539014752171
-66.33246184121649
-66.48976952824356
-66.64730591559035
-66.80506362103645
-66.9630351790112
-67.12121304652786
-67.2795896091889
-67.4381571872572
-67.59690804178744
-67.75583438081212
-67.91492836557579
-68.07418211681151
-68.23358772105296
-68.39313723697693
-68.55282270177132
-68.71263613752397
-68.87256955762801
-69.03261497319976
-69.19276439950532
-69.35300986239132
-69.51334340471452
-69.6737570927646
-69.83424302267314
-69.99479332680185
-70.15540018010425
-70.31605580645548
-70.47675248494652
-70.63748255613841
-70.79823842827277
-70.95901258343422
-71.11979758366016
-71.28058607699307
-71.44137080347065
-71.60214460104879
-71.76290041145154
-71.92363128594155
-72.08433039100561
-72.24499101394963
-72.4056065683983
-72.56617059969449
-72.72667679019435
-72.88711896445432
-73.04749109430611
-73.20778730381483
-73.36800187411563
-73.52812924812429
-73.68816403511698
-73.8481010151753
-74.00793514349175
-74.1676615545311
-74.32727556604283
-74.48677268292107
-74.64614860090836
-74.80539921014014
-74.96452059852591
-75.12350905496307
-75.28236107237912
-75.44107335059802
-75.59964279902694
-75.75806653915971
-75.91634190689355
-76.0744664546552
-76.23243795333248
-76.39025439400713
-76.54791398948568
-76.70541517562596
-76.8627566124576
-77.01993718509495
-77.17695600444121
-77.33381240768303
-77.49050595857524
-77.64703644751536
-77.80340389140771
-77.95960853331793
-78.11565084191831
-78.27153151072356
-78.42725145711701
-78.58281182116686
-78.73821396423195
-78.89345946735628
-79.04855012945316
-79.20348796528131
-79.35827520321564
-79.5129142828147
-79.66740785218704
-79.8217587651591
-79.97597007824825
-80.1300450474437
-80.28398712479773
-80.43779995482979
-80.59148737074602
-80.74505339047656
-80.89850221253292
-81.05183821168842
-81.20506593448411
-81.3581900945641
-81.51121556784463
-81.66414738752215
-81.8169907389246
-81.96975095421035
-82.1224335069193
-82.27504400638023
-82.42758819197857
-82.58007192728772
-82.73250119406751
-82.88488208613379
-83.0372208031029
-83.18952364401484
-83.34179700083943
-83.49404735187026
-83.64628125501058
-83.7985053409556
-83.9507263062773
-84.10295090641823
-84.25518594860084
-84.40743828465911
-84.55971480379917
-84.71202242529675
-84.86436809114007
-85.01675875862706
-85.1692013929259
-85.32170295960707
-85.47427041715495
-85.62691070946669
-85.7796307583465
-85.93243745600334
-86.08533765755833
-86.23833817356824
-86.39144576257233
-86.5446671236703
-86.6980088891393
-86.85147761709884
-87.00507978423245
-87.15882177857536
-87.31270989237571
-87.4667503150369
-87.62094912614867
-87.77531228861443
-87.92984564188276
-88.08455489529086
-88.23944562152673
-88.39452325021597
-88.54979306163892
-88.70526018058428
-88.86092957034572
-89.01680602686787
-89.17289417304852
-89.32919845320413
-89.4857231277062
-89.64247226779474
-89.79944975057452
-89.956659254199
-90.11410425324726
-90.27178801429835
-90.42971359170662
-90.5878838235812
-90.74630132797353
-90.9049684992761
-91.06388750483615
-91.22306028178849
-91.38248853411238
-91.5421737299178
-91.70211709896608
-91.86231963042992
-92.02278207089724
-92.1835049226216
-92.34448844202184
-92.50573263843201
-92.66723727310189
-92.82900185844842
-92.99102565755739
-93.1533076839341
-93.31584670150194
-93.47864122484755
-93.64168951971074
-93.80498960371649
-93.96853924734644
-94.13233597514746
-94.29637706717479
-94.46065956066703
-94.62518025195023
-94.78993569856955
-94.95492222164678
-95.12013590846227
-95.28557261525994
-95.45122797027348
-95.61709737697215
-95.78317601752288
-95.94945885646503
-96.11594064459366
-96.28261592304634
-96.44947902758994
-96.61652409310372
-96.78374505825465
-96.95113567036216
-97.11868949044887
-97.28639989847247
-97.4542600987331
-97.62226312545121
-97.79040184851075
-97.95866897936352
-98.12705707708855
-98.29555855460009
-98.46416568499657
-98.63287060804268
-98.80166533677672
-98.97054176423578
-99.13949167029156
-99.30850672859171
-99.47757851360174
-99.64669850774257
-99.81585810861756
-99.98504863632215
-100.15426134082904
-100.32348740944119
-100.4927179743049
-100.66194411997569
-100.83115689102917
-101.00034729970842
-101.16950633359907
-101.33862496332345
-101.50769415024557
-101.67670485417908
-101.84564804109185
-102.01451469080051
-102.18329580464773
-102.35198241315605
-102.5205655836521
-102.68903642785448
-102.8573861094187
-103.02560585143316
-103.19368694385922
-103.36162075090839
-103.52939871834893
-103.69701238073468
-103.8644533685492
-104.03171341525784
-104.19878436425948
-104.3656581757309
-104.53232693335666
-104.69878285093863
-104.86501827887945
-105.03102571053442
-105.19679778842611
-105.36232731031508
-105.52760723511948
-105.69263068867666
-105.85739096934094
-106.02188155341128
-106.18609610038357
-106.35002845802217
-106.51367266724469
-106.677022966815
-106.84007379783975
-107.00281980806426
-107.16525585596423
-107.3273770146302
-107.48917857544109
-107.65065605152358
-107.81180518099507
-107.97262192998767
-108.13310249545191
-108.29324330773875
-108.45304103295825
-108.61249257511486
-108.77159507801878
-108.93034592697313
-109.08874275023686
-109.24678342026357
-109.40446605471516
-109.56178901724888
-109.71875091807556
-109.87535061428662
-110.03158720994702
-110.18746005595199
-110.34296874964605
-110.49811313420275
-110.65289329776454
-110.80730957234255
-110.96136253247722
-111.11505299366071
-111.26838201052284
-111.4213508747829
-111.57396111297079
-111.72621448392171
-111.87811297604914
-112.02965880440014
-112.18085440749668
-112.33170244396673
-112.48220578896918
-112.6323675304168
-112.78219096500221
-112.93167959403151
-113.08083711906978
-113.22966743740427
-113.37817463732996
-113.52636299326299
-113.67423696068728
-113.82180117094073
-113.9690604258475
-114.11601969220239
-114.26268409611318
-114.40905891720662
-114.55514958270307
-114.70096166136445
-114.8465008573187
-114.99177300376427
-115.13678405655868
-115.28154008769594
-115.42604727867696
-115.57031191377736
-115.71434037321673
-115.85813912623338
-116.0017147240684
-116.14507379286148
-116.28822302646122
-116.43116917915361
-116.57391905831369
-116.7164795169854
-116.85885744639441
-117.00105976839953
-117.143093427889
-117.28496538512789
-117.4266826080632
-117.56825206459374
-117.70968071481232
-117.85097550322851
-117.99214335097909
-118.1331911480344
-118.27412574540804
-118.41495394737868
-118.5556825037327
-118.69631810203649
-118.83686735994698
-118.97733681756907
-119.11773292986814
-119.25806205914549
-119.39833046758409
-119.53854430987283
-119.67870962591783
-119.81883233364957
-119.95891822193576
-120.09897294361124
-120.23900200863582
-120.3790107773913
-120.51900445412812
-120.65898808057219
-120.79896652970163
-120.93894449970301
-121.07892650811576
-121.2189168861727
-121.35891977334396
-121.49893911209008
-121.6389786428305
-121.77904189913184
-121.91913220312111
-122.05925266112847
-122.19940615956402
-122.33959536103184
-122.47982270068455
-122.62009038282069
-122.76040037772661
-122.90075441876404
-123.04115399970446
-123.18160037231148
-123.32209454417175
-123.46263727677608
-123.60322908385187
-123.74387022994783
-123.88456072927185
-124.02530034478336
-124.16608858754141
-124.3069247163093
-124.4478077374162
-124.58873640487666
-124.72970922076915
-124.87072443587424
-125.01178005057243
-125.15287381600176
-125.29400323547377
-125.4351655661465
-125.5763578209533
-125.71757677078544
-125.85881894692595
-126.00008064373212
-126.14135792156291
-126.28264660994891
-126.42394231100165
-126.5652404030589
-126.70653604456224
-126.8478241781642
-126.98909953506113
-127.13035663954876
-127.27158981379698
-127.41279318283868
-127.55396067976805
-127.69508605114326
-127.83616286258864
-127.9771845045911
-128.11814419848503
-128.25903500261944
-128.39984981870163
-128.5405813983121
-128.6812223495852
-128.82176514404836
-128.96220212361135
-129.1025255076982
-129.24272740051475
-129.38279979844384
-129.52273459756037
-129.66252360125674
-129.80215852796726
-129.9416310189808
-130.0809326463306
-130.22005492075135
-130.35898929969
-130.4977271953574
-130.63625998280685
-130.77457900802625
-130.912675596032
-131.0505410589522
-131.18816670408756
-131.3255438419381
-131.4626637941863
-131.59951790162705
-131.73609753203556
-131.87239408796637
-132.00839901447563
-132.14410380675832
-132.279500017693
-132.4145792652876
-132.5493332400195
-132.68375371206395
-132.81783253840518
-132.95156166982525
-133.08493315776542
-133.21793916105645
-133.35057195251335
-133.48282392539005
-133.61468759969085
-133.74615562833657
-133.87722080318355
-134.00787606089403
-134.13811448865664
-134.26792932975542
-134.3973139889867
-134.5262620379237
-134.65476722002785
-134.78282345560632
-134.91042484661392
-135.03756568129774
-135.16424043868273
-135.29044379289616
-135.41617061732876
-135.54141598863083
-135.66617519053983
-135.7904437175352
-135.91421727831602
-136.03749179909772
-136.16026342672347
-136.28252853158523
-136.40428371035108
-136.5255257884948
-136.64625182262347
-136.76645910259975
-136.88614515345506
-137.0053077370896
-137.1239448537537
-137.24205474330432
-137.35963588623048
-137.47668700444132
-137.5932070618107
-137.70919526447273
-137.82465106086394
-137.93957414150643
-138.05396443852825
-138.16782212491736
-138.28114761350704
-138.39394155569195
-138.50620483987606
-138.61793858965459
-138.72914416173236
-138.83982314358215
-138.94997735084573
-139.0596088244806
-139.16871982765517
-139.27731284239732
-139.38539056600322
-139.4929559072145
-139.60001198217262
-139.70656211016032
-139.8126098091411
-139.91815879110706
-140.0232129572473
-140.12777639294856
-140.23185336264098
-140.3354483045009
-140.43856582502232
-140.54121069346863
-140.6433878362163
-140.74510233100315
-140.84635940109158
-140.94716440935778
-141.04752285231572
-141.14744035408373
-141.24692266030226
-141.34597563201075
-141.4446052394903
-141.54281755607755
-141.64061875195475
-141.73801508792153
-141.8350129091542
-141.93161863895793
-142.02783877251667
-142.12367987064667
-142.21914855355985
-142.31425149464312
-142.40899541425856
-142.50338707356795
-142.59743326838438
-142.69114082305222
-142.78451658435787
-142.87756741547273
-142.97030018992913
-143.0627217856298
-143.15483907889015
-143.24665893851315
-143.3381882198972
-143.42943375917739
-143.5204023674008
-143.61110082473587
-143.70153587471586
-143.79171421851865
-143.88164250928466
-143.97132734647457
-144.06077527026773
-144.14999275600198
-144.23898620865597
-144.3277619573747
-144.41632625003976
-144.50468524788434
-144.5928450201528
-144.68081153880493
-144.76859067326413
-144.85618818520933
-144.94360972341164
-145.0308608186177
-145.1179468784811
-145.204873182544
-145.29164487727016
-145.37826697113164
-145.46474432975273
-145.55108167111516
-145.63728356083
-145.72335440748233
-145.80929845805426
-145.8951197934342
-145.98082232401825
-146.06640978541154
-146.15188573423765
-146.2372535440646
-146.32251640145623
-146.40767730215802
-146.4927390474264
-146.57770424051031
-146.6625752832925
-146.74735437309832
-146.83204349968068
-146.91664444238913
-147.0011587675293
-147.0855878259184
-147.16993275064155
-147.25419445501288
-147.33837363074676
-147.4224707463437
-147.5064860456949
-147.5904195469105
-147.6742710413749
-147.75804009303337
-147.84172603791316
-147.92532798388297
-148.0088448106538
-148.0922751700244
-148.1756174863725
-148.258869957394
-148.34203055509155
-148.42509702701304
-148.50806689774217
-148.59093747064148
-148.67370582984822
-148.75636884252535
-148.83892316136948
-148.92136522737664
-149.0036912728659
-149.08589732476125
-149.1679792081321
-149.24993254999308
-149.33175278336407
-149.41343515159073
-149.49497471292634
-149.57636634537434
-149.65760475179044
-149.73868446524338
-149.81959985463217
-149.9003451305558
-149.98091435142996
-150.06130142984588
-150.14150013916478
-150.22150412033952
-150.3013068889555
-150.38090184248344
-150.46028226773646
-150.539441348522
-150.61837217347747
-150.69706774407868
-150.77552098280952
-150.8537247414807
-150.93167180968553
-151.00935492338007
-151.0867667735748
-151.1639000151243
-151.24074727560227
-151.31730116424805
-151.39355428097164
-151.46949922540338
-151.5451286059757
-151.62043504902417
-151.6954112078948
-151.77004977204328
-151.84434347611122
-151.91828510896502
-151.99186752268278
-152.06508364147416
-152.13792647051864
-152.2103891047062
-152.28246473726503
-152.35414666826236
-152.42542831296404
-152.49630321003983
-152.56676502960235
-152.6368075810693
-152.70642482083676
-152.77561085975262
-152.8443599703788
-152.91266659403126
-152.9805253475882
-153.0479310300569
-153.11487862888893
-153.1813633260352
-153.24738050373284
-153.3129257500169
-153.3779948639511
-153.44258386057285
-153.50668897554792
-153.5703066695322
-153.63343363223643
-153.69606678619093
-153.75820329020743
-153.81984054253698
-153.8809761837227
-153.94160809914828
-154.00173442128207
-154.06135353161662
-154.12046406230192
-154.17906489747074
-154.2371551742543
-154.294734283486
-154.351801870093
-154.4083578331757
-154.4644023257741
-154.5199357543198
-154.57495877777282
-154.62947230644372
-154.68347750050074
-154.7369757681623
-154.78996876357368
-154.84245838436854
-154.89444676891625
-154.94593629325718
-154.99692956772932
-155.0474294332897
-155.09743895753363
-155.14696143041564
-155.1960003596756
-155.24455946597536
-155.29264267775156
-155.34025412579066
-155.38739813753418
-155.43407923112144
-155.4803021091776
-155.5260716523538
-155.57139291262783
-155.61627110637264
-155.66071160720307
-155.7047199386105
-155.74830176639634
-155.79146289091463
-155.83420923913613
-155.87654685654533
-155.91848189888205
-155.9600206237379
-156.00116938201913
-156.0419346092875
-156.08232281699097
-156.12234058359613
-156.16199454563443
-156.20129138867523
-156.24023783823858
-156.2788406506621
-156.31710660393455
-156.35504248850802
-156.39265509810033
-156.42995122050078
-156.46693762839308
-156.50362107021132
-156.54000826104524
-156.57610587361145
-156.61192052930627
-156.647458789355
-156.6827271460737
-156.71773201425876
-156.7524797227198
-156.78697650597118
-156.82122849609786
-156.85524171481129
-156.88902206571092
-156.9225753267668
-156.95590714303725
-156.9890230196348
-157.02192831495276
-157.05462823416482
-157.08712782300913
-157.11943196186698
-157.15154536014515
-157.1834725509685
-157.21521788618938
-157.24678553171915
-157.27817946318677
-157.30940346192764
-157.34046111130655
-157.371355793378
-157.40209068588555
-157.43266875959998
-157.4630927759948
-157.4933652852586
-157.523488624642
-157.55346491713803
-157.58329607049367
-157.61298377655098
-157.6425295109169
-157.67193453296008
-157.701199886132
-157.73032639860807
-157.75931468424514
-157.78816514385184
-157.81687796676724
-157.8454531327428
-157.87389041412197
-157.90218937831227
-157.93034939054346
-157.95836961690415
-157.986249027649
-158.01398640076886
-158.04158032581503
-158.06902920796742
-158.09633127233778
-158.12348456849858
-158.1504869752276
-158.17733620545673
-158.20402981141328
-158.23056518994176
-158.25693958799351
-158.28315010827313
-158.30919371503055
-158.33506723998957
-158.3607673884031
-158.386290745227
-158.41163378140376
-158.4367928602488
-158.46176424393147
-158.48654410004255
-158.51112850823992
-158.53551346696267
-158.55969490020388
-158.5836686643316
-158.607430554949
-158.6309763137859
-158.6543016356139
-158.6774021751772
-158.70027355413376
-158.7229113680015
-158.74531119310458
-158.76746859351292
-158.78937912796763
-158.81103835678445
-158.83244184872783
-158.85358518784946
-158.8744639802836
-158.89507386099157
-158.9154105004471
-158.9354696112542
-158.95524695468893
-158.97473834715524
-158.9939396665446
-159.01284685849063
-159.03145594250836
-159.04976301800943
-159.06776427018494
-159.08545597574798
-159.10283450852702
-159.1198963449004
-159.1366380690625
-159.15305637811147
-159.1691480869491
-159.1849101329843
-159.20033958063308
-159.2154336256102
-159.23018959900773
-159.2446049711576
-159.25867735527603
-159.27240451088787
-159.2857843470293
-159.2988149252279
-159.31149446225672
-159.32382133265955
-159.33579407104625
-159.34741137415867
-159.35867210270825
-159.3695752829868
-159.38012010825227
-159.39030593989273
-159.40013230837198
-159.40959891395923
-159.41870562724566
-159.42745248945252
-159.43583971253642
-159.44386767909518
-159.45153694207656
-159.45884822429306
-159.4658024177448
-159.47240058275415
-159.47864394691655
-159.4845339038719
-159.4900720118993
-159.49525999233796
-159.50009972783604
-159.50459326042696
-159.50874278943442
-159.51255066920734
-159.51601940668533
-159.51915165879845
-159.52195022970395
-159.5244180678636
-159.5265582629664
-159.52837404270062
-159.52986876937993
-159.53104593642965
-159.53190916473963
-159.53246219889192
-159.53270890327198
-159.53265325807033
-159.53229935518274
-159.53165139401617
-159.53071367720585
-159.52949060624846
-159.52798667705505
-159.5262064754282
-159.52415467246678
-159.52183601990154
-159.51925534536358
-159.51641754758825
-159.51332759155693
-159.5099905035796
-159.50641136632234
-159.50259531378455
-159.49854752623114
-159.4942732250855
-159.48977766778816
-159.4850661426254
-159.4801439635324
-159.4750164648752
-159.46968899621592
-159.4641669170654
-159.4584555916284
-159.45256038354532
-159.44648665063468
-159.44023973963894
-159.43382498097694
-159.42724768350453
-159.4205131292857
-159.413626568377
-159.40659321362963
-159.3994182355137
-159.39210675697026
-159.38466384829584
-159.3770945220634
-159.3694037280844
-159.36159634841633
-159.3536771924199
-159.3456509918693
-159.33752239611735
-159.32929596731728
-159.3209761757033
-159.31256739493242
-159.30407389749084
-159.29549985016692
-159.28684930959238
-159.27812621785446
-159.2693343981817
-159.26047755070644
-159.25155924830878
-159.2425829325483
-159.23355190968877
-159.22446934682202
-159.21533826809681
-159.2061615510589
-159.19694192310553
-159.18768195805805
-159.17838407285566
-159.1690505243731
-159.15968340636513
-159.15028464654264
-159.14085600378334
-159.13139906548017
-159.1219152450304
-159.1124057794701
-159.10287172725916
-159.0933139662212
-159.0837331916401
-159.07412991451687
-159.06450445998925
-159.05485696591776
-159.04518738164174
-159.03549546690996
-159.02578079098893
-159.0160427319514
-159.00628047614973
-158.99649301787812
-158.98667915922724
-158.97683751013514
-158.96696648864017
-158.95706432134088
-158.94712904406865
-158.93715850277758
-158.92715035465685
-158.91710206946968
-158.9070109311236
-158.89687403947468
-158.88668831236882
-158.87645048792123
-158.86615712703414
-158.85580461615118
-158.84538917024574
-158.8349068360404
-158.82435349545594
-158.81372486928885
-158.80301652111584
-158.79222386142382
-158.78134215196323
-158.7703665103248
-158.75929191473878
-158.74811320909438
-158.73682510817534
-158.72542220310524
-158.71389896699642
-158.7022497607962
-158.69046883932455
-158.67855035749707
-158.66648837672673
-158.65427687149813
-158.6419097361073
-158.62938079155887
-158.61668379261195
-158.60381243496462
-158.5907603625661
-158.5775211750434
-158.56408843522837
-158.55045567677013
-158.53661641181662
-158.5225641387495
-158.50829234995246
-158.4937945395946
-158.47906421140948
-158.4640948864515
-158.44888011080963
-158.43341346326002
-158.4176885628388
-158.401699076316
-158.38543872555312
-158.36890129472755
-158.35208063740794
-158.3349706834677
-158.31756544582305
-158.29985902698064
-158.28184562537996
-158.26351954151602
-158.24487518382858
-158.22590707434694
-158.20660985408
-158.18697828814226
-158.16700727060726
-158.14669182908057
-158.12602712898553
-158.1050084775557
-158.08363132753067
-158.06189128055217
-158.03978409025996
-158.0173056650886
-157.99445207076957
-157.9712195325431
-157.94760443708634
-157.92360333416474
-157.89921293801632
-157.8744301284783
-157.84925195186798
-157.82367562162977
-157.79769851876
-157.77131819201946
-157.74453235794346
-157.71733890065917
-157.6897358715201
-157.66172148856737
-157.63329413582852
-157.60445236246466
-157.57519488177746
-157.5455205700867
-157.51542846548824
-157.48491776650468
-157.45398783063962
-157.42263817284703
-157.39086846392598
-157.35867852885082
-157.32606834504605
-157.2930380406156
-157.25958789253497
-157.2257183248151
-157.191429906648
-157.15672335054302
-157.12159951046198
-157.08605937996282
-157.05010409036032
-157.01373490891098
-156.97695323702789
-156.9397606085318
-156.90215868794513
-156.86414926883555
-156.82573427221502
-156.7869157449996
-156.74769585853466
-156.7080769071893
-156.66806130702258
-156.62765159452357
-156.58685042542817
-156.54566057361382
-156.50408493007131
-156.462126501951
-156.4197884116798
-156.37707389614326
-156.33398630592484
-156.29052910459342
-156.24670586802728
-156.20252028376154
-156.15797615034654
-156.113077376705
-156.0678279814759
-156.02223209233176
-155.97629394525694
-155.93001788377188
-155.88340835808987
-155.83646992419295
-155.78920724281448
-155.74162507831494
-155.6937282974398
-155.64552186794987
-155.59701085711555
-155.5482004300689
-155.49909584800758
-155.4497024662465
-155.40002573211433
-155.35007118269306
-155.29984444239773
-155.24935122039534
-155.19859730786226
-155.14758857507974
-155.09633096836757
-155.04483050685582
-154.99309327909629
-154.94112543951684
-154.88893320472226
-154.83652284964643
-154.7839007035612
-154.73107314594773
-154.67804660223675
-154.62482753942442
-154.57142246157179
-154.51783790519545
-154.46408043455773
-154.41015663686454
-154.35607311738073
-154.3018364944724
-154.247453394587
-154.19293044718194
-154.13827427961365
-154.08349151199974
-154.0285887520668
-153.9735725899955
-153.91844959327278
-153.8632263015623
-153.80790922160423
-153.7525048221558
-153.6970195289819
-153.64145971990575
-153.58583171992797
-153.5301417964218
-153.47439615441255
-153.41860093195038
-153.36276219558414
-153.3068859359435
-153.25097806343575
-153.19504440406268
-153.13909069536368
-153.0831225824889
-153.02714561440627
-152.97116524024574
-152.91518680578432
-152.85921555007442
-152.80325660221732
-152.7473149782834
-152.6913955783812
-152.63550318387504
-152.57964245475048
-152.5238179271246
-152.46803401090054
-152.41229498756618
-152.35660500813654
-152.30096809123873
-152.2453881213385
-152.18986884710583
-152.13441387991728
-152.07902669249168
-152.02371061765555
-151.9684688472337
-151.9133044310602
-151.85822027610337
-151.8032191456987
-151.74830365888104
-151.6934762898084
-151.63873936727035
-151.58409507427453
-151.52954544770571
-151.47509237805164
-151.42073760919018
-151.36648273823337
-151.31232921542485
-151.25827834408804
-151.20433128062226
-151.15048903454365
-151.09675246856685
-151.04312229872406
-150.9895990945195
-150.93618327911625
-150.88287512955483
-150.82967477700348
-150.77658220704168
-150.72359725997993
-150.67071963121933
-150.6179488716564
-150.56528438813987
-150.51272544398606
-150.46027115956034
-150.40792051293127
-150.3556723406039
-150.30352533833732
-150.25147806205112
-150.19952892882318
-150.14767621798117
-150.0959180722896
-150.04425249923386
-149.9926773724026
-149.94119043297113
-149.88978929128646
-149.8384714285535
-149.78723419862243
-149.73607482987816
-149.68499042723445
-149.63397797423502
-149.58303433526456
-149.53215625787087
-149.4813403752003
-149.4305832085477
-149.3798811700215
-149.3292305653238
-149.2786275966453
-149.22806836567318
-149.17754887671074
-149.1270650399065
-149.07661267459164
-149.02618751272237
-148.97578520242385
-148.92540131163153
-148.8750313318258
-148.82467068185568
-148.77431471184812
-148.72395870719836
-148.67359789263676
-148.62322743636813
-148.5728424542788
-148.52243801420653
-148.47200914026737
-148.42155081723402
-148.37105799495842
-148.32052559283264
-148.26994850428198
-148.21932160128407
-148.16863973890807
-148.1178977598686
-148.06709049908798
-148.01621278826067
-147.96525946041427
-147.9142253544617
-147.86310531973882
-147.81189422052094
-147.76058694051213
-147.7091783873017
-147.6576634967827
-147.60603723752743
-147.5542946151178
-147.5024306764291
-147.45044051386517
-147.39831926954403
-147.3460621394328
-147.29366437743093
-147.24112129939945
-147.18842828713392
-147.13558079227815
-147.08257434017415
-147.02940453364445
-146.9760670567022
-146.92255767818475
-146.86887225530737
-146.8150067371329
-146.76095716795353
-146.7067196905813
-146.65229054954503
-146.59766609419094
-146.54284278168385
-146.48781717990406
-146.43258597023615
-146.37714595024582
-146.32149403624103
-146.2656272657147
-146.2095427996666
-146.15323792480322
-146.09671005561577
-146.03995673633779
-145.9829756427847
-145.92576458407768
-145.8683215042546
-145.81064448377253
-145.75273174090614
-145.69458163304546
-145.63619265789578
-145.57756345458176
-145.51869280465837
-145.45957963303215
-145.40022300879662
-145.3406221459851
-145.28077640424465
-145.22068528943385
-145.16034845414754
-145.09976569817206
-145.0389369688745
-144.97786236152945
-144.91654211958678
-144.85497663488252
-144.79316644779385
-144.7311122473401
-144.66881487123112
-144.60627530586532
-144.54349468627868
-144.48047429604696
-144.41721556714413
-144.353720079759
-144.28998956207226
-144.22602588999405
-144.16183108686084
-144.09740732309
-144.03275691578938
-143.96788232831773
-143.90278616979072
-143.83747119452687
-143.77194030142823
-143.70619653328936
-143.6402430760279
-143.574083257829
-143.50772054819618
-143.44115855690143
-143.3744010328262
-143.30745186268678
-143.24031506963684
-143.17299481173973
-143.10549538030205
-143.0378211980601
-142.96997681721064
-142.90196691727783
-142.83379630280888
-142.76546990089014
-142.69699275847688
-142.62837003953018
-142.55960702195648
-142.49070909434568
-142.42168175250595
-142.35253059579463
-142.2832613232456
-142.21387972949492
-142.1443917005074
-142.07480320910736
-142.00512031031826
-141.9353491365157
-141.86549589239917
-141.79556684978957
-141.72556834225907
-141.65550675960003
-141.58538854214044
-141.5152201749138
-141.4450081816924
-141.37475911889396
-141.30447956937178
-141.23417613609809
-141.1638554357496
-141.09352409220492
-141.02318872996307
-140.95285596749454
-140.88253241053576
-140.81222464533926
-140.74193923189296
-140.67168269712147
-140.60146152808147
-140.53128216516393
-140.4611509953172
-140.3910743453048
-140.32105847501157
-140.25110957081324
-140.181233739023
-140.11143699942897
-140.04172527893422
-139.97210440531023
-139.90258010107198
-139.83315797748253
-139.76384352869343
-139.69464212602577
-139.62555901239523
-139.55659929688375
-139.48776794946082
-139.4190697958569
-139.35050951258984
-139.28209162214546
-139.21382048831413
-139.1457003116849
-139.07773512529877
-139.00992879046214
-138.9422849927215
-138.87480723800093
-138.80749884890463
-138.74036296118732
-138.67340252039492
-138.60662027867932
-138.54001879179089
-138.473600416252
-138.40736730671586
-138.34132141351495
-138.275464480403
-138.20979804249518
-138.14432342441145
-138.07904173862684
-138.01395388403088
-137.94906054469774
-137.88436218886804
-137.8198590681437
-137.75555121689703
-137.69143845189487
-137.62752037213917
-137.56379635892594
-137.5002655761251
-137.43692697068454
-137.3737792733617
-137.31082099968634
-137.24805045115872
-137.18546571668557
-137.1230646742575
-137.0608449928703
-136.9988041346938
-136.93693935749192
-136.8752477172953
-136.81372607132866
-136.7523710811939
-136.69117921630968
-136.63014675760687
-136.56926980147918
-136.5085442639864
-136.44796588530753
-136.38753023444073
-136.32723271414588
-136.26706856612245
-136.20703287641604
-136.1471205810454
-136.08732647184158
-136.0276452024893
-135.96807129476107
-135.90859914493123
-135.84922303035793
-135.7899371162193
-135.73073546239127
-135.67161203045472
-135.6125606908199
-135.5535752299563
-135.49464935771786
-135.43577671475256
-135.37695087998597
-135.3181653781687
-135.25941368747746
-135.20068924715767
-135.1419854651958
-135.08329572600948
-135.02461339814224
-134.9659318419501
-134.90724441726636
-134.84854449103224
-134.78982544488142
-134.73108068266535
-134.67230363790688
-134.6134877811696
-134.55462662733177
-134.49571374275567
-134.43674275234227
-134.37770734646276
-134.3186012877579
-134.2594184177967
-134.20015266358652
-134.1407980439278
-134.08134867560736
-134.02179877942646
-133.9621426860583
-133.90237484173073
-133.84248981373068
-133.78248229572748
-133.7223471129134
-133.66207922695773
-133.60167374077125
-133.5411259030786
-133.4804311127959
-133.4195849232112
-133.35858304596488
-133.29742135482772
-133.23609588927454
-133.17460285785157
-133.1129386413365
-133.05109979569053
-132.98908305480265
-132.926885333027
-132.86450372751253
-132.8019355203255
-132.739178180366
-132.67622936507857
-132.61308692195664
-132.54974888984108
-132.48621350001255
-132.42247917707797
-132.35854453965132
-132.29440840082836
-132.23006976845633
-132.16552784519942
-132.10078202840165
-132.0358319097496
-131.97067727473708
-131.9053181019352
-131.8397545620688
-131.77398701690308
-131.708016017944
-131.64184230495684
-131.57546680430582
-131.50889062711903
-131.44211506728206
-131.37514159926386
-131.30797187577818
-131.24060772528478
-131.17305114933455
-131.10530431976312
-131.03736957573787
-130.96924942066525
-130.90094651896456
-130.83246369271464
-130.7638039181796
-130.69497032221952
-130.62596617859307
-130.55679490415966
-130.48746005498796
-130.41796532237774
-130.34831452880073
-130.27851162376712
-130.20856067962356
-130.13846588728788
-130.06823155192555
-129.9978620885717
-129.92736201770236
-129.85673596075918
-129.78598863563099
-129.71512485209433
-129.64414950721567
-129.57306758071826
-129.50188413031725
-129.4306042870275
-129.35923325044843
-129.28777628403105
-129.21623871033154
-129.14462590625482
-129.07294329829296
-129.00119635776088
-128.92939059603162
-128.85753155977142
-128.7856248261749
-128.71367599820104
-128.64169069980875
-128.5696745711927
-128.4976332640196
-128.42557243666437
-128.35349774944717
-128.28141485987038
-128.20932941785605
-128.13724706098577
-128.0651734097451
-127.99311406277475
-127.92107459213123
-127.84906053856042
-127.77707740678517
-127.70513066080883
-127.63322571923635
-127.5613679506153
-127.48956266879969
-127.4178151283391
-127.34613051989726
-127.2745139657049
-127.20297051505185
-127.13150513982413
-127.0601227300919
-126.98882808975469
-126.91762593225138
-126.84652087634237
-126.77551744197257
-126.70462004622362
-126.63383299936476
-126.5631605010114
-126.49260663640126
-126.42217537279652
-126.35187055602108
-126.28169590714202
-126.2116550193038
-126.14175135472391
-126.07198824185713
-126.00236887273428
-125.93289630047929
-125.86357343700757
-125.7944030509081
-125.72538776551158
-125.65653005714609
-125.58783225357996
-125.5192965326508
-125.4509249210767
-125.38271929344597
-125.31468137138148
-125.24681272287597
-125.1791147617941
-125.11158874753784
-125.04423578487166
-124.97705682390443
-124.91005266022529
-124.84322393519057
-124.77657113635945
-124.71009459807595
-124.64379450219491
-124.57767087894894
-124.51172360795266
-124.44595241933922
-124.38035689502391
-124.31493647008944
-124.24969043428683
-124.18461793364617
-124.11971797219093
-124.054989413751
-123.99043098386862
-123.9260412717919
-123.86181873255173
-123.79776168911773
-123.73386833462875
-123.67013673469312
-123.60656482975439
-123.54315043751846
-123.47989125543795
-123.41678486325047
-123.35382872556777
-123.29102019451231
-123.2283565123992
-123.16583481446041
-123.10345213160888
-123.04120539324065
-122.97909143007352
-122.91710697702142
-122.85524867610393
-122.7935130793915
-122.73189665198713
-122.67039577504401
-122.60900674881832
-122.5477257957546
-122.48654906360132
-122.42547262855264
-122.36449249841228
-122.30360461577429
-122.24280486121613
-122.18208905649946
-122.12145296777366
-122.06089230877664
-122.00040274402777
-121.93997989200845
-121.87961932832563
-121.81931658885246
-121.75906717284128
-121.69886654600457
-121.63871014355952
-121.57859337323343
-121.51851161822735
-121.45846024013603
-121.39843458182206
-121.33842997024128
-121.2784417192177
-121.21846513216603
-121.15849550476075
-121.09852812754984
-121.03855828851195
-120.97858127555585
-120.91859237896065
-120.85858689375416
-120.79856012202677
-120.73850737517799
-120.67842397609323
-120.6183052612486
-120.55814658274213
-120.49794331025046
-120.43769083291116
-120.3773845611311
-120.31701992832157
-120.25659239256086
-120.19609743818447
-120.1355305773042
-120.07488735125654
-120.01416333198111
-119.95335412333046
-119.89245536231331
-119.831462720274
-119.77037190401134
-119.70917865684058
-119.6478787596017
-119.58646803161722
-119.52494233160317
-119.46329755853631
-119.40152965248129
-119.33963459538111
-119.27760841181399
-119.21544716971974
-119.15314698109901
-119.09070400268811
-119.02811443661292
-118.96537453102533
-118.90248058072453
-118.839428927765
-118.7762159620527
-118.71283812192976
-118.6492918947479
-118.58557381743063
-118.52168047702345
-118.45760851123215
-118.39335460894951
-118.3289155107715
-118.2642880095034
-118.19946895065563
-118.13445523292877
-118.06924380868738
-118.00383168442092
-117.93821592118935
-117.87239363505013
-117.80636199746301
-117.74011823566924
-117.67365963304202
-117.60698352940541
-117.54008732131787
-117.47296846231679
-117.40562446312164
-117.33805289179442
-117.27025137385603
-117.20221759235848
-117.13394928791355
-117.06544425867857
-116.99670036030092
-116.92771550582292
-116.85848766554842
-116.78901486687302
-116.71929519407867
-116.64932678809397
-116.57910784622028
-116.50863662182452
-116.43791142399995
-116.36693061719645
-116.29569262082136
-116.22419590881225
-116.15243900918233
-116.08042050353902
-116.00813902657512
-115.93559326553259
-115.86278195963746
-115.78970389950541
-115.71635792651739
-115.6427429321651
-115.56885785736654
-115.49470169175095
-115.42027347291298
-115.34557228563483
-115.27059726107541
-115.19534757592476
-115.11982245152217
-115.04402115293726
-114.9679429880133
-114.89158730637291
-114.81495349838599
-114.73804099409949
-114.6608492621292
-114.58337780851446
-114.50562617553771
-114.42759394051143
-114.34928071453498
-114.27068614122516
-114.19180989542281
-114.11265168187936
-114.03321123392607
-113.95348831212935
-113.87348270293488
-113.79319421730246
-113.71262268933366
-113.63176797489346
-113.55062995022637
-113.46920851056665
-113.38750356874287
-113.30551505377638
-113.22324290947334
-113.14068709301033
-113.05784757351283
-112.97472433062636
-112.89131735307943
-112.80762663723782
-112.72365218564913
-112.63939400557602
-112.55485210751554
-112.47002650370256
-112.38491720659464
-112.2995242273365
-112.21384757420263
-112.12788725101721
-112.04164325555165
-111.95511557790063
-111.86830419883914
-111.78120908816219
-111.69383020300948
-111.6061674861779
-111.5182208644247
-111.4299902467653
-111.34147552276826
-111.25267656085052
-111.16359320657554
-111.07422528095796
-110.98457257877848
-110.89463486691281
-110.80441188267784
-110.7139033321981
-110.62310888879492
-110.53202819140083
-110.44066084300172
-110.34900640910925
-110.25706441626502
-110.16483435057884
-110.0723156563025
-109.97950773444072
-109.88640994140107
-109.79302158768448
-109.6993419366191
-109.60537020313936
-109.51110555261229
-109.41654709971394
-109.32169390735746
-109.22654498567519
-109.13109929105754
-109.0353557252517
-108.93931313452431
-108.84297030889213
-108.74632598142507
-108.64937882762509
-108.55212746488503
-108.454570452032
-108.35670628895953
-108.25853341635384
-108.1600502155206
-108.06125500831781
-107.96214605719827
-107.86272156536354
-107.76297967703131
-107.66291847781686
-107.56253599522968
-107.46183019928579
-107.36079900323678
-107.25944026441603
-107.1577517852008
-107.05573131408876
-106.95337654688667
-106.8506851280094
-106.74765465188723
-106.64428266447983
-106.54056666489538
-106.43650410711308
-106.33209240180696
-106.22732891826928
-106.12221098643244
-106.01673589898763
-105.91090091359871
-105.80470325520952
-105.69814011844318
-105.5912086700908
-105.48390605168669
-105.37622938216697
-105.26817576060711
-105.15974226903467
-105.0509259753133
-104.9417239360942
-104.83213319983116
-104.72215080985615
-104.61177380751127
-104.50099923533315
-104.38982414028561
-104.27824557703553
-104.16626061126618
-104.05386632302128
-103.94105981007311
-103.82783819130763
-103.71419861012048
-103.6001382378178
-103.48565427701628
-103.37074396503674
-103.255404577286
-103.13963343062157
-103.02342788669425
-102.9067853552638
-102.78970329748351
-102.67217922914908
-102.55421072390702
-102.43579541641672
-102.31693100546072
-102.19761525699771
-102.07784600715438
-101.95762116515293
-101.83693871617099
-101.7157967241299
-101.59419333440728
-101.47212677646989
-101.34959536642343
-101.22659750947575
-101.10313170231125
-100.97919653537409
-100.85479069505746
-100.72991296579576
-100.60456223205657
-100.47873748022838
-100.35243780040028
-100.22566238802918
-100.09841054549034
-99.9706816835077
-99.84247532246164
-99.71379109357227
-99.58462873995703
-99.45498811756059
-99.32486919595615
-99.19427205901653
-99.06319690545322
-98.93164404922177
-98.79961391979217
-98.66710706228392
-98.53412413746608
-98.40066592162228
-98.26673330628049
-98.13232729780715
-97.99744901686712
-97.86209969775099
-97.72628068757207
-97.58999344533426
-97.45323954087077
-97.3160206536535
-97.17833857147288
-97.04019518898964
-96.90159250616058
-96.76253262654065
-96.62301775546406
-96.48305019810722
-96.34263235743619
-96.2017667320414
-96.06045591386273
-95.91870258580708
-95.77650951926036
-95.63387957149554
-95.49081568298028
-95.34732087458794
-95.20339824471591
-95.059050966315
-94.91428228383245
-94.7690955100719
-94.62349402297377
-94.47748126232023
-94.33106072636986
-94.18423596842752
-94.03701059335492
-93.88938825402704
-93.74137264773924
-93.59296751257045
-93.4441766237062
-93.29500378972568
-93.14545284885753
-92.99552766520901
-92.84523212497447
-92.694570132629
-92.54354560711374
-92.39216247801915
-92.24042468177174
-92.0883361578302
-91.93590084489482
-91.78312267713464
-91.63000558043608
-91.4765534686769
-91.32277024003064
-91.16865977330677
-91.01422592433208
-90.85947252237848
-90.7044033666417
-90.54902222277416
-90.39333281947494
-90.23733884514023
-90.08104394457642
-89.92445171577786
-89.76756570677115
-89.61038941252751
-89.45292627194543
-89.29517966490583
-89.13715290940262
-88.97884925875141
-88.82027189887944
-88.66142394569803
-88.5023084425595
-88.34292835779999
-88.18328658237076
-88.0233859275589
-87.86322912279851
-87.70281881357172
-87.54215755940058
-87.38124783193072
-87.22009201310831
-87.05869239345108
-86.89705117041373
-86.73517044684817
-86.57305222955856
-86.4106984279509
-86.24811085277767
-86.08529121497767
-85.92224112461199
-85.75896208989668
-85.59545551633319
-85.43172270593762
-85.26776485657088
-85.10358306137046
-84.93917830828384
-84.7745514797028
-84.60970335219731
-84.44463459634774
-84.27934577667345
-84.11383735165641
-83.94810967385838
-83.78216299013032
-83.6159974419124
-83.44961306562432
-83.28300979314447
-83.11618745237679
-82.949145767904
-82.78188436172645
-82.61440275408673
-82.44670036437964
-82.27877651214789
-82.11063041816311
-81.9422612055925
-81.77366790125012
-81.60484943693285
-81.43580465084227
-81.26653228909362
-81.09703100731275
-80.92729937232087
-80.75733586390635
-80.58713887668358
-80.4167067220389
-80.24603763016222
-80.07512975216406
-79.9039811622767
-79.73258986013906
-79.5609537731653
-79.38907075899664
-79.21693860803595
-79.04455504606432
-78.87191773693864
-78.69902428536845
-78.52587223977052
-78.35245909519908
-78.17878229634952
-78.00483924063376
-77.8306272813251
-77.65614373077067
-77.48138586366933
-77.3063509204142
-77.13103611049728
-76.95543861597439
-76.77955559498791
-76.60338418534461
-76.42692150814666
-76.25016467147377
-76.07311077411468
-75.8957569093465
-75.71810016876002
-75.54013764612901
-75.36186644132115
-75.1832836642466
-75.00438643883948
-74.82517190706668
-74.6456372329587
-74.46577960665766
-74.28559624847642
-74.10508441296352
-73.92424139296818
-73.7430645236997
-73.56155118677557
-73.37969881425343
-73.1975048926412
-73.0149669668804
-72.8320826442978
-72.64884959852063
-72.46526557335014
-72.28132838658811
-72.09703593381059
-71.91238619208362
-71.72737722361599
-71.54200717934391
-71.35627430244251
-71.1701769317594
-70.98371350516591
-70.79688256282078
-70.60968275034067
-70.42211282187226
-70.23417164306149
-70.04585819391504
-69.85717157154967
-69.66811099282542
-69.4786757968592
-69.28886544741546
-69.09867953517023
-68.90811777984466
-68.7171800322039
-68.52586627591786
-68.33417662928053
-68.14211134678516
-67.94967082055274
-67.75685558161143
-67.56366630102485
-67.37010379086757
-67.17616900504595
-66.9818630399626
-66.78718713502269
-66.59214267298023
-66.39673118012342
-66.20095432629728
-66.00481392476206
-65.80831193188624
-65.6114504466733
-65.41423171012201
-65.21665810441908
-65.01873215196332
-64.82045651422042
-64.62183399040866
-64.42286751601641
-64.22356016115212
-64.02391512872747
-63.82393575247464
-63.6236254947987
-63.422987944466556
-63.22202681413482
-63.02074593771913
-62.81914926760713
-62.6172408717175
-62.415024930407
-62.21250573322867
-62.00968767554398
-61.806575254992175
-61.60317306782046
-61.3994858050796
-61.19551824868953
-60.99127526737934
-60.78676181250652
-60.58198291376036
-60.37694367475488
-60.17164926851635
-59.96610493287071
-59.76031596573583
-59.55428772032465
-59.34802560026523
-59.14153505464432
-58.934821572980724
-58.727890680134436
-58.52074793115818
-58.31339890609805
-58.10584920474971
-57.898104441376425
-57.69017023939468
-57.482052226033794
-57.27375602697631
-57.065287260986075
-56.85665153453086
-56.647854436406604
-56.43890153236988
-56.22979835978494
-56.020550422291265
-55.811163184497914
-55.601642066710454
-55.391992439696836
-55.182219619498554
-54.972328862294106
-54.76232535932167
-54.552214231867715
-54.342000526327816
-54.131689209346185
-53.921285163040075
-53.710793180314745
-53.50021796027455
-53.28956410373633
-53.07883610885114
-52.86803836684015
-52.65717515785076
-52.44625064693872
-52.235268880182105
-52.02423378093164
-51.81314914620168
-51.60201864320618
-51.390845806044354
-51.179634032540605
-50.96838658124312
-50.757106568585066
-50.54579696621203
-50.33446059847858
-50.12310014011643
-49.91171811407616
-49.70031688954423
-49.48889868013685
-49.27746554227149
-49.06601937371674
-48.85456191232099
-48.643094734920666
-48.43161925642737
-48.220136729093085
-48.008648241952514
-47.797154720441696
-47.58565692619207
-47.374155456998935
-47.16265074696319
-46.95114306680555
-46.739632524352125
-46.52811906519046
-46.316602473495074
-46.105082373021425
-45.89355822826722
-45.68202934580021
-45.47049487575121
-45.25895381347064
-45.04740500134696
-44.835847130784515
-44.624278744338966
-44.412698238008005
-44.20110386367557
-43.989493731707654
-43.7778658136975
-43.56621794535815
-43.35454782956012
-43.14285303951143
-42.93113102207641
-42.719379101230196
-42.50759448164555
-42.29577425240793
-42.083915390854564
-41.87201476653316
-41.66006914527545
-41.44807519338044
-41.23602948190246
-41.02392849103883
-40.81176861461206
-40.599546164641836
-40.387257376001585
-40.17489841115447
-39.962465364963705
-39.749954269572484
-39.537361099348644
-39.32468177588915
-39.111912173079595
-38.899048122204086
-38.68608541710069
-38.473019819357724
-38.25984706354564
-38.046562862479455
-37.83316291250663
-37.61964289881565
-37.405998500760354
-37.19222539719556
-36.978319271819004
-36.7642758185149
-36.550090746693826
-36.33575978662344
-36.12127869474432
-35.906643258965175
-35.691849303931804
-35.47689269626409
-35.26176934975538
-35.046475230528834
-34.831006362145466
-34.61535883065883
-34.39952878961076
-34.18351246496331
-33.967306159961815
-33.7509062599243
-33.53430923695213
-33.3175116545573
-33.10051017220185
-32.883301549745184
-32.66588265179503
-32.44825045195792
-32.23040203698527
-32.01233461081138
-31.794045498479377
-31.5755321499514
-31.356792143799492
-31.137823190774196
-30.918623137248016
-30.69918996853114
-30.479521812056657
-30.2596169404325
-30.039473774357397
-29.81909088539806
-29.598466998625078
-29.377600995104874
-29.15649191424527
-28.93513895599199
-28.713541482873698
-28.4916990218932
-28.26961126626307
-28.04727807698376
-27.82469948426251
-27.601875688771486
-27.37880706274339
-27.15549415090339
-26.93193767123614
-26.70813851558702
-26.484097750097046
-26.25981661547095
-26.035296527078252
-25.810539074887366
-25.585546023233086
-25.36031931041787
-25.134861048147393
-24.90917352080105
-24.683259184538276
-24.457120666241668
-24.230760762298065
-24.004182437218773
-23.777388822100406
-23.550383212927997
-23.32316906872238
-23.095750009533916
-22.868129814284867
-22.64031241846281
-22.412301911667424
-22.184102535013107
-21.955718678390223
-21.7271548775878
-21.498415811280644
-21.26950629788383
-21.040431292277653
-20.811195882406146
-20.581805285752413
-20.352264845694013
-20.122580027742064
-19.892756415667638
-19.662799707519074
-19.43271571153423
-19.202510341951637
-18.972189614724414
-18.741759643140597
-18.51122663335377
-18.28059687982788
-18.049876760700254
-17.819072733067028
-17.588191328195474
-17.357239146667673
-17.12622285346007
-16.895149172963777
-16.66402488395027
-16.432856814487188
-16.20165183680888
-15.970416862146582
-15.73915883552299
-15.507884730515958
-15.276601543996025
-15.045316290842651
-14.814035998644158
-14.582767702386306
-14.35151843913438
-14.120295242713764
-13.889105138393985
-13.65795513758135
-13.42685223252526
-13.195803391043293
-12.964815551270016
-12.73389561643439
-12.503050449670688
-12.272286868867788
-12.041611641561692
-11.811031479876084
-11.580553035515626
-11.350182894816701
-11.119927573860128
-10.889793513650405
-10.659787075366014
-10.429914535685244
-10.20018208219183
-9.97059580886463
-9.741161711655364
-9.511885684158328
-9.282773513375927
-9.053830875583731
-8.825063332298594
-8.59647632635332
-8.368075178081272
-8.13986508161417
-7.911851101296271
-7.6840381682180166
-7.45643107687217
-7.229034481935292
-7.001852895177334
-6.774890682502086
-6.548152061121147
-6.3216410968639805
-6.09536170162656
-5.869317630960965
-5.643512481808237
-5.417949690376673
-5.192632530167592
-4.967564110150496
-4.742747373089434
-4.5181850940221615
-4.293879878893549
-4.0698341633444945
-3.8460502116575146
-3.6225301158599925
-3.399275794986011
-3.1762889944975043
-2.9535712858653325
-2.7311240663107292
-2.5089485587074107
-2.28704581164444
-2.0654166996497754
-1.844061923574251
-1.6229820111355768
-1.402177317621806
-1.1816480267535487
-0.9613941517040364
-0.7414155362759635
-0.5217118562338628
-0.30228262079061696
-0.08312717424655344
0.13575530222058854
0.35436578861670115
0.5727054240453971
0.7907755044773368
1.0085774803771395
1.2261129541903784
1.4433836776933087
1.6603915492081347
1.8771386106867547
2.093627044666056
2.3098591710979717
2.525837444057652
2.741564448333236
2.957042895900814
3.1722756222882946
3.3872655828320175
3.602015848830056
3.816529603596259
4.030810138419143
4.244860848429868
4.458685228383604
4.672286868358682
4.885669449378028
5.0988367389574565
5.311792586585474
5.5245409191393104
5.737085736241901
5.949431105564663
6.161581158080928
6.373540083274862
6.58531212431072
6.796901573167285
7.008312765742342
7.219550076932041
7.430617915690083
7.641520720071666
7.8522629522671945
8.062849093630632
8.273283639707401
8.483571095266669
8.693715969342891
8.903722770291461
9.113596000863255
9.323340153302933
9.53295970447574
9.742459111027674
9.95184280458381
10.161115186989553
10.370280625599555
10.579343448619035
10.788307940502143
10.997178337411919
11.205958822746291
11.414653522734463
11.623266502107992
11.831801759850816
12.04026322503233
12.248654752727658
12.456980120029085
12.665243022152508
12.87344706864242
13.081595779678835
13.289692582489524
13.49774080787097
13.705743686821238
13.913704347287766
14.121625811033073
14.329510990621092
14.537362686526611
14.74518358437023
14.952976252281095
15.16074313838967
15.368486568452546
15.576208743611069
15.783911738285292
15.991597498204706
16.199267838577068
16.406924442396612
16.614568858892792
16.82220250212057
17.02982664969319
17.23744244165836
17.445050879518718
17.652652825397126
17.860249001347256
18.067839988809652
18.275426228213366
18.48300801872306
18.690585518131517
18.89815874289727
19.105727568326817
19.31329172890094
19.52085081874427
19.728404292237293
19.93595146476978
20.143491513634764
20.351023479062043
20.55854626539006
20.766058642374826
20.97355924663459
21.181046583228817
21.38851902736995
21.595974826266186
21.80341210109303
22.010828849091112
22.218222945787616
22.425592147338577
22.632934092989345
22.840246307650677
23.04752620458793
23.254771088220725
23.46197815703046
23.66914450657295
23.876267132593362
24.083342934240555
24.290368717377525
24.497341197984547
24.704257005651606
24.91111268715661
25.11790471012591
25.324629466773725
25.531283277717105
25.737862395862773
25.944363010361965
26.150781250629166
26.357113190420534
26.56335485196766
26.7695022101623
26.975551196787848
27.181497704793173
27.387337592604442
27.593066688470575
27.79868079483794
28.00417569275007
28.20954714626797
28.414790906906497
28.61990271808262
28.82487831957136
29.029713451965428
29.234403861134304
29.43894530267819
29.643333546372343
29.847564380597117
30.05163361674907
30.255537093628572
30.45927068179925
30.662830287914502
30.866211859006413
31.069411386732398
31.272424911575044
31.47524852699074
31.677878383502858
31.88031069273548
32.08254173138381
32.28456784511737
32.48638545241186
32.687991048305996
32.88938120807958
33.09055259084925
33.291501943078735
33.49222610200007
33.69272199894197
33.89298666256183
34.09301722197761
34.29281090979597
34.492365065033674
34.69167713592944
34.890744682643486
35.089565379842696
35.288137019169284
35.48645751159097
35.68452488963055
35.8823373094728
36.079893052947
36.27719052938323
36.47422827734073
36.671004966206254
36.867519397660686
37.063770507012045
37.25975736439401
37.45547917582903
37.65093528415512
37.84612516981549
38.04104845150966
38.235704886704646
38.43009437200494
38.624216943380084
38.81807277624876
39.01166218541835
39.20498562487894
39.39804368745122
39.59083710428838
39.78336674423197
39.975633613022424
40.16763885236482
40.35938373885064
40.55086968273652
40.74209822658078
40.93307104373868
41.12378993671719
41.31425683539017
41.504473795075015
41.694442994471686
41.884166733465655
42.07364743079656
42.262887621593755
42.45188995477982
42.64065719034314
42.829192196480754
43.01749794661341
43.20557751627475
43.39343407987686
43.58107090735469
43.76849136069185
43.955698890330574
44.142697031468934
44.32948940024826
44.516079689834406
44.70247166639669
44.88866916498776
45.07467608532809
45.26049638749882
45.44613408754665
45.63159325300441
45.816877998330966
46.00199248027522
46.186940893168554
46.371727464150155
46.55635644832947
46.74083212389033
46.925158787141385
47.109340747516995
47.29338232253289
47.4772878327008
47.66106159640649
47.84470792475643
48.02823111639848
48.211635452322106
48.39492519064297
48.57810456137614
48.76117776120194
48.94414894822925
49.12702223676124
49.309801692068426
49.49249132517398
49.67509508765702
49.85761686647911
50.040060478839486
50.22242966706418
50.40472809353399
50.58695933565603
50.76912688088446
50.95123412179571
51.13328435122388
51.31528075746125
51.4972264195287
51.67912430252055
51.860977253028395
52.04278799464821
52.22455912357502
52.40629310428936
52.58799226533925
52.769658795221105
52.95129473836299
53.132901991213416
53.314482298438904
53.49603724923349
53.677568273743354
53.85907663961017
54.04056344863675
54.22202963357886
54.40347595506699
54.58490299866178
54.766311172047374
54.94770070236654
55.12907163370141
55.31042382470354
55.491756946377045
55.67307048001833
55.85436371531534
56.03563574860885
56.21688548131885
56.39811161853873
56.57931266779996
56.76048693800976
56.94163253856448
57.12274737864146
57.303829166672074
57.48487540999872
57.665883414718735
57.84685028571715
58.027772926890634
58.208648041564174
58.38947213310195
58.57024150571317
58.75095226545341
58.93160032142191
59.1121813871552
59.292690982216925
59.47312443398357
59.653476879624804
59.83374326827692
60.013918363407925
60.193996745371926
60.373972814150314
60.55384079227674
60.733594727942894
60.91322849828203
61.092735812827534
61.272110217144025
61.45134509662842
61.63043368047784
61.80936904582109
61.988144122010915
62.166751695073295
62.34518441231058
62.5234347870553
62.701495203571206
62.87935792209766
63.057015084032976
63.234458717251705
63.41168074155093
63.58867297422007
63.765427135728274
63.94193485552371
64.11818767793848
64.29417706819261
64.4698944184906
64.64533105420408
64.82047824013422
64.99532718684794
65.16986905708252
65.34409497221255
65.51799601877356
65.69156325503657
65.86478771762752
66.03766042818548
66.21017240005388
66.382314644999
66.5540781799494
66.72545403374984
66.89643325392247
67.06700691342799
67.23716611741993
67.40690200998434
67.57620578085739
67.74506867211376
67.91348198481855
68.08143708563581
68.24892541338546
68.41593848554102
68.5824679046607
68.74850536474425
68.91404265750715
69.07907167856355
69.24358443350924
69.40757304389707
69.57102975309682
69.73394693203252
69.89631708479172
70.0581328541015
70.21938702666685
70.38007253836693
70.54018247930529
70.6997100987102
70.8586488096818
71.01699219378284
71.17473400547001
71.33186817636275
71.48838881934708
71.64429023251219
71.7995669029165
71.95421351018061
72.10822492990425
72.2615962369043
72.41432270827144
72.5663998262431
72.71782328088986
72.86858897261354
73.0186930144549
73.16813173420869
73.31690167634369
73.46499960372589
73.6124224991431
73.75916756662954
73.90523223258865
74.05061414671215
74.19531118269433
74.33932143873923
74.48264323785926
74.62527512796359
74.76721588173538
74.90846449629711
75.04902019266464
75.18888241499062
75.32805082959894
75.46652532381162
75.60430600456957
75.74139319684932
75.87778744187742
76.01348949514383
76.14850032421631
76.2828211063588
76.41645322595772
76.54939827176051
76.68165803392955
76.81323450091563
76.94412985615438
77.07434647458987
77.20388691903017
77.33275393634048
77.46095045347963
77.58847957338511
77.71534457071274
77.8415488874368
77.96709612831737
78.09199005624029
78.21623458743485
78.33983378657328
78.46279186175624
78.58511315938856
78.70680215894967
78.8278634676627
78.94830181506583
79.0681220474905
79.18732912244909
79.30592810293487
79.42392415163735
79.54132252507655
79.65812856766011
79.77434770566707
79.88998544116247
80.00504734584773
80.11953905485176
80.23346626046803
80.34683470584353
80.45965017862532
80.57191850457023
80.68364554112235
80.79483717096387
80.90549929554548
81.01563782860204
81.12525868966019
81.23436779754489
81.34297106389214
81.45107438667547
81.55868364375418
81.6658046864503
81.77244333316263
81.87860536302615
81.98429650962622
82.0895224547762
82.19428882236808
82.29860117230486
82.40246499452438
82.50588570312355
82.6088686305926
82.71141902216924
82.8135420303223
82.91524270937428
83.01652601027205
83.11739677551417
83.2178597342431
83.31791949750969
83.41758055371768
83.5168472642549
83.6157238593173
83.71421443393204
83.81232294418508
83.91005320365717
84.00740888007168
84.10439349215731
84.20101040672851
84.29726283598596
84.3931538350382
84.48868629964521
84.58386296418347
84.6786863998327
84.7731590129831
84.867283043862
84.96106056537904
85.05449348218905
85.14758352997102
85.24033227492099
85.33274111345632
85.42481127212794
85.51654380773674
85.6079396076501
85.69899939031357
85.78972370595339
85.88011293746523
85.9701673014847
86.05988684963528
86.14927146994965
86.23832088845926
86.32703467094699
86.41541222485783
86.50345280136115
86.59115549755857
86.67851925883154
86.7655428813216
86.85222501453698
86.93856416407912
87.02455869448157
87.11020683215428
87.19550666842552
87.28045616267455
87.36505314554789
87.44929532225318
87.53318027592478
87.61670547105494
87.6998682569856
87.78266587145616
87.86509544420345
87.9471540006101
88.0288384653985
88.11014566636685
88.19107233816315
88.27161512609267
88.3517705899552
88.43153520790837
88.51090538035315
88.58987743383737
88.66844762497259
88.74661214435899
88.82436712051388
88.90170862379931
88.97863267034505
89.05513522596299
89.13121221004904
89.20685949946936
89.28207293242882
89.35684831232048
89.43118141155468
89.50506797536603
89.57850372559766
89.65148436446269
89.72400557828301
89.7960630412043
89.86765241888689
89.93876937217156
90.00940956071928
90.079568646624
90.14924229799804
90.21842619252912
90.28711602100803
90.35530749082578
90.4229963294383
90.49017828779766
90.55684914374841
90.62300470538752
90.68864081438606
90.75375334927195
90.8183382286728
90.88239141451855
90.94590891520237
91.00888678869863
91.07132114563636
91.13320815232701
91.19454403374606
91.25532507646766
91.31554763155155
91.3752081173809
91.43430302245064
91.4928289081074
91.550782411241
91.60816024692814
91.66495921102886
91.72117618273545
91.77680812707352
91.83185209735551
91.88630523758603
91.94016478481818
91.99342807145955
92.04609252752742
92.09815568285215
92.1496151692272
92.20046872250383
92.25071418462834
92.30034950562013
92.34937274548848
92.39778207608559
92.44557578289378
92.49275226674455
92.53931004546756
92.58524775546788
92.63056415323
92.67525811674771
92.71932864687766
92.76277486861532
92.80559603229163
92.84779151468852
92.88936082007204
92.93030358114196
92.97061955989737
93.01030864841788
93.04937086955907
93.08780637756182
93.1256154585743
93.16279853108607
93.19935614627376
93.23528898825883
93.2705978742781
93.30528375476784
93.33934771336247
93.37279096680889
93.40561486479804
93.43782088971567
93.46941065631414
93.500385911306
93.53074853287977
93.56050053013881
93.58964404246466
93.61818133880637
93.64611481689745
93.67344700240186
93.70018054799105
93.72631823235461
93.75186295914703
93.77681775587358
93.80118577271763
93.8249702813116
93.84817467345407
93.87080245977607
93.89285726835782
93.91434284329783
93.93526304323642
93.95562183983473
93.97542331621013
93.99467166532837
94.01337118835396
94.03152629295879
94.04914149158957
94.06622139969384
94.08277073390398
94.09879431017735
94.1142970418906
94.1292839378858
94.14376010046622
94.15773072333808
94.17120108949506
94.18417656904295
94.19666261696055
94.2086647707931
94.22018864827383
94.23123994486966
94.24182443124684
94.25194795065337
94.26161641621499
94.27083580814073
94.2796121708354
94.2879516099168
94.29586028913533
94.30334442719331
94.31041029446212
94.31706420959537
94.32331253603579
94.32916167841378
94.33461807883631
94.33968821306368
94.34437858657358
94.34869573051205
94.35264619753147
94.35623655751678
94.35947339320123
94.36236329567359
94.36491285977931
94.36712867941853
94.3690173427444
94.37058542726604
94.3718394948605
94.37278608669928
94.37343171809604
94.37378287328337
94.37384600012737
94.3736275047896
94.37313374634661
94.37237103137815
94.37134560853562
94.37006366310263
94.36853131155917
94.36675459616058
94.36473947954138
94.36249183935362
94.360017462949
94.35732204211442
94.354411167871
94.35129032534618
94.3479648887288
94.34444011631703
94.34072114566831
94.33681298886106
94.33272052787831
94.32844851012177
94.32400154406352
94.31938409504195
94.31460048120832
94.30965486962938
94.30455127255058
94.29929354382327
94.29388537549934
94.2883302945963
94.28263166003532
94.27679265975505
94.27081630800339
94.2647054428098
94.25846272364069
94.25209062924134
94.24559145566738
94.23896731450847
94.23222013130655
94.2253516441709
94.21836340259162
94.21125676645224
94.20403290524118
94.19669279746219
94.18923723024349
94.18166679914472
94.17398190816036
94.16618276991912
94.15826940607937
94.15024164792052
94.14209913712907
94.13384132677831
94.1254674825012
94.1169766838552
94.1083678258785
94.09963962083654
94.0907906001573
94.08181911655274
94.07272334632304
94.06350129184167
94.05415078421888
94.04466948614217
94.03505489489211
94.02530434553019
94.01541501425648
94.0053839219349
93.99520793778306
93.98488378322368
93.97440803589446
93.96377713381396
93.95298737970013
93.94203494543679
93.93091587668171
93.91962609760942
93.908161415782
93.89651752714015
93.88469002110646
93.87267438579302
93.8604660133055
93.8480602051372
93.83545217764488
93.82263706759996
93.8096099378085
93.79636578279435
93.78289953454016
93.76920606828192
93.75528020835175
93.7411167340634
93.72671038563404
93.7120558701367
93.69714786747632
93.68198103638254
93.66655002041291
93.65084945395945
93.6348739682522
93.61861819735357
93.60207678413799
93.5852443862512
93.56811568204462
93.55068537647988
93.53294820699826
93.51489894934942
93.49653242337395
93.47784349873514
93.45882710059591
93.43947821523814
93.4197918956216
93.39976326687925
93.37938753174565
93.35865997591584
93.33757597333245
93.316130991398
93.2943205961097
93.27214045711419
93.24958635268008
93.2266541745865
93.20333993292486
93.17963976081053
93.15554991899985
93.13106680040728
93.10618693451745
93.08090699168629
93.05522378732526
93.02913428596248
93.00263560517392
92.97572501937675
92.94839996347817
92.92065803637213
92.89249700427679
92.8639148039053
92.8349095454633
92.80547951546585
92.77562317936709
92.74533918399682
92.71462635979852
92.68348372286341
92.65191047675656
92.61990601413136
92.58746991812899
92.55460196355926
92.52130211786078
92.48757054183824
92.45340759017489
92.41881381171976
92.38378994954945
92.34833694080493
92.31245591630449
92.27614819993522
92.23941530782537
92.20225894730078
92.1646810156297
92.12668359855974
92.08826896865054
92.04943958340567
92.01019808320717
91.9705472890551
91.93049020011387
91.8900299910668
91.84917000928141
91.8079137717877
91.76626496207138
91.72422742668306
91.68180517166394
91.63900235878947
91.59582330163317
91.55227246145358
91.508354442908
91.46407398959701
91.41943597944402
91.37444541991505
91.32910744308441
91.2834273005522
91.23741035822064
91.19106209093667
91.14438807700861
91.09739399260576
91.05008560605103
91.00246877201761
90.95454942563987
90.90633357654912
90.8578273028458
90.80903674502048
90.7599680998348
90.710627614173
90.66102157887423
90.61115632255581
90.56103820543723
90.51067361317331
90.46006895070497
90.40923063613428
90.35816509463069
90.30687875237453
90.25537803054459
90.2036693393556
90.15175907215138
90.09965359955851
90.04735926370512
89.99488237250995
89.94222919404723
89.88940595099388
89.83641881516479
89.78327390214196
89.72997726600289
89.67653489415358
89.62295270227155
89.56923652936489
89.51539213295295
89.46142518437459
89.40734126422835
89.35314585794872
89.29884435152125
89.24444202733962
89.18994406020765
89.13535551348961
89.08068133541114
89.02592635551336
88.97109528126298
88.91619269482139
88.86122304997495
88.80619066922831
88.75109974106333
88.69595431736609
88.64075831102438
88.58551549369842
88.5302294937673
88.47490379445462
88.41954173213689
88.36414649483827
88.3087211209152
88.25326849793252
88.19779136173138
88.1422922956903
88.08677373018047
88.03123794221567
87.97568705529697
87.92012303945084
87.86454771145922
87.80896273528019
87.75336962265833
87.69776973392372
87.64216427897865
87.58655431847153
87.5309407651569
87.47532438544037
87.41970580110778
87.3640854912375
87.30846379429447
87.25284091040378
87.19721690380145
87.14159170545854
87.08596511587443
87.03033680803496
86.97470633053096
86.91907311083246
86.86343645871368
86.80779556982365
86.7521495293975
86.6964973161029
86.64083780601588
86.58516977671893
86.52949191151531
86.47380280375289
86.41810096125111
86.3623848108246
86.30665270289585
86.25090291618919
86.19513366249741
86.13934309151368
86.08352929572179
86.02769031533812
85.97182414329852
85.91592873028394
85.86000198977847
85.80404180315399
85.74804602477484
85.69201248711538
85.63593900588471
85.57982338515244
85.52366342247016
85.46745691398353
85.41120165953025
85.35489546771969
85.29853616098835
85.24212158062589
85.1856495917663
85.12911808833876
85.07252499797202
85.01586828684665
84.95914596448884
84.90235608849983
84.84549676921316
84.78856617427292
84.7315625331253
84.67448414141589
84.617329365286
84.56009664556214
84.50278450183148
84.44539153639599
84.38791643809785
84.33035798600955
84.27271505298225
84.21498660904606
84.15717172465602
84.09926957377732
84.04127943680433
83.98320070330774
83.92503287460354
83.86677556613725
83.80842850967682
83.74999155530898
83.69146467323415
83.63284795535665
83.57414161666864
83.51534599642642
83.45646155911939
83.39748889523187
83.33842872179767
83.27928188274828
83.22004934905684
83.16073221868069
83.1013317163063
83.04184919290131
82.9822861250789
82.9226441142795
82.86292488577581
82.80313028750791
82.7432622887558
82.68332297865678
82.62331456457608
82.56323937033838
82.50309983432786
82.44289850746421
82.38263805106081
82.32232123457143
82.26195093323125
82.2015301255964
82.14106189098575
82.08054940682806
82.0199959459176
81.95940487358044
81.89877964475366
81.83812380098075
81.77744096732638
81.7167348492134
81.65600922918489
81.59526796359367
81.53451497922029
81.47375426982083
81.4129898926058
81.35222596465249
81.2914666592525
81.23071620219608
81.16997886799541
81.10925897604923
81.04856088675118
80.98788899754587
80.92724773893693
80.86664157045166
80.806074976568
80.74555246260937
80.68507855061321
80.62465777517949
80.56429467930471
80.50399381020762
80.4437597151531
80.38359693728117
80.32351001144687
80.26350346007703
80.20358178904829
80.14374948359082
80.08401100422192
80.02437078271306
79.96483321809389
79.90540267269616
79.84608346824156
79.7868798819767
79.7277961428589
79.6688364277967
79.610004857949
79.5513054950858
79.49274233801397
79.4343193190697
79.37604030067918
79.31790907198844
79.25992934556406
79.20210475416515
79.14443884758715
79.08693508957755
79.02959685482371
78.9724274260126
78.9154299909625
78.85860763982681
78.80196336237044
78.74550004531933
78.68922046978436
78.63312730876011
78.57722312469936
78.52151036716454
78.46599137055786
78.4106683519325
78.35554340888667
78.30061851754273
78.24589553061288
78.1913761755526
78.13706205280222
78.08295463411754
78.02905526099029
77.9753651431596
77.9218853572154
77.86861684529437
77.8155604138699
77.76271673263774
77.71008633349892
77.6576696096421
77.60546681472682
77.55347806216948
77.50170332453366
77.45014243302695
77.3987950771059
77.3476608041915
77.29673901949754
77.24602898597483
77.19552982437473
77.14524051343496
77.09515989019009
77.04528665040847
76.99561934915643
76.94615640148972
76.89689608327184
76.84783653211834
76.7989757484661
76.75031159676668
76.70184180680259
76.65356397512609
76.60547556661892
76.55757391617205
76.50985623048417
76.46231958997852
76.4149609508378
76.36777714715801
76.32076489322073
76.27392078588424
76.22724130709311
76.18072282650498
76.13436160423352
76.08815379370584
76.04209544463187
75.99618250608229
75.95041082967113
75.90477617283956
75.85927420223722
75.81390049719631
75.76865055329428
75.72351978600092
75.67850353440612
75.63359706502412
75.58879557567128
75.54409419941419
75.49948800858465
75.45497201885837
75.41054119339492
75.36619044703605
75.32191465055905
75.27770863498176
75.23356719591595
75.18948509796655
75.14545707917364
75.10147785549452
75.05754212532338
75.01364457404566
74.96977987862442
74.92594271221617
74.88212774881299
74.83832966790783
74.79454315918036
74.7507629272007
74.70698369614837
74.66320021454402
74.61940725999108
74.57559964392493
74.53177221636685
74.48791987067972
74.44403754832291
74.40012024360357
74.35616300842202
74.31216095700762
74.26810927064076
74.22400320235613
74.17983808162239
74.13560931899349
74.09131241072589
74.04694294335582
74.00249659822941
73.95796915597896
73.91335650093777
73.86865462548644
73.82385963432216
73.77896774864257
73.7339753102359
73.68887878546889
73.64367476916357
73.5983599883541
73.55293130591576
73.50738572405862
73.4617203876785
73.41593258755768
73.3700197634081
73.32397950675045
73.27780956362358
73.23150783711947
73.18507238973962
73.13850144556898
73.09179339226432
73.04494678285471
72.99796033735242
72.95083294417304
72.90356366136336
72.85615171763641
72.80859651321339
72.76089762047252
72.71305478440524
72.66506792288078
72.61693712672059
72.56866265958422
72.52024495766818
72.4716846292198
72.42298245386837
72.37413938177633
72.32515653261328
72.27603519435718
72.22677682192659
72.17738303564875
72.12785561956798
72.07819651959846
72.02840784152522
71.97849184885877
71.92845096054907
71.87828774856467
71.82800493534211
71.7776053911112
71.72709213110073
71.67646831262886
71.62573723208203
71.57490232178537
71.52396714676576
71.47293540140771
71.42181090600292
71.37059760319397
71.3192995543132
71.26792093561738
71.21646603441883
71.16493924511411
71.11334506511122
71.06168809065622
71.00997301256115
70.95820461183524
70.9063877552216
70.8545273906413
70.80262854254777
70.75069630719422
70.69873584781799
70.64675238974591
70.5947512154252
70.54273765938471
70.49071710313198
70.43869496999177
70.38667671989224
70.33466784410557
70.28267385994995
70.23070030546005
70.17875273403278
70.12683670905476
70.07495779851745
70.02312156962687
69.97133358341425
69.91959938935399
69.86792451999536
69.81631448561534
69.76477476890015
69.71331081966291
69.66192804960433
69.61063182712307
69.55942747218192
69.50832025123576
69.45731537222694
69.40641797965337
69.35563314971385
69.30496588553522
69.25442111248582
69.20400367358035
69.15371832498123
69.10356973160093
69.05356246281006
69.00370098825543
68.95398967379161
68.90443277752875
68.85503444599861
68.8057987104405
68.75672948320879
68.70783055430375
68.65910558802703
68.6105581197629
68.5621915528868
68.51400915580267
68.4660140591103
68.4182092529039
68.37059758420308
68.32318175451756
68.2759643175476
68.2289476770212
68.1821340846701
68.13552563834592
68.08912428027746
68.04293179547027
67.99694981024912
67.95117979094333
67.90562304271508
67.86028070853159
67.81515376828212
67.7702430380409
67.72554916947773
67.68107264941726
67.63681379954834
67.59277277628449
67.54894957077634
67.50534400907621
67.46195575245461
67.41878429786878
67.37582897858327
67.3330889649428
67.2905632652979
67.24825072708357
67.20615003805106
67.16425972765283
67.12257816858049
67.08110357845554
67.03983402167317
66.99876741139956
66.95790151172154
66.91723393994725
66.87676216905633
66.83648353029791
66.79639521593326
66.75649428212039
66.7167776519373
66.67724211854049
66.63788434845485
66.59870088499103
66.5596881517868
66.5208424564692
66.48215999443453
66.4436368527427
66.40526901412288
66.36705236108655
66.32898268014416
66.29105566612161
66.25326692657295
66.21561198628517
66.17808629187054
66.14068521644235
66.10340406437005
66.06623807611042
66.02918243311028
65.99223226277586
65.95538264350311
65.91862860976339
65.88196515723864
65.84538724800034
65.80888981572586
65.77246777094585
65.73611600631595
65.69982940190589
65.66360283049792
65.62743116288712
65.59130927317645
65.55523204405975
65.51919437208622
65.48319117289955
65.44721738644503
65.41126798213898
65.3753379639949
65.33942237570093
65.30351630564431
65.26761489187797
65.23171332702552
65.1958068631204
65.15989081637522
65.12396057187786
65.08801158821026
65.05203940198638
65.01603963230522
64.98000798511512
64.94394025748429
64.9078323417726
64.87168022969959
64.83548001630353
64.79922790378654
64.76292020524008
64.72655334824523
64.690123878342
64.65362846236192
64.61706389161813
64.58042708494796
64.54371509160282
64.50692509398036
64.47005441019402
64.43310049647644
64.39606094941385
64.35893350800953
64.32171605557423
64.28440662144189
64.24700338250906
64.20950466459735
64.17190894363844
64.1342148466824
64.09642115273019
64.0585267933923
64.02053085337465
63.982432570793804
63.944231337323714
63.905926698176216
63.86751835191777
63.829006150125366
63.79039009688475
63.75167034813475
63.71284721086195
63.67392114215019
63.63489274808947
63.59576278254886
63.556532145817386
63.51720188311677
63.47777318298981
63.43824737556835
63.39862593072482
63.35891045611166
63.319102695092596
63.279204524569394
63.239217952708515
63.199145116571714
63.15898827965427
63.118749829334064
63.07843227423453
63.038038241503926
62.99757047401303
62.95703182747249
62.91642526747049
62.87575386643121
62.83502080049416
62.7942293463137
62.753382877778535
62.71248486265105
62.671538859126514
62.63054851231291
62.589517550632564
62.548449782147344
62.50734909080964
62.46621943264168
62.42506483184647
62.383889376854114
62.34269721630764
62.30149255499228
62.26027964971186
62.2190628051159
62.177846369481045
62.13663473045031
62.09543231073289
62.05424356376753
62.01307296935224
61.9719250292434
61.930804262727314
61.88971520216719
61.848662388528815
61.80765036688799
61.766683681922835
61.72576687339417
61.684904471617834
61.644100992932714
61.60336093516863
61.56268877311813
61.52208895401619
61.48156589303206
61.44112396877758
61.400767518836595
61.36050083532066
61.32032816045679
61.28025368221338
61.24028152997018
61.20041577023854
61.16066040243796
61.12101935473495
61.081496479950054
61.0420955515386
61.002820259650456
60.96367420727383
60.92466090646783
60.88578377468806
60.84704613120973
60.80845119365258
60.77000207461182
60.73170177839861
60.69355319789357
60.65555911151639
60.617722180314864
60.58004494517635
60.54252982416423
60.505179109981974
60.46799496756673
60.4309794318145
60.394134405438784
60.35746165696414
60.3209628188558
60.28463938578633
60.248492713040285
60.212524015057646
60.17673436411703
60.14112468915962
60.10569577475464
60.07044826020748
60.03538263881139
60.00049925724354
59.96579831510578
59.931279864610836
59.89694381041485
59.86278990959723
59.82881777178854
59.79502685944643
59.76141648827976
59.72798582782049
59.69473390214229
59.66165959072403
59.628761629456974
59.596038611794384
59.56348899004219
59.531111076789514
59.49890304647768
59.46686293710572
59.43498865207046
59.4032779621394
59.37172850755458
59.34033780026563
59.30910322628945
59.278022048194046
59.247091407704104
59.21630832842608
59.18566971869036
59.1551723745081
59.12481298264028
59.09458812377615
59.06449427581738
59.03452781726385
59.00468503069676
58.97496210635491
58.945355145800036
58.9158601656671
58.88647310149527
58.85718981163593
58.82800608123411
58.798917626279845
58.769920097726086
58.741009085669376
58.71218012358959
58.683428692644284
58.65475022601346
58.6261401132909
58.59759370491851
58.569106316660296
58.54067323411273
58.51228971724812
58.4839510049875
58.45565231979988
58.42738887232436
58.39915586601201
58.3709485017841
58.34276198270324
58.3145915186537
58.286432331027086
58.25827965740923
58.230128756264165
58.20197491161066
58.17381343768638
58.14563968359484
58.11744903793006
58.0892369333733
58.06099885125691
58.032730326090146
58.00442695004206
57.97608437737644
57.94769832883385
57.919264595955795
57.89077904534584
57.86223762286285
57.833636357741184
57.80497136663247
57.77623885756374
57.74743513380652
57.718556597651755
57.689599754085705
57.660561214362545
57.631437699469714
57.60222604348196
57.572923196800176
57.54352622927168
57.514032333188666
57.48443882616148
57.45474315386333
57.424942892643415
57.39503575200543
57.365019576949024
57.334892350172325
57.30465219413334
57.27429737296855
57.24382629426715
57.2132375107001
57.182529721503116
57.151701773813116
57.12075266385746
57.08968153799596
57.05848769361616
57.02717057988271
56.995729798341706
56.96416510338066
56.93247640254476
56.90066375671041
56.86872738011699
56.83666764025771
56.80448505763054
56.772180305350226
56.73975420862252
56.70720774408142
56.67454203899053
56.641758370309
56.60885816362282
56.5758429919423
56.542714574366876
56.50947477461802
56.47612559944083
56.4426691968746
56.409107854392694
56.375443996912004
56.34168018467256
56.307819110988085
56.27386359986833
56.23981660351422
56.205681199686474
56.17146058894867
56.137158091786155
56.102777145602325
56.068321301593876
56.03379422150676
55.99919967427531
55.96454153254695
55.929823769095215
55.89505045312371
55.86022574646422
55.8253538996724
55.79043924802489
55.75548620742206
55.7204992702009
55.685483000862696
55.65044203172068
55.6153810584728
55.58030483570497
55.54521817233019
55.510125926968904
55.475033003276174
55.43994434522137
55.404864932326696
55.36979977487085
55.33475390906421
55.29973239220204
55.264740297802014
55.22978271073243
55.19486472233678
55.15999142556064
55.12516791008648
55.090399257481415
55.055690536362995
55.021046797588106
54.98647306946959
54.951974353024816
54.91755561726064
54.88322179449904
54.84897777574782
54.81482840612052
54.7807784803095
54.74683273811639
54.712995860044266
54.67927246295563
54.645667095799986
54.61218423541522
54.57882828240674
54.5456035571088
54.51251429563218
54.47956464600197
54.44675866438906
54.414100311438915
54.38159344870081
54.3492418351608
54.31704912388125
54.28501885874948
54.25315447133721
