-47.31733305128734
-47.43800714258527
-47.558643770436
-47.679238887175025
-47.79978857343122
-47.920289041655344
-48.04073663953012
-48.16112785325891
-48.28145931073005
-48.40172778455349
-48.52193019496696
-48.6420636126087
-48.76212526115405
-48.88211251981251
-49.0020229256818
-49.121854175956074
-49.2416041299859
-49.361270811187424
-49.48085240879807
-49.60034727947637
-49.719753948743644
-49.83907111226553
-49.958297636970784
-50.07743256200514
-50.19647509951825
-50.31542463528213
-50.434280729139815
-50.553043115283245
-50.67171170235925
-50.79028657340299
-50.90876798559858
-51.02715636986638
-51.14545233027612
-51.26365664328565
-51.381770256805474
-51.49979428908963
-51.617730027453796
-51.735578926821994
-51.85334260810273
-51.97102285639604
-52.088621619033255
-52.206141003451386
-52.3235832749045
-52.44095085401417
-52.55824631416138
-52.67547237872233
-52.79263191815065
-52.90972794690916
-53.02676362025463
-53.14374223087847
-53.260667205406975
-53.37754210076517
-53.494370600408644
-53.611156510427264
-53.72790375552481
-53.844616374878825
-53.9612985178849
-54.07795443978986
-54.1945884972188
-54.311205143600915
-54.42780892449955
-54.54440447285189
-54.660996504123695
-54.77758981138496
-54.894189260312466
-55.010799784125005
-55.127426378456995
-55.24407409617593
-55.36074804214898
-55.47745336796405
-55.59419526661109
-55.71097896712897
-55.82780972922402
-55.94469283786621
-56.061633597869196
-56.178637328460276
-56.29570935784612
-56.4128550177807
-56.53007963814149
-56.6473885415201
-56.764787037833784
-56.882280418964214
-56.9998739534298
-57.11757288109759
-57.235382407940776
-57.35330770084731
-57.47135388248499
-57.58952602622831
-57.70782915115187
-57.82626821709458
-57.94484811979912
-58.06357368613139
-58.18244966938493
-58.301480744675295
-58.42067150442937
-58.54002645397383
-58.6595500072272
-58.77924648249978
-58.899120098405824
-59.019174969892894
-59.139415104393144
-59.259844398101215
-59.38046663238264
-59.5012854703163
-59.622304453374106
-59.743526998241
-59.864956393777895
-59.9865957981305
-60.10844823598683
-60.230516595985364
-60.35280362827541
-60.47531194223103
-60.598044004319775
-60.72100213612703
-60.844188512537244
-60.96760516007271
-61.0912539553907
-61.21513662393971
-61.339254738775196
-61.4636097195347
-61.58820283157178
-61.71303518524758
-61.83810773537931
-61.96342128084451
-62.088976464339744
-62.21477377229264
-62.34081353492571
-62.467095926470684
-62.59362096553236
-62.72038851560092
-62.84739828571174
-62.97464983125099
-63.102142554905306
-63.22987570775343
-63.35784839049774
-63.486059554832885
-63.61450800494857
-63.74319239916395
-63.87211125169047
-64.00126293451997
-64.13064567943515
-64.26025758013891
-64.39009659449927
-64.52016054690667
-64.65044713074111
-64.78095391094634
-64.91167832670898
-65.04261769424103
-65.17376920966429
-65.30512995199446
-65.43669688622221
-65.56846686648835
-65.70043663935037
-65.83260284713755
-65.96496203139147
-66.09751063638795
-66.23024501273643
-66.36316142105228
-66.49625603569793
-66.6295249485884
-66.76296417305767
-66.89656964778251
-67.03033724076104
-67.16426275334337
-67.29834192431159
-67.43257043400573
-67.56694390849194
-67.70145792376931
-67.83610801001063
-67.97088965583268
-68.10579831259153
-68.24082939869888
-68.37597830395472
-68.51124039389182
-68.64661101412727
-68.78208549471717
-68.91765915451046
-69.05332730549864
-69.18908525715753
-69.3249283207775
-69.46085181377893
-69.59685106400892
-69.73292141401546
-69.8690582252955
-70.00525688251358
-70.14151279768774
-70.27782141433912
-70.41417821160148
-70.5505787082863
-70.68701846689798
-70.82349309759404
-70.95999826208451
-71.0965296774662
-71.2330831199868
-71.3696544287349
-71.50623950925181
-71.6428343370619
-71.77943496111821
-71.91603750716125
-72.05263818098909
-72.18923327163746
-72.3258191544678
-72.46239229416197
-72.59894924762249
-72.73548666677583
-72.87200130127722
-73.00849000111485
-73.14494971911311
-73.28137751333502
-73.41777054938409
-73.55412610260719
-73.69044156019906
-73.82671442320922
-73.96294230845176
-74.09912295031796
-74.23525420249092
-74.37133403956119
-74.50736055854276
-74.643331980288
-74.77924665079996
-74.91510304243985
-75.05089975502767
-75.18663551683426
-75.32230918546315
-75.4579197486213
-75.59346632477832
-75.72894816371468
-75.86436464695919
-75.9997152881167
-76.13499973308592
-76.27021776016727
-76.40536928006043
-76.54045433574993
-76.67547310227826
-76.8104258864056
-76.94531312615493
-77.08013539024182
-77.21489337738717
-77.34958791551117
-77.48421996080594
-77.6187905966849
-77.75330103260717
-77.88775260277578
-78.02214676470862
-78.15648509768188
-78.29076930104601
-78.42500119241483
-78.55918270572887
-78.69331588919512
-78.82740290310507
-78.96144601753294
-79.09544760991527
-79.22941016251333
-79.36333625975989
-79.49722858549116
-79.63108992006438
-79.76492313736186
-79.89873120168285
-80.032517164526
-80.16628416126504
-80.30003540772056
-80.43377419663172
-80.5675038940317
-80.7012279355305
-80.8349498225091
-80.96867311822986
-81.10240144386741
-81.23613847446576
-81.3698879348267
-81.50365359533488
-81.63743926772408
-81.77124880079022
-81.90508607605581
-82.03895500339003
-82.17285951658813
-82.30680356891266
-82.4407911285995
-82.57482617433291
-82.70891269069298
-82.8430546635797
-82.97725607561793
-83.11152090154783
-83.24585310360513
-83.38025662689668
-83.51473539477664
-83.64929330422822
-83.78393422125603
-83.9186619762942
-84.05348035963553
-84.1883931168858
-84.32340394444705
-84.45851648503347
-84.59373432322391
-84.7290609810548
-84.8644999136574
-85.00005450494271
-85.13572806333744
-85.27152381757438
-85.40744491254159
-85.54349440519539
-85.67967526054181
-85.81599034769229
-85.95244243599839
-86.08903419127105
-86.22576817208872
-86.36264682619847
-86.49967248701276
-86.63684737020483
-86.77417357040568
-86.91165305800567
-87.04928767606354
-87.18707913732537
-87.32502902135586
-87.46313877178424
-87.60140969366641
-87.73984295096618
-87.87843956415831
-88.01720040795674
-88.15612620917118
-88.29521754469549
-88.43447483963136
-88.57389836555153
-88.71348823890689
-88.85324441958134
-88.9931667095971
-89.13325475197318
-89.27350802973915
-89.41392586510715
-89.55450741880388
-89.69525168956356
-89.83615751378265
-89.97722356533636
-90.11844835555694
-90.25983023337339
-90.40136738561152
-90.54305783745308
-90.68489945305184
-90.8268899363042
-90.96902683177238
-91.11130752575825
-91.25372924752655
-91.39628907067701
-91.53898391466413
-91.68181054646362
-91.82476558238437
-91.96784549002376
-92.11104659036465
-92.25436506001228
-92.3977969335686
-92.5413381061415
-92.68498433598648
-92.82873124727888
-92.97257433301519
-93.11650895804229
-93.26053036221305
-93.40463366366617
-93.54881386222797
-93.69306584293378
-93.83738437966639
-93.98176413890855
-94.12619968360667
-94.27068547714288
-94.41521588741097
-94.55978519099159
-94.70438757742198
-94.84901715355528
-94.9936679480042
-95.13833391566385
-95.28300894230932
-95.42768684926483
-95.57236139814103
-95.71702629563623
-95.86167519839711
-96.00630171793483
-96.15089942559217
-96.29546185755652
-96.43998251991293
-96.58445489373248
-96.72887244019155
-96.87322860571801
-97.01751682716072
-97.1617305369793
-97.30586316845127
-97.44990816089326
-97.59385896489319
-97.73770904755015
-97.88145189771917
-98.02508103125759
-98.16858999626943
-98.31197237834404
-98.45522180578435
-98.5983319548197
-98.74129655479801
-98.88410939335206
-99.02676432153369
-99.16925525890981
-99.31157619861376
-99.45372121234512
-99.59568445530995
-99.73746017109256
-99.87904269645135
-100.02042646603145
-100.16160601698762
-100.30257599351167
-100.44333115125865
-100.58386636166661
-100.72417661616494
-100.86425703026676
-101.004102847541
-101.14370944345883
-101.28307232910863
-101.42218715477323
-101.56104971336215
-101.69965594369212
-101.83800193360955
-101.97608392294919
-102.11389830632353
-102.2514416357379
-102.38871062302755
-102.52570214211445
-102.66241323108167
-102.79884109406439
-102.93498310295726
-103.07083679893717
-103.20639989379944
-103.34167027110593
-103.47664598714388
-103.61132527169568
-103.7457065286197
-103.87978833624285
-104.01356944756421
-104.14704879026985
-104.28022546655754
-104.41309875277042
-104.54566809883906
-104.67793312753176
-104.80989363351316
-104.94154958221063
-105.07290110848939
-105.20394851513842
-105.33469227117038
-105.46513300993851
-105.59527152707344
-105.72510877824331
-105.85464587674082
-105.98388409090066
-106.11282484135083
-106.24146969810144
-106.36982037747404
-106.49787873887405
-106.62564678141038
-106.75312664036593
-106.88032058352232
-107.00723100734237
-107.13386043301463
-107.26021150236451
-107.38628697363683
-107.51208971715388
-107.63762271085326
-107.76288903570932
-107.88789187104189
-108.01263448971551
-108.13712025323228
-108.26135260672207
-108.38533507383475
-108.50907125153991
-108.6325648048405
-108.75581946140674
-108.87883900613745
-109.00162727565599
-109.12418815274883
-109.24652556075442
-109.3686434579107
-109.49054583166934
-109.61223669298498
-109.73372007058684
-109.85500000524006
-109.97608054400347
-110.09696573449104
-110.2176596191441
-110.3381662295211
-110.45848958061138
-110.5786336651796
-110.69860244814593
-110.81839986100793
-110.93802979630821
-111.05749610215342
-111.17680257678875
-111.29595296323247
-111.41495094397418
-111.53380013574052
-111.65250408433313
-111.77106625954319
-111.88949005014648
-112.00777875898267
-112.12593559812136
-112.24396368411725
-112.36186603335669
-112.4796455574983
-112.59730505901005
-112.71484722680508
-112.83227463197817
-112.94958972364462
-113.06679482488367
-113.183892128789
-113.30088369462963
-113.41777144412423
-113.5345571578324
-113.65124247166794
-113.76782887353941
-113.88431770012333
-114.00071013377566
-114.11700719958627
-114.23320976258013
-114.34931852506871
-114.46533402415479
-114.58125662939311
-114.69708654060877
-114.8128237858757
-114.92846821965826
-115.0440195211181
-115.15947719258803
-115.27484055821434
-115.39010876277017
-115.50528077064199
-115.62035536499171
-115.73533114709733
-115.85020653587503
-115.96497976758553
-116.07964889572634
-116.19421179111225
-116.30866614214665
-116.4230094552853
-116.53723905569404
-116.65135208810204
-116.76534551785153
-116.87921613214382
-116.9929605414817
-117.10657518130802
-117.22005631384025
-117.33340003010028
-117.44660225213988
-117.55965873546143
-117.6725650716329
-117.78531669109532
-117.89790886616072
-118.01033671419839
-118.12259520100724
-118.23467914437265
-118.34658321780569
-118.45830195446376
-118.56982975125038
-118.68116087309113
-118.79228945738237
-118.90320951860895
-119.01391495312771
-119.12439954411332
-119.23465696666324
-119.3446807930585
-119.45446449817734
-119.56400146505928
-119.6732849906166
-119.78230829148981
-119.8910645100433
-119.99954672049626
-120.1077479351842
-120.21566111094455
-120.32327915561837
-120.43059493465933
-120.53760127784119
-120.64429098605444
-120.75065683818343
-120.85669159805389
-120.96238802143932
-121.06773886311521
-121.17273688394948
-121.27737485801765
-121.38164557973062
-121.48554187096227
-121.5890565881632
-121.69218262944673
-121.79491294163404
-121.8972405272466
-121.99915845143425
-122.10065984882749
-122.2017379303037
-122.30238598965775
-122.40259741016757
-122.50236567104685
-122.60168435377773
-122.70054714831747
-122.79894785917338
-122.8968804113415
-122.99433885610495
-123.09131737668815
-123.18781029376316
-123.28381207080497
-123.37931731929348
-123.47432080375938
-123.56881744667135
-123.66280233316161
-123.75627071558837
-123.84921801793327
-123.94163984003184
-124.03353196163427
-124.1248903462937
-124.21571114508016
-124.30599070011819
-124.39572554794644
-124.48491242269769
-124.57354825909728
-124.66163019527791
-124.74915557540875
-124.8361219521379
-124.92252708884702
-125.00836896171656
-125.09364576159989
-125.17835589570508
-125.26249798908249
-125.3460708859168
-125.42907365062253
-125.51150556874167
-125.59336614764221
-125.67465511701575
-125.75537242917507
-125.83551825915414
-125.91509300461372
-125.99409728555635
-126.07253194385432
-126.1503980425929
-126.22769686523078
-126.30442991457973
-126.38059891160528
-126.45620579405035
-126.53125271488365
-126.6057420405747
-126.67967634919741
-126.75305842836373
-126.82589127298833
-126.89817808288593
-126.96992226020383
-127.04112740669122
-127.11179732080895
-127.1819359946834
-127.25154761090916
-127.32063653920444
-127.38920733292288
-127.45726472542482
-127.52481362631273
-127.59185911753515
-127.65840644936442
-127.7244610362534
-127.79002845257664
-127.85511442826216
-127.9197248443186
-127.98386572826065
-128.04754324943556
-128.11076371425284
-128.17353356131915
-128.23585935647966
-128.29774778776815
-128.3592056602695
-128.42023989089788
-128.4808575030933
-128.54106562144037
-128.6008714662111
-128.66028234783406
-128.71930566129257
-128.77794888045483
-128.83621955233937
-128.8941252913186
-128.9516737732636
-129.00887272963237
-129.06572994150443
-129.12225323356395
-129.17845046803362
-129.23432953856096
-129.28989836405972
-129.34516488250986
-129.40013704472133
-129.45482280806723
-129.50923013019067
-129.56336696269037
-129.61724124479056
-129.67086089700072
-129.72423381477054
-129.7773678621451
-129.83027086542486
-129.88295060683382
-129.9354148181981
-129.98767117463777
-130.03972728827424
-130.09159070195724
-130.14326888301574
-130.19476921703793
-130.24609900168505
-130.29726544054407
-130.3482756370246
-130.39913658830486
-130.44985517933142
-130.50043817687813
-130.55089222366897
-130.60122383257172
-130.65143938086968
-130.70154510461876
-130.7515470930979
-130.80145128336167
-130.8512634549044
-130.90098922444386
-130.95063404082944
-131.00020318007992
-131.0497017405568
-131.09913463827812
-131.14850660237758
-131.1978221707142
-131.24708568563702
-131.2963012899094
-131.3454729227973
-131.39460431632725
-131.44369899171866
-131.49276025599752
-131.54179119879691
-131.59079468935093
-131.6397733736866
-131.68872967201688
-131.7376657763381
-131.78658364823573
-131.83548501689975
-131.8843713773512
-131.93324398888004
-131.98210387369514
-132.03095181578752
-132.0797883600077
-132.12861381135727
-132.17742823449444
-132.22623145345452
-132.2750230515841
-132.323802371688
-132.3725685163869
-132.42132034868487
-132.4700564927456
-132.51877533487814
-132.5674750247321
-132.61615347670286
-132.664808371546
-132.7134371582014
-132.7620370558274
-132.81060505604424
-132.85913792538568
-132.90763220795716
-132.9560842282987
-133.00449009444847
-133.0528457012048
-133.101146733584
-133.1493886704731
-133.1975667884764
-133.2456761659561
-133.2937116872678
-133.34166804719362
-133.3895397555747
-133.43732114214518
-133.48500636156828
-133.5325893986757
-133.58006407391113
-133.62742404897827
-133.67466283269155
-133.72177378702727
-133.76875013337158
-133.8155849589613
-133.8622712235123
-133.90880176602982
-133.95516931179432
-134.0013664795164
-134.047385788654
-134.09321966688495
-134.13886045772952
-134.1843004283168
-134.22953177728792
-134.27454664282837
-134.31933711082084
-134.36389522311052
-134.40821298587448
-134.45228237808684
-134.49609536007247
-134.5396438821405
-134.58291989328828
-134.62591534996764
-134.66862222490423
-134.71103251596006
-134.75313825502977
-134.7949315169598
-134.83640442847891
-134.87754917712815
-134.91835802017786
-134.95882329352085
-134.9989374205292
-135.03869292086452
-135.07808241923286
-135.11709865407343
-135.15573448617047
-135.19398290717837
-135.23183704804947
-135.26929018735282
-135.30633575947095
-135.34296736266188
-135.3791787669749
-135.41496392201012
-135.4503169645108
-135.4852322257763
-135.51970423888466
-135.55372774571325
-135.5872977037467
-135.62040929266246
-135.65305792068457
-135.68523923069748
-135.71694910611032
-135.74818367646427
-135.7789393227762
-135.80921268261332
-135.8390006548931
-135.86830040440296
-135.89710936603356
-135.92542524872252
-135.95324603910618
-135.9805700048761
-136.00739569783642
-136.03372195665852
-136.05954790933143
-136.08487297530465
-136.1096968673218
-136.13401959294166
-136.1578414557445
-136.18116305622053
-136.20398529233822
-136.22630935978955
-136.24813675191118
-136.26946925928033
-136.2903089689843
-136.31065826356317
-136.33051981962527
-136.34989660613488
-136.36879188237268
-136.38720919557082
-136.40515237822538
-136.42262554509048
-136.43963308985954
-136.4561796815391
-136.47227026052056
-136.4879100343541
-136.503104473229
-136.51785930516385
-136.5321805109103
-136.5460743185744
-136.55954719795832
-136.57260585462714
-136.5852572237042
-136.59750846340071
-136.60936694828607
-136.62084026230391
-136.631936191542
-136.64266271676448
-136.65302800571763
-136.6630404052204
-136.67270843304973
-136.68204076962948
-136.69104624953107
-136.69973385279368
-136.70811269607148
-136.71619202361572
-136.72398119809773
-136.7314896912798
-136.73872707454112
-136.74570300926771
-136.75242723711554
-136.75890957015704
-136.76515988092243
-136.77118809234676
-136.7770041676337
-136.78261810004724
-136.7880399026441
-136.79327959795833
-136.79834720764998
-136.80325274212888
-136.8080061901659
-136.81261750850322
-136.8170966114739
-136.82145336064164
-136.8256975544704
-136.82983891803374
-136.83388709277475
-136.83785162632617
-136.84174196240124
-136.84556743076533
-136.84933723730038
-136.8530604541751
-136.85674601013434
-136.8604026809211
-136.86403907984405
-136.86766364850146
-136.87128464767366
-136.87491014839443
-136.87854802321172
-136.88220593764814
-136.8858913418716
-136.88961146258558
-136.8933732951472
-136.89718359592158
-136.901048874881
-136.90497538845753
-136.9089691326573
-136.91303583644586
-136.91718095541356
-136.92140966573052
-136.92572685840096
-136.93013713382553
-136.93464479667992
-136.9392538511178
-136.9439679963056
-136.94879062229725
-136.95372480625602
-136.95877330903014
-136.96393857208946
-136.96922271482768
-136.97462753223445
-136.98015449294226
-136.9858047376521
-136.9915790779418
-136.99747799546017
-137.0035016415085
-137.0096498370116
-137.0159220728814
-137.02231751077434
-137.02883498424322
-137.03547300028382
-137.04222974127552
-137.04910306731486
-137.05609051894103
-137.06318932025138
-137.07039638240454
-137.07770830750806
-137.08512139288555
-137.09263163571714
-137.10023473804713
-137.1079261121528
-137.11570088626755
-137.1235539106507
-137.13147976399557
-137.13947276016677
-137.14752695525874
-137.15563615496546
-137.1637939222511
-137.17199358531127
-137.180228245816
-137.18849078742426
-137.19677388455978
-137.20507001143721
-137.21337145132713
-137.22167030604862
-137.22995850567816
-137.23822781846286
-137.24646986092455
-137.25467610814133
-137.26283790419404
-137.27094647276442
-137.2789929278705
-137.28696828472573
-137.2948634707094
-137.30266933643554
-137.31037666690884
-137.31797619275596
-137.3254586015213
-137.33281454901578
-137.3400346707075
-137.34710959314077
-137.35402994537174
-137.36078637040634
-137.36736953662614
-137.37377014918764
-137.37997896138188
-137.38598678594087
-137.39178450627844
-137.39736308765293
-137.4027135882394
-137.40782717009995
-137.4126951100401
-137.41730881033948
-137.42165980934521
-137.42573979191468
-137.4295405996935
-137.43305424121502
-137.43627290180655
-137.43918895328682
-137.44179496344157
-137.44408370526378
-137.4460481659463
-137.4476815556153
-137.44897731579306
-137.44992912757846
-137.45053091953343
-137.45077687526407
-137.45066144068653
-137.45017933096926
-137.44932553714227
-137.44809533236582
-137.44648427785194
-137.44448822843344
-137.44210333777676
-137.4393260632338
-137.43615317032925
-137.43258173687957
-137.4286091567409
-137.42423314318228
-137.41945173188208
-137.41426328354567
-137.4086664861444
-137.40266035677666
-137.3962442431524
-137.38941782470317
-137.38218111331992
-137.37453445372114
-137.3664785234522
-137.35801433251652
-137.3491432226391
-137.33986686616174
-137.33018726456964
-137.32010674664969
-137.30962796628057
-137.29875389985602
-137.28748784334323
-137.27583340897888
-137.26379452160506
-137.25137541464971
-137.23858062575744
-137.2254149920749
-137.2118836451956
-137.19799200576824
-137.1837457777716
-137.1691509424587
-137.15421375197354
-137.13894072264532
-137.12333862796493
-137.10741449124725
-137.09117557798322
-137.0746293878858
-137.05778364663342
-137.0406462973142
-137.02322549157543
-137.00552958048502
-136.98756710511338
-136.96934678684443
-136.9508775174245
-136.93216834875875
-136.91322848246477
-136.89406725919275
-136.87469414772113
-136.85511873383757
-136.8353507090162
-136.81539985890208
-136.7952760516132
-136.7749892258712
-136.75454937897211
-136.7339665546101
-136.7132508305674
-136.6924123062854
-136.67146109033297
-136.65040728778877
-136.62926098755474
-136.60803224961887
-136.5867310922872
-136.56536747940413
-136.54395130757803
-136.52249239343018
-136.50100046088528
-136.47948512852145
-136.45795589699924
-136.4364221365886
-136.41489307481334
-136.39337778423214
-136.37188517037475
-136.35042395985124
-136.32900268865365
-136.3076296906686
-136.28631308641866
-136.26506077204863
-136.2438804085732
-136.22277941140305
-136.2017649401639
-136.18084388882176
-136.16002287612696
-136.13930823639157
-136.118706010614
-136.0982219379648
-136.07786144764736
-136.05762965114718
-136.03753133488271
-136.01757095327025
-135.99775262221442
-135.97808011303619
-135.9585568468499
-135.93918588939982
-135.9199699463661
-135.90091135914963
-135.88201210114426
-135.86327377450402
-135.84469760741376
-135.82628445187015
-135.8080347819789
-135.7899486927745
-135.77202589956892
-135.7542657378333
-135.73666716361458
-135.7192287544899
-135.70194871106082
-135.68482485898744
-135.66785465156113
-135.65103517281523
-135.63436314117075
-135.61783491361257
-135.60144649039125
-135.58519352024496
-135.569071306134
-135.5530748114802
-135.5371986669013
-135.52143717743024
-135.50578433020837
-135.49023380263998
-135.47477897099407
-135.45941291943836
-135.4441284494901
-135.42891808986815
-135.41377410673022
-135.39868851427923
-135.38365308572247
-135.36865936456888
-135.3536986762483
-135.33876214003567
-135.32384068126248
-135.30892504379858
-135.29400580278707
-135.27907337761428
-135.26411804509428
-135.24912995284774
-135.2340991328541
-135.21901551515646
-135.20386894169712
-135.18864918026145
-135.1733459385049
-135.15794887803747
-135.14244762853843
-135.1268318018732
-135.11109100618467
-135.09521485992957
-135.07919300583092
-135.06301512471725
-135.04667094922058
-135.03015027730532
-135.01344298560105
-134.99653904251238
-134.97942852108156
-134.96210161158035
-134.94454863380918
-134.92676004907992
-134.90872647185995
-134.89043868105534
-134.8718876309132
-134.85306446152583
-134.83396050891963
-134.81456731471337
-134.79487663533348
-134.77488045077496
-134.75457097289757
-134.73394065324862
-134.71298219040466
-134.6916885368256
-134.6700529052174
-134.6480687744014
-134.62572989468993
-134.60303029276872
-134.57996427608725
-134.55652643675978
-134.53271165498097
-134.50851510196037
-134.48393224238032
-134.45895883638184
-134.4335909410853
-134.40782491165476
-134.38165740191616
-134.3550853645407
-134.32810605080348
-134.30071700992707
-134.2729160880211
-134.24470142662935
-134.2160714608968
-134.18702491736926
-134.15756081143795
-134.1276784444436
-134.0973774004536
-134.0666575427268
-134.03551900987972
-134.00396221176774
-133.9719878250954
-133.93959678877
-133.90679029901239
-133.8735698042395
-133.83993699973266
-133.80589382210687
-133.771442443597
-133.73658526617814
-133.70132491553804
-133.66566423491972
-133.62960627885295
-133.59315430679348
-133.55631177668906
-133.5190823384904
-133.48146982762464
-133.44347825844906
-133.40511181770066
-133.36637485795617
-133.32727189111696
-133.2878075819327
-133.24798674157623
-133.20781432127987
-133.16729540604328
-133.12643520842184
-133.08523906240347
-133.04371241738076
-133.00186083222306
-132.95968996945314
-132.91720558953054
-132.87441354524273
-132.83131977620448
-132.78793030346444
-132.74425122421732
-132.70028870661915
-132.6560489847038
-132.6115383533988
-132.56676316363993
-132.52172981758483
-132.47644476392426
-132.43091449329015
-132.3851455337592
-132.33914444645208
-132.29291782122843
-132.24647227247735
-132.19981443500248
-132.15295095999792
-132.10588851111103
-132.05863376058707
-132.0111933854905
-131.9635740639978
-131.9157824717574
-131.86782527831107
-131.81970914357132
-131.77144071434847
-131.7230266209219
-131.67447347364984
-131.62578785961156
-131.57697633927657
-131.5280454431954
-131.47900166870656
-131.42985147665533
-131.3806012881209
-131.33125748114728
-131.28182638747373
-131.23231428926326
-131.18272741582584
-131.1330719403356
-131.08335397653966
-131.03357957545606
-130.98375472205927
-130.93388533195045
-130.8839772480121
-130.83403623704677
-130.7840679864009
-130.73407810057526
-130.68407209782455
-130.63405540674805
-130.58403336287253
-130.53401120523094
-130.48399407294002
-130.4339870017811
-130.3839949207905
-130.33402264886658
-130.28407489139917
-130.23415623692708
-130.1842711538287
-130.13442398705226
-130.08461895489197
-130.0348601458173
-129.98515151536262
-129.93549688308426
-129.88589992959177
-129.8363641936589
-129.78689306942042
-129.73748980366142
-129.6881574932041
-129.6388990823984
-129.5897173607227
-129.5406149604996
-129.49159435473322
-129.44265785507363
-129.39380760991534
-129.34504560263483
-129.2963736499713
-129.24779340055508
-129.1993063335876
-129.15091375767722
-129.10261680983544
-129.05441645463745
-129.00631348355157
-128.95830851444234
-128.91040199125334
-128.86259418387507
-128.81488518820342
-128.76727492639347
-128.71976314731327
-128.67234942720174
-128.625033170534
-128.57781361109627
-128.5306898132687
-128.48366067351466
-128.43672492207278
-128.38988112484898
-128.3431276855035
-128.2964628477275
-128.24988469770216
-128.20339116673307
-128.15698003405208
-128.1106489297785
-128.06439533803103
-128.01821660018078
-127.97210991823574
-127.92607235834653
-127.88010085442347
-127.83419221185484
-127.78834311131705
-127.74255011266833
-127.69680965891685
-127.65111808025502
-127.60547159815253
-127.55986632950153
-127.51429829080492
-127.46876340240051
-127.42325749271397
-127.37777630253352
-127.33231548930105
-127.28687063141417
-127.24143723253435
-127.19601072589587
-127.15058647861174
-127.10515979597353
-127.05972592574103
-127.01428006241822
-126.96881735151335
-126.92333289378048
-126.87782174944023
-126.83227894237923
-126.78669946432849
-126.74107827902078
-126.69541032632749
-126.64969052637453
-126.60391378363755
-126.55807499101712
-126.5121690338944
-126.4661907941682
-126.42013515427487
-126.3739970011921
-126.32777123042871
-126.28145275000242
-126.23503648440709
-126.18851737857125
-126.14189040180992
-126.09515055177229
-126.04829285838747
-126.00131238780972
-125.95420424636387
-125.90696358449094
-125.85958560069395
-125.81206554548334
-125.7643987253212
-125.71658050656293
-125.66860631939511
-125.62047166176677
-125.57217210331163
-125.52370328925855
-125.47506094432657
-125.42624087660153
-125.37723898139046
-125.32805124504961
-125.27867374878048
-125.22910267238836
-125.17933429799729
-125.12936501371547
-125.07919131724526
-125.02880981943196
-124.97821724774536
-124.92741044968824
-124.87638639612732
-124.8251421845427
-124.77367504219063
-124.72198232917384
-124.67006154141387
-124.61791031351953
-124.5655264215456
-124.51290778563674
-124.46005247255067
-124.40695869805512
-124.35362482919328
-124.30004938641201
-124.24623104554786
-124.19216863966591
-124.13786116074704
-124.08330776122074
-124.0285077553412
-123.97346062040555
-123.91816599781379
-123.8626236939694
-123.80683368102058
-123.75079609744233
-123.69451124846051
-123.63797960631808
-123.58120181038333
-123.52417866709976
-123.46691114977824
-123.4094003982321
-123.3516477182547
-123.29365458093906
-123.23542262183952
-123.1769536399758
-123.11824959667882
-123.05931261427753
-123.0001449746258
-122.94074911746672
-122.88112763863175
-122.8212832880718
-122.7612189677182
-122.70093772917146
-122.64044277121631
-122.57973743716256
-122.51882521201212
-122.45770971945335
-122.39639471868479
-122.3348841010707
-122.27318188663178
-122.21129222037443
-122.14921936846308
-122.08696771424108
-122.02454175410632
-121.96194609324759
-121.89918544124923
-121.83626460757141
-121.77318849691407
-121.70996210447349
-121.64659051110122
-121.58307887837547
-121.51943244359386
-121.45565651469705
-121.39175646513324
-121.32773772867215
-121.2636057941774
-121.19936620034507
-121.13502453041615
-121.07058640686982
-121.0060574861041
-120.94144345311013
-120.8767500161462
-120.81198290141587
-120.74714784775442
-120.68225060132879
-120.61729691035582
-120.55229251984387
-120.48724316636348
-120.4221545728522
-120.35703244345864
-120.29188245843072
-120.2267102690535
-120.1615214926408
-120.09632170758486
-120.03111644846824
-119.96591120124235
-119.90071139847696
-119.83552241468537
-119.77034956173047
-119.705198084316
-119.64007315556846
-119.57497987271533
-119.50992325286545
-119.44490822889672
-119.37993964545653
-119.31502225507988
-119.25016071442978
-119.18535958066438
-119.12062330793451
-119.05595624401478
-118.99136262707138
-118.92684658256887
-118.86241212031784
-118.79806313166516
-118.73380338682799
-118.66963653237238
-118.60556608883635
-118.54159544849702
-118.477727873281
-118.41396649281685
-118.35031430262748
-118.28677416245924
-118.22334879474423
-118.16004078319114
-118.09685257150093
-118.03378646220361
-117.97084461561374
-117.90802904890248
-117.84534163528375
-117.78278410331339
-117.72035803629993
-117.65806487182627
-117.59590590138228
-117.5338822701074
-117.47199497664329
-117.41024487309713
-117.34863266511505
-117.28715891206562
-117.22582402733386
-117.16462827872695
-117.10357178899326
-117.04265453645601
-116.98187635576417
-116.92123693876309
-116.86073583548696
-116.80037245527618
-116.74014606802271
-116.68005580554589
-116.62010066309998
-116.56027950101489
-116.50059104647133
-116.44103389541127
-116.38160651458432
-116.32230724372906
-116.26313429788709
-116.20408576984758
-116.14515963271813
-116.0863537426184
-116.02766584149234
-115.96909356003587
-115.91063442073713
-115.85228584102575
-115.79404513652858
-115.7359095244282
-115.67787612692021
-115.6199419747658
-115.56210401093452
-115.50435909433284
-115.44670400361284
-115.38913544105586
-115.33165003652405
-115.27424435147319
-115.2169148830192
-115.15965806805175
-115.10247028738766
-115.04534786995649
-114.98828709701084
-114.93128420635392
-114.87433539657664
-114.81743683129665
-114.76058464339238
-114.70377493922584
-114.64700380284798
-114.59026730018049
-114.53356148316801
-114.47688239389471
-114.42022606865932
-114.36358854200445
-114.30696585069587
-114.25035403764674
-114.19374915578238
-114.1371472718405
-114.08054447010296
-114.02393685605513
-113.96732055996871
-113.91069174040355
-113.85404658762492
-113.79738132693332
-113.74069222190373
-113.68397557753191
-113.62722774328542
-113.57044511605706
-113.51362414301856
-113.45676132437247
-113.3998532160008
-113.34289643200954
-113.28588764716768
-113.22882359924041
-113.1717010912155
-113.11451699342332
-113.05726824555042
-112.99995185854733
-112.94256491643218
-112.88510457799067
-112.82756807837303
-112.76995273058903
-112.71225592690281
-112.65447514012921
-112.5966079248334
-112.53865191843558
-112.48060484222152
-112.42246450226061
-112.36422879023134
-112.3058956841543
-112.24746324903198
-112.18892963739417
-112.1302930897473
-112.07155193492737
-112.01270459035642
-111.95374956220293
-111.89468544544742
-111.83551092385439
-111.77622476985188
-111.71682584432007
-111.65731309628893
-111.59768556254494
-111.53794236714702
-111.47808272085206
-111.4181059204501
-111.35801134801113
-111.29779847004397
-111.23746683656827
-111.17701608010066
-111.1164459145574
-111.05575613407507
-110.9949466117506
-110.93401729830305
-110.87296822065889
-110.8117994804636
-110.75051125252139
-110.6891037831648
-110.62757738855555
-110.56593245291708
-110.50416942669892
-110.44228882467223
-110.38029122395619
-110.31817726197562
-110.25594763435072
-110.19360309271883
-110.13114444248811
-110.06857254052375
-110.00588829276774
-109.94309265179265
-109.88018661429078
-109.81717121849988
-109.75404754156796
-109.69081669686011
-109.6274798312104
-109.56403812212295
-109.5004927749261
-109.43684501988275
-109.37309610925956
-109.30924731435687
-109.245299922502
-109.18125523400884
-109.11711455910618
-109.0528792148384
-108.98855052194106
-108.92412980169341
-108.85961837274907
-108.7950175479459
-108.73032863109607
-108.66555291375651
-108.60069167198047
-108.53574616305103
-108.47071762219774
-108.40560725929821
-108.340416255568
-108.27514576024224
-108.2097968872523
-108.14437071190115
-108.07886826754167
-108.01329054226254
-107.94763847558589
-107.88191295518116
-107.8161148135997
-107.75024482503487
-107.68430370211273
-107.61829209271853
-107.55221057686445
-107.48605966360331
-107.41983978799406
-107.35355130812432
-107.2871945021967
-107.22076956568593
-107.15427660857323
-107.08771565266396
-107.02108662899546
-106.95438937534082
-106.88762363381372
-106.82078904857812
-106.75388516366579
-106.6869114209039
-106.61986715795442
-106.55275160646735
-106.48556389035147
-106.41830302416483
-106.35096791162673
-106.28355734425153
-106.21607000010508
-106.14850444268424
-106.08085911992018
-106.01313236330483
-105.9453223871403
-105.8774272879102
-105.80944504377234
-105.74137351417173
-105.6732104395729
-105.60495344131024
-105.53660002155479
-105.46814756339697
-105.39959333104443
-105.33093447013366
-105.2621680081547
-105.19329085498836
-105.1242998035552
-105.05519153057568
-104.9859625974419
-104.91660945120097
-104.8471284256494
-104.77751574253816
-104.7077675128888
-104.63787973842132
-104.56784831309433
-104.49766902475729
-104.4273375569149
-104.35684949060347
-104.28620030637917
-104.21538538641899
-104.14440001673445
-104.0732393894993
-104.00189860549149
-103.93037267665132
-103.85865652875721
-103.7867450042191
-103.71463286498984
-103.64231479559324
-103.5697854062674
-103.49703923622083
-103.42407075699823
-103.35087437595321
-103.27744443982438
-103.20377523841212
-103.12986100835265
-103.0556959369846
-102.98127416630275
-102.9065897969926
-102.83163689253963
-102.75640948340602
-102.68090157126808
-102.60510713330844
-102.52902012655643
-102.45263449227042
-102.37594416035523
-102.29894305380861
-102.22162509319088
-102.14398420111371
-102.06601430674453
-101.98770935032331
-101.90906328768739
-101.83007009479974
-101.75072377227553
-101.67101834990063
-101.5909478911355
-101.51050649759821
-101.4296883135201
-101.34848753016848
-101.26689839023123
-101.184915192157
-101.10253229444521
-101.01974411988061
-100.93654515970837
-100.85292997774485
-100.76889321441962
-100.68442959074497
-100.59953391220932
-100.51420107259099
-100.42842605768925
-100.34220394896948
-100.25552992711965
-100.16839927551547
-100.08080738359165
-99.99274975011683
-99.90422198636888
-99.8152198192078
-99.7257390940437
-99.63577577769824
-99.54532596115818
-99.45438586221967
-99.3629518280216
-99.27102033746694
-99.17858800353206
-99.08565157546404
-98.99220794086516
-98.89825412766315
-98.80378730596492
-98.70880478979181
-98.61330403869424
-98.51728265924446
-98.4207384064071
-98.3236691847864
-98.22607304974979
-98.12794820842684
-98.02929302058287
-97.93010599936638
-97.83038581193038
-97.73013127992833
-97.62934137988604
-97.52801524345139
-97.42615215752326
-97.32375156426102
-97.22081306097576
-97.11733639990294
-97.01332148785562
-96.90876838575721
-96.80367730805327
-96.69804862200161
-96.59188284683992
-96.48518065282965
-96.37794286017689
-96.27017043783158
-96.16186450216802
-96.05302631554937
-95.94365728477945
-95.83375895944371
-95.72333303014253
-95.61238132661927
-95.50090581578493
-95.38890859964036
-95.27639191309734
-95.16335812170033
-95.04980971925082
-94.93574932533741
-94.82117968277431
-94.7061036549509
-94.59052422309493
-94.47444448345176
-94.35786764438139
-94.24079702337464
-94.1232360439899
-94.00518823271194
-93.88665721573524
-93.76764671567447
-93.64816054820496
-93.52820261863623
-93.40777691842244
-93.2868875216126
-93.16553858124395
-93.04373432568117
-92.92147905490425
-92.79877713674831
-92.67563300309838
-92.55205114604213
-92.42803611398371
-92.303592507722
-92.17872497649616
-92.05343821400187
-91.92773695438223
-91.80162596819719
-91.67511005837582
-91.54819405615501
-91.42088281700842
-91.29318121656922
-91.1650941465507
-91.03662651066895
-90.90778322057236
-90.77856919178271
-90.64898933965173
-90.51904857533611
-90.38875180179366
-90.25810390980268
-90.1271097740057
-89.99577424897893
-89.86410216532965
-89.73209832582381
-89.59976750154635
-89.4671144280984
-89.33414380183547
-89.20086027615105
-89.06726845780929
-88.9333729033293
-88.79917811542303
-88.66468853948969
-88.52990856016912
-88.39484249795667
-88.25949460588218
-88.12386906625578
-87.98796998748331
-87.85180140095393
-87.71536725800159
-87.57867142694191
-87.44171769018509
-87.30450974142603
-87.16705118291246
-87.02934552279235
-86.89139617254249
-86.75320644448071
-86.61477954936434
-86.4761185940764
-86.33722657940073
-86.19810639788726
-86.05876083180962
-85.91919255121726
-85.77940411208348
-85.63939795455028
-85.49917640127009
-85.35874165584548
-85.21809580136741
-85.07724079905276
-84.93617848698167
-84.79491057893651
-84.65343866334385
-84.51176420232227
-84.36988853083776
-84.22781285596861
-84.08553825628152
-83.94306568132012
-83.80039595120488
-83.65752975634402
-83.51446765725572
-83.3712100845016
-83.2277573387307
-83.08410959083366
-82.9402668822067
-82.79622912512487
-82.65199610322402
-82.50756747209023
-82.36294275995495
-82.21812136849412
-82.07310257372951
-81.92788552703094
-81.78246925621893
-81.63685266676755
-81.49103454310655
-81.34501355002244
-81.19878823415895
-81.05235702561784
-80.90571823965975
-80.75887007850447
-80.61181063322995
-80.46453788576919
-80.31704971100415
-80.16934387895579
-80.02141805706988
-79.8732698125977
-79.72489661507046
-79.57629583886552
-79.42746476586211
-79.27840058818464
-79.12910041103186
-78.97956125559023
-78.82978006202842
-78.67975369256948
-78.52947893463653
-78.37895250406876
-78.2281710484038
-78.07713115022312
-77.92582933055661
-77.77426205234127
-77.62242572393035
-77.47031670264909
-77.31793129839463
-77.16526577727842
-77.01231636530946
-76.8590792521166
-76.70555059470784
-76.55172652126377
-76.39760313496178
-76.24317651782808
-76.08844273461379
-75.93339783669232
-75.77803786597546
-75.62235885884688
-75.4663568501117
-75.3100278769612
-75.15336798295202
-74.99637322199776
-74.83903966237044
-74.68136339070888
-74.52334051603025
-74.36496717374125
-74.20623952964563
-74.04715378394438
-73.8877061752248
-73.72789298443466
-73.56771053883766
-73.40715521594674
-73.24622344743145
-73.0849117229952
-72.92321659421802
-72.76113467835987
-72.59866266212006
-72.43579730534807
-72.27253544470105
-72.10887399724405
-71.9448099639898
-71.7803404333745
-71.61546258466618
-71.45017369130167
-71.28447112414895
-71.11835235469042
-70.95181495812383
-70.7848566163772
-70.61747512103406
-70.44966837616525
-70.28143440106348
-70.1127713328776
-69.9436774291432
-69.774151070207
-69.60419076154274
-69.43379513595603
-69.26296295567586
-69.09169311433034
-68.91998463880454
-68.74783669097862
-68.57524856934482
-68.40221971050222
-68.22874969052772
-68.05483822622195
-67.8804851762285
-67.70569054202566
-67.53045446879027
-67.35477724613374
-67.17865930870956
-67.00210123669122
-66.82510375611999
-66.64766773912204
-66.46979420399526
-66.2914843151654
-66.11273938301173
-65.93356086356238
-65.75395035805985
-65.5739096123977
-65.39344051642888
-65.21254510314623
-65.03122554773523
-64.84948416649905
-64.66732341565591
-64.4847458900096
-64.30175432149406
-64.11835157759367
-63.93454065964073
-63.750324700991705
-63.56570696508407
-63.38069084337564
-63.19527985316835
-63.00947763531922
-62.8232879518419
-62.63671468340248
-62.44976182671359
-62.262433491830556
-62.074733899353184
-61.88666737753634
-61.69823835931264
-61.509451379230356
-61.3203110703103
-61.130822160824934
-60.94098947100285
-60.75081790966179
-60.56031247077367
-60.36947822996511
-60.178320340956624
-59.98684403194333
-59.79505460192045
-59.60295741695641
-59.410557906416365
-59.21786155913899
-59.02487391956877
-58.831600583845876
-58.63804719585588
-58.444219443241856
-58.250123053381486
-58.0557637893323
-57.861147445747946
-57.666279844768525
-57.47116683188844
-57.27581427180533
-57.080228044254255
-56.8844140398306
-56.68837815580545
-56.49212629193673
-56.295664346279544
-56.098998210999206
-55.90213376819073
-55.70507688570856
-55.50783341301027
-55.31040917701838
-55.1128099780046
-54.915041585500965
-54.717109734242136
-54.519020120142855
-54.32077839631468
-54.12239016912555
-53.923860994305485
-53.725196373101895
-53.52640174848814
-53.32748250142903
-53.12844394720709
-52.929291331812934
-52.730029828403715
-52.530664533833324
-52.33120046525767
-52.13164255681847
-51.931995656409136
-51.73226452252624
-51.53245382120952
-51.33256812307332
-51.1326119004321
-50.93258952452232
-50.732505262823004
-50.53236327647693
-50.332167617813866
-50.13192222797744
-49.93163093465745
-49.731297449929286
-49.53092536820196
-49.33051816427593
-49.1300791915117
-48.9296116801105
-48.72911873550834
-48.528603336885276
-48.32806833579155
-48.12751645489157
-47.926950286826575
-47.72637229319661
-47.525784803662695
-47.32519001516993
-47.124589991291764
-46.923986661694805
-46.723381821723585
-46.52277713210479
-46.322174118770974
-46.12157417280331
-45.920978550492904
-45.72038837351964
-45.51980462924756
-45.31922817113643
-45.1186597192693
-44.91809986099615
-44.71754905169341
-44.51700761563942
-44.31647574700609
-44.11595351096671
-43.915440844919296
-43.71493755982434
-43.514443341656296
-43.313957752967305
-43.113480234561884
-42.91301010728123
-42.712546573895715
-42.51208872110382
-42.31163552163579
-42.111185836460294
-41.91073841709269
-41.710291908003086
-41.50984484912246
-41.30939567844476
-41.108942734722945
-40.90848426025704
-40.70801840377263
-40.50754322338778
-40.30705668966586
-40.10655668875162
-39.90604102558799
-39.70550742721135
-39.50495354612237
-39.304376963729645
-39.103775193862894
-38.903145686352694
-38.70248583067407
-38.501792959650935
-38.30106435321848
-38.1002972422407
-37.89948881238003
-37.69863620801563
-37.497736536206915
-37.296786870698455
-37.095784255962386
-36.894725711274546
-36.69360823482053
-36.492428807827636
-36.29118439871886
-36.08987196728501
-35.888488468871266
-35.68703085857411
-35.48549609544444
-35.283881146692416
-35.08218299188997
-34.88039862716665
-34.67852506939449
-34.47655936035765
-34.274498570902246
-34.072339805062
-33.870080204155585
-33.66771695085171
-33.46524727319792
-33.262668448609304
-33.059977807813254
-32.85717273874582
-32.654250690395656
-32.45120917659105
-32.248045779725516
-32.04475815441784
-31.841344031102093
-31.637801219543203
-31.43412761227372
-31.23032118794753
-31.02638001460678
-30.822302252858798
-30.618086158959976
-30.413730087803675
-30.209232495809392
-30.00459194371054
-29.799807099238354
-29.594876739699533
-29.389799754445463
-29.184575147231058
-28.979202038461167
-28.773679667322753
-28.56800739380101
-28.36218470057777
-28.15621119481052
-27.9500866097902
-27.7438108064761
-27.537383774906413
-27.330805635482914
-27.124076640128216
-26.917197173314158
-26.710167752960082
-26.502989031199668
-26.29566179501507
-26.088186966737315
-25.88056560441183
-25.67279890202835
-25.464888189614616
-25.256834933193634
-25.048640734604138
-24.84030733118388
-24.631836595315548
-24.42323053383521
-24.21449128730336
-24.005621129139058
-23.79662246461788
-23.587497829734414
-23.378249889930057
-23.168881438687233
-22.959395395991347
-22.749794806662003
-22.540082838554945
-22.330262780636524
-22.120338040932573
-21.910312144353774
-21.700188730399834
-21.48997155074473
-21.279664466705317
-21.06927144659564
-20.85879656296952
-20.64824398975428
-20.437617999278686
-20.226922959198347
-20.016163329321884
-19.80534365834133
-19.594468580470462
-19.383542811994896
-19.172571147737738
-18.96155845744438
-18.750509682090193
-18.539429830114766
-18.328323973586144
-18.117197244298744
-17.906054829808674
-17.694901969410274
-17.483743950057836
-17.272586102236765
-17.06143379578838
-16.850292435692484
-16.63916745781211
-16.42806432460441
-16.216988520801838
-16.00594554906759
-15.794940925629191
-15.583980175894226
-15.373068830052333
-15.162212418667464
-14.951416468264368
-14.740686496913252
-14.530028009816657
-14.31944649490266
-14.108947418428494
-13.89853622059878
-13.688218311202542
-13.477999065273202
-13.267883818775807
-13.057877864325638
-12.84798644694242
-12.638214759844308
-12.428567940285777
-12.219051065443526
-12.009669148354465
-11.800427133909723
-11.59132989490847
-11.382382228175288
-11.173588850744707
-10.964954396116482
-10.756483410585103
-10.548180349647025
-10.340049574489198
-10.13209534856244
-9.924321834243141
-9.716733089586736
-9.509333065176174
-9.302125601068562
-9.095114423843192
-8.888303143754058
-8.681695251989815
-8.475294118044017
-8.269102987198435
-8.063124978122095
-7.857363080588481
-7.651820153313242
-7.446498921914684
-7.241401976999123
-7.03653177237304
-6.8318906233838
-6.627480705390575
-6.423304052366979
-6.2193625556367556
-6.015657962743687
-5.812191876456748
-5.608965753911424
-5.405980905887905
-5.203238496226763
-5.000739541382574
-4.79848491011577
-4.5964753233229
-4.394711354005331
-4.193193427376304
-3.991921821106149
-3.790896665705345
-3.590117945045003
-3.3895854970142496
-3.189299014313871
-2.9892580453854047
-2.789461995474794
-2.589910127829592
-2.3906015650285446
-2.1915352904422467
-1.9927101498234574
-1.7941248530255092
-1.5957779758471262
-1.3976679620018544
-1.199793125210195
-1.0021516514124102
-0.8047416010998515
-0.6075609117625539
-0.4106074004507385
-0.2138787664477711
-0.01737259405202031
0.1789136445350543
0.3749825862173625
0.5708369739120703
0.7664796533598915
0.9619135698408627
1.1571417647987756
1.352167372377528
1.5469936158727402
1.7416238041020717
1.9360613276977587
2.1303096553249827
2.324372329829761
2.518252964320126
2.7119552381844305
2.9054828930506824
3.0988397286908493
3.292029598874136
3.4850564071732633
3.6779241027278284
3.870636675968879
4.063198154308901
4.255612597801475
4.447884094774894
4.640016757444076
4.832014717505189
5.023882121717399
5.215623127476207
5.407241898382823
5.598742599814097
5.790129394497501
5.981406438095686
6.172577874805068
6.363647832972906
6.554620420737285
6.745499721694406
6.93628979059759
7.126994649092367
7.317618281491924
7.5081646305971015
7.6986375935650475
7.889041017830644
8.079378697084772
8.269654367313425
8.459871702901697
8.650034312806614
8.840145736802596
9.030209441803214
9.220228818262788
9.410207176661359
9.600147744076473
9.790053660845153
9.979927977319386
10.169773650718364
10.359593542080555
10.549390413318488
10.739166924379017
10.928925630511895
11.118668979649383
11.30839930989971
11.4981188471571
11.687829702830939
11.877533871696542
12.067233229869743
12.256929532907593
12.446624414037219
12.636319382514772
12.826015822116222
13.015714989761594
13.20541801427419
13.395125895276058
13.584839502220794
13.77455957356438
13.964286716074632
14.154021404279781
14.343763980056472
14.533514652357264
14.723273497077466
14.913040457060982
15.102815342244735
15.292597829941268
15.482387465258778
15.672183661657852
15.861985701644114
16.051792737595818
16.2416037927254
16.431417762173794
16.62123341423613
16.811049391717475
17.000864213417117
17.19067627573958
17.38048385443054
17.570285106435637
17.760078071880162
17.949860676167493
18.139630732193982
18.329385942677824
18.519123902599382
18.708842101750427
18.898537927389746
19.088208667002327
19.277851511158897
19.467463556472634
19.657041808649833
19.8465831856312
20.036084520820392
20.22554256639614
20.414953996704156
20.604315411725082
20.7936233406146
20.98287424531179
21.17206452421189
21.36119051589958
21.550248502938704
21.739234715714193
21.928145336321936
22.116976502502443
22.305724311614032
22.494384824641347
22.682954070235162
22.87142804877937
23.059802736480954
23.248074089478884
23.43623804796804
23.624290540334222
23.812227487296337
24.000044806051687
24.187738414420306
24.375304234984224
24.562738199217574
24.75003625160336
24.937194353732806
25.124208488383303
25.311074663571148
25.497788916575487
25.68434731792975
25.870745975376835
26.0569810377845
26.243048699017283
26.428945201761383
26.614666841298902
26.800209969227854
26.9855709971245
27.1707464001447
27.35573272056117
27.540526571233634
27.725124639008975
27.909523688048345
28.093720563077873
28.2777121925599
28.461495591781865
28.645067865860224
28.82842621265672
29.011567925604307
29.194490396440155
29.377191117843292
29.55966768597446
29.74191780291605
29.923939279010142
30.105730035092677
30.287288104622064
30.468611635700654
30.649698892987235
30.830548259498674
31.011158238298922
31.191527454073654
31.37165465458867
31.551538712030496
31.731178624227514
31.91057351575018
32.089722638888965
32.26862537450862
32.447281232777506
32.6256898537709
32.803851007947436
32.98176459649765
33.15943065156387
33.33684933633078
33.51402094498582
33.69094590254896
33.86762476457058
34.044058216697024
34.22024707410317
34.39619228079174
34.571894908759404
34.747356157029955
34.92257735055499
35.09755993898277
35.2723054952957
35.44681571431737
35.621092411090515
35.795137519127266
35.96895308853307
36.14254128400571
36.315904382710436
36.489044772032535
36.66196494720847
36.834667508836866
37.00715516027105
37.17943070489479
37.351497043283466
37.5233571702526
37.695014171796
37.86647122191578
38.03773157934676
38.20879858417731
38.37967565436963
38.55036628218243
38.72087403049892
38.89120252906355
39.061355470631156
39.231336607031835
39.401149745155124
39.57079874285694
39.740287504793
39.90961997818255
40.07880014850605
40.24783203514079
40.416719686937995
40.58546717774527
40.75407860187801
40.9225580695433
41.0909097022199
41.259137627997575
41.42724597687925
41.5952388760498
41.76312044511588
41.930894791321414
42.09856600474354
42.26613815347361
42.43361527878779
42.60100139031187
42.768300461185454
42.93551642323013
43.10265316212668
43.26971451260648
43.43670425366265
43.603626103785764
43.7704837162292
43.9372806743088
44.1040204867415
44.270706583027625
44.437342308881696
44.6039309217161
44.770475586182854
44.93697936977823
45.10344523851525
45.26987605266835
45.436274562594704
45.602643404636424
45.768985097107944
45.93530203637279
46.10159649301393
46.267870608101205
46.4341263895591
46.60036570863822
46.76659029649478
46.93280174088217
47.09900148295897
47.265190814217036
47.43137087353315
47.59754264434704
47.76370695196825
47.92986446101431
48.09601567298332
48.262160923964096
48.4283003824872
48.59443404752013
48.760561746609675
48.92668313417405
49.09279768994721
49.25890471757739
49.42500334338123
49.59109251525515
49.75717100174486
49.92323739127473
50.08929009153896
50.255327329056534
50.421347148891606
50.58734741454052
50.753325807986386
50.91927982992175
51.08520680013973
51.25110385809401
51.41696796362757
51.58279589787006
51.74858426430339
51.9143294899952
52.08002782699967
52.24567535392484
52.41126797766478
52.57680143529521
52.74227129613101
52.907672963944236
53.073001679340706
53.238252522293266
53.40342041482987
53.56850012387403
53.733486264235495
53.89837330174894
54.06315555655866
54.22782720654724
54.39238229090618
54.556814713846656
54.721118248448455
54.88528654064502
55.04931311334227
55.21319137066846
55.37691460235127
55.54047598821845
55.70386860281784
55.86708542015251
56.030119318526694
56.19296308549824
56.35560942293328
56.51805095215796
56.68028021920217
56.84228970012956
57.00407180644803
57.165618890595034
57.3269232514916
57.487977140158236
57.648772765385885
57.80930229945527
57.969557883898105
58.12953163529373
58.28921565109498
58.448602015476624
58.60768280519959
58.766450095483876
58.924895965883465
59.08301250615618
59.24079182212152
59.39822604149917
59.55530731972134
59.712027845712484
59.86837984762961
60.02435559855648
60.17994742214522
60.33514769819895
60.48994886818933
60.644343440702855
60.79832399681014
60.95188319535269
61.105013778142265
61.25770857506841
61.4099605091099
61.56176260124578
61.71310797526211
61.86398986244995
62.01440160619051
62.1643366664237
62.313788623996736
62.462751184889775
62.61121818431524
62.759183590687876
62.90664150946309
63.05358618684158
63.200012013337805
63.34591352721019
63.49128541775132
63.636122528436196
63.780419859926376
63.92417257292731
64.06737599089666
64.21002560260098
64.35211706451878
64.49364620308859
64.63460901680043
64.77500167812951
64.91482053531075
65.05406211395234
65.19272311848658
65.3308004334558
65.46829112463149
65.60519243996544
65.74150181037209
65.87721685034222
66.01233535838827
66.14685531732192
66.28077489436504
66.41409244109451
66.54680649322205
66.67891577020993
66.81041917472413
66.94131579192577
67.07160488860183
67.20128591213592
67.33035848932019
67.45882242500994
67.58667770062351
67.7139244724903
67.84056307005022
67.96659399390813
68.09201791374716
68.21683566610437
68.3410482520124
68.4646568345101
68.58766273602606
68.7100674356389
68.83187256621835
68.95307991145097
69.07369140275426
69.19370911608263
69.31313526862897
69.43197221542567
69.55022244584819
69.66788858002423
69.78497336515142
69.90147967172612
70.01741048968557
70.13276892446555
70.2475581929761
70.36178161949766
70.47544263149979
70.58854475538539
70.70109161216311
70.8130869130502
70.92453445500848
71.03543811621671
71.14580185148225
71.2556296875955
71.36492571863141
71.47369410120166
71.5819390496614
71.6896648312752
71.79687576134711
71.9035761983206
72.00977053885367
72.11546321287506
72.22065867862682
72.3253614176997
72.42957593006633
72.53330672911784
72.63655833670964
72.73933527822294
72.84164207764798
72.9434832526955
73.04486330994268
73.14578674002053
73.24625801284992
73.34628157293332
73.44586183470847
73.5450031779709
73.64370994337116
73.74198642799263
73.83983688101557
73.93726549947235
74.03427642409827
74.13087373528265
74.22706144912434
74.3228435135951
74.4182238048138
74.5132061234342
74.60779419114976
74.70199164731821
74.79580204570767
74.88922885136664
74.98227543761898
75.0749450831848
75.16724096942762
75.25916617772891
75.35072368699055
75.44191637126546
75.5327469975169
75.62321822350664
75.7133325958127
75.80309254797585
75.89250039877454
75.98155835062796
76.07026848812718
76.15863277669423
76.2466530613686
76.33433106572143
76.42166839089676
76.50866651477925
76.59532679128684
76.68165044978714
76.76763859463672
76.85329220484194
76.93861213383987
77.0235991093984
77.10825373363453
77.19257648314995
77.27656770928282
77.36022763847366
77.44355637274334
77.52655389028082
77.60922004613845
77.69155457303198
77.77355708224236
77.85522706461661
77.93656389166468
78.01756681674892
78.09823497636246
78.17856739149245
78.25856296906518
78.33822050346994
78.41753867815767
78.49651606730977
78.57515113757286
78.6534422498557
78.73138766118446
78.80898552661274
78.88623390118364
78.9631307419415
79.03967390999112
79.11586117260238
79.19169020535874
79.26715859434849
79.34226383839696
79.41700335133892
79.49137446433106
79.56537442820486
79.63900041585937
79.71224952469375
79.78511877907916
79.85760513287
79.92970547195439
80.00141661684343
80.0727353252989
80.14365829499839
80.21418216623734
80.28430352466724
80.35401890406918
80.42332478916167
80.49221761844224
80.56069378706214
80.6287496497326
80.6963815236614
80.76358569151837
80.83035840442865
80.89669588499278
80.96259433033329
81.02804991516707
81.09305879490235
81.1576171087582
81.22172098290453
81.28536653361932
81.3485498704609
81.4112670994519
81.47351432627222
81.53528765945892
81.5965832136114
81.65739711259978
81.71772549277394
81.77756450617069
81.83691032371742
81.89575913843073
81.95410716860938
82.01195066101975
82.06928589407251
82.12610918098842
82.18241687295217
82.23820536225294
82.2934710854109
82.34821052628884
82.40242021918762
82.45609675192402
82.50923676888961
82.56183697408842
82.6138941341505
82.66540508131853
82.71636671640586
82.76677601172453
82.81663001398199
82.86592584714454
82.91466071526595
82.96283190527954
83.01043678975232
83.0574728295996
83.10393757675895
83.14982867682211
83.19514387162378
83.23988100178606
83.28403800921667
83.32761293955816
83.37060394458497
83.41300928454537
83.45482733044487
83.49605656626746
83.53669559113116
83.57674312137449
83.61619799257092
83.6550591614692
83.69332570785737
83.73099683634935
83.76807187809284
83.80455029239734
83.84043166828037
83.8757157259309
83.91040231808934
83.9444914313446
83.97798318734868
84.01087784394889
84.04317579623734
84.07487757751682
84.1059838601812
84.1364954565085
84.1664133193654
84.1957385428214
84.22447236267072
84.25261615686128
84.28017144583015
84.30713989274471
84.33352330364863
84.35932362751174
84.38454295618243
84.4091835242395
84.43324770873988
84.4567380288583
84.47965714541425
84.50200786028307
84.52379311568876
84.5450159933767
84.56567971366366
84.58578763436293
84.60534324958218
84.62435018839238
84.64281221336654
84.66073321898654
84.67811722991763
84.69496839914922
84.71129100600052
84.72708945398921
84.74236826856117
84.7571320946791
84.77138569426808
84.78513394351688
84.79838183003318
84.81113444985073
84.82339700428707
84.8351747966513
84.84647322880159
84.85729779755326
84.86765409093965
84.87754778432878
84.88698463639986
84.8959704849836
84.90451124277087
84.91261289289417
84.92028148438709
84.92752312752708
84.93434398906737
84.94075028736387
84.94674828740307
84.95234429573799
84.95754465533918
84.96235574036797
84.966783950879
84.97083570745968
84.97451744581468
84.97783561130353
84.98079665343931
84.98340702035699
84.9856731532596
84.98760148085029
84.98919841375806
84.99047033896494
84.9914236142427
84.99206456260805
84.99239946680456
84.9924345638197
84.9921760394447
84.99163002288486
84.99080258142834
84.9896997151805
84.98832735187187
84.98669134174764
84.98479745254684
84.98265136457945
84.98025866591087
84.97762484766275
84.97475529943966
84.97165530488877
84.96833003740022
84.96478455595428
84.96102380111978
84.95705259120922
84.95287561859521
84.94849744619313
84.9439225041138
84.93915508648837
84.93419934846798
84.92905930340038
84.9237388201854
84.91824162081099
84.91257127807108
84.90673121346703
84.90072469529326
84.89455483690637
84.88822459517559
84.88173676911225
84.87509399867616
84.86829876375674
84.86135338332627
84.85426001476338
84.84702065334403
84.83963713189809
84.8321111206306
84.82444412710748
84.81663749640501
84.80869241142199
84.8006098933534
84.79239080232429
84.78403583818357
84.77554554145723
84.76692029446048
84.7581603225679
84.74926569564086
84.74023632961023
84.73107198821269
84.72177228487935
84.71233668477537
84.70276450698888
84.69305492686696
84.68320697849565
84.67321955732193
84.6630914229152
84.65282120186536
84.64240739081508
84.63184835962299
84.62114235465428
84.61028750219468
84.59928181198386
84.58812318086397
84.5768093965384
84.56533814143579
84.55370699667473
84.5419134461237
84.52995488055096
84.51782860185874
84.5055318273965
84.49306169434787
84.48041526418585
84.46758952719078
84.45458140702583
84.4413877653639
84.42800540656076
84.41443108236756
84.40066149667716
84.38669331029887
84.37252314575566
84.35814759209852
84.34356320973181
84.32876653524367
84.31375408623653
84.29852236615322
84.28306786909472
84.26738708462521
84.25147650255899
84.23533261772359
84.21895193469418
84.20233097249347
84.18546626925131
84.16835438681737
84.15099191532151
84.13337547767667
84.11550173402001
84.09736738608824
84.07896918152214
84.06030391809638
84.04136844787074
84.02215968125863
84.0026745910083
83.98291021609138
83.96286366549343
83.94253212190146
83.92191284528433
83.90100317636215
83.87980053996141
83.85830244825279
83.83650650386919
83.81441040290103
83.79201193776593
83.76930899994993
83.74629958261714
83.72298178308624
83.69935380517215
83.67541396139238
83.6511606750377
83.62659248210689
83.60170803310511
83.5765060947056
83.55098555127408
83.52514540625513
83.49898478342008
83.4725029279761
83.44569920753683
83.41857311295568
83.39112425902356
83.36335238503368
83.33525735521566
83.30683915904119
83.27809791140332
83.2490338526707
83.21964734861778
83.18993889023277
83.15990909340533
83.12955869849546
83.09888856978492
83.06789969481227
83.03659318359226
83.00497026772135
82.97303229937111
82.94078075017129
82.90821720998431
82.87534338557205
82.84216109915408
82.8086722868567
82.77487899705218
82.74078338858797
82.70638772890644
82.67169439205603
82.63670585659466
82.60142470338715
82.56585361329772
82.52999536477867
82.49385283135669
82.45742897901792
82.42072686349368
82.38374962744948
82.34650049758048
82.3089827816182
82.27119986525364
82.23315520898328
82.19485234488403
82.1562948733231
82.11748645960861
82.07843083058711
82.03913177119458
81.99959312096692
81.95981877051545
81.91981265797281
81.87957876541535
81.8391211152672
81.79844376669044
81.75755081196601
81.71644637286957
81.67513459704438
81.63361965437335
81.59190573335266
81.54999703746924
81.5078977815846
81.46561218832827
81.42314448450341
81.3804988975078
81.3376796517729
81.29469096522362
81.2515370457617
81.208222087775
81.16475026867548
81.1211257454676
81.07735265134957
81.03343509234949
80.98937714399827
80.94518284804124
80.90085620919004
80.85640119191683
80.81182171729407
80.7671216598832
80.7223048446755
80.67737504408822
80.63233597501997
80.58719129596923
80.54194460422153
80.49659943311147
80.45115924936616
80.40562745053606
80.36000736251961
80.31430223718692
80.26851525010798
80.22264949838976
80.17670799862711
80.1306936849718
80.0846094073229
80.03845792964161
79.99224192839405
79.94596399112562
79.89962661517053
79.85323220649924
79.80678307870677
79.76028145214401
79.71372945319287
79.66712911368406
79.6204823704551
79.57379106504574
79.52705694352848
79.48028165647169
79.43346675903287
79.38661371117827
79.33972387802613
79.2927985303103
79.24583884496043
79.19884590579535
79.1518207043264
79.10476414066842
79.05767702455582
79.01056007646129
78.96341392881483
78.9162391273202
78.8690361323669
78.82180532053555
78.77454698619432
78.72726134318442
78.67994852659196
78.63260859460367
78.5852415304437
78.53784724438869
78.49042557585837
78.44297629557822
78.3954991078099
78.34799365264475
78.30045950835633
78.25289619380807
78.20530317091256
78.15767984713911
78.11002557806604
78.06233966997446
78.01462138248077
77.96686993120592
77.91908449047902
77.87126419607331
77.82340814797273
77.77551541316804
77.72758502848116
77.67961600341597
77.63160732303369
77.58355795085085
77.53546683175752
77.4873328949533
77.43915505689883
77.39093222428029
77.34266329698416
77.29434717108008
77.24598274180927
77.1975689065762
77.14910456794111
77.10058863661062
77.052020034423
77.00339769732456
76.95472057833321
76.90598765048414
76.85719790975283
76.80835037795102
76.75944410559136
76.71047817471619
76.66145170168569
76.61236383992117
76.56321378259908
76.51400076529161
76.46472406854936
76.4153830204216
76.36597699890957
76.31650543434763
76.26696781170723
76.2173636728187
76.16769261850665
76.11795431063503
76.0681484740585
76.01827489847666
75.96833344018764
75.91832402373792
75.8682466434657
75.81810136493472
75.76788832625677
75.71760773930068
75.66725989078635
75.61684514326204
75.5663639359633
75.51581678555306
75.46520428674182
75.41452711278725
75.36378601587342
75.31298182736998
75.2621154579715
75.21118789771776
75.16020021589657
75.10915356083092
75.05804915955287
75.00688831736625
74.95567241730078
74.90440291945959
74.8530813602631
74.80170935159282
74.75028857983847
74.69882080485212
74.64730785881324
74.5957516450091
74.5441541365347
74.49251737491574
74.4408434686589
74.38913459173301
74.3373929819843
74.28562093948779
74.23382082483715
74.18199505737459
74.13014611336177
74.07827652409253
74.02638887394744
73.97448579839045
73.92256998190715
73.87064415588452
73.81871109643225
73.76677362214548
73.71483459180843
73.66289690203905
73.61096348487422
73.55903730529474
73.50712135869048
73.45521866826584
73.40333228238558
73.35146527186168
73.29962072718229
73.2478017556839
73.19601147866877
73.1442530284695
73.092529545464
73.0408441750443
72.98920006454284
72.93760036011952
72.88604820361252
72.83454672935613
72.7830990609691
72.73170830811739
72.68037756325486
72.62910989834609
72.5779083615763
72.52677597405386
72.47571572651134
72.4247305760124
72.37382344267144
72.32299720639276
72.27225470363578
72.22159872421315
72.17103200812807
72.1205572424563
72.07017705827894
72.01989402767146
71.9697106607544
71.91962940281024
71.86965263146948
71.81978265396862
71.77002170448196
71.72037194152932
71.6708354454617
71.62141421602661
71.57211017001379
71.52292513898175
71.47386086706496
71.42491900886245
71.37610112740828
71.32740869222386
71.27884307745164
71.23040556006963
71.18209731818642
71.13391942941739
71.08587286934373
71.03795851005707
70.99017711879212
70.94252935665058
70.89501577741912
70.8476368264849
70.80039283985188
70.75328404326108
70.70631055141784
70.65947236732931
70.61276938175494
70.5662013727728
70.5197680054636
70.47346883171456
70.42730329014493
70.3812707061558
70.33537029210565
70.2896011476136
70.24396225999088
70.1984525048017
70.1530706465537
70.10781533951841
70.0626851286804
70.01767845081416
69.97279363568792
69.928028907393
69.88338238579716
69.83885208812079
69.79443593063478
69.75013173047886
69.70593720759835
69.6618499867967
69.61786759990012
69.57398748803085
69.53020700398484
69.48652341471039
69.44293390388394
69.39943557457853
69.35602545202015
69.3127004864276
69.2694575559318
69.22629346956931
69.18320497034561
69.1401887383639
69.0972413940152
69.05435950122533
69.01153957075472
68.96877806354688
68.92607139412165
68.88341593400888
68.84080801521849
68.7982439337428
68.75571995308779
68.71323230783058
68.67077720719998
68.62835083867672
68.58594937161034
68.5435689608489
68.50120575037816
68.45885587696613
68.41651547380933
68.3741806741766
68.33184761504661
68.28951244073527
68.24717130650934
68.20482038218357
68.16245585569867
68.120073936678
68.07767085996026
68.03524288910585
67.99278631987413
67.95029748366942
67.90777275095267
67.86520853461666
67.82260129332228
67.77994753479304
67.73724381906463
67.69448676168683
67.6516730368749
67.60879938060741
67.5658625936674
67.52285954462359
67.47978717274798
67.43664249086639
67.39342258813831
67.3501246327633
67.30674587461185
67.26328364777878
67.21973537305728
67.17609856033043
67.13237081087736
67.0885498195908
67.04463337710312
67.00061937181798
66.9565057918451
66.91229072683691
66.86797236972532
66.82354901835791
66.77901907703293
66.73438105793312
66.68963358245779
66.64477538245276
66.59980530133774
66.55472229513126
66.50952543337294
66.46421389994273
66.41878699377688
66.37324412948036
66.32758483783485
66.28180876620107
66.23591567881422
66.18990545697162
66.14377809911073
66.09753372077583
66.05117255447081
66.0046949493973
65.95810137107676
65.91139240085604
65.86456873529622
65.81763118544532
65.77058067599538
65.72341824432417
65.67614503942261
65.62876232070911
65.58127145673265
65.53367392376649
65.48597130429513
65.43816528539648
65.39025765702124
65.3422503101718
65.29414523498346
65.2459445187113
65.19765034362686
65.14926498482859
65.1007908079703
65.05223026691189
65.00358590129676
64.95486033406044
64.90605626887518
64.85717648753516
64.80822384728734
64.75920127811273
64.71011177996283
64.66095841995624
64.61174432953985
64.56247270161899
64.51314678766065
64.46376989477349
64.41434538276795
64.36487666119936
64.31536718639754
64.26582045848605
64.21624001839407
64.16662944486299
64.1169923514494
64.06733238352663
64.01765321528669
63.96795854674403
63.91825210074276
63.86853761996835
63.81881886396533
63.76909960616305
63.71938363091115
63.669674730526566
63.61997670235306
63.57029334583453
63.520628459602875
63.47098583858078
63.4213692710999
63.37178253603482
63.32222939995349
63.272713614284974
63.223238912505074
63.173809007340616
63.12442758799292
63.07509831738141
63.025824829408656
62.976610726248474
62.927459575659064
62.87837490832319
62.829360215217456
62.78041894501265
62.73155450150713
62.68277024109599
62.634069470278426
62.58545544320619
62.53693135927514
62.48850036076126
62.44016553050218
62.39192988962494
62.34379639532121
62.2957679386707
62.24784734251332
62.20003735937055
62.152340669416866
62.104759878502385
62.05729751622814
62.009956034075536
61.96273780359163
61.91564511463175
61.86868017366097
61.82184510211581
61.77514193482707
61.728572618504664
61.68213901028573
61.63584287634736
61.589685890585564
61.543669633361525
61.49779559031676
61.452065151258545
61.40647960911709
61.361040158975605
61.315747897173786
61.27060382048508
61.225608825367445
61.180763707287284
61.136069160115895
61.09152577559776
61.047134042890164
61.0028943481736
60.95880697433218
60.91487210070336
60.871089802896236
60.827460052678376
60.783982717931636
60.7406575626775
60.69748424717285
60.65446232807723
60.61159125869217
60.56887038927353
60.526298967417645
60.48387613852266
60.441600946325494
60.399472333515305
60.35748914242426
60.31565011579649
60.27395389763622
60.232399034135724
60.19098397468373
60.149707072954826
60.10856658807985
60.06756068589711
60.02668744028388
59.98594483456834
59.9453307630218
59.90484303243086
59.86447936374897
59.82423739382638
59.78411467721794
59.7441086880677
59.7042168220694
59.664436398501735
59.62476466233683
59.58519878642029
59.54573587372114
59.506372959649255
59.46710701443773
59.42793494558744
59.388853600371206
59.34985976839512
59.31095018421452
59.27212153000262
59.23337043827014
59.194693494634535
59.15608724063715
59.11754817660666
59.0790727645669
59.04065743118725
59.002298570773526
58.963992548297206
58.92573570246038
58.88752434879388
58.84935478278624
58.811223283040995
58.77312611445985
58.73505953144889
58.69701978114427
58.65900310665376
58.62100575031048
58.58302395693449
58.54505397709796
58.5070920703895
58.46913450867289
58.43117757933533
58.39321758852095
58.35525086434536
58.31727376008781
58.27928265735688
58.24127396922649
58.203244143339084
58.16518966497291
58.127107060070564
58.088992898225975
58.05084379562664
58.012656417948
57.974427483197026
57.93615376450288
57.8978320928531
57.859459359774185
57.82103251995586
57.782548593818156
57.74400467002108
57.705397907916684
57.66672553994369
57.627984873964756
57.58917329554692
57.550288270185725
57.51132734547344
57.47228815321257
57.43316841147573
57.393965926612346
57.354678595202024
57.31530440595419
57.275841441552764
57.23628788044426
57.196641998567095
57.156902171019574
57.11706687366365
57.07713468466148
57.037104285941446
56.9969744645909
56.95674411417253
56.91641223596191
56.8759779401035
56.8354404466827
56.79479908671181
56.75405330302795
56.713202651100865
56.67224679974879
56.63118553176025
56.59001874441992
56.54874644993663
56.50736877577185
56.4658859648672
56.424298375769126
56.38260648264941
56.34081087522043
56.29891225854419
56.25691145273407
56.21480939254866
56.17260712687755
56.130305818118984
56.087906741448705
56.04541128397966
56.00282094381225
55.96013732897467
55.91736215625275
55.87449724990904
55.831544540290736
55.78850606232669
55.74538395391352
55.70218045419131
55.65889790171036
55.615538732490506
55.572105477974844
55.5286007628801
55.48502730294604
55.44138790258603
55.39768545244118
55.35392292684003
55.31010338116613
55.266229949135436
55.22230583998555
55.178334335579734
55.13431878742898
55.09026261363573
55.04616929576281
55.00204237563139
54.957885452051414
54.913702177487835
54.869496254666046
54.82527143312035
54.7810315056895
54.736780304963645
54.69252169968672
54.64825959111806
54.60399790935719
54.55974060963575
54.51549166858047
54.471255080450874
54.42703485335584
54.38283500545304
54.33865956113544
54.29451254720873
54.25039798906351
54.20631990684597
54.1622823116308
54.11828920159922
54.074344558225384
54.03045234247411
53.98661649101319
53.94284091244321
53.8991294835481
53.85548604556919
53.81191440050616
53.768418307448364
53.72500147894004
53.68166757738367
53.63842021148513
53.59526293274421
53.55219923199433
53.50923253599591
53.466366204087926
53.423603524902255
53.38094771314575
53.33840190645491
53.2959691623281
53.253652455140006
53.211454673242706
53.16937861615707
53.127426991858435
53.08560241415994
53.04390740019709
53.00234436801684
52.96091563427404
52.91962341203719
52.87846980870517
52.83745682403582
52.7965863482874
52.75586016047395
52.715279926735256
52.674847198822356
52.63456341269954
52.59442988726385
52.55444782318295
52.5146183018524
52.47494228447345
52.43542061125236
52.39605400072258
52.35684304919095
52.31778823030964
52.27888989477537
52.24014827015781
52.20156346085866
52.16313544820297
52.12486409066411
52.086749124223665
52.04879016286747
52.010986699218556
51.97333810530761
51.93584363348116
51.89850241744687
51.86131347345473
51.824275701612905
51.78738788733675
51.75064870292884
51.714056709287476
51.677610357741045
51.64130799200517
51.60514785025923
51.56912806733918
51.53324667704304
51.49750161454567
51.46189071891915
51.426411735755366
51.391062319887325
51.355840038205585
51.320742372565334
51.28576672278017
51.25091040969782
51.21617067835329
51.1815447011944
51.14702958137467
51.11262235610853
51.07832000008379
51.04411942892658
51.01001750271455
50.97601102953415
50.94209676907785
50.90827143627716
50.87453170496768
50.84087421158203
50.80729555886613
50.77379231961429
50.74036104041856
50.70699824542719
50.673700440107254
50.64046411500685
50.607285749511945
50.574161815593456
50.54108878154027
50.50806311567429
50.475081290043406
50.44213978408747
50.409235088273064
50.37636370769307
50.34352216562779
50.31070700706424
50.27791480217057
50.24514214972207
50.21238568047555
50.17964206048889
50.14690799438283
50.114180228542395
50.0814555542555
50.04873081078618
50.01600288838016
49.98326873120082
49.95052534019378
49.917769775877716
49.884999161060236
49.85221068347691
49.8194015983518
49.7865692308777
49.75371097861374
49.72082431379805
49.68790678557336
49.65495602212336
49.62196973271777
49.58894570966423
49.55588183016526
49.52277605807937
49.489626445585415
49.45643113474948
49.423188358993954
49.38989644446836
49.35655381132157
49.32315897487556
49.289710546700896
49.25620723559414
49.22264784845775
49.18903129108279
49.155356568834726
49.121622787242394
49.08782915249058
49.05397497181642
49.02005965381043
48.986082708622384
48.95204374807279
48.917942485669734
48.88377873653176
48.84955241721739
48.81526354546171
48.780912239820374
48.74649871922126
48.71202330242435
48.677486407389814
48.64288855055444
48.60823034601649
48.5735125046289
48.538735833001034
48.5039012324094
48.46900969761791
48.43406231560838
48.39906026422174
48.36400481071147
48.32889731021064
48.29373920411431
48.258532018379164
48.22327736174217
48.1879769238598
48.1526324733691
48.11724585587192
48.081818991843626
48.04635387446795
48.01085256739956
47.97531720245636
47.939749977243345
47.90415315271006
47.86852905064311
47.83288005109555
47.79720858975518
47.76151715525331
47.725808286415464
47.690084569455315
47.6543486351134
47.61860315574305
47.58285084234618
47.547094441561775
47.511336732609756
47.47558052419303
47.43982865136062
47.40408397233481
47.36834936530543
47.33262772519467
47.296921960395736
47.26123498948894
47.22556973793914
47.18992913477828
47.15431610927723
47.118733587611274
47.083184489523575
47.04767172499126
47.012198190899
46.976766767724854
46.94138031624331
46.90604167425002
46.87075365331228
46.8355190355492
46.80034057044563
46.765220971703485
46.73016291413333
46.695169030588914
46.660241908947086
46.625384089135565
46.59059806021068
46.55588625748655
46.52125105971763
46.48669478633647
46.452219694748436
46.41782797768511
46.383521760618436
46.3493030992374
46.3151739769888
