-2.8142895082349485e-13
-4.738767774167331e-12
-3.9991452100553226e-11
-2.270798136701499e-10
-9.822601609866465e-10
-3.4719706614891145e-09
-1.049458692897621e-08
-2.8001971601134196e-08
-6.750552502939225e-08
-1.4963493614801682e-07
-3.0913387167763555e-07
-6.015861433513185e-07
-1.1121691310297699e-06
-1.966729049138414e-06
-3.3454656218203617e-06
-5.499502439472312e-06
-8.77060423211772e-06
-1.3614284006085092e-05
-2.0626521910249554e-05
-3.0574294256488325e-05
-4.4430085716471904e-05
-6.341053072587033e-05
-8.901930189309162e-05
-0.00012309433405281058
-0.00016785944282046884
-0.0002259803663651674
-0.000300625228875437
-0.000395529394074618
-0.0005150646473590327
-0.0006643126158724835
-0.0008491423072663818
-0.0010762916201804845
-0.0013534526527530521
-0.0016893606098540806
-0.002093886085339232
-0.002578130472539482
-0.0031545242345133763
-0.003836927745363753
-0.00464073439521597
-0.005582975634316257
-0.006682427616173016
-0.007959719085757247
-0.009437440146518612
-0.011140251529370471
-0.013094993977852193
-0.015330797356384046
-0.01787918908287667
-0.02077420148292412
-0.02405247766037219
-0.027753375478182365
-0.03191906924417148
-0.036594648698359704
-0.04182821490226178
-0.047670972635462994
-0.054177318911181924
-0.061404927230184404
-0.06941482720132228
-0.07827147916706935
-0.08804284348365715
-0.09880044411771394
-0.11061942623462089
-0.12357860746805457
-0.13776052257532304
-0.15325146119905791
-0.17014149847253468
-0.18852451822329047
-0.20849822854773112
-0.2301641695480007
-0.25362771304146275
-0.278998054072652
-0.30638819407743695
-0.33591491556932074
-0.3676987482382427
-0.40186392637286983
-0.4385383375381169
-0.4778534624604623
-0.5199443060944656
-0.5649493198646994
-0.6130103150980217
-0.6642723676816931
-0.7188837140032213
-0.7769956382479571
-0.8387623511503238
-0.9043408603141054
-0.9738908322363922
-1.0475744461885352
-1.125556240125775
-1.2080029488150341
-1.2950833343876684
-1.386968009540745
-1.4838292536266044
-1.5858408218860482
-1.6931777480954455
-1.8060161409123443
-1.9245329742177897
-2.0489058717664608
-2.17931288646795
-2.3159322746339948
-2.458942265537216
-2.608520826636888
-2.764845424836455
-2.928092784145946
-3.0984386401300483
-3.276057491529506
-3.4611223494495493
-3.6538044845143416
-3.8542731723909034
-4.062695438089679
-4.279235799451832
-4.504056010235489
-4.73731480321454
-4.979167633704192
-5.229766423927314
-5.489259308634642
-5.757790382390287
-6.0354994489316
-6.322521773009332
-6.618987835110208
-6.925023089459548
-7.240747725696469
-7.566276434608387
-7.901718178305099
-8.247175965205752
-8.602746630204326
-8.968520620371063
-9.344581786538495
-9.731007181111417
-10.127866862430297
-10.535223706007317
-10.953133222943451
-11.38164338582361
-11.82079446237522
-12.270618857163628
-12.731140961585327
-13.20237701240727
-13.684334959087465
-14.177014340098665
-14.68040616846342
-15.194492826694756
-15.719247971322645
-16.254636447172274
-16.800614211545735
-17.35712826844417
-17.92411661295256
-18.501508185894636
-19.089222838850645
-19.687171309615678
-20.29525520816145
-20.91336701314941
-21.541390079028105
-22.17919865373275
-22.826657906990302
-23.48362396921848
-24.14994398099267
-24.82545615303999
-25.50998983670547
-26.203365604821098
-26.90539534289476
-27.615882350522238
-28.3346214529119
-29.061399122398395
-29.7959936098087
-30.53817508553109
-31.287705790124985
-32.04434019429757
-32.807825168061235
-33.57790015887456
-34.35429737855855
-35.13674199876936
-35.92495235479836
-36.71864015746004
-37.51751071281901
-38.32126314949809
-39.12959065330036
-39.94218070886958
-40.75871534810479
-41.57887140503774
-42.40232077687411
-43.22873069089322
-44.057763976893874
-44.889079344869025
-45.72233166758652
-46.55717226774859
-47.3932492093979
-48.23020759323426
-49.06768985550175
-49.90533607010317
-50.74278425359616
-51.57967067272343
-52.415630154127676
-53.2502963959009
-54.08330228061694
-54.91428018949622
-55.74286231735126
-56.56868098796277
-57.39136896953677
-58.210559789894674
-59.025888051050245
-59.836989742829545
-60.643502555192484
-61.445066188917465
-62.2413226643139
-63.03191662763125
-63.81649565483737
-64.59471055244383
-65.36621565506131
-66.13066911937325
-66.88773321422129
-67.637074606502
-68.37836464258034
-69.11127962493198
-69.83550108373369
-70.55071604312776
-71.25661728189449
-71.95290358827414
-72.6392800086884
-73.31545809011926
-73.98115611591176
-74.63609933477552
-75.2800201827687
-75.91265849805701
-76.53376172825064
-77.14308513013135
-77.74039196159278
-78.32545366562648
-78.89805004619713
-79.45796943585971
-80.00500885498174
-80.53897416244241
-81.05968019769149
-81.56695091406017
-82.06061950322602
-82.5405285107437
-83.00652994256372
-83.45848536247048
-83.89626598038082
-84.31975273145339
-84.72883634596987
-85.12341740995954
-85.5034064165492
-85.86872380803085
-86.21930000865054
-86.55507544813089
-86.87600057594933
-87.18203586640392
-87.47315181450746
-87.74932892275935
-88.01055767885443
-88.25683852439705
-88.48818181469802
-88.70460776974132
-88.90614641641629
-89.09283752211913
-89.26473051983704
-89.42188442483746
-89.56436774309213
-89.6922583715741
-89.80564349057238
-89.90461944817741
-89.98929163709715
-90.05977436397131
-90.1161907113576
-90.15867239257011
-90.18735959955518
-90.20240084399518
-90.20395279183685
-90.19218009144606
-90.16725519559554
-90.12935817749724
-90.07867654109486
-90.01540502583634
-89.93974540615136
-89.85190628586372
-89.75210288777089
-89.64055683862603
-89.5174959497599
-89.38315399358282
-89.23777047620888
-89.08159040644796
-88.91486406141189
-88.7378467489824
-88.55079856738973
-88.35398416215116
-88.14767248061935
-87.93213652438988
-87.70765309981812
-87.47450256689615
-87.23296858673939
-86.98333786793194
-86.72589991197799
-86.46094675810537
-86.1887727276652
-85.909674168371
-85.62394919861856
-85.33189745212667
-85.03381982313624
-84.73001821240416
-84.42079527422527
-84.10645416471266
-83.78729829156327
-83.4636310655327
-83.13575565384076
-82.80397473572566
-82.46859026035986
-82.12990320733866
-81.7882133499487
-81.44381902142015
-81.09701688436121
-80.74810170357023
-80.39736612241552
-80.04510044296865
-79.69159241007105
-79.33712699950775
-78.98198621045572
-78.62644886236808
-78.2707903964498
-77.91528268187506
-77.56019382688942
-77.20578799493308
-76.85232522591537
-76.50006126276458
-76.14924738336947
-75.80013023802178
-75.45295169246162
-75.10794867662139
-74.7653530391566
-74.42539140784544
-74.0882850559322
-73.75424977448273
-73.42349575081431
-73.09622745305643
-72.77264352089293
-72.4529366625298
-72.13729355792583
-71.8258947683168
-71.51891465205726
-71.21652128679789
-70.91887639800989
-70.62613529386162
-70.33844680644715
-70.05595323936022
-69.77879032160108
-69.50708716779859
-69.24096624472399
-68.98054334406747
-68.72592756144279
-68.47722128158016
-68.23452016966205
-67.99791316875148
-67.7674825032572
-67.5433036883749
-67.32544554543885
-67.11397022311296
-66.90893322434617
-66.71038343901255
-66.51836318215196
-66.3329082377226
-66.15404790777147
-65.98180506692391
-65.81619622208835
-65.65723157726767
-65.50491510336506
-65.35924461286787
-65.22021183928892
-65.08780252124136
-64.96199649101975
-64.84276776755756
-64.730084653628
-64.62390983715237
-64.52420049647769
-64.43090840948234
-64.34398006636506
-64.26335678596995
-64.18897483549777
-64.12076555345179
-64.05865547566388
-64.00256646424627
-63.95241583931356
-63.9081165133196
-63.86957712785254
-63.83670219273061
-63.80939222724088
-63.7875439033629
-63.77105019081948
-63.759800503796484
-63.75368084917413
-63.75257397611152
-63.75635952682653
-63.7649141884139
-63.77811184554666
-63.79582373390734
-63.817918594196826
-63.84426282657056
-63.87472064535284
-63.909154233882916
-63.94742389934804
-63.98938822746088
-64.03490423684012
-64.08382753295551
-64.13601246150039
-64.19131226105706
-64.2495792149221
-64.3106648019605
-64.37441984636045
-64.44069466616217
-64.50933922043662
-64.58020325499216
-64.65313644649073
-64.72798854485755
-64.80460951387191
-64.88284966982978
-64.96255981817153
-65.04359138797177
-65.12579656419176
-65.2090284175968
-65.2931410322439
-65.37798963044797
-65.46343069513789
-65.54932208951644
-65.63552317394195
-65.7218949199536
-65.80830002136534
-65.89460300235694
-65.98067032249449
-66.0663704786165
-66.15157410352586
-66.23615406143213
-66.31998554009274
-66.40294613960455
-66.48491595780186
-66.5657776722201
-66.6454166185886
-66.72372086581962
-66.80058128746353
-66.87589162960447
-66.94954857517317
-67.02145180465791
-67.09150405319795
-67.15961116404779
-67.22568213840415
-67.28962918159058
-67.35136774559814
-67.41081656798482
-67.46789770713949
-67.5225365739195
-67.5746619596757
-67.62420606068153
-67.67110449898709
-67.71529633972315
-67.75672410488389
-67.79533378362086
-67.83107483908404
-67.86390021184761
-67.89376631996194
-67.920633055676
-67.94446377887695
-67.9652253072961
-67.98288790353362
-67.99742525895712
-68.00881447453159
-68.0170360386405
-68.02207380195964
-68.02391494944695
-68.02254996951316
-68.01797262043905
-68.01017989410659
-67.99917197711281
-67.98495220933623
-67.96752704002674
-67.94690598149074
-67.92310156044422
-67.8961292671074
-67.86600750211514
-67.8327575213178
-67.7964033785482
-67.75697186643217
-67.71449245532128
-67.66899723042772
-67.62052082724207
-67.56910036531528
-67.51477538048661
-67.45758775564079
-67.39758165007808
-67.33480342758114
-67.26930158326255
-67.20112666927801
-67.13033121949005
-67.05696967316626
-66.98109829779676
-66.90277511111461
-66.82205980240397
-66.73901365318082
-66.65369945733019
-66.5661814407845
-66.47652518082705
-66.38479752510412
-66.29106651042812
-66.19540128145391
-66.09787200930955
-65.99854981026263
-65.897506664502
-65.79481533511378
-65.69054928732854
-65.58478260811583
-65.47758992620052
-65.36904633257372
-65.25922730156948
-65.14820861257796
-65.0360662724644
-64.92287643876234
-64.80871534370802
-64.69365921918042
-64.57778422260897
-64.4611663639085
-64.34388143349913
-64.22600493146582
-64.10761199791035
-63.98877734454586
-63.869575187581425
-63.75007918194236
-63.63036235686965
-63.51049705293982
-63.39055486054482
-63.27060655986994
-63.15072206240628
-63.03097035403194
-62.91141943969475
-62.79213628972708
-62.67318678782125
-62.554635680691334
-62.436546529445664
-62.318981662692536
-62.202002131400334
-62.0856676655318
-61.970036632470524
-61.855165997256066
-61.74111128464274
-61.62792654299564
-61.5156643100362
-61.404375580447734
-61.29410977534879
-61.184914713640936
-61.07683658523645
-60.969919926169965
-60.8642075955964
-60.75974075467549
-60.6565588473418
-60.55469958295721
-60.45419892084114
-60.35509105667184
-60.25740841075067
-60.161181618119215
-60.066439520517534
-59.973209160170555
-59.88151577538822
-59.79138279796338
-59.70283185234963
-59.61588275659962
-59.53055352504249
-59.44686037267759
-59.36481772126008
-59.28443820705276
-59.205732690216806
-59.12871026581304
-59.053378276383754
-58.979742326083866
-58.90780629632907
-58.83757236292781
-58.76904101466324
-58.70221107329014
-58.637079714911074
-58.57364249269552
-58.51189336090466
-58.45182470018364
-58.39342734408212
-58.336690606762836
-58.28160231185695
-58.22814882242404
-58.17631507197377
-58.12608459650517
-58.07743956751916
-58.03036082595953
-57.984827917037826
-57.940819125896844
-57.898311514067366
-57.8572809566727
-57.81770218033564
-57.7795488017423
-57.742793366817416
-57.70740739046557
-57.67336139683318
-57.64062496004579
-57.60916674537538
-57.57895455079319
-57.54995534886405
-57.52213532893854
-57.49545993959919
-57.46989393131691
-57.4454013992733
-57.4219458263051
-57.399490125926896
-57.377996685389185
-57.357427408729
-57.33774375977158
-57.31890680504154
-57.300877256543124
-57.28361551436905
-57.26708170909843
-57.251235743944505
-57.23603733661406
-57.22144606084072
-57.20742138755611
-57.19392272566364
-57.18090946238084
-57.16834100311695
-57.156176810852685
-57.144376444989746
-57.13289959963845
-57.12170614131247
-57.11075614600071
-57.100009935587195
-57.08942811359111
-57.07897160020025
-57.06860166657174
-57.05827996837485
-57.04796857855166
-57.037630019272456
-57.02722729306396
-57.016723913089436
-57.00608393256073
-56.99527197326398
-56.98425325318203
-56.972993613197275
-56.96145954286021
-56.949618205209845
-56.93743746063342
-56.924885889753966
-56.911932815335206
-56.898548323194404
-56.88470328211497
-56.870369362751774
-56.8555190555233
-56.84012568748608
-56.82416343818778
-56.807607354496724
-56.790433364406795
-56.77261828981773
-56.75413985829175
-56.73497671378885
-56.71510842638412
-56.694515500971306
-56.67317938495739
-56.65108247495397
-56.62820812247236
-56.604540638629935
-56.58006529787581
-56.55476834074482
-56.52863697564896
-56.50165937971604
-56.47382469868585
-56.44512304587487
-56.415545500221064
-56.385084103421086
-56.35373185617282
-56.32148271353707
-56.28833157943284
-56.25427430028116
-56.2193076578128
-56.183429361055964
-56.14663803752108
-56.10893322360021
-56.070315354199344
-56.03078575162254
-55.990346613727574
-55.949001001373
-55.90675282517713
-55.86360683161035
-55.81956858844159
-55.774644469560364
-55.72884163919553
-55.68216803555293
-55.63463235389417
-55.58624402907895
-55.53701321759342
-55.48695077908763
-55.43606825744518
-55.38437786140877
-55.33189244478563
-55.27862548625671
-55.2245910688141
-55.1698038588513
-55.114279084931745
-55.05803251626099
-55.00108044088824
-54.943439643662764
-54.885127383971046
-54.82616137328045
-54.766559752515256
-54.70634106929042
-54.64552425502772
-54.58412860197903
-54.522173740180605
-54.45967961436229
-54.39666646083462
-54.333154784376674
-54.269165335147406
-54.20471908564291
-54.13983720772113
-54.07454104971514
-54.00885211365521
-53.94279203261952
-53.87638254823223
-53.809645488327405
-53.742602744797395
-53.675276251643524
-53.60768796324707
-53.53985983287741
-53.471813791453584
-53.40357172657541
-53.33515546183956
-53.26658673645623
-53.197887185181216
-53.129078318578294
-53.060181503625856
-52.99121794468145
-52.92220866481743
-52.85317448754033
-52.784136018906324
-52.715113630045025
-52.64612744010343
-52.57719729962183
-52.508342774353466
-52.439583129538605
-52.3709373146438
-52.302423948576276
-52.23406130538318
-52.16586730044433
-52.09785947716675
-52.030054994188774
-51.96247061310139
-51.89512268669356
-51.82802714772763
-51.7611994982502
-51.694654799443505
-51.62840766202195
-51.56247223717779
-51.49686220807897
-51.43159078192165
-51.36667068253988
-51.30211414357442
-51.23793290220207
-51.174138193426735
-51.11074074493255
-51.047750772498866
-50.98517797597638
-50.92303153582274
-50.86132011019502
-50.80005183259542
-50.73923431006612
-50.67887462192815
-50.61897931905887
-50.55955442370189
-50.50060542980348
-50.442137303869096
-50.38415448633365
-50.32666089343835
-50.26965991960683
-50.213154440312486
-50.15714681542844
-50.10163889305111
-50.04663201378785
-49.992127015498774
-49.93812423848258
-49.884623531096146
-49.83162425579727
-49.77912529559942
-49.7271250609268
-49.67562149685748
-49.62461209074181
-49.57409388018298
-49.52406346136636
-49.474516997724635
-49.42545022892537
-49.37685848016818
-49.3287366717785
-49.28107932908435
-49.23388059256271
-49.18713422824223
-49.14083363834922
-49.094971872184175
-49.04954163721524
-49.00453531037576
-48.95994494955275
-48.915762305252855
-48.87197883243172
-48.82858570247319
-48.78557381530433
-48.74293381163241
-48.700656085289864
-48.65873079567328
-48.61714788026276
-48.57589706720839
-48.534967887970566
-48.49434969000109
-48.45403164945148
-48.41400278389514
-48.37425196504947
-48.334767931484606
-48.29553930130558
-48.25655458479466
-48.217802197001305
-48.17927047026748
-48.14094766667668
-48.10282199041549
-48.06488160003684
-48.027114620614185
-47.9895091557764
-47.95205329961354
-47.91473514844384
-47.8775428124321
-47.84046442704917
-47.803488164362335
-47.76660224414624
-47.72979494480406
-47.69305461408859
-47.65636967961321
-47.619728659143185
-47.583120170657956
-47.546532942176064
-47.50995582133449
-47.473377784715204
-47.43678794691245
-47.400175569335396
-47.36353006874108
-47.326841025493785
-47.29009819154671
-47.253291498142595
-47.21641106323042
-47.179447198595675
-47.14239041670228
-47.105231437244605
-47.06796119340847
-47.03057083784014
-46.99305174832241
-46.95539553315731
-46.9175940362551
-46.87963934192967
-46.84152377940054
-46.80323992700263
-46.764780616104666
-46.72613893473717
-46.68730823093042
-46.64828211576317
-46.60905446612323
-46.569619427180974
-46.52997141457731
-46.49010511632738
-46.45001549444142
-46.40969778626529
-46.36914750554322
-46.3283604432058
-46.2873326678862
-46.246060526168115
-46.20454064256929
-46.16276991926437
-46.120745535551826
-46.07846494706998
-46.03592588476723
-45.99312635363142
-45.950064631183025
-45.90673926573699
-45.86314907443831
-45.81929314107647
-45.775170813683204
-45.73078170191839
-45.68612567424897
-45.641202854925794
-45.596013620762804
-45.55055859772257
-45.50483865731219
-45.4588549127936
-45.4126087152127
-45.366101649252315
-45.31933552891361
-45.272312393031385
-45.22503450062841
-45.17750432611503
-45.129724554340115
-45.08169807549997
-45.03342797991225
-44.98491755266174
-44.936170268125366
-44.88718978438392
-44.83797993752832
-44.788544735867575
-44.73888835404581
-44.68901512707522
-44.63892954429191
-44.58863624324154
-44.53814000350168
-44.487445740448166
-44.43655849897216
-44.38548344715538
-44.33422586991021
-44.28279116259138
-44.23118482458564
-44.17941245288604
-44.12747973565713
-44.07539244579739
-44.023156434505225
-43.970777624854705
-43.91826200538755
-43.86561562372806
-43.812844580227775
-43.75995502164649
-43.706953134876194
-43.653845140713834
-43.60063728768893
-43.54733584595176
-43.49394710122778
-43.440477348844475
-43.38693288783583
-43.333320015129864
-43.27964501982411
-43.2259141775536
-43.17213374495504
-43.118309954230945
-43.06444900781725
-43.01055707315823
-42.95664027759182
-42.90270470334804
-42.8487563826634
-42.794801293014366
-42.74084535247278
-42.686894415185755
-42.632954266982104
-42.57903062110717
-42.52512911408787
-42.471255301729975
-42.41741465524962
-42.36361255754077
-42.309854299580884
-42.25614507697674
-42.20248998665188
-42.14889402367664
-42.095362078241585
-42.041898932774366
-41.98850925920022
-41.93519761634577
-41.88196844748547
-41.828826078029984
-41.775774713355595
-41.72281843677377
-41.66996120764015
-41.61720685960234
-41.564559098985804
-41.51202150331654
-41.45959751997959
-41.40729046501213
-41.355103522030284
-41.303039741288224
-41.251102038868396
-41.19929319600186
-41.14761585851801
-41.09607253642258
-41.04466560360299
-40.9933972976595
-40.94226971986103
-40.891284835224496
-40.84044447271663
-40.7897503255777
-40.739203951766115
-40.68880677452256
-40.63856008305237
-40.58846503332444
-40.53852264898478
-40.488733822382414
-40.43909931570494
-40.38961976222009
-40.34029566761944
-40.29112741145991
-40.242115248698724
-40.19325931131738
-40.14455961003085
-40.096016036078424
-40.047628363092485
-39.99939624904209
-39.95131923824795
-39.903396763465594
-39.85562814803353
-39.80801260808272
-39.76054925480457
-39.713237096774776
-39.66607504233042
-39.61906190199812
-39.572196390971044
-39.52547713163261
-39.47890265612466
-39.43247140895761
-39.38618174966024
-39.34003195546609
-39.294020224033545
-39.24814467619649
-39.20240335874223
-39.156794247213725
-39.11131524873309
-39.06596420484357
-39.02073889436729
-38.975637036276446
-38.93065629257472
-38.88579427118611
-38.84104852884803
-38.79641657400554
-38.75189586970372
-38.707483836475255
-38.66317785522022
-38.61897527007556
-38.574873391271574
-38.53086949797272
-38.48696084109991
-38.44314464613142
-38.399418115879875
-38.3557784332425
-38.31222276392213
-38.268748259116244
-38.225352058171374
-38.18203129120007
-38.13878308165766
-38.09560454887639
-38.052492810554604
-38.00944498519868
-37.96645819451572
-37.923529565755466
-37.88065623400018
-37.83783534440112
-37.79506405436029
-37.752339535656226
-37.70965897651336
-37.667019583614255
-37.62441858405469
-37.58185322724159
-37.53932078673375
-37.496818562024764
-37.45434388026785
-37.41189409794202
-37.36946660245925
-37.32705881371262
-37.28466818556566
-37.24229220728326
-37.19992840490462
-37.157574342558654
-37.11522762372302
-37.072885892427756
-37.03054683440492
-36.988208178185594
-36.945867696144965
-36.90352320549643
-36.86117256923502
-36.81881369703093
-36.77644454607368
-36.73406312186803
-36.69166747898272
-36.64925572175322
-36.60682600494006
-36.56437653434371
-36.52190556737709
-36.47941141359679
-36.4368924351934
-36.39434704744157
-36.3517737191104
-36.309170972834735
-36.26653738544802
-36.22387158827716
-36.18117226740013
-36.13843816386678
-36.09566807388369
-36.05286084896339
-36.01001539603884
-35.967130677543864
-35.9242057114606
-35.881239571334774
-35.83823138625961
-35.795180340829106
-35.75208567506159
-35.70894668429467
-35.665762719052324
-35.622533184885114
-35.57925754218432
-35.53593530597071
-35.49256604565862
-35.449149384795916
-35.405685000780224
-35.36217262455186
-35.31861204026386
-35.27500308492937
-35.231345648046826
-35.187639671203314
-35.14388514765632
-35.10008212189378
-35.05623068917221
-35.01233099503277
-34.968383234794956
-34.924387653028035
-34.880344543000334
-34.836254246106435
-34.792117151272365
-34.74793369433952
-34.70370435742838
-34.6594296682829
-34.61511019959648
-34.57074656832021
-34.526339434954316
-34.48188950282384
-34.43739751733967
-34.39286426524547
-34.34829057385122
-34.303677310253484
-34.25902538054226
-34.214335728994065
-34.1696093372508
-34.124847223484046
-34.08005044154414
-34.03522008009356
-33.99035726172455
-33.945463142060454
-33.900538908840566
-33.8555857809877
-33.81060500765788
-33.76559786727169
-33.7205656665274
-33.67550973939567
-33.63043144609632
-33.585332172057555
-33.54021332685861
-33.49507634315692
-33.44992267560142
-33.404753799733705
-33.35957121087851
-33.314376423025045
-33.2691709677005
-33.2239563928371
-33.17873426163434
-33.133506151417215
-33.08827365249167
-33.04303836699743
-32.99780190775849
-32.95256589713134
-32.907331965850695
-32.86210175187268
-32.81687689921524
-32.77165905679545
-32.72644987726358
-32.681251015833716
-32.636064129111
-32.59089087391573
-32.54573290610464
-32.500591879389795
-32.45546944415591
-32.41036724627642
-32.36528692592873
-32.320230116408766
-32.27519844294545
-32.230193521515474
-32.18521695765878
-32.140270345295136
-32.095355265542196
-32.05047328553576
-32.00562595725273
-31.960814816337408
-31.91604138093186
-31.871307150510972
-31.826613604722525
-31.78196220223282
-31.737354379578278
-31.692791550023344
-31.64827510242492
-31.60380640010368
-31.5593867797229
-31.5150175501754
-31.470699991479364
-31.426435353683928
-31.38222485578541
-31.338069684655068
-31.293970993979627
-31.249929903216156
-31.205947496562942
-31.162024821947938
-31.118162890036388
-31.074362673259316
-31.03062510486464
-30.986951077992785
-30.943341444778582
-30.89979701548134
-30.85631855764467
-30.812906795287514
-30.769562408128134
-30.72628603084274
-30.6830782523603
-30.639939615195086
-30.596870614818467
-30.553871699071433
-30.51094326761935
-30.46808567145018
-30.42529921241731
-30.382584142828417
-30.339940665081766
-30.297368931351482
-30.25486904332308
-30.212441051980388
-30.17008495744471
-30.127800708866967
-30.08558820437346
-30.043447291065885
-30.001377765076025
-29.95937937167565
-29.91745180544191
-29.875594710478648
-29.833807680693862
-29.792090260133502
-29.750441943371865
-29.708862175958892
-29.667350354924245
-29.62590582933796
-29.584527900927434
-29.54321582475037
-29.50196880992302
-29.460786020403127
-29.419666575826817
-29.37860955239858
-29.337613983833045
-29.296678862347328
-29.25580313970257
-29.214985728293264
-29.174225502282916
-29.133521298784693
-29.092871919085717
-29.052276129913302
-29.01173266474128
-28.97124022513426
-28.930797482127552
-28.89040307764045
-28.85005562592061
-28.80975371501747
-28.769495908282487
-28.72928074589398
-28.689106746404597
-28.64897240830944
-28.608876211633252
-28.56881661953505
-28.528792079928557
-28.488801027116796
-28.448841883438963
-28.408913060927762
-28.36901296297548
-28.329139986007323
-28.289292521160792
-28.24946895596982
-28.20966767605241
-28.169887066800317
-28.13012551506937
-28.090381410868947
-28.0506531490495
-28.010939130986987
-27.971237766263034
-27.931547474339386
-27.89186668622499
-27.85219384613355
-27.812527413129448
-27.772865862760074
-27.733207688672554
-27.693551404213157
-27.653895544008055
-27.614238665524386
-27.574579350610737
-27.5349162070162
-27.495247869887226
-27.455573003241415
-27.41589030141721
-27.37619849049837
-27.33649632971181
-27.296782612797262
-27.257056169347198
-27.217315866115502
-27.17756060829346
-27.13778934075181
-27.0980010492476
-27.05819476159472
-27.018369548796713
-26.978524526140703
-26.93865885425133
-26.898771740104124
-26.85886243799753
-26.81893025048278
-26.778974529250846
-26.738994675975718
-26.698990143113477
-26.65896043465635
-26.618905106840955
-26.578823768810068
-26.538716083227527
-26.498581766845987
-26.458420591027007
-26.41823238221285
-26.378017022349482
-26.337774449260266
-26.297504656969792
-26.257207695977215
-26.216883673478705
-26.176532753539036
-26.136155157212116
-26.095751162610313
-26.055321104922328
-26.014865376379376
-25.974384426169408
-25.933878760299066
-25.893348941403204
-25.852795588502076
-25.81221937670641
-25.771621036870542
-25.73100135519392
-25.69036117277123
-25.649701385091713
-25.609022941488444
-25.568326844538216
-25.52761414941288
-25.486885963182868
-25.44614344407351
-25.405387800674742
-25.364620291104966
-25.32384222212981
-25.28305494823682
-25.242259870667237
-25.201458436406067
-25.160652137132058
-25.119842508128936
-25.07903112715918
-25.038219613301504
-24.99740962575326
-24.95660286259881
-24.91580105954493
-24.87500598862412
-24.834219456866787
-24.79344330494315
-24.752679405775933
-24.71192966312479
-24.6711960101437
-24.630480407912795
-24.589784843946074
-24.54911133067672
-24.508461903921738
-24.46783862132751
-24.427243560797628
-24.38667881890428
-24.3461465092845
-24.305648761022617
-24.26518771702002
-24.224765532353622
-24.18438437262416
-24.144046412295218
-24.103753833023752
-24.0635088219828
-24.023313570177017
-23.983170270751806
-23.943081117296863
-23.90304830214479
-23.86307401466562
-23.82316043955803
-23.783309755137658
-23.743524131623055
-23.703805729419464
-23.664156697400735
-23.6245791711898
-23.58507527143832
-23.54564710210625
-23.506296748742194
-23.467026276765417
-23.427837729750543
-23.38873312771606
-23.34971446541798
-23.31078371064999
-23.271942802551454
-23.233193649924633
-23.19453812956269
-23.155978084589922
-23.117515322815596
-23.079151615102635
-23.04088869375244
-23.002728250907243
-22.964671936971545
-22.92672135905409
-22.888878079431667
-22.851143614036292
-22.813519430967123
-22.77600694902853
-22.738607536295607
-22.701322508708248
-22.66415312869538
-22.627100603830772
-22.590166085522075
-22.553350667734325
-22.516655385749207
-22.480081214961192
-22.443629069711793
-22.40729980216327
-22.37109420121323
-22.335012991451638
-22.29905683216163
-22.263226316365518
-22.22752196991729
-22.191944250642706
-22.1564935475283
-22.12117017996053
-22.085974397016372
-22.05090637680678
-22.015966225874166
-21.981153978645125
-21.94646959693941
-21.911912969536075
-21.877483911797697
-21.84318216535334
-21.80900739784073
-21.77495920270823
-21.741037099077033
-21.707240531664013
-21.673568870765564
-21.64002141230273
-21.606597377928097
-21.573295915194905
-21.54011609778854
-21.507056925820393
-21.474117326184256
-21.441296152975468
-21.40859218797314
-21.376004141186115
-21.343530651463198
-21.311170287167926
-21.278921546917843
-21.246782860388038
-21.214752589178687
-21.182829027746262
-21.151010404398104
-21.119294882349916
-21.087680560845794
-21.056165476340222
-21.0247476037413
-20.99342485771413
-20.962195094043263
-20.931056111053206
-20.900005651086243
-20.86904140203708
-20.838160998943916
-20.807362025635452
-20.776642016433183
-20.745998457908367
-20.715428790692837
-20.684930411342403
-20.65450067425166
-20.624136893619006
-20.593836345460684
-20.563596269672413
-20.533413872137057
-20.503286326876715
-20.473210778247445
-20.443184343174774
-20.413204113428062
-20.38326715793175
-20.353370525111526
-20.323511245273263
-20.293686333012626
-20.26389278965291
-20.234127605708547
-20.204387763371553
-20.174670239018266
-20.144972005733788
-20.115290035851608
-20.085621303505683
-20.055962787192293
-20.026311472338783
-19.996664353876263
-19.967018438813447
-19.93737074880857
-19.90771832273648
-19.87805821924794
-19.848387519318116
-19.81870332878116
-19.789002780847845
-19.759283038603307
-19.72954129748208
-19.699774787717665
-19.669980776764156
-19.64015657168732
-19.610299521522727
-19.580407019598532
-19.550476505820704
-19.520505468918536
-19.49049144864835
-19.460432037953318
-19.43032488507739
-19.400167695631147
-19.36995823460753
-19.339694328345324
-19.309373866438357
-19.278994803588482
-19.248555161400525
-19.218053030117424
-19.187486570293878
-19.156854014406996
-19.126153668402587
-19.0953839131759
-19.06454320598592
-19.033630081802237
-19.00264315458363
-18.971581118487613
-18.940442749010106
-18.909226904054652
-18.87793252493059
-18.846558637279788
-18.815104351931485
-18.783568865684703
-18.75195146201749
-18.720251511722086
-18.688468473465253
-18.656601894272857
-18.624651409937957
-18.592616745351666
-18.56049771475607
-18.52829422191842
-18.4960062602258
-18.46363391269971
-18.43117735192978
-18.398636839926144
-18.36601272788987
-18.3333054559012
-18.300515552525457
-18.267643634336668
-18.234690405359107
-18.201656656427208
-18.16854326446425
-18.135351191680247
-18.102081484689837
-18.068735273550903
-18.035313770724574
-18.0018182699574
-17.968250145086703
-17.934610848770323
-17.900901911142032
-17.867124938394088
-17.833281611288445
-17.79937368359828
-17.765402980481724
-17.73137139678977
-17.697280895310314
-17.66313350495051
-17.628931318859316
-17.594676492492283
-17.560371241620572
-17.52601784028613
-17.491618618704848
-17.45717596111963
-17.422692303605245
-17.388170131826783
-17.35361197875362
-17.319020422330922
-17.284398083110958
-17.249747621846566
-17.215071737049257
-17.18037316251427
-17.145654664814984
-17.11091904076902
-17.07616911487837
-17.041407736745597
-17.006637778468175
-16.971862132013072
-16.93708370657386
-16.90230542591246
-16.867530225687858
-16.832761050773968
-16.79800085256892
-16.76325258629811
-16.728519208313287
-16.693803673389905
-16.659108932024903
-16.624437927737144
-16.589793594372676
-16.55517885341703
-16.520596611316844
-16.486049756813028
-16.45154115828765
-16.41707366112679
-16.38265008510184
-16.348273221772057
-16.313945831911166
-16.279670642960777
-16.24545034651305
-16.211287595824796
-16.177185003365036
-16.143145138397838
-16.10917052460233
-16.07526363773182
-16.041426903313802
-16.007662694392717
-15.973973329317158
-15.940361069573223
-15.90682811766582
-15.873376615049844
-15.84000864011332
-15.8067262062146
-15.773531259775718
-15.740425678433803
-15.70741126925247
-15.674489766994904
-15.64166283246025
-15.608932050884656
-15.576298930408493
-15.543764900611217
-15.51133131111535
-15.478999430260851
-15.446770443850944
-15.414645453970515
-15.382625477878072
-15.35071144697229
-15.318904205834023
-15.28720451134479
-15.255613031882511
-15.224130346595352
-15.192756944754485
-15.161493225186682
-15.130339495787446
-15.09929597311541
-15.06836278206871
-15.037539955644
-15.006827434778735
-14.976225068277294
-14.945732612821239
-14.915349733063968
-14.885076001809955
-14.854910900278645
-14.82485381845307
-14.79490405551312
-14.765060820353304
-14.735323232184774
-14.705690321221246
-14.676161029448442
-14.646734211476632
-14.617408635475789
-14.588182984192747
-14.559055856049659
-14.530025766322927
-14.501091148401562
-14.472250355123796
-14.44350166019081
-14.4148432596563
-14.386273273490636
-14.357789747218437
-14.32939065362834
-14.30107389455367
-14.272837302722767
-14.24467864367752
-14.216595617758603
-14.188585862155794
-14.160646953021658
-14.132776407646919
-14.104971686695823
-14.077230196499773
-14.049549291407377
-14.021926276189095
-13.99435840849468
-13.966842901361492
-13.939376925771672
-13.911957613256096
-13.884582058543078
-13.857247322249624
-13.829950433612954
-13.802688393259846
-13.77545817601126
-13.748256733719744
-13.721080998137113
-13.69392788380968
-13.666794290998384
-13.63967710862113
-13.61257321721459
-13.585479491912709
-13.558392805439057
-13.531310031110126
-13.504228045846732
-13.477143733190603
-13.450053986323086
-13.422955711082922
-13.395845828979917
-13.368721280201216
-13.341579026606995
-13.314416054712469
-13.287229378653068
-13.260016043129811
-13.232773126331994
-13.205497742834313
-13.178187046465597
-13.15083823314643
-13.123448543692817
-13.096015266582953
-13.068535740684197
-13.041007357937374
-13.013427565995642
-12.985793870815272
-12.958103839195743
-12.930355101266542
-12.90254535291811
-12.874672358174365
-12.846733951504234
-12.818728040069757
-12.790652605908292
-12.76250570804639
-12.734285484542994
-12.705990154459741
-12.67761801975628
-12.64916746710864
-12.620636969648785
-12.592025088623487
-12.563330474970497
-12.534551870810104
-12.505688110850214
-12.47673812370334
-12.44770093311402
-12.418575659095294
-12.389361518972988
-12.360057828336606
-12.330664001895796
-12.301179554241498
-12.271604100510869
-12.24193735695516
-12.212179141409704
-12.18232937366531
-12.152388075740545
-12.122355372054498
-12.092231489499708
-12.062016757414964
-12.03171160745782
-12.001316573376796
-11.970832290683273
-11.940259496223089
-11.909599027647854
-11.8788518227861
-11.848018918914459
-11.8171014519292
-11.786100655418505
-11.755017859635895
-11.723854490375299
-11.692612067748396
-11.661292204865116
-11.629896606418338
-11.598427067173997
-11.566885470367932
-11.53527378601083
-11.503594069102771
-11.471848457759062
-11.440039171249165
-11.408168507950744
-11.376238843220912
-11.344252627186785
-11.312212382457682
-11.2801207017614
-11.247980245507131
-11.215793739277666
-11.18356397125343
-11.151293789570824
-11.11898609961744
-11.086643861266902
-11.054270086056343
-11.021867834309555
-10.989440212209013
-10.95699036881994
-10.924521493069614
-10.89203681068515
-10.859539581092813
-10.827033094282024
-10.794520667637194
-10.762005642740668
-10.729491382150194
-10.696981266154374
-10.664478689509643
-10.631987058162302
-10.599509785959164
-10.567050291350178
-10.53461199408644
-10.50219831191702
-10.469812657288124
-10.43745843404799
-10.40513903416106
-10.37285783443496
-10.340618193263815
-10.308423447391469
-10.276276908698215
-10.244181861014559
-10.212141556965511
-10.180159214848592
-10.148238015548662
-10.11638109949259
-10.084591563646859
-10.052872458561074
-10.02122678546032
-9.989657493389108
-9.958167476409889
-9.926759570858925
-9.89543655266228
-9.864201134714483
-9.833055964322403
-9.802003620716766
-9.771046612633574
-9.740187375967741
-9.709428271501087
-9.678771582706762
-9.648219513632075
-9.61777418686157
-9.587437641562165
-9.557211831612126
-9.527098623815608
-9.497099796204399
-9.467217036428426
-9.437451940236432
-9.407806010048166
-9.378280653619203
-9.348877182799459
-9.31959681238634
-9.29044065907333
-9.26140974049476
-9.23250497436739
-9.20372717772933
-9.175077066276682
-9.146555253798265
-9.118162251708663
-9.089898468679786
-9.061764210371104
-9.033759679258631
-9.005884974562756
-8.978140092274737
-8.950524925281686
-8.923039263589546
-8.895682794643493
-8.868455103745022
-8.841355674564939
-8.814383889751399
-8.787539031632095
-8.760820283009581
-8.734226728048656
-8.707757353254545
-8.681411048540449
-8.655186608382914
-8.629082733063422
-8.603098029994491
-8.577231015128554
-8.551480114447848
-8.525843665533593
-8.500319919212735
-8.474907041280595
-8.449603114297588
-8.424406139458085
-8.39931403852934
-8.374324655858388
-8.349435760444749
-8.324645048076718
-8.299950143528989
-8.27534860281935
-8.250837915522183
-8.226415507136508
-8.202078741506277
-8.177824923290636
-8.153651300481819
-8.129555066968251
-8.105533365140317
-8.081583288536171
-8.057701884525
-8.033886157025128
-8.010133069254222
-7.98643954650884
-7.962802478970493
-7.939218724535449
-7.9156851116655655
-7.892198442257586
-7.86875549452837
-7.845353025913573
-7.821987775977261
-7.798656469330046
-7.775355818553136
-7.752082527125806
-7.728833292353867
-7.705604808296682
-7.682393768690244
-7.659196869863853
-7.636010813647897
-7.612832310270297
-7.589658081239183
-7.566484862209447
-7.543309405830738
-7.520128484574525
-7.496938893537821
-7.4737374532211875
-7.450521012278668
-7.427286450237265
-7.404030680183578
-7.380750651415273
-7.357443352055096
-7.334105811625175
-7.310735103579386
-7.287328347791618
-7.263882712997866
-7.240395419190083
-7.216863739959724
-7.193285004789001
-7.16965660128795
-7.145975977375417
-7.122240643402168
-7.098448174214343
-7.074596211155497
-7.0506824640055
-7.026704712854619
-7.002660809911158
-6.978548681241125
-6.954366328438463
-6.9301118302243925
-6.905783343974422
-6.8813791071716555
-6.856897438785035
-6.832336740571245
-6.807695498299106
-6.782972282895395
-6.758165751511081
-6.733274648507036
-6.708297806358397
-6.683234146476794
-6.658082679949794
-6.632842508196924
-6.60751282354174
-6.582092909699477
-6.556582142179942
-6.530979988605382
-6.50528600894311
-6.479499855652812
-6.4536212737484755
-6.427650100774969
-6.401586266699297
-6.375429793716634
-6.349180795971321
-6.322839479193142
-6.29640614024926
-6.269881166612272
-6.243265035744855
-6.216558314401588
-6.189761657848564
-6.162875809001519
-6.135901597483325
-6.108839938601796
-6.081691832248814
-6.054458361721806
-6.027140692468648
-5.999740070757176
-5.972257822270513
-5.9446953506294795
-5.917054135843463
-5.889335732691228
-5.86154176903325
-5.833673944057187
-5.805734026458209
-5.777723852556035
-5.749645324350615
-5.721500407518411
-5.693291129351207
-5.6650195766395415
-5.636687893502871
-5.608298279168641
-5.579852985702385
-5.551354315691069
-5.522804619881872
-5.494206294778626
-5.46556178019807
-5.436873556788233
-5.408144143511276
-5.379376095093139
-5.350571999442305
-5.321734475040056
-5.292866168304673
-5.2639697509320875
-5.2350479172154785
-5.206103381346399
-5.177138874700044
-5.148157143107251
-5.119160944115765
-5.090153044243396
-5.0611362162256865
-5.032113236260645
-5.003086881253085
-4.974059926061133
-4.945035140747502
-4.91601528783818
-4.887003119591109
-4.858001375277462
-4.829012778478047
-4.800040034397357
-4.7710858271977745
-4.742152817356478
-4.713243639047564
-4.6843608975519055
-4.655507166697277
-4.626684986331246
-4.597896859829327
-4.569145251640848
-4.540432584874922
-4.511761238928913
-4.483133547161743
-4.454551794614308
-4.426018215779241
-4.397534992422219
-4.3691042514570135
-4.340728062876419
-4.312408437741183
-4.284147326228975
-4.255946615745408
-4.22780812909906
-4.199733622742382
-4.171724785080361
-4.143783234848729
-4.115910519563424
-4.088108114042877
-4.060377419004687
-4.032719759738131
-4.005136384853933
-3.9776284651125797
-3.950197092332433
-3.9228432783787412
-3.895567954234631
-3.8683719691550977
-3.8412560899049475
-3.8142210000815435
-3.787267299523071
-3.7603955038029415
-3.73360604381085
-3.7068992654208923
-3.6802754292470907
-3.6537347104865616
-3.6272771988504586
-3.6009028985827576
-3.5746117285668624
-3.5484035225198776
-3.522278029274305
-3.496234913146826
-3.4702737543937383
-3.44439404975254
-3.418595213069079
-3.392876576009581
-3.367237388856801
-3.3416768213894845
-3.3161939638442246
-3.2907878279586957
-3.265457348095193
-3.2402013824433027
-3.215018714300424
-3.189908053428791
-3.1648680374875333
-3.139897233538232
-3.114994139622389
-3.090157186409122
-3.0653847389113262
-3.0406750982684794
-3.0160265035941687
-2.9914371338863495
-2.9669051099982786
-2.942428496668021
-2.918005304604349
-2.8936334926268215
-2.8693109698577564
-2.8450355979637707
-2.82080519344453
-2.796617529966318
-2.772470340738002
-2.7483613209269167
-2.724288130112152
-2.700248394772709
-2.6762397108079146
-2.652259646087467
-2.6283057430284114
-2.6043755211963404
-2.580466479928118
-2.556576100973435
-2.5327018511524897
-2.508841185027085
-2.484991547582412
-2.461150376916771
-2.437315106936468
-2.4134831700530848
-2.389651999880315
-2.3658190339275658
-2.3419817162875214
-2.3181375003148803
-2.2942838512934736
-2.270418249088993
-2.2465381907845825
-2.2226411932965786
-2.1987247959676783
-2.1747865631348504
-2.150824086669301
-2.126834988485852
-2.1028169230191125
-2.078767579663868
-2.054684685177147
-2.030566006039462
-2.0064093507727914
-1.9822125722129065
-1.9579735697336917
-1.9336902914211553
-1.909360736194855
-1.8849829558745104
-1.8605550571896279
-1.8360752037300303
-1.8115416178352433
-1.78695258242075
-1.7623064427392083
-1.7376016080747871
-1.712836553368858
-1.6880098207753564
-1.6631200211441917
-1.6381658354311421
-1.6131460160327489
-1.5880593880448046
-1.5629048504431216
-1.5376813771853397
-1.5123880182326113
-1.4870239004900685
-1.4615882286650712
-1.4360802860423239
-1.4104994351750346
-1.384845118491371
-1.359116858815578
-1.3333142598032266
-1.3074370062901621
-1.281484864554806
-1.255457682493559
-1.2293553897091578
-1.2031779975119368
-1.1769255988340463
-1.150598368056775
-1.1241965607512263
-1.0977205133326935
-1.071170642629177
-1.044547445364574
-1.0178514975571635
-0.9910834538341101
-0.9642440466628064
-0.9373340854999727
-0.9103544558595182
-0.8833061183002623
-0.8561901073347027
-0.8290075302601121
-0.8017595659133149
-0.7744474633505944
-0.7470725404542554
-0.7196361824674473
-0.6921398404589348
-0.6645850297195699
-0.6369733280922951
-0.6093063742375789
-0.5815858658362529
-0.5538135577317876
-0.5259912600141099
-0.49812083604712376
-0.4702042004421548
-0.4422433169795967
-0.4142401964810934
-0.38619689463463674
-0.35811550977500517
-0.3299981806220118
-0.301847083979072
-0.2736644323946378
-0.24545247178908616
-0.2172134790496774
-0.18894975959623056
-0.1606636449201902
-0.132357490099779
-0.10403367129395079
-0.0756945832178728
-0.04734263660268089
-0.01898025564226014
0.009390124570190717
0.03776606061305114
0.06614510331186912
0.09452480031689799
0.12290269867983711
0.1512763474270465
0.1796433001265208
0.20800111744592836
0.23634736969904238
0.26467963937791555
0.2929955236681783
0.32129263694487425
0.34956861324628385
0.3778211087232285
0.40604780406138596
0.43424640687419347
0.46241465406396
0.4905503141488595
0.5186511895535317
0.5467151188610654
0.5747399790241985
0.6027236875336274
0.6306642045413771
0.658559534937247
0.6864077303764093
0.7142068912563037
0.7419551686410357
0.7696507661315609
0.7972919416799964
0.8248770093464789
0.8524043409970581
0.8798723679411805
0.9072795825073892
0.9346245395559375
0.9619058579270994
0.9891222218240362
1.0162723821291546
1.0433551576529607
1.070369436314488
1.0973141762524508
1.1241884068663481
1.1509912297868043
1.1777218197744967
1.2043794255470863
1.2309633705336365
1.257473053556067
1.2839079494372747
1.3102676095356305
1.3365516622056148
1.3627598131844094
1.3888918459043167
1.4149476217309531
1.4409270801272354
1.4668302387432426
1.4926571934321007
1.5184081181921014
1.5440832650353302
1.5696829637831309
1.59520762178878
1.6206577235878001
1.646033830476401
1.6713365800186089
1.6965666854826968
1.721724935207593
1.7468121918999946
1.7718293918629726
1.7967775441568907
1.821657729693506
1.8464711002641396
1.8712188775028518
1.8959023517856033
1.9205228810664523
1.945081889651873
1.9695808669143247
1.994021365946234
2.0184050021556006
2.04273345180449
2.0670084504917066
2.091231791580971
2.1154053245759843
2.139530953443774
2.1636106348877546
2.1876463765719563
2.211640235297915
2.2355943151357494
2.2595107655109743
2.283391779248639
2.307239590576396
2.331056473088159
2.35484473767006
2.3786067303904432
2.402344830355665
2.4260614475334976
2.4497590205459745
2.47344001443352
2.4971069183922543
2.520762243486401
2.5444085203377496
2.56804829679417
2.591684135579203
2.615318611924788
2.638954311189259
2.66259382646276
2.686239756162283
2.709894701618498
2.733561264656554
2.7572420451730153
2.7809396387111356
2.8046566340366823
2.8283956107165764
2.8521591367026464
2.875949765922805
2.899770035881947
2.9236224652748537
2.947509551613376
2.9714337688701535
2.995397565141162
3.0194033603293855
3.0434535438519044
3.067550472372681
3.091696467563343
3.115893813894251
3.1401447564581715
3.164451498828862
3.1888162009568806
3.2132409771049115
3.237727893824884
3.262278967979155
3.2868961648079726
3.3115813960453964
3.336336518085839
3.3611633302033774
3.386063572825956
3.4110389258665696
3.436091007113464
3.461221370681332
3.486431505525416
3.511722834020332
3.5370967106054
3.5625544204981483
3.5880971784776103
3.613726127738939
3.6394423388208423
3.665246808607222
3.6911404594043304
3.7171241380946545
3.743198615368652
3.769364585035412
3.7956226634132126
3.8219733888008567
3.8484172210305987
3.874954541103361
3.901585650906836
3.9283107730169293
3.9551300505828926
3.9820435472963616
4.009051247444416
4.036153056046684
4.063348799076403
4.090638223765266
4.118020998991804
4.145496715752893
4.173064887717894
4.200724951864872
4.228476269198209
4.256318125546811
4.284249732441977
4.312270228073863
4.3403786783254175
4.368574077882601
4.396855351419549
4.425221354857196
4.45367087669382
4.482202639405848
4.5108153009172085
4.539507456135432
4.56827763855264
4.597124321909451
4.626045921919786
4.65504079805449
4.684107255381544
4.713243546460621
4.742447873289618
4.771718389300827
4.801053201404334
4.830450372076204
4.859907921488937
4.889423829681559
4.91899603876669
4.9486224551718765
4.9783009519124635
5.008029370893288
5.037805525236399
5.0676272016319555
5.097492162709491
5.127398149426751
5.157342883473296
5.187324069686047
5.217339398473937
5.247386548248797
5.27746318785968
5.307566979027775
5.337695578779033
5.367846641871615
5.398017823215347
5.428206780280397
5.45841117549235
5.488628678610843
5.518856969088944
5.549093738410548
5.579336692403103
5.609583553523009
5.639832063111143
5.670079983616006
5.700325100782024
5.730565225800596
5.760798197421572
5.791021884022862
5.821234185636031
5.851433035925745
5.881616404121012
5.9117822968961855
5.941928760199809
5.972053881029475
6.002155789150941
6.032232658759896
6.06228271008481
6.092304210929443
6.122295478153619
6.1522548790909415
6.182180832902164
6.2120718118631135
6.2419263425861065
6.271743007173869
6.301520444305057
6.331257350250612
6.3609524798203365
6.3906046472391465
6.420212726952594
6.449775654361242
6.479292426483592
6.508762102547389
6.538183804509191
6.567556717502096
6.596880090211702
6.626153235180457
6.655375529040658
6.684546412676394
6.713665391314738
6.742732034546595
6.77174597627771
6.800706914610455
6.829614611657082
6.858468893285188
6.887269648796196
6.916016830537697
6.944710453450544
6.973350594551638
7.001937392353453
7.030471046221505
7.058951815671156
7.087380019605262
7.115756035494328
7.144080298501051
7.172353300551321
7.2005755893539245
7.228747767371416
7.2568704907448165
7.284944468174984
7.312970459763684
7.340949275817509
7.368881775618008
7.396768866161524
7.424611500872375
7.4524106782931145
7.480167440755581
7.50788287303658
7.535558101002033
7.5631942902434615
7.590792644710635
7.618354405344195
7.645880848712056
7.673373285653344
7.7008330599335615
7.728261546914641
7.755660152243433
7.783030310562058
7.810373484243481
7.837691162155491
7.864984858456144
7.892256111423561
7.919506482322771
7.946737554312048
7.973950931390943
8.001148237392071
8.028331115018558
8.055501224928845
8.082660244870238
8.109809868862426
8.136951806431929
8.16408778189823
8.191219533712028
8.218348813845807
8.245477387236704
8.272607031281424
8.299739535382784
8.32687670054706
8.354020339031102
8.381172274037958
8.408334339459522
8.435508379664519
8.462696249329973
8.489899813314047
8.517120946567964
8.544361534084572
8.57162347088098
8.59890866201252
8.626219022615262
8.653556477974108
8.68092296361347
8.708320425407324
8.735750819705268
8.763216113471211
8.79071828443123
8.818259321227126
8.845841223572132
8.873466002405175
8.901135680040023
8.928852290305743
8.95661787867495
8.984434502376219
9.012304230487107
9.040229144004119
9.06821133588618
9.096252911068252
9.124355986441923
9.152522690799938
9.180755164741779
9.209055560537575
9.237426041947597
9.265868783994815
9.2943859726882
9.322979804694672
9.35165248695775
9.380406236261129
9.409243278735572
9.43816584930765
9.46717619108898
9.496276554704833
9.525469197561192
9.554756383049492
9.58414037968849
9.613623460202886
9.643207900538526
9.672895978814195
9.702689974210244
9.7325921657945
9.762604831286126
9.792730245758435
9.82297068028187
9.853328400508602
9.883805665200484
9.914404724702322
9.94512781936264
9.975977177904383
10.006955015748192
10.038063533291139
10.0693049141441
10.10068132333092
10.132194905452623
10.163847782820172
10.195642053559398
10.227579789691932
10.259663035195986
10.291893804050847
10.324274078269088
10.356805805920647
10.38949089915302
10.422331232211878
10.455328639466277
10.488484913442708
10.52180180287225
10.555281010755158
10.588924192447243
10.622732953772333
10.656708849165062
10.690853379848326
10.72516799204971
10.759654075261002
10.794312960544877
10.829145918892856
10.864154159638481
10.899338828929608
10.934701008263652
10.970241713089557
11.005961891480062
11.041862422877692
11.077944116917784
11.114207712331714
11.15065387593331
11.18728320169131
11.22409620989057
11.261093346384792
11.298274981943317
11.335641411694477
11.373192854667675
11.410929453436335
11.448851273863706
11.486958304953315
11.525250458805655
11.563727570682357
11.602389399178957
11.641235626507209
11.680265858887664
11.719479627053003
11.758876386862438
11.798455520027316
11.83821633494797
11.878158067661643
11.918279882901004
11.958580875262754
11.999060070485484
12.039716426835795
12.080548836601594
12.121556127691306
12.162737065337566
12.204090353903597
12.245614638790345
12.287308508442267
12.329170496449438
12.37119908374338
12.413392700884005
12.455749730434848
12.4982685094236
12.540947331884656
12.583784451480074
12.626778084195283
12.66992641110571
12.71322758121035
12.75667971432826
12.800280904053812
12.844029220766506
12.887922714690921
12.931959419002359
12.976137352973714
13.020454525159073
13.064908936609461
13.10949858411606
13.15422146347614
13.199075572777012
13.24405891569318
13.289169504791708
13.334405364840599
13.379764536115111
13.425245077696921
13.470845070761039
13.516562621845432
13.562395866098365
13.608342970498521
13.65440213704296
13.700571605897915
13.746849658507552
13.793234620655833
13.83972486547675
13.886318816408217
13.933014950084978
13.979811799165912
14.026707955091023
14.073702070763527
14.1207928631524
14.167979115810777
14.215259681305806
14.262633483555543
14.310099520068801
14.357656864083877
14.405304666602246
14.453042158313336
14.500868651406533
14.54878354126677
14.596786308050097
14.644876518135758
14.693053825451413
14.741317972668226
14.789668792262658
14.838106207441797
14.886630232929292
14.935240975609332
14.983938635026277
15.032723503737671
15.081595967518567
15.130556505415257
15.179605689646706
15.228744185352127
15.277972750183395
15.327292233741233
15.376703576854226
15.426207810699722
15.475806055765803
15.52549952065374
15.575289500720645
15.625177376562236
15.675164612335935
15.72525275392478
15.775443426942887
15.825738334583479
15.876139255310706
15.926648040396786
15.977266611306094
16.027996956928124
16.07884113066135
16.12980124735022
16.180879480077866
16.232078056817276
16.28339925694387
16.334845407612722
16.386418880003763
16.438122085438582
16.489957471372723
16.54192751726743
16.594034730345047
16.646281641232665
16.69867079949876
16.75120476908791
16.803886123658945
16.856717441832334
16.909701302352776
16.962840279172955
17.016136936464623
17.06959382356334
17.1232134698534
17.176998379599528
17.230951026732004
17.285073849591942
17.339369245643542
17.39383956616003
17.448487110890074
17.503314122711476
17.55832278227898
17.613515202673362
17.668893424058915
17.724459408356743
17.780215033941424
17.83616209036881
17.892302273142796
17.948637178528934
18.005168298422937
18.061897015282206
18.118824597128402
18.17595219262919
18.233280826267084
18.290811393603327
18.348544656644584
18.40648123932022
18.464621623077655
18.522966142603202
18.581514981675817
18.64026816916087
18.699225575150997
18.758386907260736
18.817751707081534
18.877319346803468
18.937089026009836
18.997059768650423
19.05723042019913
19.117599645001615
19.17816592381841
19.23892755156886
19.299882635281318
19.361029092254693
19.422364648436325
19.483886837020673
19.545592997273058
19.607480273582222
19.6695456147451
19.731785773486944
19.794197306219456
19.856776573039195
19.91951973796817
19.982422769438056
20.045481441019017
20.10869133239397
20.172047830578844
20.23554613138928
20.29918124115396
20.362947978674512
20.426840977431752
20.490854688037658
20.554983380932114
20.619221149322996
20.683561912367864
20.7479994185954
20.812527249564354
20.877138823757676
20.94182740070913
21.006586085359558
21.071407832639565
21.136285452275203
21.201211613812703
21.26617885185796
21.331179571526107
21.3962060540962
21.461250462865696
21.52630484919904
21.591361158764233
21.65641123795105
21.721446840464314
21.786459634085464
21.851441207595503
21.916383077852107
21.981276697013772
22.046113459903427
22.110884711503804
22.175581754576815
22.240195857398835
22.304718261603472
22.36914019012317
22.433452855220843
22.497647466602835
22.561715239604574
22.625647403440404
22.689435209509035
22.753069939746005
22.816542915014388
22.879845503524756
22.94296912927563
23.00590528050585
23.06864551815044
23.131181484291766
23.19350491059765
23.25560762673822
23.31748156877296
23.37911878749946
23.440511456755385
23.501651881665335
23.562532506824535
23.623145924410803
23.683484882216188
23.743542291589588
23.803311235281708
23.862784975183953
23.921956959952777
23.98082083251111
24.03937043741851
24.09759982810172
24.15550327393737
24.213075267178738
24.2703105297187
24.327204019680835
24.383750937830655
24.439946733798877
24.495787112108758
24.551268037999677
24.60638574303951
24.661136730518677
24.71551778061871
24.769525955348627
24.82315860324252
24.876413363812134
24.92928817174834
24.98178126086575
25.033891167785132
25.085616735348484
25.136957115761792
25.187911773460545
25.238480487693014
25.28866335481644
25.338460790301216
25.38787353043867
25.436902633748392
25.485549482081726
25.533815781418358
25.581703562353116
25.62921518027051
25.67635331520461
25.72312097138226
25.769521476447924
25.81555848036894
25.86123595402032
25.90655818744833
25.951529787812554
25.996155677006563
26.040441088957472
26.08439156660493
26.128012958560284
26.171311415447043
26.214293385924243
26.256965612394687
26.299335126400543
26.341409243709087
26.383195559091924
26.42470194080108
26.465936524745707
26.506907708373497
26.547624144261285
26.5880947334197
26.628328618317035
26.66833517562805
26.708124008714073
26.74770493984071
26.787088002139917
26.826283431323453
26.86530165715491
26.90415329468798
26.942849135279012
26.981400137382202
27.019817417135847
27.058112238748215
27.096296004691943
27.13438024571588
27.172376610683084
27.210296856243684
27.24815283635179
27.28595649163584
27.323719838632325
27.36145495889293
27.399173987975455
27.43688910432895
27.474612518083955
27.51235645975869
27.550133168892227
27.587954882615758
27.625833824172968
27.66378219140061
27.701812145180337
27.73993579787314
27.778165201747964
27.816512337416167
27.854989102283536
27.893607299031526
27.93237862413933
27.97131465645843
28.01042684585151
28.049726501907696
28.08922478274614
28.128932683919697
28.168861027430278
28.209020450867182
28.249421396680116
28.290074101598616
28.33098858620978
28.37217464470616
28.413641834815518
28.455399467924178
28.497456599405563
28.539822019165467
28.582504242415023
28.625511500681863
28.668851733069417
28.712532577774127
28.75656136387012
28.800945103370836
28.845690483576604
28.890803859716627
28.936291247893692
28.9821583183393
29.0284103889867
29.075052419368873
29.122089004848405
29.169524371185574
29.217362369450925
29.26560647128828
29.314259764533787
29.363324949196382
29.412804333804743
29.462699832125494
29.513012960257058
29.56374483410319
29.614896167230015
29.666467269109788
29.718458043754097
29.770867988738743
29.823696194622116
29.876941344758322
29.930601715506118
29.984675176834333
30.039159193324043
30.094050825567525
30.149346731963664
30.205043170908983
30.26113600338265
30.317620695923086
30.374492323993298
30.43174557573143
30.489374756082658
30.547373791308235
30.605736233867493
30.664455267668405
30.72352371368193
30.78293403591535
30.842678347739724
30.90274841856628
30.963135680865992
31.023831237526412
31.084825869539394
31.14611004401319
31.20767392250189
31.26950736964516
31.331599962110907
31.393940997832736
31.456519505533883
31.519324254529003
31.58234376479495
31.645566317301494
31.70897996459231
31.772572541606188
31.83633167672803
31.900244803059074
31.964299169895604
32.028481854404895
32.092779773486846
32.15717969580961
32.22166825400739
32.28623195702877
32.35085720262395
32.41553028995897
32.48023743234477
32.54496477006884
32.609698383316946
32.674424305172636
32.73912853468158
32.803797049967955
32.868415821389476
32.93297082471804
32.997448054332665
33.061833536411314
33.12611334210817
33.19027360070277
33.2543005127076
33.31818036292103
33.38189953341222
33.44544451642534
33.50880192718998
33.571958516625244
33.63490118392477
33.69761698901024
33.76009316484132
33.822317129569996
33.88427649852801
33.94595909603632
34.00735296702547
34.06844638845601
34.12922788052825
34.189686217670896
34.2498104392983
34.309589860326525
34.36901408143888
34.42807299909117
34.486756815247645
34.545056046839136
34.602961534935396
34.66046445362338
34.717556318583895
34.77422899535879
34.830474707301114
34.886286043200535
34.9416559645768
34.996577812634435
35.05104531487206
35.10505259134002
35.15859416053983
35.21166494495905
35.26426027623538
35.31637589994396
35.36800798000227
35.41915310268801
35.46980828026583
35.519970954219765
35.56963899808827
35.61881071989925
35.66748486420253
35.71566061369831
35.76333759046023
35.81051585675184
35.857195915435774
35.90337870997522
35.94906562402739
35.99425848062905
36.03895954097451
36.08317150278629
36.126897498279114
36.17014109171817
36.21290627657317
36.25519747226992
36.29701952054183
36.338377681384436
36.379277628616144
36.4197254450491
36.45972761727473
36.49929103006924
36.53842296042474
36.57713107121164
36.615423404478534
36.65330837439622
36.69079475985235
36.72789169670371
36.76460866969309
36.80095550403799
36.836942356698
36.872579707328626
36.90787834892923
36.94284937819329
36.97750418556906
37.01185444503945
37.04591210362942
37.079689370649945
37.1131987066873
37.14645281234688
37.17946461676074
37.2122472658687
37.244814110483034
37.27717869414742
37.309354740800856
37.34135614225765
37.373196945515005
37.40489133989966
37.43645364406545
37.46789829285346
37.49923982402639
37.530492864888444
37.56167211880232
37.592792351614875
37.623868378003564
37.65491504775626
37.685947231997304
37.71697980937226
37.748027652204016
37.77910561263262
37.81022850875131
37.841411110751196
37.87266812708741
37.90401419067955
37.93546384515933
37.967031531178506
37.99873157279045
38.03057816391883
38.062585354926384
38.09476703929663
38.127136940441446
38.15970859864744
38.19249535817379
38.22551035451396
38.258766501834074
38.292276480600364
38.32605272540796
38.360107413023044
38.39445245065035
38.42909946443801
38.46405978823138
38.49934445258741
38.53496417406107
38.57092934477514
38.60725002228439
38.643935919745374
38.68099639640222
38.71844044839882
38.75627669992734
38.79451339472227
38.833158387908995
38.87221913821524
38.91170270055379
38.95161571898409
38.9919644200604
39.03275460657362
39.07399165169316
39.11568049351489
39.15782563002033
39.200431114451916
39.243500551108
39.28703709156143
39.33104343130497
39.37552180682638
39.420473993115756
39.46590130160751
39.51180457855906
39.55818420386759
39.605040090326035
39.65237168331918
39.70017796096021
39.74845743466738
39.79720815018032
39.846427689015336
39.89611317035888
39.94626125339817
39.99686814008816
40.04792957835365
40.099440865724766
40.15139685340369
40.203791950760085
40.256620130252195
40.309874932770406
40.36354947339941
40.41763644759464
40.472128137767974
40.5270164202771
40.582292772812586
40.63794828217612
40.69397365244219
40.750359213494555
40.807094929928205
40.86417041030699
40.92157491676698
40.97929737495581
41.0373263842984
41.09565022857935
41.154256886832506
41.21313404452814
41.272269105047535
41.33164920143479
41.39126120841586
41.45109175467467
41.511127235376186
41.57135382492527
41.63175748994922
41.692324002491716
41.753038953404996
41.81388776592661
41.87485570942624
41.93592791330855
41.99708938105721
42.05832500440596
42.11961957762196
42.180957811886856
42.242324349760736
42.30370377971468
42.36508065071786
42.426439486865036
42.48776480203048
42.54904111453459
42.61025296180935
42.67138491504875
42.73242159383045
42.79334768069543
42.85414793567173
42.91480721072884
42.975310464149175
43.03564277480359
43.09578935631794
43.15573557111776
43.21546694433806
43.27496917758532
43.33422816253881
43.39322999437843
43.451960985026744
43.51040767619327
43.568556852208985
43.62639555263888
43.683911084660224
43.74109103519374
43.79792328277478
43.85439600915209
43.91049771060239
43.96621720894934
44.021543662276095
44.07646657532087
44.13097580954469
44.185061592861196
44.23871452901842
44.29192560662228
44.34468620779223
44.39698811643979
44.44882352616134
44.50018504773687
44.551065716227136
44.6014589976615
44.65135879530903
44.70075945552646
44.749655773177786
44.79804299662033
44.845916832252676
44.893273448620455
44.94010948007617
44.986422029989235
45.0322086735032
45.0774674598373
45.122196914130036
45.16639603882215
45.210064314576535
45.25320170073298
45.29580863529606
45.33788603445476
45.37943529163312
45.42045827607178
45.46095733094058
45.50093527098273
45.54039537969175
45.579341406023225
45.617777560643795
45.65570851172044
45.69313938025284
45.730075734952386
45.766523586672186
45.80248938239334
45.83797999877334
45.87300273526286
45.90756530679813
45.941675836077096
45.97534284542776
46.008575248278206
46.04138234023846
46.07377378980517
46.105759628700426
46.13735024185577
46.16855635705333
46.19938903423578
46.22985965449733
46.259979908768585
46.28976178620839
46.31921756231618
46.348359786778374
46.37720127106236
46.405755075772234
46.43403449777988
46.4620530571453
46.48982448383988
46.517362704286214
46.54468182772821
46.57179613244536
46.59872005182446
46.62546816030199
46.65205515919014
46.67849586240017
46.7048051820765
46.73099811415422
46.75708972385293
46.78309513111965
46.80902949603332
46.83490800418356
46.86074585203632
46.88655823229904
46.91236031929772
46.93816725437809
46.963994131343
46.98985598193754
47.015767761393434
47.04174433404491
47.06780045902839
47.093950776079296
47.12020979143871
47.146591863882705
47.17311119088744
47.19978179494309
47.22661751002944
47.25363196826602
47.28083858674951
47.30825055459145
47.33588082016952
47.36374207860531
47.39184675948174
47.420207014813016
47.44883470728014
47.47774139874441
47.5069383390511
47.53643645513496
47.566246340439434
47.596378244661096
47.626842063830296
47.65764733073861
47.68880320572352
47.72031846782063
47.752201506293616
47.78446031255113
47.81710247245981
47.850135159061395
47.88356512570182
47.91739869957878
47.951641775714066
47.986299811356744
48.021377820823275
48.05688037078029
48.09281157597532
48.12917509541968
48.16597412902742
48.20321141471335
48.240889225952415
48.27900936980201
48.31757318538884
48.35658154286166
48.396034842811346
48.43593301615876
48.47627552451071
48.51706136098359
48.55828905149379
48.599956656513335
48.64206177328847
48.68460153851847
48.72757263149165
48.770971277675265
48.81479325275583
48.8590338871256
48.90368807081145
48.94875025884166
48.99421447704585
49.040074328283104
49.08632299909302
49.1329532667635
49.17995750680873
49.22732770085056
49.275055444896246
49.323131958005
49.37154809133565
49.42029433756712
49.46936084068354
49.518737406115086
49.56841351122497
49.61837831613209
49.66862067485791
49.719129146786166
49.76989200842356
49.820897265449354
49.872132665040304
49.9235857084578
49.97524366388412
50.02709357949416
50.079122296749084
50.13131646389822
50.183662549675226
50.23614685717413
50.28875553789023
50.341474605910626
50.394289952239056
50.44718735923996
50.500152515186386
50.55317102889589
50.6062284444383
50.659310255899214
50.71240192218309
50.76548888183967
50.818556567897446
50.871590422687945
50.924575912645
50.977498543063774
51.030343872804764
51.08309752892856
51.1357452212479
51.18827275678322
51.240666054107436
51.29291115756561
51.344994251355246
51.3969016734533
51.448619929376804
51.50013570576411
51.551435883764356
51.602507552222704
51.65333802064859
51.703914831954336
51.754225774951266
51.80425889659094
51.85400251393949
51.903445225873355
51.952575924484364
52.00138380618287
52.049858382488225
52.09798949049693
52.14576730301937
52.19318233837592
52.24022546984341
52.28688793474291
52.333161343159844
52.37903768628823
52.424509344390714
52.46956909436622
52.51421011691676
52.5584260033057
52.60221076170026
52.64555882309136
52.688465046784444
52.73092472545537
52.77293358976564
52.81448781253172
52.8555840124433
52.89621925732567
52.936391066941695
52.97609741532935
53.0153367326715
53.05410790669541
53.09241028359966
53.130243668506495
53.167608325437726
53.2045049768129
53.24093480246901
53.27689943820158
53.312400973827295
53.34744195076851
53.38202535916045
53.416154634481956
53.449833653711124
53.483066731007824
53.51585861292514
53.54821447315257
53.58013990679356
53.611640924181216
53.642723944236224
53.67339578737139
53.70366366794789
53.73353518628872
53.76301832025533
53.79212141639451
53.82085318066308
53.84922266873858
53.87723927592438
53.90491272665807
53.9322530636326
53.95927063654031
53.98597609045029
54.01238035383031
54.03849462622472
54.06433036560057
54.08989927537462
54.115213291134665
54.140284567068846
54.16512546211706
54.18974852585919
54.21416648415581
54.238392224557714
54.26243878150055
54.28631932130142
54.310047126973956
54.333635582878486
54.35709815922402
54.380448396438936
54.40369988942754
54.42686627172978
54.449961199601574
54.472998336033896
54.4959913347291
54.51895382405334
54.54189939098424
54.56484156507301
54.58779380244047
54.61076946982652
54.63378182871227
54.65684401953436
54.679969046010825
54.70316975959784
54.72645884409613
54.749848800426406
54.77335193159294
54.79698032785362
54.8207458521147
54.84466012556791
54.86873451358767
54.89298011190621
54.91740773308422
54.94202789329384
54.966850799430944
54.99188633657295
55.01714405579847
55.04263316238408
55.06836250439321
55.094340561671885
55.12057543526569
55.14707483727179
55.17384608113932
55.20089607243082
55.22823130005614
55.2558578279899
55.283781287482526
55.312006869773455
55.34053931931467
55.36938292751185
55.39854152699044
55.428018486393825
55.45781670571992
55.48793861220193
55.518386156737705
55.54916081087171
55.580263564332455
55.611694923127715
55.64345490819895
55.675543054635256
55.70795841144681
55.74069954189699
55.77376452439168
55.80715095392358
55.84085594406869
55.87487612953177
55.909207669236736
55.943846249957545
55.97878709048419
56.01402494631819
56.049554114890924
56.08536844129745
56.12146132453776
56.157825724256526
56.19445416797177
56.23133875878298
56.2684711835482
56.305842721518985
56.34344425342127
56.38126627096946
56.419298886800874
56.45753184481666
56.495954530915384
56.53455598410474
56.57332490797663
56.61224968253086
56.651318376332114
56.690518758983984
56.72983831390334
56.769264251377734
56.80878352188867
56.84838282968386
56.88804864658121
56.927767225987196
56.96752461711148
57.0073066793598
57.04709909688691
57.08688739329145
57.12665694643525
57.16639300336968
57.20608069535146
57.245705052930504
57.285251021092364
57.32470347443817
57.36404723238465
57.40326707436745
57.44234775503085
57.481274019387484
57.520030617931724
57.55860232169081
57.59697393719742
57.63513032136777
57.67305639626957
57.710737163763866
57.748157720005196
57.78530326978503
57.82215914070409
57.85871079715949
57.894943854133345
57.93084409076951
57.96639746372611
58.00159012029164
58.03640841125289
58.07083890350296
58.10486839237788
58.13848391371059
58.171672755591004
58.20442246982182
58.23672088305969
58.26855610763178
58.299916552018345
58.330790930992606
58.36116827540971
58.39103794163711
58.42038962061915
58.449213346568996
58.477499505281315
58.5052388420593
58.53242246925001
58.5590418733826
58.58508892190403
58.61055586950707
58.63543536404618
58.65972045203822
58.68340458374511
58.706481617836154
58.72894582562814
58.75079189490183
58.77201493329407
58.7926104712648
58.81257446463943
58.83190329672724
58.8505937800172
58.86864315745286
58.88604910328841
58.9028097235287
58.9189235559571
58.93438956975607
58.94920716472573
58.963376170105995
58.976896843008014
58.989769866460996
59.001996347081366
59.013577812371274
59.02451620765343
59.03481389264912
59.04447363770661
59.05349861968737
59.06189241751802
59.06965900741606
59.076802757797545
59.08332842387498
59.08924114195364
59.094546423435055
59.09925014853665
59.10335855973697
59.10687825495618
59.109816180481495
59.11217962364751
59.11397620528155
59.11521387192406
59.11590088783377
59.116045826787094
59.11565756368149
59.11474526595257
59.11331838481485
59.11138664633578
59.1089600423525
59.106048821240655
59.10266347854449
59.09881474747713
59.09451358929946
59.08977118358596
59.08459891838559
59.079008380286304
59.073011344391354
59.06661976421524
59.059845761507326
59.052701616010815
59.045199755164994
59.037352743758255
59.02917327353956
59.02067415279593
59.011868295903675
59.00276871286085
58.99338849880852
58.983740823549034
58.97383892106925
58.96369607907699
58.95332562855905
58.94274093336961
58.93195537985779
58.92098236654292
58.90983529384588
58.8985275538843
58.88707252033945
58.87548353840206
58.86377391480418
58.85195690794465
58.84004571811531
58.82805347783526
58.81599324230033
58.803877979955
58.79172056319343
58.779533759196376
58.76733022091029
58.75512247817475
58.74292292900416
58.730743831029464
58.71859729310561
58.70649526709057
58.6944495398017
58.68247172515502
58.670573256492766
58.65876537910467
58.647059142948
58.63546539557118
58.623994775245514
58.61265770430945
58.60146438272981
58.5904247818842
58.5795486385687
58.56884544923438
58.55832446445644
58.54799468363971
58.537864849963775
58.52794344557103
58.51823868700078
58.50875852087248
58.49951061982083
58.49050237868503
58.481740910954365
58.47323304547147
58.46498532339459
58.45700399542009
58.449295019265925
58.44186405741679
58.43471647513079
58.427857338707646
58.42129141401771
58.41502316529168
58.4090567541704
58.40339603901365
58.398044574466475
58.39300561128133
58.38828209639403
58.383876673252
58.3797916823929
58.3760291622713
58.37259085033103
58.36947818432075
58.36669230385022
58.36423405218435
58.3621039782718
58.36030233900451
58.35882910170407
58.35768394683081
58.35686627091159
58.35637518968176
58.35620954143739
58.35636789059286
58.35684853143963
58.35764949210162
58.35876853868334
58.360203179606664
58.36195067013174
58.36400801705751
58.36637198359646
58.36903909441791
58.37200564085365
58.37526768626052
58.37882107153386
58.38266142076575
58.38678414704268
58.391184458377076
58.39585736376714
58.400797679379174
58.40600003484608
58.41145887967529
58.4171684897589
58.42312297397897
58.42931628090057
58.435742205545274
58.442394396237354
58.44926636151511
58.45635147709962
58.46364299291364
58.47113404014343
58.4788176383369
58.48668670253111
58.49473405040218
58.50295240943067
58.511334424075734
58.51987266295121
58.52855962599714
58.537387751640814
58.546349423940946
58.55543697970891
58.564642715601316
58.5739588951781
58.58337775592046
58.592891516202634
58.60249238221193
58.61217255481146
58.62192423634057
58.63173963734781
58.64161098325102
58.65153052091919
58.661490525171224
58.67148330518686
58.68150121082531
58.69153663884763
58.70158203903927
58.71162992022929
58.72167285620257
58.73170349150164
58.741714547114874
58.75169882604778
58.76164921877464
58.77155870856766
58.78142037670106
58.791227407527266
58.80097309342202
58.81065083959559
58.82025416876744
58.829776725701244
58.839212281596794
58.848554738336
58.85779813258004
58.86693663971463
58.875964577640765
58.88487641040857
58.893666751692344
58.902330368105176
58.9108621823518
58.91925727621814
58.92751089339638
58.93561844214404
58.94357549777559
58.95137780498474
58.9590212799956
58.96650201254116
58.97381626766785
58.98096048736554
58.98793129202304
58.99472548170926
59.00134003728093
59.00777212131781
59.0140190788861
59.02007843813167
59.025947910704396
59.03162539201592
59.03710896133314
59.04239688171018
59.04748759976159
59.05237974527987
59.057072130700625
59.06156375041818
59.06585377995507
59.069941574988015
59.07382667023311
59.07750877819283
59.08098778776762
59.08426376273511
59.08733694010048
59.09020772832182
59.092876705414916
59.09534461694168
59.097612373886456
59.09968105042427
59.101551881585785
59.103226260823455
59.104705737483336
59.10599201418646
59.107086944123616
59.107992528267324
59.1087109125048
59.10924438469571
59.10959537165875
59.10976643609079
59.10976027342239
59.109579708613616
59.109227692894116
59.10870730045142
59.10802172507122
59.107174276732884
59.10616837816381
59.10500756135614
59.10369546405
59.10223582618702
59.10063248633768
59.09888937810573
59.09701052651295
59.09500004436743
59.0928621286183
59.09060105669935
59.08822118286364
59.08572693451104
59.083122808510076
59.080413367516066
59.077603236287
59.074697097998786
59.071699690561424
59.06861580293717
59.06545027146141
59.06220797616678
59.058893837111135
59.05551281070931
59.052069886068786
59.048570081328855
59.0450184400032
59.04142002732559
59.03777992659881
59.034103235546446
59.03039506266797
59.026660523597265
59.02290473746505
59.01913282326573
59.0153498962296
59.011561064201295
59.00777142402527
59.00398605793945
59.00021002997838
58.99644838238735
58.99270613204883
58.988988266922924
58.98529974250355
58.981645478292286
58.9780303542917
58.97445920752026
58.97093682855101
58.96746795807557
58.964057283495585
58.960709435543755
58.957428984936634
58.954220439061466
58.95108823869928
58.94803675478662
58.945070285218584
58.942193051695575
58.93940919661666
58.93672278002189
58.934137776586034
58.931658072665506
58.92928746340019
58.92702964987175
58.92488823632002
58.922866727419354
58.92096852561631
58.91919692853035
58.91755512641888
58.91604619970847
58.91467311659333
58.91343873070233
58.91234577883561
58.91139687877152
58.91059452714499
58.909941097398
58.90943883780333
58.90908986956297
58.90889618498304
58.908859645726956
58.90898198114909
58.90926478671137
58.90970952248515
58.91031751174078
58.911089939627324
58.912027851944835
58.91313215401116
58.91440360962563
58.91584284013195
58.91745032358225
58.919226394004035
58.92117124077195
58.92328490808584
58.92556729455678
58.928018152902474
58.93063708975328
58.93342356557006
58.93637689467486
58.939496245395596
58.94278064032628
58.946228956704694
58.94983992690985
58.95361213908226
58.95754403786979
58.96163392530165
58.96587996179219
58.97028016727629
