7.19919086745805e-13
1.2122588369842668e-11
1.023089959279483e-10
5.809564004587553e-10
2.513109641503396e-09
8.883461457315054e-09
2.6853072996534807e-08
7.165405022733442e-08
1.7274910427890875e-07
3.829433769881795e-07
7.911773336628392e-07
1.539753731882824e-06
2.8467603827800103e-06
5.034445244623853e-06
8.56428284679532e-06
1.4079442562400537e-05
2.245533116867156e-05
3.48588357102626e-05
5.2816839085077736e-05
7.829452110147751e-05
0.00011378389303150978
0.00016240294485784764
0.0002280057123648087
0.00031530349677349285
0.0004299973935230547
0.0005789222097507134
0.0007702017726623218
0.001013415553899575
0.0013197764587345297
0.0017023195539435884
0.002176101434971651
0.002758409861889026
0.0034689832250236986
0.004330239335335045
0.005367512971860176
0.006609301559153567
0.008087518291764316
0.009837751970631825
0.011899532767978917
0.014316603092962671
0.017137192690102644
0.020414297066414157
0.02420595831127839
0.02857554734540729
0.03359204661181583
0.0393303322024849
0.04587145439935509
0.05330291559738984
0.061718944570625704
0.07122076603931461
0.0819168644973716
0.09392324126427587
0.10736366373422541
0.12236990580759935
0.1390819785055134
0.15764834978732928
0.1782261526132595
0.20098138031955212
0.2260890684019943
0.2537334618344872
0.2841081670830587
0.31741628801173816
0.3538705449150588
0.39369337595241144
0.4371170203018835
0.48438358239541907
0.5357450766429636
0.5914634521005424
0.651810596585811
0.7170683197943327
0.7875283150205402
0.8634920991388462
0.9452709305525482
1.033185704870853
1.1275668281274014
1.2287540674069355
1.3370963788000985
1.4529517126596283
1.5766867961842768
1.7086768934095231
1.8493055427364276
1.998964272181693
2.1580522925829952
2.326976169043856
2.506149470951621
2.6959924009503746
2.8969314032977396
3.1093987520804807
3.3338321198084633
3.570674126949776
3.820371873011606
4.08337644981172
4.360142437624102
4.6511273849193335
4.956791272455589
5.277595962509646
5.614004634069086
5.966481204836714
6.335489740926208
6.721493855154046
7.124956094856836
7.546337320185275
7.9860960738460935
8.444687943281496
8.922564916291707
9.420174731120369
9.937960222034576
10.476358661441388
11.035801099590678
11.616711702920206
12.219507092102909
12.844595680858525
13.49237701659181
14.163241123917764
14.85756785213055
15.575726227667223
16.318073812610045
17.08495607026196
17.876705738818778
18.693642214148955
19.536070942677416
20.40428282535378
21.29855363366777
22.219143438655397
23.166296053818815
24.140238492860608
25.14118044310978
26.169313755492215
27.224811951872102
28.307829750563418
29.4185026107824
30.556946296782616
31.723256462383876
32.91750825657489
34.13975595083711
35.39003258880386
36.668349658834686
37.97469679005023
39.30904147233754
40.67132880079983
42.061481245088615
43.479398444019424
44.92495702583513
46.39801045444382
47.89838890192068
49.425899147525186
50.98032450344745
52.56142476745869
54.1689362026017
55.8025715440191
57.4620200329792
59.14694747812116
60.85699634390342
62.59178586620136
64.35091219496339
66.13394856379723
67.94044548632202
69.76993097908588
71.62191081081404
73.49586877771755
75.39126700455849
77.30754627113403
79.24412636380931
81.20040645169708
83.17576548705075
85.16956262940722
87.18113769298567
89.20981161682086
91.2548869570809
93.31564840099169
95.39136330176326
97.48128223388746
99.5846395681523
101.70065406569542
103.82852949039615
105.96745523888569
108.11660698743412
110.27514735495504
112.44222658135027
114.61698322040218
116.79854484640589
118.98602877371945
121.17854278839775
123.37518589106514
125.57504905017254
127.77721596477465
129.98076383595537
132.18476414602105
134.38828344457625
136.59038414059137
138.79012529956708
140.98656344489768
143.1787533625352
145.36574890805696
147.5466038152415
149.72037250525796
151.88611089557753
154.04287720771913
156.18973277294685
158.32574283504255
160.44997734928393
162.56151177676634
164.6594278732166
166.7428144714563
168.81076825668424
170.86239453376083
172.89680798569043
174.913133422511
176.91050651981618
178.8880745461504
180.84499707853502
182.7804467053993
184.69360971620813
186.58368677709836
188.44989359185615
190.29146154758837
192.1076383444597
193.89768860888898
195.66089448962066
197.39655623610702
199.10399275865848
200.78254216984237
202.43156230663385
204.05043123284645
205.63854772139666
207.19533171598346
208.72022477178893
210.2126904748293
211.6722148396102
213.0983066847666
214.49049798639226
215.84834420879133
217.17142461240996
218.45934253873043
219.7117256719389
220.9282262772051
222.10852141544115
223.2523131344317
224.3593286362552
225.42932042094276
226.46206640634432
227.45737002419833
228.41506029242328
229.33499186367567
230.21704505024468
231.06112582537799
231.86716580115646
232.6351221830591
233.36497770138428
234.0567405197148
234.71044412063745
235.3261471689477
235.90393335259225
236.4439112016232
236.94621388545963
237.41099898877175
237.83844826632273
238.2287673771236
238.58218559827603
238.89895551889637
239.17935271453504
239.42367540252368
239.6322440787021
239.80540113599224
239.94351046530343
240.04695703926834
240.1161464793249
240.15150460667448
240.1534769776592
240.12252840411517
240.05914245926894
239.9638209697557
239.8370834943489
239.67946679000235
239.49152426581165
239.27382542551115
239.026955299131
238.75151386444483
238.44811545884292
238.11738818227238
237.75997329189065
237.37652458908062
236.96770779947585
236.53419994664475
236.07668872008227
235.59587183815708
235.09245640666379
234.56715827362697
234.02070138100086
233.45381711390425
232.8672436480285
232.26172529585162
231.6380118522877
230.99685794039598
230.3390223577678
229.66526742420294
228.9763583312808
228.27306249442537
227.5561489080571
226.82638750441626
226.08454851663393
225.33140184662008
224.567716438328
223.7942596569453
223.01179667455241
222.2210898627802
221.42289819298637
220.61797664446155
219.8070756211616
218.99094037745155
218.1703104533319
217.34591911960362
216.51849283341423
215.68875070461442
214.85740397334027
214.0251554992203
213.19269926259173
212.36071987809416
211.52989212099348
210.7008804665745
209.87433864292436
209.05090919741312
208.2312230771606
207.41589922376235
206.6055441825301
205.8007517264875
205.00210249534572
204.210163649667
203.4254885404052
202.64861639399234
201.8800720131196
201.12036549334354
200.36999195562996
199.62943129492868
198.8991479448568
198.1795906585516
197.47119230573702
196.77436968603178
196.08952335851149
195.41703748751996
194.7572797047082
194.1106009872653
193.47733555229155
192.85780076724944
192.25229707641319
191.66110794322316
191.08449980843756
190.52272206395918
189.97600704220116
189.4445700208425
188.92860924281098
188.4283059513179
187.94382443975627
187.47531211626296
187.02289958273303
186.5867007280644
186.1668128353976
185.76331670310623
185.37627677928316
185.00574130945841
184.65174249727482
184.3142966778384
183.99340450345056
183.68905114142052
183.4012064836458
183.12982536764156
182.87484780869153
182.63619924278413
182.41379077999176
182.20751946794434
182.01726856504177
181.84290782304237
181.68429377865795
181.5412700537815
181.41366766396703
181.30130533477717
181.2039898256118
181.12151626063059
181.05366846638066
181.00021931573946
180.96093107778114
180.93555577317483
180.92383553472013
180.92550297262477
180.94028154412985
180.96788592709157
181.0080223971292
181.0603892079502
181.12467697446704
181.2005690583198
181.28774195542127
181.3858656851432
181.49460418076632
181.61361568081833
181.74255312092663
181.88106452581786
182.02879340109934
182.18537912446226
182.35045733595206
182.5236603269563
182.704617427566
182.89295539197101
183.08829878155566
183.2902703453664
183.49849139762833
183.71258219199504
183.93216229222222
184.156850938963
184.38626741239128
184.6200313903652
184.85776330184754
185.0990846753056
185.34361848182235
185.59098947265957
185.840824511021
186.0927528977717
186.34640669087585
186.60142101832335
186.85743438432579
187.1140889685711
187.3710309183356
187.6279106332626
187.88438304262664
188.14010787491148
188.39474991953685
188.64797928057797
188.89947162233048
189.1489084065826
189.39597712146488
189.64037150175878
189.88179174055418
190.11994469215566
190.35454406614636
190.5853106125302
190.81197229788418
191.03426447246343
191.25193002821257
191.46471954764425
191.67239144355418
191.8747120895513
192.07145594139243
192.26240564912032
192.44735216001428
192.6260948123692
192.79844142012976
192.96420834841538
193.12322057998054
193.2753117726617
193.42032430786972
193.55810933019634
193.68852677821215
193.81144540653955
193.92674279929147
194.03430537497357
194.13402838295465
194.22581589161533
194.30958076828793
194.3852446511036
194.45273791286982
194.51199961710896
194.56297746639362
194.60562774311907
194.63991524285703
194.6658132004392
194.6833032089236
194.6923751315998
194.69302700719382
194.685264948438
194.66910303417345
194.64456319515844
194.6116750937596
194.5704759977081
194.52101064810896
194.46333112189396
194.3974966889133
194.32357366386634
194.24163525327515
194.1517613977088
194.05403860946956
193.9485598059531
193.8354241389003
193.71473681975783
193.58660894136767
193.45115729620886
193.3085041914145
193.15877726078622
193.0021092740268
192.83863794341198
192.6685057281237
192.49185963646516
192.308851026179
192.11963540308886
191.9243722182831
191.7232246640557
191.51635946881777
191.30394669118994
191.0861595134828
190.8631740347704
190.635169063759
190.40232591165216
190.16482818520933
189.92286158019408
189.67661367540302
189.42627372746517
189.172032466597
188.91408189349374
188.6526150775345
188.38782595647365
188.1199091377897
187.84905970185662
187.5754730070986
187.29934449728592
187.02086951112858
186.7402430943215
186.45765981419106
186.1733135770918
185.88739744869656
185.60010347732066
185.31162252041702
185.02214407437702
184.73185610776966
184.44094489814609
184.14959487253248
183.85798845172792
183.56630589851704
183.2747251699019
182.98342177345137
182.69256862786017
182.40233592780203
182.1128910131555
181.82439824267738
181.5370188721921
181.2509109373599
180.96622914107945
180.68312474557558
180.40174546921492
180.12223538808882
179.8447348423964
179.5693803476537
179.29630451075025
179.02563595086815
178.75749922527382
178.4920147599895
178.2292987853474
177.9694632764243
177.71261589834884
177.45885995647026
177.2082943513743
176.96101353872686
176.71710749392204
176.47666168150712
176.23975702935363
176.0064699075402
175.77687211191036
175.55103085226446
175.32900874514038
175.11086381113373
174.89664947670494
174.68641458041552
174.4802033835302
174.27805558491863
174.0800063401883
173.88608628497727
173.6963215623317
173.51073385409163
173.32934041620442
173.15215411788117
172.97918348450875
172.81043274422686
172.64590187807912
172.48558667364577
172.32947878206195
172.17756577832446
172.02983122478858
171.8862547377556
171.74681205705073
171.6114751184892
171.48021212912712
171.3529876451931
171.22976265259612
171.11049464990433
170.9951377336882
170.8836426861179
170.77595706470092
170.67202529404503
170.57178875953
170.47518590277159
170.38215231875947
170.29262085455102
170.20652170940397
170.12378253623055
170.04432854425758
169.96808260277803
169.89496534587997
169.82489527803986
169.75778888046838
169.69356071809702
169.63212354709307
169.5733884227919
169.5172648079368
169.46366068111715
169.41248264529676
169.36363603632694
169.31702503133792
169.27255275690376
169.23012139687768
169.189632299798
169.15098608576665
169.11408275270134
169.07882178186384
169.04510224256597
169.01282289595844
168.98188229780936
168.95217890018176
168.923611151922
168.89607759787287
168.86947697672878
168.84370831744997
168.81867103415703
168.7942650194289
168.7703907359301
168.74694930629704
168.72384260121504
168.70097332562278
168.6782451029847
168.65556255757502
168.63283139471952
168.60995847894452
168.586851909985
168.56342109660665
168.53957682819993
168.51523134410633
168.49029840063923
168.4646933357663
168.438333131423
168.41113647342996
168.38302380898887
168.35391740173287
168.3237413843088
168.29242180847115
168.25988669266968
168.2260660671132
168.19089201629555
168.15429871896964
168.1162224855587
168.07660179299734
168.03537731700095
167.9924919617652
167.94789088709996
167.90152153300306
167.85333364168156
167.80327927702916
167.7513128415706
167.69739109088738
167.64147314554253
167.58352050052537
167.5234970322395
167.46136900306084
167.39710506349599
167.33067625197287
167.2620559922953
167.19122008879714
167.11814671923486
167.04281642545862
166.96521210190582
166.8853189819634
166.80312462224657
166.71861888484094
166.63179391755583
166.54264413223908
166.45116618120258
166.35735893180689
166.2612234392548
166.1627629176442
166.06198270932921
165.95889025263867
165.85349504800004
165.74580862251813
165.63584449305725
165.52361812787674
165.40914690687194
165.29245008047272
165.1735487272513
165.05246571029082
164.92922563236814
164.80385479000736
164.67638112646185
164.5468341836834
164.41524505333658
164.28164632691826
164.1460720450407
164.00855764593624
163.86913991324312
163.7278569231335
163.58474799084436
163.43985361667367
163.2932154315029
163.14487614190537
162.99487947489936
162.84327012240468
162.69009368546202
162.53539661827406
162.37922617212624
162.2216303392461
162.062657796658
161.90235785008875
161.74078037797997
161.57797577565955
161.4139948997263
161.24888901270086
161.08270972799576
160.91550895525646
160.74733884612445
160.5782517404737
160.40830011316964
160.23753652139956
160.06601355262003
159.89378377316805
159.7208996775794
159.54741363865654
159.37337785832622
159.1988443193275
159.02386473776713
158.84849051657787
158.67277269991294
158.4967619285085
158.32050839604406
158.14406180653012
157.96747133274928
157.7907855757758
157.61405252559712
157.4373195228593
157.2606332217572
157.0840395540895
156.90758369449804
156.73131002690957
156.5552621121983
156.37948265708837
156.20401348431392
156.02889550405257
155.8541686866463
155.67987203662256
155.50604356802796
155.33272028108308
155.15993814016588
154.98773205312773
154.81613585194395
154.64518227469875
154.4749029489044
154.30532837615237
154.13648791809374
153.96840978374394
153.80112101810414
153.63464749208742
153.46901389373716
153.30424372072343
153.1403592741026
152.9773816533227
152.81533075245807
152.65422525765302
152.4940826457555
152.33491918411892
152.1767499315515
152.01958874039065
151.86344825967922
151.70833993942165
151.55427403589806
151.40125961801573
151.2493045746769
151.09841562314273
150.94859831837334
150.79985706332445
150.65219512018075
150.50561462250698
150.36011658829693
150.21570093390255
150.07236648882508
149.9301110113488
149.78893120499743
149.648822735792
149.50978025028633
149.37179739435408
149.23486683270096
149.0989802690732
148.96412846713326
148.83030127197264
148.69748763223026
148.565675622786
148.4348524679989
148.30500456545985
148.17611751022864
148.04817611952475
147.92116445784322
147.79506586246598
147.66986296933882
147.5455377392844
147.42207148452152
147.2994448954599
147.17763806773937
147.05663052948225
146.93640126872933
146.81692876103065
146.6981909971631
146.580165510947
146.46282940713385
146.34615938933663
146.23013178797484
146.114722588205
145.99990745780926
145.88566177501363
145.77196065620976
145.65877898355504
145.54609143242575
145.43387249869622
145.3220965258174
145.21073773166856
145.099770235156
144.98916808253395
144.87890527342367
144.76895578650553
144.6592936048605
144.54989274093916
144.44072726113765
144.33177130995975
144.22299913374647
144.11438510395644
144.00590373998122
143.89752973148094
143.78923796022602
143.68100352143185
143.57280174457443
143.46460821367575
143.35639878704794
143.24814961648528
143.13983716589368
143.03143822934825
142.9229299485697
142.81428982981092
142.70549576014568
142.5965260231529
142.4873593139899
142.37797475385022
142.26835190380265
142.158470778009
142.0483118563187
141.93785609623896
141.82708494427933
141.7159803466703
141.60452475945482
141.49270115795122
141.38049304558632
141.2678844620969
141.15485999109848
141.0414047670218
140.92750448141948
140.81314538864677
140.69831431092103
140.5829986427646
140.46718635483518
140.3508659971463
140.2340267016803
140.11665818439707
139.99875074664197
139.8802952759591
139.76128324631708
139.6417067177553
139.52155833545925
139.4008313282747
139.27951950667233
139.15761726017348
139.0351195542491
138.91202192670283
138.78832048355065
138.6640118944103
138.53909338741613
138.4135627436744
138.28741829127415
138.16065889887085
138.03328396886053
137.90529343016414
137.77668773064164
137.64746782915466
137.5176351872962
137.38719176080525
137.25613999068327
137.124482794029
136.99222355460682
136.85936611316282
136.7259147575018
136.59187421233736
136.45724962892558
136.32204657449319
136.1862710214686
136.04992933652346
135.91302826943314
135.77557494176318
135.63757683539103
135.4990417808736
135.35997794567157
135.2203938222404
135.08029821599854
134.93970023318508
134.7986092686204
134.65703499338412
134.51498734242574
134.37247650212254
134.22951289779968
134.08610718122878
133.94227021812122
133.7980130756335
133.65334700990118
133.5082834536186
133.3628340036826
133.21701040891983
133.07082455791468
132.92428846695432
132.77741426810533
132.63021419743384
132.4827005833802
132.3348858352954
132.1867824321462
132.03840291139412
131.8897598580543
131.74086589393826
131.59173366708367
131.44237584137366
131.29280508634693
131.1430340672015
130.99307543499404
130.84294181703595
130.6926458074876
130.54219995815075
130.39161676945994
130.2409086816722
130.09008806625505
129.93916721747215
129.78815834416608
129.63707356173805
129.48592488432533
129.33472421717752
129.18348334923306
129.0322139458972
128.88092754202378
128.72963553510274
128.57834917865526
128.42707957583698
128.27583767325112
128.1246342549729
127.97347993678719
127.82238516064095
127.67136018931379
127.52041510131019
127.3695597859768
127.21880393884763
127.06815705721718
126.917628435941
126.76722716346129
126.61696211805476
126.46684196429864
126.31687514975182
126.16706990184913
126.01743422500671
125.86797589793663
125.71870247116853
125.56962126477619
125.42073936630722
125.27206362891378
125.12360066968121
124.97535686815071
124.82733836503179
124.67955106109993
124.53200061627639
124.38469244888735
124.23763173509987
124.0908234085331
123.94427216004239
123.79798243767529
123.65195844679819
123.50620415039351
123.36072326952696
123.21551928398505
123.0705954330822
122.92595471663675
122.78159989611562
122.63753349594732
122.49375780500249
122.35027487824154
122.207086538529
122.06419437861292
121.9215997632681
121.77930383160003
121.63730749950685
121.49561146229655
121.35421619745546
121.2131219675639
121.07232882335461
120.93183660690988
120.7916449549931
120.6517533025102
120.51216088609567
120.37286674781774
120.23386973899676
120.09516852413037
119.95676158491835
119.81864722438058
119.68082357106107
119.54328858331132
119.4060400536465
119.26907561316784
119.13239273604529
118.99598874405467
118.85986081116414
118.7240059681643
118.58842110733656
118.45310298715378
118.31804823700827
118.18325336196233
118.04871474751894
117.9144286644106
117.78039127340458
117.64659863012264
117.51304668987336
117.37973131249589
117.24664826721323
117.1137932374928
116.98116182591149
116.84874955902306
116.71655189222541
116.58456421462448
116.4527818538928
116.32120008112018
116.18981411565368
116.05861912992394
115.92761025425544
115.7967825816579
115.66613117259747
115.53565105974666
115.40533725271142
115.27518474273528
115.14518850737998
115.01534351518295
114.88564473029099
114.75608711706921
114.62666564468314
114.49737529165178
114.36821105036789
114.23916793158138
114.11024096884124
113.98142522289127
113.85271578601463
113.7241077863225
113.59559639198277
113.4671768153837
113.33884431722946
113.21059421056508
113.08242186472886
112.95432270923128
112.82629223755963
112.6983260109083
112.57041966183475
112.44256889784057
112.31476950487772
112.18701735077886
112.05930838860976
111.93163865994003
111.80400429802896
111.67640153092313
111.54882668446325
111.42127618519757
111.29374656320041
111.16623445479328
111.03873660516544
110.91124987089196
110.78377122234642
110.6562977460047
110.52882664663716
110.40135524938657
110.27388100173013
110.14640147532427
110.01891436773141
109.89141750402845
109.76390883829706
109.6363864549962
109.50884857021785
109.3812935328252
109.25371982547321
109.12612606550985
108.99851100575606
108.87087353516196
108.7432126793378
108.61552760095796
108.487817600037
108.36008211407702
108.23232071808579
108.10453312446484
107.97671918276646
107.84887887931959
107.72101233672545
107.59311981322396
107.46520170193158
107.33725852995163
107.20929095735808
107.08129977605388
106.95328590850472
106.82525040634944
106.69719444888877
106.5691193414544
106.44102651366104
106.31291751754414
106.18479402558587
106.05665782863214
105.9285108337029
105.80035506169743
105.67219264499552
105.54402582495523
105.41585694930741
105.28768846944736
105.15952293762446
105.03136300403078
104.90321141379077
104.77507100385556
104.64694469980539
104.51883551256442
104.39074653503185
104.26268093863423
104.1346419698046
104.00663294639362
103.87865725401782
103.75071834234991
103.62281972135516
103.4949649574781
103.36715766978371
103.23940152605697
103.11170023886514
102.98405756158633
102.85647728440841
102.72896323030369
102.60151925098438
102.47414922284503
102.34685704289808
102.21964662470901
102.09252189433681
101.96548678628648
101.83854523947906
101.71170119324353
101.58495858333441
101.45832133797927
101.33179337395876
101.20537859272173
101.07908087653749
100.95290408468787
100.82685204970227
100.70092857363915
100.57513742441739
100.44948233220003
100.32396698583267
100.19859502933815
100.07337005846836
99.94829561731439
99.82337519497747
99.6986122223023
99.57401006867468
99.44957203888436
99.32530137005352
99.20120122863221
99.07727470746153
98.95352482290531
98.82995451205096
98.70656662998027
98.58336394711164
98.46034914661509
98.33752482190191
98.2148934741903
98.09245751014798
97.9702192396126
97.84818087339094
97.72634452113691
97.6047121893095
97.48328577921204
97.36206708511422
97.24105779245853
97.12025947615363
96.99967359895633
96.87930150994468
96.75914444308403
96.63920351588744
96.5194797281711
96.39997396090432
96.28068697515509
96.16161941113232
96.0427717873254
95.92414449974153
95.80573782123967
95.68755190096026
95.56958676384959
95.45184231027854
95.33431831575551
95.21701443073327
95.09993018050947
94.98306496522189
94.86641805993968
94.74998861485362
94.63377565556804
94.51777808349736
94.40199467636971
94.28642408883982
94.17106485321327
94.05591538028264
93.9409739602767
93.82623876392361
93.71170784362849
93.59737913476536
93.48325045708376
93.36931951622788
93.2555839053671
93.14204110693666
93.02868849448774
92.91552333464668
92.80254278918235
92.68974391718089
92.57712367732702
92.46467893029106
92.35240644122044
92.24030288233533
92.12836483562799
92.01658879566506
91.90497117249132
91.79350829463343
91.68219641220062
91.57103170007932
91.46001026121806
91.34912812999951
91.23838127569562
91.12776560600301
91.0172769706551
90.90691116510632
90.79666393428354
90.68653097640006
90.57650794682789
90.46659046202345
90.35677410350118
90.24705442184941
90.13742694078339
90.0278871612302
89.91843056544077
89.80905262112346
89.69974878559346
89.59051450993185
89.48134524314766
89.37223643633571
89.26318354682225
89.15418204228969
89.04522740487234
88.9363151352152
88.82744075648874
88.71859981835179
88.60978790085541
88.50100061828097
88.39223362290637
88.28348260869588
88.17474331490918
88.06601152962516
87.95728309317487
87.84855390147881
87.7398199092844
87.6310771333
87.52232165522243
87.41354962465734
87.30475726193153
87.19594086079657
87.08709679102346
86.9782215008877
86.86931151954424
86.76036345929141
86.65137401772303
86.54233997976827
86.43325821961925
86.32412570254577
86.21493948659715
86.10569672419014
85.99639466358201
85.88703065022776
85.77760212802093
85.66810664041691
85.55854183143776
85.44890544655834
85.33919533347455
85.22940944275513
85.11954582837814
85.00960264815444
84.89957816404149
84.78947074235157
84.67927885385791
84.56900107380125
84.45863608180025
84.34818266166826
84.23763970113794
84.12700619149507
84.0162812271227
83.90546400495646
83.79455382385254
83.68355008387039
83.57245228547197
83.4612600286398
83.34997301191572
83.23859103136294
83.12711397945361
83.01554184388499
82.9038747063272
82.79211274110571
82.68025621382287
82.5683054799232
82.45626098320759
82.34412325430162
82.23189290908238
82.11957064706712
82.00715724976635
81.89465357900292
81.78206057519958
81.6693792556365
81.55661071268081
81.44375611198971
81.33081669068916
81.21779375553
81.10468868102394
80.99150290756198
80.8782379395186
80.76489534334495
80.65147674565343
80.53798383129605
80.4244183414397
80.31078207164101
80.19707686992272
80.083304634854
79.96946731363697
79.85556690020142
79.74160543330969
79.62758499467292
79.51350770707937
79.3993757325345
79.28519127041282
79.17095655562126
79.05667385677303
78.94234547437189
78.82797373900631
78.71356100955391
78.59910967139648
78.48462213464607
78.3701008323827
78.25554821890363
78.14096676798486
78.02635897115532
77.91172733598385
77.79707438438037
77.68240265091184
77.56771468113514
77.45301302994925
77.33830025996973
77.22357893992829
77.1088516431
76.99412094576016
76.87938942567197
76.76465966060525
76.64993422688562
76.53521569797371
76.42050664307439
76.30580962577605
76.19112720271946
76.07646192229467
75.96181632336467
75.84719293401392
75.73259427031971
75.6180228351453
75.5034811169538
75.38897158864197
75.27449670639348
75.16005890855214
75.04566061451575
74.93130422365081
74.8169921142289
74.70272664238527
74.58851014110061
74.47434491920635
74.36023326041342
74.24617742236441
74.13217963570841
74.01824210319782
73.90436699880533
73.79055646686001
73.67681262120092
73.56313754434646
73.44953328667773
73.3360018656347
73.22254526492455
73.10916543374245
72.99586428600438
72.88264369959236
72.7695055156129
72.65645153766891
72.54348353114666
72.43060322251905
72.3178122986666
72.20511240621762
72.09250515090993
71.97999209697561
71.86757476654954
71.75525463910084
71.64303315088684
71.5309116944294
71.41889161801312
71.30697422520423
71.19516077438955
71.08345247833411
70.97185050375647
70.86035597092082
70.74896995324544
70.63769347692762
70.52652752058528
70.41547301491524
70.3045308423694
70.19370183684983
70.0829867834238
69.97238641805991
69.86190142738606
69.75153244847031
69.64128006862457
69.53114482523036
69.42112720558534
69.31122764676901
69.20144653552622
69.09178420816683
68.98224095048069
68.87281699766653
68.76351253427471
68.65432769416397
68.54526256047313
68.43631716560844
68.32749149124629
68.21878546835148
68.11019897721042
68.00173184747928
67.89338385824749
67.78515473811683
67.6770441652967
67.56905176771647
67.46117712315623
67.35341975939701
67.24577915439119
67.13825473645403
67.03084588447729
66.92355192816507
66.81637214829249
66.70930577698772
66.60235199803748
66.49550994721511
66.3887787126302
66.28215733509836
66.17564480853042
66.06924008034076
65.96294205187479
65.85674957885607
65.75066147185436
65.64467649677584
65.538793375377
65.43301078580362
65.32732736315688
65.22174170008782
65.11625234742087
65.01085781480697
64.90555657140652
64.80034704660193
64.695227630739
64.59019667589682
64.4852524966855
64.3803933710714
64.27561754122938
64.170923214421
64.06630856389766
63.96177172982731
63.85731082024329
63.7529239120144
63.648609051834505
63.54436425723081
63.440187517590275
63.33607679520337
63.23203002632435
63.1280451222472
63.0241199703962
62.92025243542939
62.81644036035304
62.71268156764533
62.608973860387025
62.50531502339656
62.401702824367234
62.29813501500449
62.1946093321619
62.09112349897434
61.987675225987104
61.88426221227995
61.7808821465848
61.6775327083959
61.57421156907155
61.47091639292726
61.36764483832017
61.26439455872535
61.16116320380477
61.05794842046968
60.954747853937455
60.85155914878394
60.74837994999272
60.64520790400284
60.5420406597564
60.438875869747314
60.335711191072086
60.23254428648344
60.129372825447696
60.026194485206965
59.92300695184654
59.81980792136742
59.71659510076356
59.613366209103425
59.510118978615395
59.40685115577671
59.303560502405645
59.200244796757005
59.09690183462075
58.993529430424275
58.890125418338954
58.78668765339191
58.68321401258348
58.579702396011015
58.47615072799934
58.372556958237766
58.26891906292312
58.16523504590802
58.06150293985374
57.95772080738638
57.853886742255185
57.74999887049151
57.6460553515673
57.542054379551786
57.437994184265534
57.33387303243048
57.22968922881446
57.12544111736835
57.02112708235452
56.91674554946493
56.812294986926894
56.70777390659443
56.603180865023
56.49851446452592
56.39377335421093
56.28895623099529
56.18406184059821
56.07908897850884
55.97403649092828
55.868903275683884
55.7636882831143
55.6583905169231
55.55300903499934
55.447542950203704
55.34199143111933
55.23635370276703
55.130629047284756
55.02481680457113
54.91891637289332
54.812927209459374
54.70684883095488
54.60068081404388
54.494422795834126
54.38807447430709
54.2816356087131
54.175106019932414
54.068485590802894
53.96177426641539
53.854972054377484
53.748079025046096
53.6410953117291
53.534021110856216
53.42685668211915
53.319602348581455
53.21225849675854
53.10482557666832
52.99730410185277
52.88969464937072
52.78199785976222
52.67421443698499
52.56634514832354
52.4583908242708
52.35035235838155
52.242230707097015
52.13402688953983
52.025741987279225
51.91737714406623
51.80893356553896
51.700412518898254
51.5918153325539
51.4831433957412
51.3743981581078
51.26558112927035
51.15669387834033
51.04773803341772
50.93871528105132
50.829627365664756
50.72047608894798
50.61126330921405
50.501990940720646
50.39266095295568
50.28327536988627
50.17383626917024
50.06434578132951
49.954806088884595
49.84521942544927
49.73558807478423
49.625914369808584
49.516200691568486
49.40644946816241
49.29666317362273
49.18684432675349
49.07699548992406
48.967119267819385
48.85721830614722
48.74729529030344
48.63735294399612
48.5273940278293
48.41742133784709
48.30743770403853
48.1974459888043
48.08744908538613
47.977449916259665
47.86745143149141
47.75745660706064
47.64746844314708
47.537489962385045
47.42752420808488
47.31757424242249
47.20764314459739
47.09773400896028
46.98784994311114
46.87799406596945
46.768169505818314
46.65837939832448
46.548626884536695
46.43891510886407
46.32924721703596
46.21962635404508
46.11005566207597
46.00053827842076
45.89107733338413
45.78167594817948
45.67233723281815
45.56306428399351
45.4538601829622
45.34472799342454
45.235670759406375
45.126691503144784
45.017793222980046
44.908978891256695
44.800251452236736
44.69161382002845
44.58306887653377
44.47461946941711
44.36626841009836
44.25801847177256
44.14987238745833
44.041832848077306
43.93390250056659
43.82608394602612
43.71837973790324
43.61079238021686
43.50332432582312
43.39597797472468
43.28875567242486
43.18165970832778
43.07469231418518
42.967855662590786
42.86115186552187
42.75458297292827
42.64815097136907
42.54185778269747
42.43570526279448
42.32969520035224
42.2238293157075
42.118109259725635
42.01253661273487
41.90711288351029
41.801839508307786
41.69671784994828
41.59174919695321
41.48693476273243
41.38227568482577
41.27777302419955
41.17342776459927
41.06924081195942
40.96521299387106
40.861345059108174
40.75763767721375
40.65409143814682
40.55070685199078
40.44748434872358
40.344424278050695
40.24152690930137
40.13879243138811
40.03622095282955
39.93381250183674
39.83156702646275
39.729484394815444
39.62756439533322
39.52580673712319
39.42421105036087
39.32277688675103
39.221503720049235
39.12039094664319
39.019437886192826
38.91864378232767
38.81800780340014
38.717529043293574
38.6172065222843
38.51703918795712
38.41702591617368
38.31716551209305
38.21745671124389
38.11789818064809
38.018488519995536
37.919226262869266
37.820109878019785
37.72113777068747
37.62230828397238
37.523619700250684
37.42507024263701
37.32665807649223
37.22838131097631
37.130238000645925
37.03222614709642
36.934343700647666
36.83658856207357
36.7389585843744
36.64145157459136
36.54406529566238
36.44679746831797
36.34964577301575
36.2526078519122
36.15568131086992
36.058863721499065
35.96215262323132
35.865545525424935
35.769039909499114
35.672633231095986
35.5763229222684
35.480106393691656
35.38398103689691
35.28794422652403
35.19199332259156
35.09612567278175
35.00033861473882
34.904629478378055
34.808995588203445
34.71343426563139
34.61794283131836
34.52251860749025
34.42715892027136
34.33186110201124
34.23662249360755
34.141440446823005
34.04631232659447
33.95123551333223
33.85620740520722
33.76122542042351
33.66628699947319
33.571389607370755
33.476530735864294
33.38170790562146
33.28691866838779
33.1921606091155
33.09743134806059
33.00272854284652
32.9080498904923
32.813393129402904
32.718756041319445
32.624136453226676
32.529532239215435
32.43494132229788
32.34036167617347
32.245791326944044
32.151228354776464
32.05667089551153
31.962117142218265
31.867565346692718
31.77301382090062
31.678460938362804
31.583905135482325
31.489344912812157
31.394778836262077
31.300205538243375
31.205623718750246
31.111032146376942
31.016429659269676
30.921815166012152
30.827187646443434
30.73254615240694
30.637889808429662
30.54321781233079
30.448529435758953
30.35382402465734
30.259100999655967
30.164359856390828
30.06960016574976
29.97482157404519
29.88002380311394
29.78520665034443
29.690369988632025
29.595513766263192
29.50063800672964
29.405742808473658
29.31082834456594
29.215894862317207
29.12094268282504
29.02597220045748
28.93098388227488
28.83597826739102
28.740955966274576
28.645917659991873
28.55086409939215
28.455796104236406
28.360714562271077
28.265620428247665
28.170514722889198
28.075398531804712
27.9802730043529
27.885139352456225
27.78999884936697
27.694852828386548
27.5997026815396
27.50454985820419
27.409395863699377
27.314242257831314
27.219090653398826
27.123942714659524
27.028800155757427
26.933664739113382
26.838538273779804
26.74342261376141
26.648319656303627
26.553231340150305
26.45815964377242
26.363106583569746
26.26807421204775
26.17306461597191
26.078079914501572
25.983122257305453
25.888193822660796
25.793296815538085
25.698433465673144
25.603606025628505
25.50881676884573
25.414067987690157
25.319361991489398
25.22470110456693
25.130087664272263
25.03552401900954
24.941012526266046
24.84655555064226
24.75215546188495
24.657814632924993
24.56353543792154
24.469320250314276
24.375171440885545
24.281091375834002
24.187082414861273
24.093146909273123
23.99928720009678
23.905505616216324
23.811804472527946
23.718186068116644
23.624652684456017
23.53120658363256
23.437850006595745
23.344585171435092
23.25141427168524
23.158339474660043
23.065362919816867
22.97248671715244
22.879712945631614
22.787043651650524
22.694480847535548
22.602026510079444
22.509682579116063
22.41745095613493
22.325333502937216
22.23333204033455
22.141448346892023
22.04968415771637
21.958041163290375
21.866521008354397
21.775125290836115
21.683855560829585
21.592713319624494
21.501700018786437
21.410817059288973
21.320065790698038
21.229447510409244
21.138963462938733
21.048614839268083
20.958402776243616
20.868328356030304
20.778392605620294
20.6885964963958
20.598940943745983
20.509426806737476
20.420054887838116
20.33082593269341
20.241740629955242
20.152799611162518
20.064003450673507
19.975352665649606
19.886847716090212
19.79848900491839
19.71027687811701
19.62221162491502
19.534293478023663
19.446522613922518
19.358899153195203
19.271423160914388
19.184094647075476
19.096913567078126
19.00987982225478
18.922993260445246
18.83625367661636
18.74966081352604
18.663214362430658
18.576913963834635
18.490759208281254
18.404749637183507
18.318884743693907
18.233163973612253
18.147586726330164
18.062152355811296
17.976860171606038
17.89170943989946
17.806699384591088
17.721829188405042
17.637097994029194
17.55250490528191
17.46804898830526
17.383729272783444
17.299544753185348
17.215494390029907
17.131577111173048
17.047791813114912
16.9641373623262
16.88061259659247
16.797216326375263
16.713947336188795
16.63080438599114
16.547786212588548
16.464891531051492
16.382119036141077
16.29946740374446
16.216935292318055
16.134521344337216
16.052224187751065
15.970042437441178
15.887974696682702
15.806019558606478
15.724175607660582
15.642441421069758
15.560815570291052
15.47929662246393
15.397883141853224
15.316573691283107
15.235366833560331
15.154261132885008
15.073255156247166
14.992347474807454
14.911536665260423
14.830821311178676
14.750200004336216
14.669671346009475
14.589233948254426
14.508886435158068
14.428627444062535
14.34845562676022
14.268369650658208
14.188368199910421
14.108449976515935
14.028613701381921
13.948858115349756
13.869181980182821
13.789584079514702
13.710063219756568
13.630618230962588
13.551247967652307
13.471951309588936
13.392727162512418
13.3135744588261
13.234492158235955
13.15547924834134
13.076534745176392
12.997657693701388
12.918847168243405
12.840102272885604
12.761422141804575
12.682805939555324
12.604252861303438
12.525762133004067
12.44733301152755
12.368964784731531
12.290656771479519
12.212408321605835
12.134218815827026
12.056087665599875
11.978014312926106
11.899998230104073
11.822038919427895
11.744135912834635
11.666288771500318
11.588497085385624
11.510760472732072
11.433078579509623
11.355451078816824
11.277877670234641
11.200358079135295
11.122892055947485
11.045479375379497
10.96811983560168
10.890813257389846
10.813559483231211
10.736358376394529
10.659209819966074
10.582113715853149
10.505069983756835
10.428078560115772
10.351139397022642
10.274252461115118
10.197417732443007
10.12063520331322
10.043904877114237
9.967226767121723
9.8906008952869
9.814027291009188
9.737505989894577
9.661037032501218
9.584620463073753
9.508256328268123
9.431944675868596
9.355685553498848
9.279479007328948
9.203325080780065
9.127223813228671
9.051175238712108
8.975179384637382
8.899236270495033
8.823345906579968
8.747508292721074
8.671723417021399
8.595991254610754
8.520311766412549
8.444684897926786
8.369110578031233
8.293588717802756
8.21811920936073
8.142701924734553
8.067336714757225
7.992023407986913
7.916761809658445
7.841551700666705
7.766392836583811
7.691284946711908
7.616227733173309
7.541220870039657
7.4662640025017435
7.391356746081539
7.316498685888047
7.241689375918537
7.166928338406611
7.092215063218543
7.017549007299284
6.94292959416946
6.868356213474723
6.793828220588696
6.719344936270747
6.644905646379757
6.570509601645031
6.496156017495446
6.421844073947911
6.347572915556173
6.2733416514209726
6.199149355262528
6.124995065556235
6.0508777857324185
5.976796484440869
5.902750095880905
5.828737520197556
5.754757623944421
5.680809240613641
5.606891171233393
5.533002185033239
5.4591410201775465
5.385306384567079
5.3114969567088
5.237711386653813
5.163948297003271
5.090206283981997
5.0164839185795085
4.942779747758058
4.869092295727254
4.79542006528465
4.721761539221551
4.648115181793206
4.574479440252351
4.50085274644497
4.427233518467013
4.353620162380736
4.28001107398919
4.206404640667241
4.1327992432473755
4.059193257958397
3.9855850584149755
3.911973017655927
3.8383555102290523
3.7647309143202308
3.691097613924436
3.6174540010562044
3.5437984779970275
3.4701294595770675
3.396445375488516
3.3227446726278353
3.2490258174640703
3.175287298430345
3.101527628335575
3.027745346793371
2.9539390226650077
2.8801072565132877
2.8062486830640547
2.7323619736720803
2.6584458387879937
2.5844990304228963
2.51052034460725
2.4365086238405547
2.3624627595282974
2.288381694402622
2.2142644249231545
2.140110003654401
2.0659175416161157
1.991686210603022
1.9174152454702746
1.8431039463810395
1.7687516810125732
1.694357886717182
1.6199220726344736
1.5454438217513413
1.4709227929061797
1.3963587227338736
1.3217514275481643
1.2471008051580619
1.1724068366150524
1.0976695878879077
1.022889211461999
0.9480659478600936
0.8732001270817087
0.7982921699581862
0.7233425894207508
0.6483519916789128
0.5733210773066929
0.4982506422342709
0.4231415786427805
0.34799487576009835
0.27281162055560154
0.1975929983320018
0.12234029321250384
0.04705488852167741
-0.028261732941421248
-0.10360798873919919
-0.1789821967417212
-0.2543825751841748
-0.329807242836481
-0.40525421928577404
-0.4807214253323173
-0.5562066834992694
-0.6317077186565561
-0.7072221587589472
-0.782747535698275
-0.8582812862695737
-0.9338207532507654
-1.0093631865953547
-1.084905744737439
-1.160445496008203
-1.2359794201629062
-1.3115044100172246
-1.3870172731916508
-1.4625147339624986
-1.537993435217903
-1.6134499405170595
-1.6888807362508007
-1.7642822339014677
-1.8396507723999005
-1.9149826205772265
-1.9902739797089946
-2.0655209861490724
-2.14071971405059
-2.215866178171092
-2.290956336758948
-2.3659860945179507
-2.440951305646911
-2.5158477769509338
-2.5906712710209936
-2.665417509478299
-2.740082176279827
-2.814660921081319
-2.889149362653935
-2.963543092350715
-3.0378376776189633
-3.1120286655545937
-3.1861115864944023
-3.2600819576421682
-3.3339352867244623
-3.407667075671978
-3.481272824322177
-3.554748034139036
-3.628088211945689
-3.7012888736657548
-3.7743455480691157
-3.8472537805178444
-3.9200091367079453
-3.9926072064025804
-4.065043607152435
-4.137313987998893
-4.209414033155677
-4.281339465664661
-4.35308605102158
-4.42464960076738
-4.496025976040983
-4.567211091089291
-4.638200916730316
-4.708991483765377
-4.779578886336392
-4.849959285224362
-4.920128911085198
-4.9900840676191125
-5.059821134669865
-5.129336571250232
-5.198626918490146
-5.267688802503987
-5.336518937173641
-5.405114126844003
-5.473471268927744
-5.541587356416228
-5.609459480293621
-5.677084831851358
-5.744460704900268
-5.811584497877787
-5.878453715847789
-5.945065972390714
-6.011418991381794
-6.077510608655344
-6.143338773553139
-6.208901550355079
-6.27419711959046
-6.339223779228354
-6.403979945745739
-6.468464155072262
-6.532675063410743
-6.596611447932688
-6.660272207348115
-6.723656362349139
-6.786763055926883
-6.849591553561346
-6.912141243284027
-6.974411635613266
-7.036402363362435
-7.0981131813213105
-7.159543965811154
-7.220694714114182
-7.281565543778229
-7.342156691797599
-7.40246851367119
-7.462501482339116
-7.522256186999195
-7.581733331804843
-7.640933734446046
-7.6998583246152865
-7.758508142360414
-7.816884336326604
-7.874988161889706
-7.932820979183414
-7.990384251022806
-8.047679540726948
-8.10470850984331
-8.161472915776915
-8.217974609327303
-8.274215532136484
-8.330197714051256
-8.385923270403278
-8.441394399210505
-8.496613378303561
-8.551582562380727
-8.60630437999519
-8.660781330478226
-8.715015980802118
-8.769010962386798
-8.822768967854248
-8.876292747734855
-8.929585107129984
-8.982648902335077
-9.035487037427435
-9.088102460822872
-9.140498161805459
-9.192677167034708
-9.24464253703462
-9.296397362668982
-9.34794476160735
-9.399287874786095
-9.450429862868871
-9.501373902710894
-9.552123183831311
-9.60268090489785
-9.653050270227963
-9.703234486310704
-9.753236758353479
-9.803060286857715
-9.852708264227346
-9.902183871413968
-9.951490274602563
-10.000630621941667
-10.049608040321687
-10.098425632204922
-10.147086472510864
-10.195593605560177
-10.243950042080812
-10.292158756279491
-10.340222682981718
-10.388144714843307
-10.435927699636238
-10.483574437611523
-10.531087678941745
-10.578470121245857
-10.625724407198662
-10.67285312222724
-10.719858792296593
-10.76674388178674
-10.813510791463388
-10.860161856544197
-10.906699344862405
-10.953125455129554
-10.999442315298767
-11.045651981029822
-11.091756434257151
-11.137757581861708
-11.183657254447427
-11.229457205222845
-11.275159108988335
-11.320764561229284
-11.366275077315466
-11.411692091806687
-11.457016957864571
-11.50225094677015
-11.547395247546778
-11.592450966687739
-11.637419127987759
-11.682300672477513
-11.727096458460228
-11.77180726164936
-11.816433775406399
-11.860976611077508
-11.905436298427691
-11.949813286170826
-11.994107942593988
-12.038320556274531
-12.082451336888386
-12.126500416108048
-12.170467848588519
-12.214353613039439
-12.258157613381517
-12.301879679985268
-12.345519570989955
-12.389076973700531
-12.432551506060227
-12.475942718196341
-12.519250094036755
-12.562473052994639
-12.605610951718694
-12.648663085906184
-12.69162869217586
-12.734506949997686
-12.777296983676186
-12.819997864384097
-12.86260861224297
-12.905128198447263
-12.94755554742864
-12.989889539057165
-13.032129010876082
-13.074272760366972
-13.116319547242007
-13.158268095759958
-13.200117097062751
-13.241865211529579
-13.283511071145547
-13.325053281881914
-13.366490426085
-13.407821064870923
-13.44904374052333
-13.490156978891413
-13.531159291785421
-13.572049179366978
-13.612825132531547
-13.653485635280553
-13.694029167080593
-13.734454205207307
-13.77475922707152
-13.814942712525417
-13.855003146146652
-13.894939019498404
-13.934748833363438
-13.974431099950403
-14.01398434507062
-14.053407110283596
-14.092697955009436
-14.131855458606504
-14.170878222412663
-14.209764871748527
-14.248514057881176
-14.287124459946762
-14.325594786830374
-14.363923779001604
-14.40211021030431
-14.440152889699101
-14.478050662957111
-14.515802414303646
-14.553407068010397
-14.590863589935008
-14.628170989006886
-14.665328318658293
-14.7023346781999
-14.739189214140023
-14.775891121446858
-14.812439644753166
-14.84883407950279
-14.885073773038439
-14.921158125630182
-14.957086591444206
-14.992858679451455
-15.028473954275878
-15.063932036981992
-15.0992326058015
-15.134375396798742
-15.169360204474923
-15.204186882311289
-15.238855343251442
-15.273365560123095
-15.307717565999381
-15.341911454500005
-15.375947380032555
-15.409825557974399
-15.443546264795712
-15.47710983812429
-15.510516676752827
-15.543767240589402
-15.576862050551794
-15.609801688406248
-15.642586796551127
-15.675218077745823
-15.707696294785306
-15.740022270120688
-15.772196885426252
-15.804221081113353
-15.836095855791683
-15.867822265678583
-15.89940142395723
-15.930834500084657
-15.962122719050711
-15.993267360589229
-16.024269758342797
-16.05513129898243
-16.085853421283502
-16.116437615159384
-16.146885420654314
-16.17719842689671
-16.20737827101412
-16.237426637011154
-16.26734525461167
-16.297135898066486
-16.326800384927637
-16.356340574790252
-16.38575836800304
-16.415055704348234
-16.444234561692014
-16.47329695460641
-16.50224493296372
-16.531080580504295
-16.559806013378648
-16.588423378664885
-16.616934852862585
-16.645342640364532
-16.673648971907966
-16.70185610300706
-16.72996631236825
-16.75798190028988
-16.785905187047636
-16.813738511267477
-16.841484228287786
-16.86914470851261
-16.89672233575803
-16.9242195055937
-16.95163862368131
-16.978982104111655
-17.00625236774184
-17.03345184053406
-17.060582951897533
-17.087648133034794
-17.11464981529345
-17.141590428524683
-17.1684723994499
-17.195298150037207
-17.222070095889354
-17.24879064464496
-17.275462194394766
-17.302087132114668
-17.32866783211718
-17.355206654522863
-17.38170594375318
-17.40816802704602
-17.434595212995095
-17.460989790114258
-17.48735402542791
-17.51369016308853
-17.540000423022395
-17.566286999604447
-17.592552060363122
-17.618797744715838
-17.64502616273592
-17.671239393951485
-17.69743948617688
-17.723628454377323
-17.74980827956728
-17.775980907743193
-17.80214824885116
-17.828312175789968
-17.85447452344983
-17.8806370877874
-17.906801624937323
-17.93296985036074
-17.959143438031028
-17.98532401965722
-18.01151318394549
-18.03771247589885
-18.063923396155225
-18.090147400363726
-18.1163858985989
-18.14264025481264
-18.168911786323598
-18.195201763343867
-18.22151140854276
-18.24784189664762
-18.27419435408168
-18.30056985863876
-18.32696943919469
-18.35339407545515
-18.37984469773948
-18.406322186800047
-18.432827373676865
-18.45936103958737
-18.48592391585111
-18.51251668384898
-18.53913997501669
-18.56579437087202
-18.592480403075562
-18.619198553524562
-18.64594925447978
-18.6727328887254
-18.69954978976211
-18.726400242033527
-18.753284481185993
-18.780202694361684
-18.807155020524924
-18.83414155082138
-18.861162328969606
-18.888217351684485
-18.915306569132067
-18.942429885415347
-18.96958715909025
-18.99677820371107
-19.024002788404513
-19.05126063847163
-19.078551436017218
-19.105874820606456
-19.13323038994849
-19.160617700606846
-19.188036268736365
-19.215485570846393
-19.242965044589763
-19.27047408957716
-19.298012068216703
-19.325578306578503
-19.353172095283806
-19.380792690418442
-19.408439314470282
-19.43611115729021
-19.463807377075735
-19.49152710137633
-19.51926942811937
-19.547033426655414
-19.57481813882165
-19.602622580022395
-19.63044574032588
-19.6582865855766
-19.686144058522554
-19.7140170799567
-19.741904549872142
-19.769805348630424
-19.79771833814254
-19.825642363062055
-19.853576251989576
-19.88151881868779
-19.90946886330613
-19.9374251736142
-19.965386526242867
-19.99335168793172
-20.021319416781665
-20.049288463511147
-20.0772575727145
-20.105225484120922
-20.133190933852887
-20.161152655682884
-20.189109382287256
-20.217059846496056
-20.245002782537853
-20.27293692727841
-20.300861021452448
-20.32877381088747
-20.3566740477186
-20.384560491593334
-20.412431910865024
-20.44028708377425
-20.4681247996175
-20.495943859902553
-20.52374307949023
-20.551521287721982
-20.579277329532857
-20.607010066549606
-20.63471837817363
-20.662401162648308
-20.690057338110194
-20.71768584362357
-20.745285640197835
-20.772855711787003
-20.800395066270596
-20.827902736415155
-20.855377780815417
-20.882819284813934
-20.910226361397918
-20.93759815207204
-20.964933827706034
-20.992232589356064
-21.019493669058875
-21.04671633059749
-21.07389987023734
-21.101043617431486
-21.12814693549359
-21.155209222237232
-21.182229910580137
-21.209208469111875
-21.23614440262384
-21.263037252600416
-21.28988659767035
-21.316692054017185
-21.343453275747667
-21.370169955217083
-21.396841823310613
-21.423468649679567
-21.450050242931443
-21.47658645077269
-21.503077160102922
-21.529522297059405
-21.55592182701071
-21.582275754498486
-21.608584123126324
-21.634847015394858
-21.661064552482348
-21.687236893970127
-21.713364237512312
-21.739446818449185
-21.76548490936378
-21.79147881958139
-21.817428894611826
-21.843335515534452
-21.869199098325826
-21.895020093129947
-21.920798983471233
-21.946536285410534
-21.97223254664468
-21.997888345550084
-22.02350429017125
-22.049081017155007
-22.074619190631413
-22.10011950104209
-22.12558266391699
-22.151009418600754
-22.176400526929886
-22.201756771861714
-22.227078956056264
-22.252367900412285
-22.27762444255885
-22.302849435304015
-22.328043745042383
-22.353208250123405
-22.378343839182353
-22.40345140943609
-22.428531864946226
-22.45358611485239
-22.47861507157859
-22.50361964901555
-22.528600760681687
-22.553559317865652
-22.578496227753195
-22.603412391541244
-22.62830870254206
-22.65318604428015
-22.678045288584574
-22.702887293679343
-22.72771290227465
-22.752522939661592
-22.777318211813114
-22.80209950349408
-22.826867576383396
-22.851623167211105
-22.87636698591331
-22.90109971380784
-22.925822001793396
-22.950534468574862
-22.975237698917343
-22.99993224193128
-23.02461860939076
-23.04929727408714
-23.07396866822015
-23.09863318182875
-23.12329116126384
-23.147942907705048
-23.172588675724004
-23.197228671896912
-23.221863053469438
-23.24649192707708
-23.271115347524223
-23.29573331662494
-23.320345782108667
-23.34495263659361
-23.369553716630612
-23.394148801819917
-23.418737614003113
-23.4433198165327
-23.467895013621366
-23.492462749772706
-23.517022509295153
-23.541573715900633
-23.566115732389513
-23.59064786042351
-23.61516934038807
-23.63967935134577
-23.664177011081968
-23.688661376244035
-23.71313144257497
-23.73758614524207
-23.76202435926087
-23.78644490001458
-23.810846523868925
-23.835227928881814
-23.859587755607073
-23.88392458799141
-23.90823695436348
-23.932523328513987
-23.9567821308655
-23.981011729730575
-24.00521044265671
-24.029376537856457
-24.05350823572116
-24.07760371041693
-24.101661091561546
-24.125678465981032
-24.14965387954434
-24.173585339074442
-24.197470814334118
-24.221308240084547
-24.245095518214704
-24.26883051993932
-24.292511088063243
-24.316135039309565
-24.339700166708845
-24.36320424204633
-24.386645018364028
-24.410020232514405
-24.433327607762187
-24.456564856430823
-24.47972968258996
-24.502819784779984
-24.52583285876987
-24.548766600344475
-24.571618708117523
-24.594386886366873
-24.617068847888515
-24.639662316865905
-24.66216503175131
-24.68457474815575
-24.706889241744175
-24.729106311132295
-24.751223780781242
-24.77323950388644
-24.795151365257407
-24.81695728418539
-24.838655217295592
-24.86024316138086
-24.881719156213546
-24.903081287332224
-24.924327688799746
-24.945456545929243
-24.96646609797487
-24.987354640783774
-25.00812052940567
-25.028762180656155
-25.049278075630053
-25.0696667621613
-25.08992685722593
-25.110057049284745
-25.130056100562438
-25.14992284925985
-25.169656211696132
-25.18925518437778
-25.208718845991637
-25.228046359319347
-25.24723697307091
-25.266290023634934
-25.285204936743508
-25.303981229049736
-25.322618509616387
-25.341116481313787
-25.35947494212537
-25.377693786359185
-25.395773005763786
-25.41371269054703
-25.431513030296415
-25.44917431479972
-25.466696934764727
-25.484081382436713
-25.501328252112458
-25.51843824054943
-25.535412147269014
-25.552250874752545
-25.568955428529264
-25.585526917155292
-25.601966552082743
-25.618275647418287
-25.6344556195708
-25.6505079867881
-25.666434368582728
-25.682236485047085
-25.69791615605827
-25.713475300373275
-25.728915934615216
-25.74424017215135
-25.759450221863787
-25.77454838681392
-25.789537062801614
-25.804418736820324
-25.81919598540945
-25.83387147290547
-25.848447949593393
-25.862928249760287
-25.87731528965277
-25.891612065340425
-25.90582165048717
-25.919947194032787
-25.933991917787026
-25.94795911393861
-25.961852142481618
-25.97567442856179
-25.989429459745182
-26.003120783211656
-26.016752002875663
-26.030326776436894
-26.043848812363493
-26.05732186681091
-26.070749740479712
-26.08413627541573
-26.097485351756134
-26.11080088442499
-26.12408681978205
-26.13734713222864
-26.150585820774708
-26.163806905571235
-26.177014424412008
-26.190212429208728
-26.203404982443473
-26.216596153602566
-26.229790015595725
-26.242990641164354
-26.256202099282817
-26.269428451556664
-26.282673748621804
-26.29594202654839
-26.30923730325283
-26.32256357492126
-26.33592481244777
-26.349324957890857
-26.362767920951356
-26.376257575475066
-26.389797755983253
-26.40339225423445
-26.417044815820777
-26.430759136801885
-26.4445388603795
-26.458387573615386
-26.472308804195524
-26.48630601724314
-26.500382612183405
-26.51454191966234
-26.52878719852244
-26.543121632837728
-26.55754832901083
-26.572070312934887
-26.586690527223073
-26.60141182850855
-26.616236984817466
-26.631168673017715
-26.646209476346048
-26.661361882015985
-26.676628278908755
-26.692010955349435
-26.707512096970436
-26.723133784664373
-26.738877992628137
-26.754746586499966
-26.77074132159142
-26.78686384121598
-26.803115675115738
-26.819498237987478
-26.836012828109308
-26.852660626069213
-26.869442693596756
-26.886359972498855
-26.90341328370035
-26.920603326390296
-26.937930677275023
-26.955395789938752
-26.972998994312537
-26.990740496252176
-27.0086203772256
-27.026638594110143
-27.04479497910025
-27.063089239726413
-27.08152095898588
-27.10008959558566
-27.118794484298167
-27.137634836429857
-27.15660974040326
-27.17571816245287
-27.194958947435385
-27.2143308197543
-27.233832384398813
-27.25346212809656
-27.2732184205794
-27.293099515961433
-27.31310355422814
-27.333228562835433
-27.35347245841719
-27.373833048599852
-27.39430803392266
-27.414895009861727
-27.435591468955852
-27.456394803031845
-27.477302305526923
-27.498311173905552
-27.519418512168123
-27.54062133344879
-27.561916562699984
-27.58330103946107
-27.604771520708702
-27.62632468378657
-27.647957129412156
-27.66966538475807
-27.691445906605644
-27.71329508456838
-27.73520924438312
-27.75718465126655
-27.77921751333431
-27.80130398508023
-27.823440170913067
-27.845622128748225
-27.867845873651866
-27.890107381534442
-27.912402592890338
-27.93472741658018
-27.95707773365219
-27.979449401198757
-28.00183825624412
-28.024240119658906
-28.046650800096977
-28.069066097949978
-28.091481809314693
-28.113893729968275
-28.136297659346404
-28.158689404519485
-28.181064784161826
-28.203419632508762
-28.225749803296672
-28.248051173681112
-28.270319648128513
-28.292551162276986
-28.31474168676197
-28.33688723100257
-28.35898384694442
-28.381027632754886
-28.40301473646641
-28.424941359563626
-28.446803760510242
-28.468598258211635
-28.490321235409105
-28.511969142001924
-28.53353849829349
-28.5550258981579
-28.576428012123408
-28.597741590369473
-28.6189634656344
-28.64009055603062
-28.661119867764732
-28.68204849775946
-28.702873636175035
-28.72359256882771
-28.7442026795035
-28.764701452165493
-28.785086473053095
-28.805355432671714
-28.82550612767147
-28.845536462613747
-28.865444451624594
-28.88522821993416
-28.904886005301446
-28.92441615932412
-28.94381714863348
-28.96308755597482
-28.982226081173334
-29.001231541985785
-29.020102874838155
-29.03883913544959
-29.057439499342987
-29.075903262242488
-29.09422984035808
-29.112418770557777
-29.130469710427914
-29.148382438221997
-29.166156852698602
-29.183792972848945
-29.20129093751498
-29.218651004898955
-29.235873551965593
-29.252959073737994
-29.269908182488248
-29.286721606823672
-29.303400190669773
-29.319944892151053
-29.336356782370697
-29.35263704408987
-29.36878697030758
-29.384807962742197
-29.400701530215937
-29.41646928694362
-29.43211295072734
-29.44763434105877
-29.463035377131373
-29.4783180757648
-29.49348454924373
-29.50853700307371
-29.52347773365653
-29.538309125887704
-29.55303365067874
-29.567653862407095
-29.582172396296812
-29.596591965732898
-29.610915359512745
-29.62514543903785
-29.6392851354494
-29.653337446711163
-29.667305434643026
-29.68119222190856
-29.69500098896046
-29.708734970947432
-29.72239745458637
-29.735991775003612
-29.749521312549348
-29.762989489589273
-29.776399767277667
-29.789755642316436
-29.80306064370498
-29.816318329485824
-29.82953228349089
-29.842706112093282
-29.85584344096921
-29.868947911874642
-29.882023179441035
-29.89507290799466
-29.908100768403557
-29.92111043495595
-29.93410558227373
-29.947089882264407
-29.960067001114453
-29.973040596326825
-29.986014313805185
-29.99899178498714
-30.01197662402882
-30.024972425043018
-30.037982759393117
-30.051011173044746
-30.06406118397715
-30.077136279655893
-30.090239914568603
-30.103375507825238
-30.116546440824695
-30.12975605498963
-30.143007649571334
-30.156304479526344
-30.169649753466334
-30.18304663168283
-30.196498224248078
-30.210007589193115
-30.223577730763967
-30.237211597756872
-30.250912081933283
-30.26468201651517
-30.27852417476078
-30.292441268620824
-30.30643594747514
-30.32051079694998
-30.334668337816172
-30.348911024968263
-30.363241246484368
-30.37766132276656
-30.392173505761352
-30.406779978259667
-30.421482853275624
-30.436284173503484
-30.45118591085205
-30.466189966055513
-30.48129816835976
-30.4965122752827
-30.51183397244677
-30.527264873481815
-30.54280651999642
-30.558460381615507
-30.57422785608225
-30.5901102694225
-30.606108876169774
-30.62222485964873
-30.638459332315026
-30.654813336149378
-30.671287843103645
-30.68788375559686
-30.704601907058994
-30.721443062520315
-30.738407919244487
-30.75549710740345
-30.77271119079203
-30.790050667580182
-30.807515971100607
-30.825107470669657
-30.842825472439365
-30.86067022027857
-30.87864189668131
-30.896740623700516
-30.914966463905166
-30.93331942135891
-30.951799442618558
-30.970406417750787
-30.989140181365322
-31.008000513662843
-31.026987141496114
-31.046099739443015
-31.065337930890458
-31.084701289128482
-31.104189338453928
-31.123801555283144
-31.14353736927334
-31.16339616445257
-31.18337728035841
-31.203480013185224
-31.22370361693991
-31.244047304605953
-31.264510249315872
-31.285091585532353
-31.305790410238654
-31.32660578413886
-31.347536732868758
-31.368582248217972
-31.389741289363865
-31.411012784117826
-31.432395630184782
-31.453888696436973
-31.475490824203245
-31.497200828575256
-31.519017499731785
-31.540939604282283
-31.562965886630437
-31.58509507035855
-31.60732585963369
-31.62965694063662
-31.652086983014513
-31.674614641358474
-31.697238556706807
-31.719957358074865
-31.74276966401193
-31.765674084185648
-31.788669220994635
-31.811753671209956
-31.83492602764612
-31.858184880862225
-31.88152882089362
-31.9049564390145
-31.92846632953196
-31.95205709161205
-31.975727331138177
-31.99947566260214
-32.02330071102786
-32.047201113927564
-32.071175523290115
-32.09522260760095
-32.11934105389346
-32.14352956983142
-32.16778688582203
-32.19211175715878
-32.21650296619364
-32.24095932453792
-32.26547967529074
-32.29006289529425
-32.31470789741464
-32.33941363284816
-32.36417909345081
-32.38900331409061
-32.41388537502058
-32.438824404270825
-32.46381958005812
-32.488870133211144
-32.513975349609915
-32.53913457263811
-32.5643472056469
-32.589612714428654
-32.61493062969873
-32.64030054958326
-32.66572214211129
-32.69119514770952
-32.71671938169786
-32.74229473678432
-32.76792118555747
-32.793598782974726
-32.81932766884475
-32.84510807030247
-32.870940304275024
-32.896824779936736
-32.922762001151455
-32.94875256889969
-32.97479718368811
-33.000896647939165
-33.02705186835892
-33.053263858280964
-33.07953373998442
-33.10586274698381
-33.13225222628879
-33.15870364063151
-33.18521857065921
-33.2117987170897
-33.23844590282747
-33.265162075038496
-33.291949307181746
-33.31880980099536
-33.345745888435154
-33.37276003356295
-33.39985483438182
-33.427033024615255
-33.45429747542728
-33.48165119708035
-33.50909734052762
-33.53663919893653
-33.56428020914045
-33.59202395301473
-33.61987415877398
-33.64783470218724
-33.675909607707624
-33.70410304951319
-33.732419352456006
-33.76086299291639
-33.789438599559915
-33.81815095399477
-33.84700499132739
-33.87600580061464
-33.9051586252103
-33.93446886300389
-33.96394206655008
-33.993583943086826
-34.02340035444046
-34.05339731681578
-34.083581000469046
-34.113957729261806
-34.14453398009365
-34.175316382212394
-34.20631171640056
-34.23752691403686
-34.26896905603152
-34.30064537163443
-34.33256323711507
-34.36473017431348
-34.39715384906174
-34.429842069475626
-34.462802784116434
-34.49604408002267
-34.52957418061152
-34.56340144344992
-34.597534357895626
-34.63198154260866
-34.66675174293366
-34.70185382815388
-34.73729678861796
-34.773089732741035
-34.809241883881676
-34.84576257709637
-34.882661255773264
-34.91994746814709
-34.95763086369784
-34.99572118943568
-35.03422828607522
-35.073162084101554
-35.11253259973084
-35.15234993076852
-35.19262425236879
-35.23336581269912
-35.27458492851362
-35.316291980638724
-35.35849740937506
-35.40121170981941
-35.444445427110665
-35.488209151603705
-35.53251351397511
-35.577369180264775
-35.62278684685736
-35.66877723540775
-35.71535108771487
-35.76251916054829
-35.810292220432096
-35.85868103839035
-35.90769638465843
-35.95734902336477
-36.00764970718774
-36.05860917199266
-36.11023813145414
-36.162547271668956
-36.21554724576478
-36.26924866851007
-36.3236621109306
-36.37879809493813
-36.43466708797672
-36.491279497691956
-36.548645666629234
-36.60677586696722
-36.66568029529257
-36.725369067422186
-36.78585221327908
-36.847139671827826
-36.90924128607535
-36.97216679814256
-37.03592584441249
-37.10052795076042
-37.16598252787152
-37.232298866651476
-37.2994861337359
-37.367553367103696
-37.43650947179928
-37.50636321576816
-37.57712322581078
-37.64879798365927
-37.72139582218096
-37.79492492171254
-37.86939330652893
-37.9448088414503
-38.021179228591045
-38.09851200425367
-38.176814535970884
-38.25609401969899
-38.336357477165734
-38.41761175337581
-38.49986351427691
-38.583119244589
-38.66738524579927
-38.75266763432495
-38.83897233984584
-38.92630510380827
-39.01467147810224
-39.1040768239131
-39.19452631074882
-39.286024915643175
-39.37857742253477
-39.47218842182202
-39.56686231009383
-39.66260329003548
-39.75941537050893
-39.85730236680685
-39.9562679010793
-40.05631540293167
-40.15744811019131
-40.25966906983986
-40.362981139107966
-40.46738698672956
-40.572889094352796
-40.6794897581046
-40.78719109030563
-40.895995021332645
-41.00590330162506
-41.116917503832575
-41.22903902510055
-41.34226908949026
-41.45660875053076
-41.57205889389897
-41.688620240224594
-41.806293348016
-41.925078616702734
-42.044976289790476
-42.16598645812386
-42.28810906325268
-42.41134390089727
-42.53569062450871
-42.66114874891921
-42.787717654077575
-42.915396588864596
-43.04418467498327
-43.174080910918676
-43.30508417596285
-43.437193234299784
-43.57040673914513
-43.704723236935635
-43.84014117156408
-43.97665888865452
-44.114274639873024
-44.25298658726876
-44.392792807640426
-44.53369129692259
-44.67567997458712
-44.818756688055316
-44.96291921711611
-45.10816527834555
-45.25449252952279
-45.40189857403783
-45.55038096528699
-45.69993721105181
-45.85056477785674
-46.0022610953011
-46.15502356036081
-46.30884954165544
-46.463736383676014
-46.61968141096913
-46.77668193227335
-46.93473524460411
-47.093838637283525
-47.253989395912086
-47.4151848062793
-47.577422158209984
-47.74069874934295
-47.90501188883896
-48.07035890101522
-48.23673712890356
-48.404143937729735
-48.57257671831021
-48.74203289036378
-48.912509905734765
-49.08400525152476
-49.256516453130104
-49.430041077182324
-49.604576734388644
-49.78012108226997
-49.95667182779349
-50.13422672989774
-50.31278360190786
-50.492340313838646
-50.67289479458331
-50.85444503398649
-51.03698908480054
-51.220525064524836
-51.405051157127886
-51.590565614651766
-51.77706675869835
-51.96455298179676
-52.15302274865143
-52.34247459727083
-52.532907139976764
-52.72431906429454
-52.916709133723934
-53.11007618839118
-53.30441914558202
-53.4997370001563
-53.696028824844575
-53.89329377042691
-54.0915310657943
-54.290740017892404
-54.49092001154816
-54.69207050918022
-54.894191050393836
-55.09728125146132
-55.301340804689126
-55.50636947767345
-55.71236711244639
-55.919333624515005
-56.12726900179588
-56.336173303448064
-56.54604665860718
-56.75688926502342
-56.96870138760632
-57.181483356879674
-57.395235567348855
-57.60995847578365
-57.82565259941966
-58.04231851408221
-58.25995685223657
-58.47856830096876
-58.698153599900905
-58.91871353904506
-59.14024895659949
-59.36276073669146
-59.58624980707041
-59.81071713675514
-60.03616373363824
-60.2625906420511
-60.48999894029326
-60.71838973812986
-60.94776417426094
-61.17812341376684
-61.40946864553358
-61.64180107966193
-61.8751219448635
-62.10943248584652
-62.34473396069421
-62.58102763823836
-62.81831479543063
-63.05659671471386
-63.2958746813955
-63.536149981025176
-63.77742389677911
-64.01969770685452
-64.26297268187648
-64.5072500823203
-64.75253115595234
-64.99881713529159
-65.24610923509546
-65.49440864987385
-65.74371655143501
-65.99403408646704
-66.24536237415732
-66.4977025038532
-66.75105553276678
-67.00542248372649
-67.26080434297798
-67.51720205803682
-67.7746165355949
-68.03304863948247
-68.29249918868757
-68.55296895543503
-68.81445866332703
-69.07696898554772
-69.34050054313431
-69.60505390331681
-69.87062957792946
-70.13722802189618
-70.4048496317918
-70.67349474448035
-70.94316363583168
-71.21385651951799
-71.48557354589057
-71.7583148009371
-72.03208030531856
-72.30687001348518
-72.58268381287114
-72.85952152316833
-73.13738289567942
-73.41626761275035
-73.69617528728253
-73.9771054623252
-74.25905761074739
-74.54203113498852
-74.82602536688637
-75.11103956758103
-75.3970729274929
-75.68412456637238
-75.97219353341963
-76.26127880747255
-76.55137929726153
-76.84249384172894
-77.1346212104112
-77.42776010388219
-77.72190915425689
-78.01706692575421
-78.31323191531695
-78.61040255328672
-78.90857720413251
-79.2077541672318
-79.5079316777034
-79.8091079072922
-80.11128096530584
-80.41444889960363
-80.71860969763796
-81.02376128754841
-81.32990153930943
-81.63702826593207
-81.94513922471985
-82.25423211857905
-82.5643045973839
-82.87535425939647
-83.18737865274038
-83.50037527692739
-83.81434158443669
-84.12927498234723
-84.44517283402303
-84.76203246085146
-85.07985114403374
-85.39862612642725
-85.71835461443817
-86.03903377996261
-86.36066076237472
-86.68323267056127
-87.00674658500061
-87.33119955988361
-87.65658862527467
-87.98291078931125
-88.31016304043983
-88.63834234968631
-88.96744567295885
-89.29746995337958
-89.62841212364113
-89.96026910838313
-90.29303782658425
-90.62671519396653
-90.96129812540968
-91.29678353737253
-91.6331683503191
-91.97044949114579
-92.30862389560636
-92.64768851073107
-92.98764029723701
-93.32847623192684
-93.67019331007315
-94.01278854778626
-94.35625898436295
-94.70060168461349
-95.04581374116388
-95.39189227672988
-95.73883444635896
-96.08663743963643
-96.4352984828505
-96.78481484111194
-97.13518382042378
-97.48640276969752
-97.83846908271266
-98.19138020001674
-98.54513361076238
-98.899726854478
-99.25515752276932
-99.61142326094979
-99.96852176959852
-100.32645080604449
-100.6852081857768
-101.0447917837811
-101.40519953580225
-101.76642943953314
-102.12847955572855
-102.49134800924313
-102.8550329899928
-103.2195327538391
-103.58484562339643
-103.95096998876218
-104.31790430817048
-104.68564710857063
-105.05419698613257
-105.42355260668062
-105.7937127060565
-106.1646760904113
-106.53644163642655
-106.90900829146351
-107.28237507364047
-107.656541071837
-108.03150544562533
-108.40726742512828
-108.7838263108037
-109.16118147315552
-109.53933235237156
-109.91827845788765
-110.29801936787777
-110.67855472866967
-111.05988425408583
-111.44200772470977
-111.82492498707786
-112.20863595279646
-112.59314059758385
-112.9784389602366
-113.36453114151978
-113.75141730298124
-114.13909766568948
-114.5275725088953
-114.91684216861742
-115.30690703615105
-115.69776755649818
-116.08942422671859
-116.48187759420065
-116.87512825485177
-117.26917685120802
-117.66402407046267
-118.0596706424137
-118.45611733733084
-118.8533649637436
-119.25141436615273
-119.6502664226666
-120.04992204256506
-120.4503821637927
-120.85164775038322
-121.2537197898165
-121.65659929031051
-122.06028727805074
-122.46478479435848
-122.87009289279888
-123.27621263622962
-123.68314509379263
-124.09089133785075
-124.49945244087043
-124.90882947225317
-125.31902349511883
-125.73003556304515
-126.14186671676806
-126.55451798084779
-126.96799036030622
-127.38228483724063
-127.79740236741853
-128.21334387685798
-128.630110258398
-129.0477023682635
-129.46612102263148
-129.88536699420425
-130.30544100879516
-130.7263437419338
-131.1480758154968
-131.57063779437195
-131.99403018316244
-132.41825342293868
-132.84330788804317
-133.269193882955
-133.69591163922104
-134.12346131246153
-134.55184297945726
-134.98105663532493
-135.41110219078524
-135.84197946952696
-136.27368820566932
-136.70622804132614
-137.13959852427575
-137.5737991057411
-138.00882913828485
-138.44468787382283
-138.88137446175728
-139.31888794723065
-139.75722726950036
-140.1963912604351
-140.63637864313247
-141.0771880306572
-141.51881792489834
-141.96126671554597
-142.40453267918755
-142.84861397852418
-143.29350866170748
-143.7392146617984
-144.1857297963496
-144.63305176711205
-145.08117815986768
-145.53010644438947
-145.9798339745316
-146.43035798845108
-146.8816756089634
-147.3337838440334
-147.7866795874013
-148.2403596193426
-148.6948206075582
-149.15005910819093
-149.60607156696722
-150.0628543204631
-150.52040359749356
-150.97871552062213
-151.4377861077877
-151.8976112740437
-152.3581868334037
-152.81950850078613
-153.28157189405272
-153.74437253613715
-154.20790585726073
-154.6721671972306
-155.13715180781688
-155.6028548552039
-156.06927142251212
-156.53639651238555
-157.00422504964027
-157.47275188397012
-157.94197179270728
-158.4118794836351
-158.8824695978507
-159.35373671267726
-159.82567534462478
-160.29827995239785
-160.77154493994652
-161.24546465955785
-161.7200334149847
-162.19524546460974
-162.6710950246433
-163.14757627235298
-163.62468334932345
-164.10241036474457
-164.58075139872352
-165.0597005056165
-165.53925171737404
-166.01939904689556
-166.5001364913905
-166.98145803574442
-167.4633576558885
-167.94582932217233
-168.42886700273831
-168.9124646668931
-169.39661628847077
-169.88131584918435
-170.3665573419648
-170.8523347742864
-171.3386421714783
-171.82547358002327
-172.3128230708414
-172.80068474255674
-173.28905272474137
-173.777921181133
-174.2672843128225
-174.75713636141083
-175.24747161213327
-175.73828439694853
-176.2295690975891
-176.7213201485688
-177.2135320401428
-177.706199321216
-178.19931660219368
-178.69287855776906
-179.18687992964033
-179.68131552915088
-180.17618023984824
-180.67146901995807
-181.16717690477003
-181.6632990089322
-182.15983052865
-182.65676674378642
-183.15410301986302
-183.6518348099619
-184.14995765653228
-184.64846719310484
-185.14735914591736
-185.64662933545358
-186.14627367789697
-186.6462881865007
-187.14666897287546
-187.64741224819934
-188.14851432435287
-188.64997161497902
-189.15178063646707
-189.65393800886002
-190.15644045668412
-190.6592848096994
-191.16246800356777
-191.66598708043472
-192.1698391894202
-192.67402158701458
-193.178531637376
-193.68336681252714
-194.18852469244786
-194.69400296505938
-195.19979942609604
-195.70591197886307
-196.21233863387812
-196.7190775083937
-197.22612682579967
-197.73348491490543
-198.24115020910253
-198.74912124540796
-199.25739666338868
-199.76597520396817
-200.2748557081189
-200.7840371154426
-201.2935184626402
-201.80329888187234
-202.31337759901257
-202.82375393179663
-203.33442728786972
-203.8453971627342
-204.35666313759893
-204.86822487713184
-205.3800821271178
-205.89223471202297
-206.40468253246843
-206.9174255626134
-207.43046384745128
-207.9437975000227
-208.45742669854837
-208.97135168348643
-209.48557275451856
-210.0000902674684
-210.51490463115522
-211.03001630418555
-211.5454257916873
-212.0611336419912
-212.57714044326474
-213.0934468201027
-213.61005343007687
-214.1269609602481
-214.6441701236453
-215.16168165571517
-215.67949631074853
-216.19761485828909
-216.71603807953161
-217.2347667637147
-217.75380170451186
-218.27314369642855
-218.79279353121402
-219.31275199429743
-219.83301986125744
-220.35359789433474
-220.87448683899598
-221.39568742055636
-221.9172003408675
-222.43902627507754
-222.96116586847046
-223.48361973339246
-224.0063884462699
-224.52947254472195
-225.05287252477063
-225.5765888381506
-226.10062188971864
-226.62497203496258
-227.14963957761023
-227.6746247673379
-228.19992779757712
-228.72554880341926
-229.25148785961795
-229.77774497869083
-230.30432010912224
-230.8312131336697
-231.3584238677765
-231.88595205809017
-232.41379738108523
-232.94195944178998
-233.47043777261544
-233.9992318322838
-234.5283410048523
-235.0577645988271
-235.58750184636162
-236.11755190253209
-236.6479138446832
-237.17858667183756
-237.7095693041642
-238.2408605825026
-238.7724592679399
-239.30436404143893
-239.8365735035161
-240.36908617397012
-240.9019004916629
-241.4350148143535
-241.96842741858723
-242.50213649964167
-243.03614017153245
-243.57043646708053
-244.1050233380431
-244.6398986553088
-245.17506020915653
-245.71050570957686
-246.24623278665266
-246.78223899099729
-247.31852179424894
-247.85507858962004
-248.3919066925005
-248.9290033411137
-249.46636569722435
-250.00399084689573
-250.54187580129545
-251.0800174975473
-251.61841279962803
-252.15705849930876
-252.69595131714098
-253.23508790348845
-253.77446483960424
-254.31407863875373
-254.853925747382
-255.3940025463233
-255.93430535205
-256.4748304179578
-257.01557393568424
-257.5565320364572
-258.0977007924708
-258.6390762182867
-259.18065427226026
-259.72243085799033
-260.2644018257918
-260.8065629741912
-261.3489100514449
