-3.176025049583063e-13
-5.3473147825241525e-12
-4.512191918511609e-11
-2.5617929236430794e-10
-1.1079814448363374e-09
-3.915779934517037e-09
-1.183423420794611e-08
-3.157132489048212e-08
-7.609746009634759e-08
-1.6865069883677181e-07
-3.4835658354576214e-07
-6.777910058140083e-07
-1.2528175997861007e-06
-2.215028094544455e-06
-3.767105544567143e-06
-6.191417038438373e-06
-9.872124962508531e-06
-1.5321084731541012e-05
-2.320777261886796e-05
-3.439346041497711e-05
-4.996982457250949e-05
-7.130214668171402e-05
-0.000100077229957008
-0.00013835612326645652
-0.0001886317104374674
-0.00025389118843265534
-0.00033768342379296705
-0.0004441911427497234
-0.0005783078768489244
-0.0007457195530236547
-0.0009529905849866304
-0.001207654291768057
-0.001518307439348395
-0.0018947086727679012
-0.002347880578954767
-0.0028902150949053846
-0.003535581951862825
-0.004299439823847764
-0.005198949828361378
-0.00625309100835131
-0.007482777407647202
-0.008910976337058273
-0.01056282741519842
-0.01246576195687176
-0.014649622272511686
-0.01714678043470961
-0.0199922560622783
-0.0232238326685447
-0.026882172118627406
-0.031010926740288203
-0.03565684863451223
-0.04086989573522137
-0.04670333417240795
-0.05321383649943697
-0.06046157535324526
-0.06851031212560353
-0.07742748023443877
-0.08728426259637158
-0.0981556629150369
-0.11012057041435572
-0.12326181766163959
-0.1376662311421633
-0.15342467426456285
-0.1706320824950303
-0.18938749033771216
-0.20979404989889608
-0.23195904079341917
-0.25599387117317307
-0.28201406967954673
-0.3101392681440596
-0.3404931748842299
-0.3732035384648204
-0.40840210181794057
-0.4462245466389841
-0.4868104279989889
-0.5303030991376475
-0.576849626424813
-0.6266006945018838
-0.6797105016378462
-0.7363366453579413
-0.7966399984258598
-0.8607845752829852
-0.928937389070482
-1.0012682993818718
-1.0779498509151477
-1.1591571032143597
-1.245067451710972
-1.3358604402950716
-1.4317175656656547
-1.5328220737277383
-1.639358748321866
-1.7515136925886972
-1.8694741032877304
-1.9934280384047964
-2.123564178397743
-2.2600715814437
-2.4031394330644518
-2.5529567905187274
-2.7097123223616846
-2.873594043582413
-3.044789046739934
-3.223483229526931
-3.409861019198327
-3.6041050943087845
-3.8063961042092895
-4.016912386758173
-4.235829684706157
-4.463320861218371
-4.699555614998721
-4.944700195483607
-5.198917118572553
-5.462364883363165
-5.735197690356735
-6.017565161598951
-6.30961206321742
-6.611478030814195
-6.923297298167132
-7.245198429688852
-7.577304057086191
-7.919730620656319
-8.272588115648349
-8.635979844111198
-9.010002172639688
-9.394744296421491
-9.79028800997755
-10.19670748497799
-10.614069055504398
-11.042431011117582
-11.481843398077666
-11.932347829050451
-12.393977301620618
-12.866756025918669
-13.350699261654292
-13.845813164834231
-14.352094644427941
-14.869531229229073
-15.39810094514532
-15.937772203133353
-16.488503697979585
-17.050244318111115
-17.622933066604787
-18.206498993545523
-18.80086113986833
-19.405928492801408
-20.021599953010693
-20.647764313529205
-21.28430025053738
-21.931076326043648
-22.58795100249726
-23.254772669348522
-23.931379681554752
-24.6176004100135
-25.31325330388777
-26.018146964771383
-26.732080232626608
-27.45484228341005
-28.186212738287
-28.92596178431879
-29.67385030649226
-30.429630030945706
-31.193043679230982
-31.963825133437126
-32.74169961198672
-33.52638385590254
-34.317586325328506
-35.11500740607633
-35.91833962595649
-36.727267880640056
-37.541469668786526
-38.360615336161395
-39.18436832845631
-40.012385452514216
-40.84431714565195
-41.67980775276393
-42.518495810881994
-43.360014340857525
-44.20399114582417
-45.050049116092076
-45.897806540117664
-46.74687742118654
-47.59687179944116
-48.44739607887864
-49.29805335893964
-50.14844377030546
-50.998164814516386
-51.846811707021075
-52.69397772326427
-53.53925454741774
-54.382232623357666
-55.222501507490115
-56.05965022302542
-56.8932676153026
-57.72294270776582
-58.54826505819563
-59.36882511479934
-60.18421457176681
-60.994026723900625
-61.79785681993224
-62.59530241413916
-63.38596371588205
-64.16944393668456
-64.9453496344824
-65.71329105467322
-66.47288246760417
-67.22374250213994
-67.96549447496051
-68.69776671524409
-69.4201928843973
-70.13241229050101
-70.83407019714781
-71.52481812635534
-72.20431415524837
-72.87222320621152
-73.52821733022427
-74.1719759830994
-74.80318629435499
-75.42154332845983
-76.02675033820121
-76.61851900993297
-77.19656970047235
-77.76063166542387
-78.3104432787192
-78.84575224317375
-79.3663157918724
-79.87190088020854
-80.36228436841115
-80.83725319440605
-81.2966045368676
-81.74014596832778
-82.1676955982213
-82.57908220575796
-82.9741453625251
-83.35273554473558
-83.71471423504754
-84.05995401389457
-84.38833864027644
-84.69976312197313
-84.99413377515695
-85.27136827338975
-85.53139568600218
-85.77415650586343
-85.9996026665606
-86.20769754901804
-86.39841597759826
-86.57174420573736
-86.7276798911785
-86.86623206087782
-86.98742106566638
-87.09127852476243
-87.17784726023902
-87.24718122156165
-87.29934540032096
-87.33441573529481
-87.35247900798257
-87.3536327287641
-87.3379850138455
-87.30565445316248
-87.25676996942073
-87.19147066846077
-87.1099056811419
-87.01223399694835
-86.89862428952837
-86.76925473438475
-86.62431281894159
-86.46399514521865
-86.28850722534982
-86.09806327018693
-85.89288597123529
-85.67320627617222
-85.43926315820512
-85.19130337953051
-84.92958124916017
-84.65435837538418
-84.36590341314401
-84.06449180659185
-83.75040552711575
-83.42393280711248
-83.08536786979154
-82.73501065529526
-82.37316654342136
-82.00014607323602
-81.61626465986694
-81.22184230876678
-80.81720332773773
-80.40267603700863
-79.97859247765552
-79.545288118656
-79.1031015628671
-78.65237425221562
-78.1934501723872
-77.72667555729788
-77.25239859363046
-76.77096912571585
-76.28273836103733
-75.78805857663303
-75.28728282666896
-74.78076465145068
-74.26885778813812
-73.75191588342443
-73.23029220843665
-72.7043393761125
-72.1744090613036
-71.6408517238504
-71.10401633486907
-70.5642501064854
-70.02189822524501
-69.47730358942412
-68.93080655045883
-68.38274465870442
-67.83345241373142
-67.28326101935788
-66.73249814361166
-66.18148768380955
-65.63054953693357
-65.07999937547855
-64.53014842893707
-63.98130327108167
-63.43376561319688
-62.88783210340567
-62.34379413222722
-61.801937644495396
-61.26254295776031
-60.72588458728777
-60.19223107776421
-59.66184484180727
-59.13498200537456
-58.61189226015595
-58.09281872302686
-57.57799780263199
-57.06765907316166
-56.56202515537556
-56.06131160492075
-55.5657268079834
-55.07547188430627
-54.59074059759624
-54.11171927333899
-53.63858672403015
-53.17151418182519
-52.7106652386029
-52.256195793429725
-51.80825400740562
-51.36698026586444
-50.93250714789437
-50.504959403137235
-50.08445393581897
-49.671099795957126
-49.26499817768464
-48.86624242462292
-48.474918042231614
-48.09110271705665
-47.714866342792014
-47.34627105306517
-46.98537126085065
-46.632213704410695
-46.28683749965719
-45.94927419882381
-45.61954785533313
-45.29767509473852
-44.983665191615344
-44.67752015227133
-44.379234803141415
-44.08879688472781
-43.806187150942165
-43.5313794737029
-43.264340952636886
-43.005032029730515
-42.75340660877187
-42.5094121794224
-42.27298994575371
-42.04407495908249
-41.82259625493436
-41.608476993965276
-41.40163460666731
-41.20198094168342
-41.00942241755377
-40.82386017771507
-40.645190248573165
-40.47330370046809
-40.308086811349945
-40.14942123298329
-39.99718415949639
-39.85124849809108
-39.71148304172851
-39.57775264360606
-39.44991839324132
-39.32783779397931
-39.21136494173936
-39.10035070481882
-38.99464290457166
-38.894086496781085
-38.79852375354693
-38.707794445510046
-38.62173602423735
-38.54018380459342
-38.462971146926
-38.38992963889472
-38.32088927677477
-38.25567864607023
-38.19412510127386
-38.13605494461296
-38.081293603623685
-38.02966580739871
-37.980995761355466
-37.93510732037543
-37.89182416016785
-37.85096994671556
-37.812368503663876
-37.77584397751717
-37.741221000511004
-37.70832485103129
-37.676981611455446
-37.647018323294716
-37.618263139521034
-37.59054547396583
-37.56369614768299
-37.537547532171615
-37.51193368935871
-37.48669050824593
-37.4616558381292
-37.43666961830471
-37.41157400417948
-37.386213489709185
-37.360435026090364
-37.33408813663798
-37.30702502778448
-37.27910069614067
-37.25017303156327
-37.22010291617878
-37.188754319317674
-37.15599438831777
-37.12169353515987
-37.085725518903075
-37.04796752389177
-37.00830023371043
-36.96660790086719
-36.92277841219138
-36.87670334993439
-36.82827804856723
-36.777401647272114
-36.72397713812987
-36.66791141000911
-36.6091152881674
-36.54750356957874
-36.48299505400603
-36.41551257084091
-36.344983001736914
-36.2713372990662
-36.194510500233314
-36.11444173788336
-36.03107424604516
-35.94435536225367
-35.85423652569934
-35.76067327145531
-35.66362522083667
-35.5630560679491
-35.45893356248694
-35.351229488843714
-35.239919641600906
-35.1249837974638
-35.006405683715556
-34.88417294326301
-34.75827709634997
-34.62871349901617
-34.49548129838185
-34.35858338484026
-34.21802634124249
-34.07382038916076
-33.92597933231791
-33.774520497272405
-33.61946467144956
-33.46083603861107
-33.29866211185672
-33.13297366425369
-32.96380465718986
-32.79119216654869
-32.61517630680385
-32.43580015313268
-32.25310966164836
-32.06715358785144
-31.877983403401608
-31.685653211311237
-31.49021965966239
-31.29174185394854
-31.09028126814238
-30.88590165459104
-30.678668952840074
-30.468651197487365
-30.255918425167863
-30.04054258076954
-29.822597422980408
-29.60215842926584
-29.37930270037478
-29.15410886447276
-28.926656980999155
-28.69702844434502
-28.465305887447155
-28.231573085393077
-27.995914859130405
-27.75841697937315
-27.519166070795958
-27.278249516606017
-27.03575536358064
-26.791772227657297
-26.546389200161336
-26.299695754755156
-26.05178165519063
-25.802736863944993
-25.55265145181828
-25.301615508568563
-25.049719054659096
-24.797051954189516
-24.5437038290812
-24.28976397458472
-24.035321276175285
-23.780464127899776
-23.52528035223675
-23.269857121528545
-23.014280881042495
-22.758637273715877
-22.503011066636944
-22.24748607931234
-21.99214511376887
-21.737069886535192
-21.482340962546356
-21.228037691011973
-20.974238143285998
-20.721019052773737
-20.468455756908934
-20.21662214123135
-19.96559058559297
-19.71543191251869
-19.466215337744963
-19.218008422957418
-18.970877030746074
-18.724885281794435
-18.480095514316282
-18.23656824575166
-17.994362136731144
-17.7535339573153
-17.5141385555138
-17.276228828086435
-17.039855693626155
-16.805068067921955
-16.571912841597214
-16.340434860016828
-16.11067690545427
-15.882679681507824
-15.656481799753223
-15.432119768617824
-15.209627984459514
-14.989038724831685
-14.770382143913592
-14.553686270083587
-14.338977005610882
-14.126278128439704
-13.91561129603799
-13.706996051280992
-13.500449830338406
-13.295987972532169
-13.093623732130675
-12.893368292043727
-12.69523077938107
-12.499218282836019
-12.305335871854403
-12.11358661754793
-11.923971615309773
-11.736490009089115
-11.551139017280283
-11.36791396018106
-11.18680828897374
-11.007813616181512
-10.830919747551793
-10.656114715317388
-10.483384812785518
-10.312714630204
-10.144087091853239
-9.977483494312168
-9.812883545845722
-9.650265406860811
-9.489605731377537
-9.330879709462023
-9.174061110566958
-9.019122327725766
-8.866034422546191
-8.71476717094902
-8.56528910959759
-8.417567582963837
-8.27156879097664
-8.127257837198274
-7.984598777474867
-7.843554669006979
-7.704087619786628
-7.566158838347406
-7.4297286837745276
-7.294756715922041
-7.161201745784871
-7.029021885973811
-6.898174601242195
-6.76861675901358
-6.640304679860418
-6.513194187884292
-6.3872406609489225
-6.262399080717944
-6.138624082450174
-6.015870004505993
-5.894090937519332
-5.773240773190673
-5.653273252657372
-5.5341420143984905
-5.415800641632366
-5.298202709166062
-5.181301829656838
-5.065051699246778
-4.949406142532835
-4.834319156835652
-4.719744955731688
-4.605638011814339
-4.49195309865097
-4.3786453319039955
-4.265670209585318
-4.152983651414656
-4.04054203725356
-3.928302244588178
-3.8162216850350674
-3.7042583398455373
-3.5923707943852987
-3.4805182715674357
-3.368660664218007
-3.256758566354884
-3.1447733033617498
-3.0326669610405124
-2.9204024135266557
-2.8079433500533777
-2.695254300551663
-2.58230066007477
-2.469048712036917
-2.355465650257245
-2.24151959980145
-2.1271796366147413
-2.0124158059410777
-1.897199139524882
-1.781501671592697
-1.6652964536134913
-1.5485575678375725
-1.4312601396153102
-1.313380348498063
-1.194895438124904
-1.0757837248999185
-0.9560246054660345
-0.8355985629824866
-0.7144871722141458
-0.5926731034420608
-0.4701401252056488
-0.3468731058880494
-0.22285801415720338
-0.09808191827623997
0.02746701570224328
0.1537995268424563
0.280925263315753
0.40885278745761594
0.5375895818729857
0.6671420565707724
0.7975155571075534
0.928714373719661
1.0607417514220978
1.193599901051978
1.3272900112334822
1.461812261240636
1.5971658347335893
1.7333489343434612
1.870358797080221
2.0081917105375555
2.146843029868162
2.2863071955024155
2.4265777515829248
2.5676473650870615
2.709507845609199
2.8521501657740456
2.99556448225215
3.139740157348361
3.284665781133773
3.4303291940914655
3.576717510246165
3.7238171407478258
3.871613817879023
4.020092619455977
4.169237993593016
4.319033783800277
4.469463254384452
4.620509116122412
4.772153552177659
4.924378244229633
5.07716439878612
5.230492773649151
5.384343704505061
5.538697131609558
5.693532626538881
5.848829418978403
6.004566423520301
6.160722266442178
6.31727531243893
6.474203691280551
6.631485324369067
6.789097951168211
6.947019155479895
7.105226391541978
7.263697009922292
7.422408283184435
7.5813374313014465
7.740461646794022
7.899758119570484
8.05920406144635
8.218776730321954
8.378453453997224
8.53821165360337
8.698028866631951
8.857882769542478
9.017751199930318
9.177612178237384
9.337443928988757
9.497224901539221
9.656933790314351
9.816549554531445
9.97605143738647
10.135418984693953
10.294632062967649
10.453670876930486
10.612515986443041
10.771148322840515
10.929549204668845
11.087700352811154
11.245583904996536
11.403182429683909
11.56047893931441
11.717456902926545
11.874100258128978
12.030393422426515
12.186321303895543
12.341869311205873
12.497023362986628
12.651769896534649
12.806095875864676
12.959988799101316
13.113436705213521
13.26642818009295
13.41895236197822
13.57099894622771
13.722558189444051
13.873620912954074
14.024178505648687
14.17422292618779
14.323746704576147
14.472742943116566
14.621205316747332
14.769128072771434
14.91650602998568
15.063334577218239
15.209609671283697
15.355327834365125
15.50048615083311
15.645082263512178
15.789114369405537
15.932581214889538
16.075482090389613
16.217816824549786
16.359585777908336
16.500789836092608
16.641430402546064
16.78150939080098
16.921029216310533
17.0599927878545
17.19840349853313
17.33626521636386
17.473582274495886
17.61035946105743
17.746602008651013
17.882315583511943
18.01750627434533
18.1521805808568
18.286345401992186
18.420008023901737
18.553176107644354
18.685857676647338
18.818061103937275
18.949795099157875
19.081068695390535
19.211891235793356
19.342272360074244
19.47222199081369
19.60175031965289
19.730867793362645
19.859585099808324
19.987913153826096
20.115863083025427
20.24344621353273
20.370674055690984
20.497558289730023
20.624110751422023
20.75034341773636
20.87626839250811
21.001897892134423
21.12724423131263
21.252319808833704
21.37713709344439
21.501708609791198
21.626046924459477
21.750164632120576
21.874074341799915
21.99778866327819
22.121320193637903
22.244681503967062
22.367885126231474
22.49094354032679
22.613869161321
22.736674326897607
22.859371285009452
22.981972181753015
23.104489049472825
23.22693379510529
23.349318188770958
23.471653852624094
23.593952249968037
23.716224674644746
23.838482240706536
23.96073587237775
24.082996294313585
24.205274022163035
24.327579353442513
24.449922358726194
24.572312873158676
24.69476048829499
24.817274544272763
24.93986412232097
25.06253803760943
25.18530483244301
25.30817276980433
25.43114982724846
25.554243691152706
25.677461751324316
25.80081109596866
25.92429850702006
26.047930455837093
26.171713099263673
26.29565227605683
26.419753503681722
26.5440219754738
26.66846255816758
26.79307978979093
26.917877877923807
27.042860698320077
27.168031793890542
27.2933943740449
27.41895131439005
27.544705156781752
27.670658109726098
27.79681204912702
27.923168519376215
28.04972873478155
28.176493581329705
28.30346361877869
28.430639083075558
28.55801988909425
28.685605633688137
28.81339559905143
28.941388756383244
29.06958376984784
29.197979000824148
29.326572512437593
29.45536207436689
29.58434516791843
29.713518991360445
29.842880465508983
29.97242623955765
30.102152697142827
30.232055962635886
30.36213190765341
30.492376157776565
30.622784099470696
30.75335088719601
30.884071450700194
31.014940502483658
31.145952545428063
31.27710188057853
31.40838261506986
31.539788670186972
31.67131378954958
31.80295154741112
31.934695357062033
32.06653847932777
32.19847403115214
32.330494994256675
32.46259422386658
32.59476445749414
32.72699832377047
32.859288351315946
32.99162697763976
33.124006558058156
33.25641937462164
33.38885764504134
33.52131353160489
33.65377915007251
33.786246578544066
33.9187078662883
34.05115504252554
34.183580125155075
34.315975129417964
34.44833207648584
34.580643001966806
34.71289996431979
34.84509505316892
34.977220397509384
35.10926817379679
35.24123061391229
35.37310001299589
35.50486873714066
35.63652923094059
35.768074024884974
35.89949574259247
36.030787107878545
36.16194095165036
36.29295021862375
36.4238079738574
36.55450740909961
36.685041848943364
36.81540475678556
36.945589740586364
37.07559055842486
37.2054011238471
37.33501551100314
37.46442795956988
37.59363287945674
37.722624855290995
37.85139865068018
37.97994921224918
38.108271673449764
38.23636135814067
38.36421378393672
38.49182466532548
38.619189916550255
38.746305654258464
38.87316819991494
38.99977408197995
39.12612003785185
39.25220301557496
39.378020175313424
39.50356889059205
39.628846749305154
39.753851554494105
39.87858132489467
40.00303429525522
40.12720891642741
40.25110385523127
40.37471799409699
40.4980504304858
40.621100476092785
40.743867655834755
40.86635170662701
40.98855257595316
41.11047042023214
41.23210560298677
41.35345869281853
41.474530461193275
41.59532188004247
41.715834119184
41.836068543567116
41.95602671034565
42.075710365783415
42.195121441996015
42.31426205353316
42.43313449380558
42.55174123136048
42.67008490600999
42.78816832481742
42.90599445794656
43.02356643437916
43.14088753750541
43.257961200592135
43.37479100213373
43.49138066109059
43.607734032020275
43.723855100106604
43.83974797609186
43.95541689111813
44.0708661914844
44.18610033332594
44.30112387722271
44.41594148274355
44.5305579029329
44.64497797874644
44.75920663344191
44.873248866931185
44.98710975009987
45.10079441910067
45.214308069626604
45.32765595117035
45.44084336127644
45.55387563979257
45.66675816312624
45.77949633851244
45.89209559829822
46.004561394249826
46.116899191887676
46.22911446485437
46.34121268932039
46.45319933843228
46.56507987680833
46.67685975508737
46.78854440453522
46.90013923171324
47.011649613213194
47.12308089046297
47.23443836460763
47.34572729147055
47.456952876598905
47.568120270397344
47.67923456335427
47.79030078136469
47.901323881153644
48.01230874580426
48.12326018039522
48.23418290775197
48.34508156431656
48.45596069614044
48.56682475500418
48.67767809466767
48.788524967254205
48.899369519771255
49.01021579077076
49.12106770715133
49.23192908110514
49.34280360721193
49.45369485968212
49.564606289751175
49.675541223226624
49.78650285818902
49.897494262847324
50.00851837354953
50.11957799294846
50.23067578832366
50.34181429005992
50.45299589028293
50.5642228416524
50.675497256312845
50.786821105001714
50.89819621631484
51.00962427612911
51.12110682718214
51.23264526880787
51.34424085682703
51.45589470359097
51.56760777817813
51.679380906741656
51.79121477300687
51.90310991891728
52.015066745428
52.12708551344561
52.23916634491327
52.351309224039895
52.463513998671615
52.57578038180368
52.68810795323027
52.80049616133006
52.91294432498536
53.025451635632024
53.13801715943676
53.250639839598605
53.36331849877122
53.47605184160246
53.58883845738776
53.70167682283331
53.81456530492485
53.92750216389722
54.04048555630046
54.15351353815711
54.26658406820561
54.37969501122469
54.49284414143343
54.60602914596202
54.71924762838804
54.83249711233369
54.94577504511951
55.05907880147006
55.17240568726705
55.28575294334623
55.3991177493344
55.512497227522566
55.62588844677114
55.73928842644338
55.8526941403633
55.96610252079475
56.07951046243832
56.19291482644266
56.30631244442648
56.41970012250735
56.53307464533319
56.64643278011218
56.7597712806361
56.87308689129182
56.98637635105584
57.09963639746681
57.212863770571374
57.32605521683851
57.43920749303729
57.552317370072586
57.66538163677305
57.778397103625394
57.89136060644936
58.004269010008024
58.117119211548676
58.22990814426968
58.3426327807093
58.45529013605259
58.56787727135234
58.6803912966602
58.79282937406473
58.905188720633284
59.017466611254726
59.12966038138038
59.24176742966106
59.35378522047828
59.4657112863678
59.57754323033348
59.68927872804958
59.80091552994961
59.91245146320049
60.02388443356123
60.13521242712572
60.246433511949405
60.35754583955996
60.46854764635229
60.579437254868466
60.690213074963864
60.80087360486043
60.91141743208736
61.021843234309856
61.13214978004645
61.24233592927594
61.35240063393455
61.462342938304445
61.57216197929482
61.68185698661681
61.791427282853576
61.90087228342655
62.010191496458546
62.1193845225349
62.228451054364186
62.337390876339654
62.44620386400281
62.55488998341058
62.66344929040786
62.77188192980724
62.880188134477685
62.98836822434412
63.09642260529994
63.20435176803408
63.3121562867746
63.419836817950845
63.52739409877665
63.634828945756674
63.74214225311817
63.84933499117022
63.95640820459277
64.06336301065795
64.17020059738593
64.27692222163734
64.38352920714419
64.49002294248089
64.59640487897622
64.70267652856785
64.8088394616002
64.91489530456619
65.02084573779376
65.12669249307874
65.23243735126607
65.3380821397821
65.44362873011954
65.54907903527754
65.65443500715872
65.7596986339251
65.8648719373146
65.96995696992025
66.07495581243421
66.17987057085992
66.28470337369544
66.38945636909233
66.49413172199371
66.59873161125557
66.70325822675449
66.80771376648426
66.91210043364384
67.01642043371913
67.12067597156062
67.22486924845902
67.32900245922127
67.43307778924913
67.53709741162328
67.64106348419602
67.74497814669519
67.84884351784183
67.95266169248407
68.05643473875023
68.1601646952247
68.26385356815035
68.36750332866109
68.47111591004875
68.57469320506902
68.67823706329045
68.7817492884915
68.88523163611048
68.98868581075341
69.09211346376459
69.19551619086441
69.2988955298588
69.40225295842369
69.50558989196794
69.60890768157766
69.7122076120444
69.81549089997942
69.91875869201625
70.0220120631022
70.12525201487968
70.22847947415728
70.33169529147024
70.43490023972966
70.53809501296003
70.64128022512416
70.74445640903612
70.84762401536211
70.95078341171036
71.0539348818108
71.15707862478514
71.26021475450734
71.36334329905476
71.46646420025009
71.56957731329392
71.67268240648839
71.77577916105243
71.87886717102829
71.98194594327875
72.08501489757448
72.18807336677169
72.29112059708014
72.39415574842168
72.49717789487899
72.60018602523373
72.70317904359355
72.80615577010714
72.9091149417659
73.01205521329099
73.11497515810335
73.21787326937512
73.32074796116002
73.42359756960083
73.52642035421209
73.62921449923752
73.7319781150816
73.83470923981557
73.93740584075843
74.04006581613388
74.14268699680397
74.2452671480801
74.34780397161106
74.45029510734824
74.55273813558702
74.65513057908291
74.75746990524047
74.85975352837337
74.9619788120336
75.06414307140741
75.16624357577572
75.26827755103679
75.37024218228814
75.47213461646433
75.57395196502748
75.67569130670731
75.77734969028765
75.87892413743597
75.9804116455725
76.08180919077503
76.1831137307158
76.28432220762781
76.3854315512983
76.48643868208816
76.58734051397548
76.68813395762058
76.78881592345064
76.88938332476093
76.98983308082947
77.09016212004255
77.19036738302836
77.29044582579704
77.39039442288524
77.49021017050379
77.58989008968635
77.68943122943628
77.7888306698687
77.88808552534428
77.98719294759096
78.08615012880884
78.18495430475342
78.28360275779208
78.38209281992964
78.48042187579846
78.57858736560921
78.6765867880582
78.77441770318727
78.8720777351924
78.96956457517796
79.06687598385348
79.16400979417084
79.26096391389977
79.3577363281397
79.45432510176498
79.55072838180193
79.64694439973594
79.74297147374772
79.8388080108774
79.93445250911599
80.02990355942335
80.12515984767218
80.22022015651622
80.31508336718046
80.40974846117113
80.50421452190334
80.59848073624345
80.69254639596237
80.78641089909512
80.88007375120263
80.97353456653171
81.06679306906902
81.15984909348627
81.25270258597469
81.34535360496737
81.437802321749
81.53004902095175
81.62209410093713
81.71393807406444
81.80558156684661
81.897025319995
81.98827018835458
82.07931714073207
82.1701672596199
82.26082174081863
82.35128189296073
82.44154913693784
82.53162500523318
82.62151114116091
82.71120929801282
82.80072133811268
82.8900492317789
82.97919505619586
83.06816099419427
83.15694933293992
83.24556246253064
83.3340028745016
83.42227316023866
83.51037600929953
83.59831420764226
83.68609063575991
83.77370826672086
83.86117016411345
83.94847947989547
84.03563945214944
84.12265340274462
84.2095247349074
84.29625693070216
84.38285354842367
84.46931821990313
84.55565464773031
84.64186660239454
84.72795791934755
84.81393249599148
84.89979428859488
84.98554730913918
85.07119562209868
85.15674334115613
85.24219462585654
85.32755367820187
85.41282473918898
85.49801208529277
85.58312002489629
85.66815289467002
85.75311505590366
85.83801089079338
85.92284479868772
86.00762119229557
86.09234449385985
86.17701913129997
86.26164953432624
86.34624013052996
86.43079534145295
86.51531957864063
86.5998172396836
86.68429270425224
86.7687503301297
86.85319444924846
86.93762936373503
87.02205934196661
87.10648861464392
87.19092137088377
87.27536175433501
87.35981385932236
87.44428172702386
87.5287693416882
87.61328062689871
87.69781944189016
87.78238957792395
87.86699475472666
87.9516386169969
88.03632473098493
88.12105658114912
88.20583756689247
88.29067099938233
88.37556009845595
88.46050798961461
88.5455177011087
88.6305921611163
88.71573419501853
88.80094652277354
88.88623175639238
88.97159239751888
89.05703083511595
89.14254934326074
89.2281500790507
89.31383508062153
89.39960626527854
89.48546542774388
89.57141423852205
89.65745424238675
89.74358685699077
89.82981337160085
89.91613494595903
90.00255260927351
90.08906725934072
90.17567966179935
90.26239044951639
90.34920012210479
90.43610904557137
90.52311745209433
90.61022543992932
90.69743297344316
90.78473988327268
90.87214586660629
90.9596504875848
91.04725317781823
91.13495323701513
91.22274983372041
91.31064200615778
91.39862866317289
91.48670858527466
91.57488042577167
91.66314271200089
91.75149384664702
91.83993210915199
91.92845565721419
92.0170625283769
92.10575064170635
92.19451779956094
92.28336168945205
92.37227988599685
92.46126985296306
92.55032894540582
92.63945441189665
92.72864339684432
92.81789294290766
92.90719999349986
92.9965613953839
93.08597390135859
93.17543417303378
93.26493878369357
93.35448422124492
93.4440668912496
93.53368312003695
93.62332915789503
93.7130011823372
93.80269530144054
93.89240755725203
93.98213392925803
94.07187033791266
94.16161264822088
94.25135667337148
94.34109817841457
94.43083288397784
94.52055647001626
94.61026457959125
94.69995282267521
94.78961677997737
94.87925200678697
94.96885403683089
95.05841838614211
95.14794055693622
95.23741604149271
95.32684032603677
95.41620889461663
95.50551723297158
95.59476083238624
95.68393519352517
95.7730358302421
95.86205827335905
95.95099807441207
96.03985080936039
96.12861208225596
96.21727752886889
96.30584282026419
96.39430366632533
96.48265581922105
96.57089507681148
96.65901728599094
96.74701834596458
96.8348942114557
96.92264089584141
97.01025447421482
97.09773108637334
97.18506693973238
97.27225831216428
97.35930155476312
97.44619309453576
97.53292943701994
97.61950716883148
97.70592296014176
97.79217356708789
97.8782558341159
97.96416669625835
98.04990318134712
98.13546241216379
98.22084160852903
98.30603808933203
98.39104927450028
98.47587268690943
98.5605059542335
98.64494681073477
98.7291930989923
98.81324277156732
98.89709389260331
98.98074463935784
99.06419330366184
99.1474382933017
99.2304781333193
99.31331146722657
99.39593705813222
99.47835378977759
99.56056066747935
99.64255681897616
99.72434149517635
99.80591407080423
99.8872740449422
99.9684210414669
100.04935480937688
100.13007522300897
100.21058228214137
100.29087611198217
100.3709569630435
100.45082521090232
100.53048135584952
100.60992602242929
100.68915995887112
100.76818403641578
100.84699924853821
100.9256067100702
101.0040076562256
101.08220344153044
101.1601955386596
101.23798553718171
101.31557514221396
101.39296617298879
101.47016056133515
101.54716035007579
101.62396769134301
101.70058484481336
101.77701417586155
101.85325815363404
101.92931934904328
102.0052004326829
102.0809041726655
102.15643343238418
102.23179116820012
102.30698042705961
102.38200434404331
102.45686613985066
102.53156911822299
102.60611666330811
102.68051223696904
102.75475937603977
102.8288616895316
102.90282285579332
102.97664661962818
103.05033678936962
103.12389723391681
103.19733187973105
103.27064470779413
103.34383975052896
103.41692108868284
103.48989284817281
103.56275919689318
103.63552434148716
103.70819252408484
103.78076801901028
103.85325512946036
103.92565818415738
103.99798153397734
104.07022954855478
104.14240661286448
104.21451712377979
104.28656548660825
104.35855611160565
104.43049341047112
104.50238179282559
104.57422566267672
104.6460294148738
104.71779743155531
104.78953407859234
104.86124370203089
104.93293062453671
105.00459914184552
105.07625351922167
105.14789798792873
105.21953674171544
105.29117393331961
105.36281367099303
105.43446001505055
105.50611697444589
105.57778850337748
105.64947849792777
105.72119079273985
105.79292915773495
105.86469729487563
105.93649883497797
106.008337334577
106.08021627284934
106.15213904859759
106.22410897730101
106.29612928823629
106.36820312167227
106.44033352614186
106.51252345579401
106.58477576782907
106.65709322002051
106.7294784683257
106.80193406458734
106.87446245432712
106.94706597463376
107.01974685214778
107.09250720114433
107.16534902171618
107.23827419805828
107.31128449685589
107.38438156577907
107.45756693208541
107.53084200133306
107.60420805620534
107.67766625544944
107.75121763293039
107.82486309680276
107.898603428801
107.9724392836484
108.04637118858348
108.12039954300299
108.19452461822091
108.26874655734214
108.3430653752509
108.41748095871465
108.49199306660326
108.56660133022326
108.64130525376738
108.7161042148792
108.79099746533355
108.86598413183329
108.94106321692307
109.01623360002027
109.09149403856323
109.16684316927656
109.24227950955397
109.31780145895796
109.39340730083593
109.46909520405173
109.54486322483167
109.62070930872399
109.69663129266912
109.77262690717926
109.8486937786259
109.92482943163449
110.0010312915849
110.07729668721649
110.15362285333751
110.23000693363744
110.30644598360172
110.38293697352785
110.4594767916411
110.53606224730842
110.61269007434882
110.68935693443822
110.76605942060732
110.84279406083053
110.91955732170433
110.9963456122126
111.07315528757564
111.14998265317897
111.22682396857667
111.303675451565
111.38053328231999
111.45739360759305
111.5342525449582
111.61110618710447
111.68795060616671
111.76478185808739
111.84159598700032
111.91838902962806
111.99515701968434
112.07189599227272
112.14860198827304
112.22527105870697
112.30189926907403
112.37848270365052
112.45501746974364
112.53149970189358
112.6079255660164
112.68429126348164
112.76059303511951
112.8368271651527
112.91298998504882
112.9890778772901
113.06508727905722
113.14101468582507
113.21685665486697
113.2926098086642
113.36827083821808
113.44383650626227
113.51930365037205
113.59466918596851
113.66993010921485
113.74508349980178
113.82012652361922
113.89505643531183
113.96987058071622
114.04456639917723
114.11914142574071
114.19359329321966
114.26791973413091
114.34211858250043
114.41618777553558
114.49012535516292
114.56392946943046
114.63759837377265
114.71113043213732
114.78452411797365
114.85777801507969
114.93089081830907
115.00386133413598
115.07668848107834
115.14937128997836
115.2219089041398
115.29430057932164
115.36654568358902
115.43864369702258
115.51059421128944
115.58239692907942
115.65405166341007
115.72555833680575
115.79691698035627
115.86812773266091
115.93919083866204
116.01010664837234
116.08087561549881
116.15149829596713
116.22197534634982
116.29230752220177
116.3624956763068
116.43254075683863
116.50244380543926
116.57220595521811
116.64182842867568
116.7113125355555
116.78065967062751
116.84987131140575
116.9189490158037
116.98789441972984
117.05670923462627
117.12539524495365
117.19395430562541
117.2623883393944
117.33069933419539
117.39888934044642
117.46696046831208
117.53491488493101
117.60275481161044
117.67048252099049
117.738100334181
117.80561061787238
117.87301578142204
117.9403182739171
118.00752058121383
118.0746252229544
118.14163474956125
118.20855173921085
118.27537879478926
118.34211854083149
118.40877362044601
118.47534669222726
118.54184042715984
118.60825750551736
118.6746006137589
118.74087244142548
118.807075678038
118.87321300999814
118.93928711749344
119.00530067140879
119.07125633024667
119.13715673705882
119.20300451639262
119.26880227125513
119.33455258009666
119.40025799381634
119.46592103279191
119.5315441839375
119.59712989779347
119.66268058565264
119.72819861672734
119.79368631536192
119.85914595829615
119.92457977198433
119.98998992997485
120.05537855035482
120.12074769326432
120.18609935848485
120.25143548310552
120.31675793927036
120.38206853200995
120.44736899715951
120.51266099936447
120.57794613017461
120.64322590622783
120.70850176752401
120.77377507578933
120.83904711293064
120.90431907958009
120.96959209372972
121.03486718945635
121.10014531573677
121.16542733535346
121.23071402389189
121.29600606883048
121.36130406872428
121.42660853248435
121.49191987875497
121.55723843539067
121.62256443903493
121.68789803480263
121.7532392760686
121.81858812436485
121.88394444938842
121.94930802912188
122.01467855006877
122.08005560760591
122.14543870645412
122.21082726126826
122.27622059734654
122.34161795145792
122.40701847278672
122.47242122399223
122.53782518238097
122.60322924118782
122.66863221096287
122.73403282106176
122.79942972123649
122.86482148332368
122.93020660302602
122.9955835017829
123.06095052872615
123.12630596271686
123.19164801445856
123.25697482868168
123.32228448639398
123.38757500719237
123.45284435163126
123.51809042364437
123.58331107301774
123.648504097912
123.71366724743177
123.7787982242404
123.84389468721861
123.90895425416602
123.9739745045447
124.03895298226395
124.1038871985062
124.16877463459356
124.2336127448947
124.29839895977229
124.36313068857136
124.42780532265
124.4924202384533
124.55697280063079
124.62146036519654
124.68588028273156
124.75022990162724
124.81450657136863
124.87870764585672
124.94283048676915
125.0068724669592
125.07083097389183
125.13470341311508
125.1984872117646
125.26217982209882
125.32577872506035
125.38928143385921
125.45268549757328
125.51598850476172
125.5791880870877
125.64228192294685
125.70526774109659
125.7681433242815
125.83090651284921
125.8935552083516
125.95608737712611
126.01850105385314
126.08079434508512
126.14296543274294
126.2050125775752
126.26693412257522
126.32872849635011
126.39039421643692
126.45192989256124
126.5133342298334
126.57460603187612
126.6357442038774
126.6967477555627
126.75761580407926
126.81834757678531
126.878942413936
126.93939977125832
126.99971922240788
127.05990046130047
127.11994330431163
127.17984769233875
127.23961369272128
127.29924150101466
127.35873144261315
127.41808397421609
127.47729968513262
127.53637929842024
127.5953236718524
127.65413379871065
127.71281080839664
127.77135596685947
127.82977067683306
127.88805647787798
127.94621504622366
128.0042481944071
128.06215787070326
128.11994615834286
128.17761527451515
128.2351675691531
128.2926055234989
128.34993174844877
128.4071489826754
128.46426009052735
128.5212680597057
128.57817599872035
128.63498713412721
128.69170480754875
128.74833247248037
128.80487369088522
128.86133212958035
128.9177115564186
128.9740158362711
129.03024892681609
129.08641487413948
129.14251780815303
129.19856193783644
129.2545515463112
129.3104909857531
129.36638467214974
129.42223707991118
129.4780527363412
129.53383621597564
129.58959213479662
129.64532514433134
129.7010399256458
129.7567411832445
129.81243363888782
129.8681220253392
129.9238110800534
129.9795055388188
130.03521012936497
130.09092956494695
130.14666853791883
130.20243171331052
130.25822372242138
130.31404915644364
130.3699125601277
130.42581842550194
130.48177118566085
130.5377752086337
130.59383479134684
130.64995415369165
130.7061374327093
130.76238867690293
130.81871184068612
130.8751107789772
130.9315892419477
130.9881508699339
131.04479918851897
131.10153760379424
131.15836939780527
131.21529772418924
131.27232560400878
131.32945592178638
131.38669142174356
131.44403470424893
131.50148822247755
131.55905427928454
131.6167350242945
131.67453245120763
131.73244839532256
131.79048453127646
131.84864237100172
131.9069232619004
131.9653283852363
132.02385875474354
132.08251521545097
132.14129844271886
132.20020894148573
132.25924704572142
132.31841291808317
132.37770654977
132.43712776057058
132.4966761990984
132.5563513432094
132.61615250059756
132.67607880956578
132.73612923996873
132.796302594325
132.85659750909466
132.91701245612015
132.97754574422814
133.03819552099074
133.0989597746441
133.1598363361634
133.2208228814923
133.28191693392458
133.34311586663583
133.40441690536275
133.46581713122853
133.52731348371108
133.58890276374987
133.65058163698532
133.71234663712553
133.77419416943454
133.83612051433593
133.89812183112477
133.96019416178197
134.02233343488606
134.08453546961633
134.14679597984164
134.20911057828962
134.27147478079124
134.3338840105961
134.39633360275425
134.45881880855987
134.52133480005264
134.5838766745725
134.64643945936328
134.70901811622153
134.77160754618527
134.83420259425785
134.896798054161
134.95938867311125
135.02196915661366
135.08453417326692
135.14707835957293
135.2095963247447
135.27208265550613
135.33453192087669
135.39693867693396
135.45929747154688
135.52160284907146
135.58384935500126
135.64603154056536
135.70814396726578
135.7701812113468
135.83213786819024
135.89400855663203
135.95578792319603
136.01747064624342
136.07905144003658
136.14052505871624
136.20188630019234
136.26313000994892
136.32425108476437
136.3852444763492
136.4461051949028
136.50682831259192
136.5674089669532
136.62784236422172
136.68812378258522
136.7482485753625
136.80821217410394
136.86801009161255
136.92763792488464
136.98709135796767
137.0463661647349
137.10545821157658
137.1643634600056
137.2230779691758
137.2815978983105
137.33991950904027
137.39803916764725
137.455953347214
137.51365862967435
137.57115170776336
137.6284293868643
137.68548858674984
137.74232634321442
137.79893980959395
137.85532625817035
137.9114830814578
137.96740779336704
138.02309803024394
138.0785515517784
138.13376624178176
138.18874010883013
138.24347128677113
138.29795803509313
138.35219873915634
138.40619191028458
138.45993618571669
138.51343032841572
138.5666732267345
138.6196638939361
138.67240146756802
138.7248852086895
138.77711450095097
138.8290888495257
138.88080787989333
138.9322713364765
138.98347908113118
139.03443109149197
139.08512745917363
139.13556838782978
139.18575419107077
139.23568529024368
139.28536221207645
139.3347855861893
139.38395614247696
139.43287470836566
139.48154220594955
139.52995964901282
139.57812813994377
139.6260488665484
139.67372309877095
139.72115218532798
139.7683375502608
139.8152806894122
139.86198316683175
139.90844661111618
139.95467271169008
140.00066321503272
140.04641992085607
140.09194467823926
140.13723938172456
140.18230596738016
140.22714640883413
140.27176271328284
140.3161569174776
140.36033108369173
140.4042872956706
140.44802765456865
140.49155427487807
140.5348692803547
140.57797479994696
140.62087296373278
140.66356589887044
140.70605572556764
140.74834455307263
140.79043447569182
140.83232756883802
140.87402588511367
140.9155314504339
140.9568462601939
140.99797227548578
141.03891141936919
141.07966557320168
141.12023657303274
141.16062620606561
141.20083620719055
141.24086825559215
141.28072397143382
141.32040491262313
141.35991257166205
141.39924837258528
141.4384136679902
141.4774097361616
141.51623777829414
141.55489891581547
141.59339418781238
141.6317245485615
141.66989086516665
141.70789391530425
141.74573438507642
141.78341286697164
141.8209298579333
141.8582857575365
141.89548086627443
141.93251538395512
141.96938940820897
142.0061029331088
142.04265584790497
142.07904793587718
142.11527887330467
142.15134822855694
142.18725546130636
142.2229999218629
142.25858085063138
142.29399737769168
142.3292485225028
142.36433319373
142.39925018919544
142.43399819595234
142.46857579048097
142.50298143900423
142.53721349792104
142.57127021435568
142.6051497268219
142.63885006600222
142.67236915564277
142.7057048135645
142.73885475279
142.77181658278747
142.80458781083271
142.8371658434891
142.86954798820435
142.90173145502163
142.93371335840143
142.96549071915106
142.99706046645716
143.02841944001707
143.05956439226512
143.09049199069014
143.12119882024186
143.15168138582104
143.18193611484745
143.21195935989877
143.24174740141407
143.2712964504548
143.30060265151738
143.32966208539202
143.35847077206145
143.3870246736357
143.41531969731923
143.4433516984076
143.47111648331057
143.49860981259818
143.5258274040681
143.55276493583338
143.5794180494303
143.60578235294648
143.63185342416833
143.6576268137475
143.683098048385
143.70826263403197
143.73311605910604
143.75765379772307
143.78187131294467
143.8057640600429
143.82932748978297
143.85255705172577
143.8754481975508
143.89799638440118
143.9201970782514
143.94204575729887
143.96353791537936
143.98466906540685
144.00543474283737
144.02583050915533
144.0458519553803
144.06549470559312
144.0847544204793
144.10362680088784
144.12210759140422
144.1401925839356
144.15787762130677
144.17515860086465
144.1920314780888
144.2084922702053
144.22453705980016
144.2401619984279
144.2553633102124
144.27013729543606
144.28448033411362
144.2983888895449
144.31185951184105
144.32488884142052
144.33747361246972
144.34961065636392
144.36129690504234
144.3725293943326
144.38330526721964
144.39362177705428
144.40347629069723
144.4128662915937
144.4217893827727
144.4302432897646
144.43822586343052
144.44573508269676
144.45276905718882
144.45932602975907
144.46540437890442
144.47100262107168
144.4761194128471
144.48075355302606
144.48490398455718
144.48856979635528
144.4917502249762
144.4944446561465
144.496652626141
144.49837382300032
144.49960808758058
144.50035541442847
144.50061595247533
144.50039000554446
144.49967803266625
144.49848064819687
144.49679862173846
144.49463287786037
144.49198449562076
144.4888547078879
144.4852449004616
144.4811566109975
144.4765915277376
144.47155148805112
144.46603847679037
144.4600546244683
144.4536022052637
144.44668363486042
144.43930146812752
144.43145839664706
144.42315724609765
144.41440097350122
144.40519266433992
144.39553552954933
144.3854329023939
144.3748882352286
144.3639050961515
144.35248716555
144.34063823254294
144.3283621913197
144.3156630373767
144.30254486365132
144.28901185655266
144.27506829188852
144.26071853068734
144.24596701491433
144.2308182630808
144.21527686574646
144.19934748091455
144.1830348293221
144.16634368962733
144.14927889349693
144.13184532059464
144.11404789347048
144.09589157235237
144.07738134984143
144.05852224551327
144.03931930042805
144.01977757155342
143.9999021261048
143.97969803580796
143.95917037108975
143.93832419520314
143.91716455829433
143.8956964914197
143.8739250005209
143.85185506036817
143.82949160848136
143.8068395390386
143.78390369678243
143.76068887093254
143.7371997891147
143.713441111316
143.68941742387767
143.66513323353627
143.64059296152357
143.61580093773307
143.5907613949597
143.5654784632203
143.53995616416285
143.5141984055748
143.48820897600024
143.46199153947634
143.43554963040094
143.4088866485397
143.38200585417985
143.35491036343706
143.32760314372103
143.30008700936537
143.27236461742382
143.2444384636351
143.21631087855667
143.18798402386687
143.15945988883482
143.13074028695564
143.10182685275004
143.07272103872583
143.04342411250036
143.01393715408176
142.98426105330645
142.954396507429
142.92434401886112
142.89410389305635
142.86367623653928
142.8330609550767
142.80225775198983
142.77126612660754
142.74008537286068
142.7087145780181
142.67715262156594
142.6453981742318
142.61344969715697
142.5813054412206
142.5489634465191
142.51642154200613
142.48367734529847
142.45072826265505
142.4175714891362
142.38420400895302
142.35062259601455
142.31682381468056
142.2828040207263
142.24855936252413
142.2140857824453
142.17937901848302
142.14443460609652
142.1092478802749
142.0738139778183
142.03812783983255
142.00218421443208
141.96597765964577
141.92950254651953
141.8927530624095
141.85572321446068
141.81840683326493
141.78079757669173
141.74288893388425
141.70467422941428
141.6661466275883
141.627299136897
141.58812461460033
141.54861577144092
141.50876517647984
141.46856526204837
141.42800832881048
141.38708655093055
141.34579198134256
141.3041165571186
141.26205210493558
141.21959034663936
141.17672290490586
141.13344130899858
141.08973700062322
141.04560133987772
141.001025611298
140.95600102999785
140.91051874790216
140.8645698600712
140.8181454111145
140.77123640169108
140.72383379509208
140.67592852389973
140.62751149671723
140.5785736049631
140.5291057297231
140.47909874865329
140.42854354292874
140.37743100423197
140.32575204177417
140.27349758934335
140.22065861237226
140.16722611501856
140.11319114725003
140.05854481192793
140.00327827188195
139.94738275697043
139.8908495711191
139.83367009933156
139.77583581466396
139.7173382851573
139.65816918072036
139.59832027995694
139.53778347693114
139.47655078786565
139.41461435776623
139.3519664669669
139.28859953759033
139.22450613991722
139.1596789986589
139.09411099912478
139.02779519327584
138.96072480565505
138.8928932391862
138.82429408083277
138.75492110710712
138.6847682894225
138.6138297992805
138.54210001328698
138.46957351798807
138.39624511451694
138.3221098230411
138.24716288700023
138.17139977712594
138.09481619523484
138.01740807778805
137.93917159921097
137.86010317496874
137.78019946439366
137.69945737326037
137.61787405610534
137.53544691828682
137.45217361778163
137.36805206671596
137.28308043262786
137.19725713945962
137.11058086827978
137.02305055773417
136.93466540422736
136.84542486183403
136.75532864193923
136.66437671260672
136.5725692976743
136.4799068755753
136.38639017788472
136.2920201875873
136.19679813706563
136.1007255058069
136.00380401782837
135.90603563882343
135.8074225730316
135.7079672598366
135.60767237009856
135.50654080222677
135.40457567800107
135.3017803381504
135.19815833769897
135.09371344109107
134.98844961710577
134.88237103357167
134.77548205189171
134.6677872213875
134.5592912734717
134.44999911565768
134.33991582541356
134.22904664386684
134.1173969693647
134.00497235089657
133.89177848138448
133.77782119084569
133.6631064394318
133.5476403103493
133.43142900266676
133.31447882401577
133.19679618319347
133.07838758267704
132.9592596110605
132.83941893542615
132.71887229366203
132.59762648673646
132.47568837094119
132.35306485011407
132.22976286785016
132.10578939970995
131.98115144543115
131.85585602115137
131.72991015164942
131.6033208626143
131.4760951729509
131.3482400871308
131.21976258759744
131.090669627235
130.96096812191126
130.83066494310378
130.6997669106181
130.5682807854064
130.43621326249456
130.30357096402622
130.17036043243252
130.0365881237368
129.90226040100265
129.76738352793325
129.6319636626289
129.4960068515079
129.3595190233956
129.22250598378707
129.08497340928955
128.94692684225072
128.80837168557912
128.66931319776188
128.52975648808422
128.3897065120533
128.24916806702822
128.10814578805832
127.9666441439307
127.82466743342763
127.68221978179395
127.53930513741523
127.39592726870931
127.25208976123234
127.10779601500131
126.96304924203444
126.81785246410924
126.67220851073692
126.52612001735189
126.37958942371436
126.23261897252483
126.08521070824791
125.93736647614433
125.78908792150854
125.6403764891097
125.49123342283404
125.34165976552593
125.19165635902537
125.0412238444013
124.89036266238074
124.73907305397401
124.58735506129617
124.43520852858407
124.28263310340796
124.12962823807501
123.97619319122222
123.8223270295949
123.66802863000711
123.51329668148068
123.35812968755883
123.20252596879058
123.04648366538103
122.89000074000305
122.73307498076642
122.57570400433983
122.41788525922149
122.25961602915467
122.10089343668501
121.94171444685658
121.78207587104403
121.62197437091864
121.46140646254612
121.30036852061399
121.1388567827865
120.97686735418593
120.81439621199736
120.65143921019462
120.48799208438443
120.32405045676497
120.1596098411945
119.9946656483656
119.82921319108205
119.66324768963553
119.49676427727964
119.32975800579841
119.1622238511664
118.994156719297
118.82555145187501
118.65640283226986
118.48670559152612
118.3164544144285
118.14564394563905
117.97426879590381
117.80232354832634
117.62980276470427
117.45670099192552
117.28301276842018
117.10873263066338
116.9338551197248
116.75837478786019
116.58228620514029
116.40558396611294
116.2282626964938
116.05031705988044
115.87174176448336
115.69253156986694
115.51268129369377
115.33218581846465
115.1510400982476
114.96923916538962
114.78677813720371
114.60365222262367
114.41985672881837
114.23538706775803
114.05023876272473
113.8644074547605
113.67788890904482
113.49067902119388
113.30277382347303
113.11416949091429
112.9248623473317
112.73484887122643
112.54412570157402
112.35268964348487
112.16053767372901
111.9676669461169
111.77407479672834
111.5797587489823
111.3847165185413
111.18894601804314
110.99244536165341
110.7952128694316
110.59724707150386
110.39854671203571
110.19911075299811
109.99893837772086
109.79802899422772
109.59638223834794
109.3939979765993
109.19087630883782
108.98701757066944
108.78242233561834
108.57709141704653
108.37102586981963
108.16422699171484
107.95669632456863
107.74843565516245
107.53944701584659
107.32973268490208
107.11929518664125
106.90813729124808
106.69626201436019
106.48367261639521
106.27037260162479
106.05636571699927
105.8416559507258
105.62624753060163
105.41014492210445
105.19335282624036
104.97587617715033
104.75772013947676
104.53889010549153
104.31939169198733
104.09923073693494
103.8784132959097
103.65694563829152
103.43483424324324
103.21208579547238
102.98870718078113
102.76470548141047
102.54008797118387
102.31486211045772
102.08903554088543
101.8626160800013
101.63561171563047
101.40803060013046
101.17988104446975
100.95117151214855
100.72191061296847
100.49210709665805
100.26176984635991
100.03090787198617
99.79953030344983
99.56764638378102
99.33526546213851
99.10239698672646
98.86905049762524
98.63523561954489
98.40096205451002
98.1662395744838
97.93107801393816
97.69548726237744
97.4594772568224
97.22305797426301
96.98623942408844
96.74903164050235
96.51144467493074
96.27348858842922
96.0351734440969
95.79650929950557
95.55750619915258
95.3181741669468
95.07852319873753
94.83856325489542
94.59830425295429
94.35775606032173
94.11692848706589
93.8758312787864
93.63447410957765
93.39286657509156
93.15101818570663
92.90893835980974
92.66663641719738
92.42412157260294
92.18140292935489
91.93848947317106
91.69539006609405
91.4521134405731
91.20866819369786
90.96506278159023
90.7213055139602
90.47740454883075
90.23336788743762
89.98920336930945
89.74491866753368
89.50052128421402
89.25601854612495
89.01141760056856
88.76672541143847
88.52194875549509
88.277094218856
88.03216819370567
87.78717687522766
87.54212625876282
87.29702213719513
87.05187009856597
86.80667552391769
86.56144358536714
86.31617924440995
86.0708872504561
85.82557213959846
85.58023823361457
85.33488963919937
85.08953024742759
84.84416373344418
84.59879355638252
84.35342295950913
84.10805497059395
83.86269240250537
83.6173378540291
83.37199371090927
83.1266621471091
82.88134512628679
82.63604440348129
82.3907615270032
82.14549784052579
81.90025448537145
81.65503240298895
81.40983233761725
81.16465483913137
80.91950026606494
80.67436878880326
80.4292603929413
80.18417488280173
79.93911188510745
79.69407085280207
79.44905106901128
79.20405165113881
78.95907155509055
78.71410957962077
78.46916437079462
78.22423442656056
77.97931810142678
77.73441361123481
77.48951903802323
77.24463233497569
76.99975133144791
76.75487373806824
76.50999715190677
76.2651190617071
76.0202368531749
75.77534781431736
75.53044914082727
75.28553794150514
75.04061124371276
74.7956659988522
74.55069908786487
74.30570732674573
74.06068747206723
73.81563622650697
73.57055024437352
73.32542613712405
73.08026047886779
72.83504981184956
72.58979065190783
72.34447949390193
72.09911281710407
71.853687090552
71.6081987783578
71.36264434496847
71.11702026037351
70.87132300525461
70.62554907607289
70.3796949900888
70.13375729031007
69.88773255036266
69.64161737927974
69.39540842620487
69.14910238500555
68.90269599879308
68.65618606434474
68.40956943642503
68.16284303200227
67.91600383435711
67.66904889708034
67.42197534795767
67.17478039273934
66.92746131879179
66.68001549862791
66.43244039331196
66.18473355573539
65.93689263376015
65.68891537322688
65.44079962082569
65.19254332682758
64.94414454767448
64.69560144842583
64.44691230505887
64.19807550662026
63.94908955722692
63.69995307791478
63.450664808334146
63.20122360829068
62.951628459132074
62.70187846498131
62.45197285381746
62.20191097840434
61.95169231706724
61.701316474318006
61.4507831813295
61.20009229626085
60.949243804435426
60.69823781837353
60.44707457768153
60.195754448799285
59.94427792460727
59.69264562389498
59.44085829069173
59.188916793461665
58.9368221241648
58.68457539718572
58.43217784813164
58.17963083250169
57.926935824229474
57.67409441410126
57.421108308052055
57.16797932534189
56.91470939661514
56.66130056184579
56.40775496817213
56.15407486762421
55.90026261474775
55.64632066412798
55.392251567817134
55.13805797266934
54.88374261758633
54.62930833067826
54.37475802634349
54.12009470227149
53.865321436373094
53.61044138364274
53.35545777295708
53.10037390381454
52.845193143019955
52.58991892131887
52.33455472998621
52.07910411737337
51.82357068541754
51.56795808611739
51.31227001797934
51.056510222438796
50.80068248026041
50.54479060792156
50.288838453983125
50.032829895451336
49.77676883413446
49.52065919299761
49.264504912519584
49.00830994705521
48.752078261207515
48.49581382621321
48.239520616345004
47.98320260533407
47.72686376281617
47.47050805080456
47.21413942019259
46.957761807289465
46.70137913039283
46.44499528640184
46.18861414747422
45.93223955773063
45.67587533001042
45.41952524268295
45.16319303651899
44.90688241162617
44.65059702445252
44.39434048486147
44.138116353281546
43.88192813793434
43.62577929214446
43.36967321173485
43.11361323251061
42.857602627834474
42.60164460629745
42.345742309488124
42.089898809863946
41.83411710872759
41.5784001343119
41.322750739976534
41.0671717025191
40.81166572060346
40.556235413307206
40.30088331879023
40.04561189308589
39.79042350901631
39.53532045523286
39.28030493538273
39.02537906740184
38.77054488293464
38.51580432688075
38.26115925706818
38.006611444052105
37.75216257103863
37.49781423393255
37.24356794150747
36.98942511569634
36.735387092000586
36.48145512001584
36.2276303640718
35.973913903983444
35.72030673591085
35.46680977332538
35.21342384807939
34.96014971157682
34.70698803604161
34.45393941588009
34.20100436913328
33.94818333901487
33.69547669553126
33.442884737179476
33.1904076927186
32.938045723010624
32.68579892292616
32.43366732331032
32.181650893003734
31.929749540913946
31.67796311813214
31.42629142009048
31.174734188754655
30.92329111484622
30.671961840089093
30.420745959474484
30.169643023538296
29.918652540645176
29.667773979273555
29.417006770296233
29.166350309250838
28.91580395859463
28.665367049938585
28.415038886255832
28.16481874405999
27.91470587554902
27.664699510710747
27.41479885938621
27.16500311328717
26.915311447964157
26.665723024721682
26.41623699247746
26.16685248956254
25.917568645459806
25.668384582478502
25.419299417362488
25.170312262830272
24.921422229045284
24.672628425014867
24.423929959916652
24.175325944350934
23.92681549151789
23.678397718318536
23.43007174637856
23.181836702994246
22.933691721999992
22.685635944556935
22.437668519862793
22.189788605783374
21.941995369406296
21.69428798751758
21.446665647001844
21.199127545166895
20.951672889993795
20.70430090031399
20.45701080591535
20.20980184757902
19.962673277049152
19.715624356937685
19.468654360566365
19.221762571748357
18.974948284511626
18.72821080276664
18.48154943992121
18.234963518445536
17.988452369390696
17.74201533186385
17.495651752463584
17.2493609846788
17.00314238825475
16.756995328529932
16.510919175747667
16.264913304346585
16.01897709223413
15.773109920047224
15.527311170404335
15.281580227153231
15.035916474618476
14.790319296852774
14.544788076896225
14.299322196047541
14.05392103315124
13.80858396390475
13.563310360189176
13.318099589427444
13.07295101397332
12.827863990534846
12.582837869635677
12.337871995117561
12.09296570368705
11.84811832450945
11.603329178852865
11.358597579784961
11.113922831924986
10.869304231253412
10.62474106498134
10.380232611481704
10.135778140284076
9.891376912134547
9.647028179122003
9.402731184872124
9.158485164810314
8.914289346494654
8.670142950019791
8.426045188492598
8.181995268580291
7.937992391131418
7.694035751869884
7.45012454216208
7.206257949856962
6.96243516019875
6.718655356811736
6.474917722756449
6.231221441656249
5.98756569889316
5.743949682871626
5.500372586348684
5.256833607828882
5.013331953022075
4.769866836362063
4.526437482583879
4.28304312835739
4.039683023974743
3.7963564350890526
3.5530626445015296
3.309800953994194
3.066570686205159
2.8233711865433806
2.5802018251396572
2.3370619988305488
2.0939511331718164
1.8508686844778879
1.6078141418837923
1.364787029425957
1.1217869081382206
0.8788133781593767
0.6358660808485183
0.3929447009044263
0.15004896848521287
-0.09282133867557786
-0.33566639316021524
-0.5784863157691736
-0.8212811734384539
-1.064050977175593
-1.3067956800180902
-1.5495151750179401
-1.7922092932559328
-2.0348778018893214
-2.2775204022364006
-2.5201367279014892
-2.7627263429437616
-3.005288740093286
-3.2478233390175415
-3.4903294846416086
-3.7328064455251453
-3.975253412299129
-4.21766949616523
-4.460053727460524
-4.702405054290145
-4.944722341230341
-5.187004368104311
-5.429249828833059
-5.671457330363333
-5.913625391674616
-6.155752442866986
-6.3978368243316375
-6.639876786005705
-6.881870486712924
-7.123815993591554
-7.365711281610863
-7.6075542331773525
-7.849342637831732
-8.09107419203746
-8.332746499061587
-8.574357068948439
-8.81590331858649
-9.057382571868576
-9.298792059945438
-9.540128921572416
-9.781390203549163
-10.0225728612521
-10.263673759259305
-10.504689672067357
-10.745617284899595
-10.986453194605078
-11.227193910647403
-11.467835856182434
-11.708375369223877
-11.948808703895484
-12.189132031768784
-12.42934144328513
-12.669432949260814
-12.909402482473745
-13.149245899330161
-13.388958981609925
-13.628537438288754
-13.867976907435642
-14.107272958183524
-14.346421092771319
-14.585416748655486
-14.824255300689142
-15.062932063366715
-15.301442293132068
-15.539781190747972
-15.777943903724818
-16.015925528806505
-16.25372111451142
-16.49132566372633
-16.728734136350813
-16.965941451989966
-17.202942492692802
-17.439732105733814
-17.676305106435112
-17.912656281026617
-18.148780389541876
-18.384672168747038
-18.620326335100337
-18.85573758773962
-19.09090061149528
-19.32581007992591
-19.56046065837371
-19.79484700703672
-20.028963784054877
-20.262805648606996
-20.4963672640158
-20.729643300858196
-20.962628440077776
-21.195317376096526
-21.42770481992305
-21.65978550225428
-21.89155417656748
-22.123005622199443
-22.354134647409424
-22.584936092422385
-22.81540483244918
-23.04553578068054
-23.27532389125189
-23.504764162175736
-23.73385163823851
-23.962581413858537
-24.190948635901854
-24.41894850645243
-24.64657628553376
-24.873827293778923
-25.100696915046164
-25.327180598977346
-25.55327386349654
-25.77897229724635
-26.004271561959907
-26.22916739476656
-26.453655610429532
-26.67773210351382
-26.901392850483035
-27.124633911724146
-27.347451433498833
-27.569841649820347
-27.79180088425511
-28.013325551648283
-28.234412159772777
-28.455057310901115
-28.675257703299426
-28.89501013264331
-29.114311493355192
-29.333158779862835
-29.551549087778888
-29.76947961500145
-29.98694766273571
-30.20395063643671
-30.420486046673837
-30.63655150991736
-30.85214474924741
-31.06726359498573
-31.281905985250614
-31.496069966435623
-31.709753693612708
-31.92295543086048
-32.13567355151862
-32.347906538369344
-32.559652983746915
-32.770911589576414
-32.9816811673429
-33.191960637991585
-33.401749031759536
-33.611045487939734
-33.819849254578614
-34.028159688107976
-34.23597625291218
-34.4432985208314
-34.650126170602014
-34.85645898723546
-35.062296861336755
-35.2676397883637
-35.4724878678283
-35.67684130244174
-35.880700397204116
-36.0840655584393
-36.286937292775
-36.48931620606839
-36.69120300227711
-36.892598482275496
-37.09350354261547
-37.29391917423228
-37.49384646109521
-37.69328657880408
-37.89224079313186
-38.09071045851408
-38.28869701648517
-38.48620199406167
-38.68322700207199
-38.879773733432444
-39.07584396136906
-39.27143953758434
-39.466562390368665
-39.661214522655825
-39.85539801002267
-40.04911499863255
-40.242367703122625
-40.43515840443462
-40.627489447588175
-40.81936323939601
-41.010782246120414
-41.20174899107156
-41.39226605214811
-41.582336059320376
-41.77196169205593
-41.96114567668747
-42.1498907837231
-42.33819982509937
-42.526075651377774
-42.71352114888516
-42.9005392367991
-43.087132864179985
-43.27330500695201
-43.45905866483549
-43.644396858232774
-43.82932262507007
-44.01383901759761
-44.19794909915101
-44.38165594087594
-44.56496261841824
-44.747872208581285
-44.93038778595236
-45.11251241950073
-45.29424916914998
-45.4756010823282
-45.65657119049946
-45.83716250567967
-46.0173780169401
-46.19722068690233
-46.37669344822821
-46.555799200108495
-46.73454080475365
-46.912921083890765
-47.090942815270424
-47.268608729187534
-47.445921505020706
-47.622883767794704
-47.79949808477046
-47.975766962067624
-48.15169284132425
-48.327278096398075
-48.502525030113496
-48.677435871057945
-48.85201277043151
-49.026257798953246
-49.20017294382833
-49.3737601057804
-49.54702109615388
-49.719957634090825
-49.89257134378689
-50.06486375183058
-50.236836284630066
-50.408490265931526
-50.57982691443251
-50.7508473414937
-50.921552548951944
-51.091943427036846
-51.262020752393674
-51.431785186215414
-51.60123727248665
-51.770377436341754
-51.93920598254018
-52.107723094061065
-52.27592883081948
-52.443823128505954
-52.6114057975511
-52.778676522216955
-52.94563485981624
-53.11228024006087
-53.27861196454094
-53.44462920633444
-53.610331009748194
-53.775716290190445
-53.940783834174994
-54.10553229945688
-54.269960215298994
-54.43406598286916
-54.5978478757676
-54.76130404068468
-54.92443249818845
-55.087231143641276
-55.249697748244586
-55.411829960210895
-55.57362530606176
-55.73508119205067
-55.89619490570962
-56.056963617518
-56.217384382693105
-56.377454143101524
-56.53716972929082
-56.696527862640586
-56.855525157632236
-57.01415812423668
-57.17242317041897
-57.330316604758345
-57.487834639182076
-57.644973391811256
-57.80172888991596
-57.95809707297739
-58.11407379585436
-58.26965483205155
-58.424835877087084
-58.57961255195685
-58.73398040669279
-58.887934924012065
-59.04147152305391
-59.194585563200555
-59.34727234797831
-59.499527129034426
-59.65134511018565
-59.80272145153416
-59.95365127364634
-60.10412966178976
-60.25415167022361
-60.403712326537786
-60.55280663603655
-60.701429586162234
-60.84957615095492
-60.99724129554379
-61.14441998066626
-61.29110716721043
-61.43729782077649
-61.58298691625218
-61.728169442397345
-61.87284040643259
-62.01699483862647
-62.1606277968762
-62.303734371276605
-62.446309688672486
-62.588348917189066
-62.72984727073474
-62.870800013470316
-63.011202464238906
-63.15105000095046
-63.29033806491542
-63.42906216512209
-63.567217882452425
-63.70480087383076
-63.841806876299685
-63.978231711017074
-64.11407128716841
-64.24932160578815
-64.3839787634842
-64.51803895605933
-64.6514984820228
-64.78435374598523
-64.91660126193032
-65.04823765635699
-65.17925967128575
-65.30966416712464
-65.43944812539
-65.56860865127787
-65.6971429760819
-65.82504845945475
-65.95232259151037
-66.07896299476572
-66.20496742592029
-66.33033377747249
-66.45506007917201
-66.5791444993071
-66.70258534582597
-66.8253810672915
-66.94753025366838
-67.06903163694248
-67.18988409157309
-67.31008663477853
-67.42963842665635
-67.5485387701389
-67.66678711078565
-67.78438303641427
-67.90132627657236
-68.0176167018518
-68.13325432304735
-68.24823929016166
-68.36257189125762
-68.47625255115996
-68.58928183000715
-68.70166042165486
-68.81338915193247
-68.9244689767546
-69.03490098008966
-69.14468637178753
-69.25382648526885
-69.3623227750786
-69.47017681430712
-69.57739029188166
-69.68396500973198
-69.78990287983332
-69.89520592112943
-69.999876256339
-70.10391610864927
-70.20732779830142
-70.3101137390721
-70.41227643465571
-70.51381847495189
-70.61474253226355
-70.7150513574113
-70.81474777576919
-70.91383468322748
-71.01231504208793
-71.11019187689736
-71.20746827022445
-71.3041473583854
-71.40023232712268
-71.49572640724124
-71.59063287020716
-71.68495502371296
-71.77869620721457
-71.87185978744468
-71.96444915390678
-72.05646771435441
-72.1479188902599
-72.23880611227683
-72.32913281570005
-72.4189024359275
-72.50811840392826
-72.5967841417215
-72.68490305787189
-72.7724785430065
-72.85951396535857
-72.946012666344
-73.03197795617608
-73.1174131095239
-73.20232136121977
-73.28670590202101
-73.37056987443053
-73.45391636858174
-73.53674841819246
-73.61906899659265
-73.70088101283123
-73.78218730786715
-73.86299065084948
-73.94329373549134
-74.023099176542
-74.10240950636238
-74.18122717160803
-74.25955453002358
-74.337393847352
-74.41474729436219
-74.49161694399798
-74.56800476865168
-74.64391263756464
-74.71934231435851
-74.79429545469951
-74.86877360409845
-74.94277819584975
-75.01631054911267
-75.08937186713824
-75.1619632356457
-75.2340856213521
-75.3057398706582
-75.37692670849371
-75.44764673732418
-75.5179004363212
-75.5876881606968
-75.6570101412024
-75.7258664837921
-75.79425716944984
-75.86218205417985
-75.92964086915985
-75.99663322105634
-76.06315859250189
-76.12921634273293
-76.19480570838668
-76.25992580445579
-76.32457562539894
-76.38875404640525
-76.45245982481053
-76.51569160166314
-76.5784479034376
-76.6407271438931
-76.70252762607315
-76.76384754444284
-76.82468498715905
-76.88503793846967
-76.94490428123736
-77.0042817995831
-77.06316818164446
-77.12156102244334
-77.17945782685744
-77.2368560126893
-77.29375291382705
-77.35014578349096
-77.40603179756026
-77.46140805797477
-77.51627159620709
-77.57061937680162
-77.6244483009762
-77.67775521028277
-77.73053689032308
-77.78279007451549
-77.83451144790835
-77.88569765103527
-77.93634528380657
-77.98645090943164
-78.03601105836667
-78.0850222322827
-78.13348090804884
-78.18138354172486
-78.22872657255714
-78.2755064269716
-78.32171952255753
-78.36736227203691
-78.41243108721476
-78.45692238290626
-78.50083258083741
-78.54415811351559
-78.58689542806717
-78.62904099003974
-78.67059128716646
-78.71154283308913
-78.75189217103757
-78.79163587746193
-78.83077056561471
-78.86929288908043
-78.90719954524995
-78.94448727873639
-78.98115288472972
-79.01719321228852
-79.05260516756725
-79.08738571697874
-79.12153189029122
-79.15504078365954
-79.18790956259117
-79.22013546484793
-79.25171580328394
-79.28264796862031
-79.31292943215685
-79.34255774842124
-79.37153055775575
-79.3998455888423
-79.42750066116712
-79.45449368742577
-79.4808226758701
-79.50648573259916
-79.53148106379597
-79.55580697791201
-79.5794618878014
-79.60244431280607
-79.62475288079388
-79.64638633015151
-79.6673435117347
-79.68762339077755
-79.70722504876294
-79.72614768525686
-79.74439061970854
-79.76195329321767
-79.77883527026988
-79.79503624044075
-79.81055602006931
-79.82539455390138
-79.83955191670343
-79.85302831484732
-79.8658240878663
-79.87793970998239
-79.88937579160499
-79.90013308080067
-79.91021246473262
-79.91961497106688
-79.92834176934166
-79.93639417229637
-79.94377363715628
-79.95048176686865
-79.9565203112858
-79.96189116828944
-79.96659638484928
-79.9706381580086
-79.97401883578894
-79.97674091800539
-79.97880705698358
-79.98022005816975
-79.9809828806257
-79.98109863740095
-79.98057059577482
-79.97940217736291
-79.97759695808239
-79.97515866797042
-79.97209119085008
-79.96839856383863
-79.96408497669384
-79.95915477099405
-79.95361243914775
-79.9474626232284
-79.94071011363124
-79.93335984754995
-79.92541690727197
-79.91688651829136
-79.9077740472392
-79.8980849996324
-79.88782501744302
-79.87699987648935
-79.86561548365049
-79.85367787390706
-79.84119320721143
-79.8281677651917
-79.81460794769455
-79.80052026917227
-79.78591135491982
-79.77078793716967
-79.75515685105168
-79.73902503042703
-79.72239950360509
-79.70528738895226
-79.68769589040178
-79.66963229287379
-79.65110395761397
-79.63211831746017
-79.6126828720459
-79.59280518294966
-79.57249286879872
-79.55175360033539
-79.5305950954536
-79.50902511421171
-79.48705145382601
-79.46468194364891
-79.44192444013495
-79.41878682179905
-79.39527698417058
-79.37140283474733
-79.34717228795253
-79.32259326009901
-79.29767366436468
-79.27242140578304
-79.2468443762514
-79.22095044955987
-79.19474747644361
-79.16824327966131
-79.14144564910217
-79.11436233692362
-79.08700105272183
-79.0593694587366
-79.03147516509264
-79.00332572508015
-78.97492863047765
-78.94629130692093
-78.91742110932128
-78.8883253173365
-78.85901113089804
-78.82948566579947
-78.79975594935061
-78.76982891610228
-78.73971140364691
-78.70941014850033
-78.6789317820708
-78.64828282672138
-78.6174696919326
-78.58649867057309
-78.55537593528621
-78.52410753499967
-78.49269939156514
-78.46115729653357
-78.42948690807091
-78.39769374801702
-78.36578319909098
-78.33376050224525
-78.30163075417148
-78.26939890496057
-78.23706975591917
-78.2046479575446
-78.17213800766059
-78.13954424971497
-78.10687087123917
-78.0741219024692
-78.04130121512732
-78.00841252136264
-77.97545937284976
-77.94244516004427
-77.90937311159395
-77.87624629390417
-77.84306761085624
-77.80983980367593
-77.77656545094943
-77.74324696878342
-77.7098866111062
-77.67648647010732
-77.643048476814
-77.60957440180199
-77.5760658560388
-77.54252429185716
-77.50895100405673
-77.47534713113181
-77.4417136566234
-77.40805141059265
-77.37436107121313
-77.34064316647938
-77.30689807602893
-77.27312603307497
-77.23932712644593
-77.2055013027282
-77.17164836850908
-77.13776799271763
-77.10385970906158
-77.0699229185583
-77.03595689215707
-77.00196077344982
-76.96793358146785
-76.93387421356216
-76.89978144836506
-76.8656539488302
-76.83149026534831
-76.79728883893553
-76.76304800449147
-76.72876599412406
-76.69444094053894
-76.66007088049095
-76.6256537582956
-76.59118742939849
-76.55666966400123
-76.52209815074072
-76.48747050041835
-76.4527842497762
-76.41803686531581
-76.38322574715541
-76.34834823292057
-76.3134016016643
-76.27838307781202
-76.24328983512738
-76.2081190006942
-76.17286765891085
-76.13753285549298
-76.10211160148027
-76.066600877243
-76.03099763648505
-75.99529881024047
-75.95950131086148
-75.92360203599573
-75.88759787255016
-75.85148570063929
-75.81526239751521
-75.77892484147709
-75.74246991575673
-75.70589451237664
-75.66919553597701
-75.63236990760801
-75.59541456848491
-75.55832648370337
-75.52110264591182
-75.48374007893837
-75.44623584136993
-75.40858703008168
-75.37079078371484
-75.33284428610138
-75.29474476963492
-75.25648951858739
-75.21807587237072
-75.17950122874254
-75.14076304695436
-75.10185885084047
-75.0627862318454
-75.02354285198783
-74.98412644675852
-74.94453482795052
-74.90476588642048
-74.86481759478033
-74.82468801001778
-74.78437527604484
-74.74387762617397
-74.70319338552093
-74.66232097333415
-74.62125890525004
-74.58000579547416
-74.53856035888742
-74.4969214130769
-74.45508788028991
-74.41305878930916
-74.37083327724622
-74.32841059124951
-74.28579009012333
-74.2429712458545
-74.19995364504223
-74.1567369902267
-74.11332110111289
-74.06970591568506
-74.0258914912082
-73.98187800511187
-73.93766575575273
-73.89325516305212
-73.84864676900463
-73.80384123805402
-73.75883935733236
-73.71364203675898
-73.66825030899633
-73.62266532926083
-73.57688837498699
-73.53092084534308
-73.48476426059688
-73.43842026133143
-73.3918906075113
-73.34517717740107
-73.29828196633764
-73.25120708535837
-73.20395475968758
-73.15652732708429
-73.10892723605525
-73.06115704393733
-73.01321941485412
-72.96511711755181
-72.91685302312021
-72.86843010260463
-72.81985142451413
-72.77112015223156
-72.72223954133119
-72.67321293680925
-72.62404377023324
-72.57473555681588
-72.52529189241892
-72.4757164504918
-72.42601297894913
-72.3761852969904
-72.32623729186486
-72.27617291558414
-72.225996181585
-72.17571116134326
-72.12532198093942
-72.07483281757624
-72.02424789604885
-71.97357148516784
-71.92280789413536
-71.87196146887499
-71.82103658831596
-71.77003766063302
-71.71896911944356
-71.66783541996466
-71.61664103513289
-71.56539045169023
-71.51408816624047
-71.46273868128031
-71.41134650121074
-71.35991612833408
-71.30845205884287
-71.25695877880702
-71.20544076016522
-71.15390245672715
-71.10234830019242
-71.05078269619212
-70.99921002035914
-70.94763461443294
-70.89606078240438
-70.8444927867062
-70.79293484445445
-70.74139112374637
-70.68986574002103
-70.6383627524895
-70.5868861606413
-70.53543990083362
-70.48402784296893
-70.43265378726703
-70.38132146113814
-70.33003451616302
-70.27879652518622
-70.22761097952848
-70.17648128632429
-70.1254107659909
-70.074402649835
-70.02346007780345
-69.9725860963844
-69.92178365666386
-69.87105561254354
-69.82040471912528
-69.76983363126719
-69.71934490231574
-69.66894098301763
-69.61862422061442
-69.56839685812149
