5.512369206762376e-13
9.282182152117392e-12
7.833731313423361e-11
4.448345446903808e-10
1.924272194578398e-09
6.802011684912316e-09
2.0561235318234315e-08
5.4865076679818234e-08
1.3227295741627396e-07
2.9321745226893386e-07
6.057997199553038e-07
1.1789800736261457e-06
2.179746934288471e-06
3.854843450268317e-06
6.55761763849177e-06
1.0780540101756125e-05
1.7193904225611016e-05
2.6691188219732856e-05
4.044151734038819e-05
5.994961895176873e-05
8.712361353666605e-05
0.0001243509320787207
0.0001745825950849378
0.0002414260315242698
0.0003292465577043059
0.0004432775771265853
0.0005897395031416558
0.0007759673472165222
0.0010105468572392294
0.001303459032890338
0.0016662327890458674
0.002112105483744292
0.002656190974723127
0.003315654818150179
0.004109896175153691
0.005060735946280322
0.006192610611240662
0.0075327712113753475
0.009111486875304529
0.010962252254302153
0.013121998203136627
0.015631305014494556
0.01853461749069095
0.02188046111518765
0.025721658568496578
0.03011554581832629
0.03512418700231708
0.04081458731336609
0.04725890309232387
0.054534648330690744
0.0627248967867899
0.0719184789226689
0.0822101728756006
0.09370088868743079
0.10649784502705556
0.120714737655907
0.13647189890337255
0.15389644743846406
0.1731224276456691
0.19429093793664481
0.21755024735513348
0.2430558998600683
0.27097080570117144
0.30146531933229903
0.33471730334023664
0.3709121779004662
0.4102429553064858
0.4529102591554377
0.49912232780996874
0.5490950017942818
0.6030516948211238
0.6612233481858608
0.7238483683037066
0.7911725472064686
0.863448965855761
0.9409378801703733
1.0239065897062753
1.1126292889684886
1.2073869013746483
1.3084668959304278
1.4161630867169777
1.530775415330092
1.6526097164497953
1.781977466757439
1.9191955174550848
2.0645858106788615
2.2184750801340605
2.381194536314854
2.5530795367056855
2.7344692413944545
2.9257062545595973
3.127136252323983
3.339107597498164
3.561970941763836
3.7960788158753513
4.041785208482755
4.299445134204085
4.569414191597559
4.852048111705663
5.147702297863123
5.456731357479239
5.77948862652195
6.1163256874463805
6.467591881324406
6.833633814944104
7.214794863658735
7.611414670774149
8.023828644271209
8.452367451665932
8.897356513814724
9.359115498475216
9.83795781443494
10.334190107020193
10.84811175579617
11.380014375266684
11.930181319377413
12.498887190620993
13.08639735453511
13.692967460376282
14.318842968742446
14.964258686906406
15.629438312609993
16.314593987055247
17.0199258578143
17.745621652363823
18.491856262933155
19.258791343337222
20.04657491844668
20.855341006927972
21.685209257865097
22.536284601853282
23.408656917132276
24.302400711303534
25.217574819151537
26.154222117064876
27.11236925452718
28.09202640312202
29.0931870234692
30.115827650482913
31.15990769731451
32.2253692783151
33.312137051325266
34.42011807957064
35.549201713413396
36.699259492180744
37.87014506626255
39.06169413964088
40.27372443298535
41.50603566741873
42.758409569028146
44.03060989416835
45.32238247557481
46.63345528927519
47.96353854225944
49.31232478084016
50.67948901960662
52.06468889084826
53.4675648142958
54.88774018700141
56.32482159315239
57.778399033586794
59.24804617475408
60.73332061683837
62.23376418073721
63.74890321356466
65.27824891232396
66.82129766537284
68.37753141128266
69.94641801467193
71.52741165857364
73.119953252876
74.72347085835665
76.33738012581122
77.9610847497589
79.59397693619107
81.23543788381355
82.88483827821753
84.54153879839996
86.20489063504075
87.87423601993223
89.54890876594467
91.2282348169019
92.91153280672992
94.5981146272322
96.28728600383769
97.97834707865977
99.67059300019773
101.36331451900637
103.0557985886546
104.74732897129181
106.43718684713824
108.12465142721393
109.80900056861864
111.489511391675
113.16546089824814
114.83612659055629
116.50078708978842
118.15872275384945
119.80921629355677
121.45155338661718
123.08502328871859
124.7089194410772
126.32254007378717
127.92518880432826
129.51617523059517
131.09481551782116
132.66043297877863
134.21235864665127
135.74993183998444
137.27250071913258
138.77942283363436
140.2700656599603
141.74380712909064
143.2000361433962
144.63815308231128
146.05757029630408
147.45771258866543
148.83801768465318
150.19793668754673
151.53693452118213
152.85449035855558
154.1500980361014
155.4232664532686
156.6735199570388
157.9003987110485
159.10345904899813
160.2822738120486
161.43643266992567
162.56554242547108
163.6692273023992
164.74712921603722
165.79890802684722
166.82424177654875
167.8228269066809
168.79437845946117
169.73863026081867
170.65533508550024
171.54426480416836
172.40521051242771
173.23798264173578
174.04241105217247
174.81834510706412
175.5656537294768
176.28422544061218
176.9739683801582
177.63481030866282
178.2666985920185
178.86960016816406
179.44350149612896
179.98840848756194
180.50434642090394
180.99135983838354
181.44951242602937
181.87888687691392
182.27958473785756
182.65172623983776
182.99545011236282
183.31091338208475
183.59829115594115
183.85777638912882
184.08957963822363
184.29392879977544
184.4710688347196
184.62126147895842
184.74478494047943
184.84193358338834
184.91301759924576
184.9583626661075
184.9783095956778
184.97321396899596
184.9434457610847
184.8893889549971
184.81144114570483
184.71001313427732
184.5855285128076
184.4384232405474
184.26914521171884
184.0781538154766
183.8659194884975
183.63292326067867
183.37965629442746
183.1066194180306
182.81432265358998
182.50328474001353
182.1740326515504
181.82710111236005
181.4630321076023
181.08237439153308
180.68568299309058
180.27351871945356
179.84644765805191
179.4050406775062
178.94987292796995
178.4815233413452
178.00057413183535
177.50761029729583
177.00321912183935
176.4879896801484
175.96251234394308
175.42737829104894
174.88317901750278
174.33050585312762
173.7699494810025
173.20209946124496
172.62754375951826
172.04686828066687
171.46065640787523
170.86948854773604
170.27394168160717
169.6745889236268
169.07199908574518
168.46673625012096
167.85935934921946
167.25042175393997
166.64047087009027
166.03004774351604
165.41968667418206
164.8099148394902
164.2012519271073
163.59420977756446
162.98929203687914
162.38699381943871
161.78780138137023
161.19219180460806
160.60063269185758
160.01358187264378
159.431487120623
158.85478588232587
158.28390501748646
157.71926055110026
157.16125743734284
156.61028933546737
156.0667383977862
155.53097506982778
155.00335790274818
154.4842333780635
153.97393574475774
153.47278686880674
152.9810960951482
152.49916012211526
152.02726288833975
151.56567547211927
151.11465600323123
150.6744495871656
150.24528824173564
149.82739084601604
149.42096310154744
149.02619750573393
148.6432733373494
148.27235665405732
147.91360030183677
147.56714393619694
147.23311405505177
146.91162404311552
146.60277422766984
146.30665194554325
146.02333162113445
145.75287485529992
145.4953305249182
145.25073489293544
145.01911172868944
144.80047243830012
144.59481620490777
144.40213013853207
144.2223894353187
144.05555754593382
143.9015863528595
143.76041635633482
143.63197686868187
143.51618621675078
143.41295195221272
143.32217106942647
143.2437302305995
143.1775059979613
143.12336507266235
143.08116454010855
143.05075212143714
143.03196643083714
143.02463723841373
143.02858573829343
143.04362482166465
143.06955935444643
143.10618645927633
143.15329580150654
143.21066987889498
143.27808431467696
143.35530815370242
143.44210416132336
143.53822912471782
143.64343415633897
143.75746499917835
143.8800623335357
144.01096208498842
144.14989573325596
144.29659062165632
144.45077026685425
144.6121546686026
144.78046061918207
144.95540201224657
145.13669015078466
145.32403405390932
145.51714076219451
145.71571564128163
145.91946268348335
146.12808480711743
146.34128415330912
146.55876238000684
146.78022095296097
147.00536143342134
147.2338857623152
147.4654965406733
147.69989730607864
147.93679280491784
148.17588926022205
148.41689463489098
148.65951889010222
148.90347423871373
149.14847539347403
149.39423980986209
149.64048792338696
149.88694338118495
150.13333326776052
150.37938832472292
150.62484316437786
150.86943647704157
151.11291123195207
151.35501487166
151.59549949978947
151.83412206206737
152.0706445205281
152.30483402080955
152.53646305246235
152.76530960220344
152.99115730005093
153.21379555828418
153.43301970318095
153.6486310994904
153.86043726760778
154.0682519934233
154.27189543082528
154.47119419684492
154.66598145943527
154.85609701788468
155.0413873758717
155.22170580717494
155.39691241405836
155.56687417836002
155.7314650053193
155.89056576018316
156.04406429763964
156.1918554841332
156.33384121312298
156.46993041335037
156.60003905019
156.7240901201638
156.8420136387038
156.9537466212551
157.05923305781567
157.1584238810138
157.25127692783013
157.33775689507462
157.41783528873094
157.49149036728733
157.5587070791758
157.61947699444437
157.67379823079142
157.7216753740948
157.7631193935709
157.79814755170406
157.82678330908885
157.84905622433286
157.8650018491715
157.87466161895105
157.8780827386375
157.875318064512
157.86642598171449
157.85147027779868
157.8305200124658
157.80364938364556
157.77093759009682
157.73246869070277
157.68833146063645
157.63861924457234
157.58342980712138
157.52286518066654
157.4570315107763
157.3860388993731
157.31000124583448
157.22903608620578
157.14326443070314
157.05281059968394
156.9578020582615
156.8583692497412
156.754645428056
156.64676648938035
156.53487080309884
156.41909904230562
156.29959401400976
156.17650048921752
156.04996503306057
155.92013583513773
155.7871625402368
155.6511960796011
155.51238850290252
155.3708928110796
155.22686279019518
155.08045284646556
154.9318178426127
154.78111293568764
154.62849341651082
154.47411455087132
154.31813142262428
154.16069877882188
154.0019708770106
153.8421013348248
153.6812429820023
153.5195477149437
153.35716635393516
153.1942485031489
153.0309424135326
152.867394848694
152.70375095388323
152.540154128172
152.3767458999235
152.21366580564342
152.05105127229746
151.88903750317564
151.72775736738032
151.56734129301145
151.40791716411792
151.24961022147892
151.09254296727414
150.9368350736982
150.78260329556957
150.62996138698037
150.4790200220287
150.32988671967024
150.18266577272044
150.03745818103272
149.8943615888748
149.75347022652142
149.61487485607728
149.47866272154016
149.3449175031074
149.21371927572324
149.08514447186081
148.95926584852788
148.83615245848074
148.7158696256284
148.5984789246034
148.48403816447131
148.3726013765459
148.2642188062726
148.1589369091401
148.05679835057646
147.95784200978215
147.8621029874501
147.76961261731964
147.68039848150926
147.594484429568
147.51189060118287
147.43263345247607
147.35672578582245
147.28417678311445
147.21499204239927
147.14917361780914
147.08672006270336
147.02762647593778
146.9718845511748
146.91948262914508
146.87040575276848
146.82463572504076
146.78215116959092
146.74292759381188
146.7069374544663
146.67415022566712
146.64453246913178
146.61804790660614
146.59465749435327
146.57431949960124
146.55698957884266
146.54262085787883
146.5311640135006
146.52256735669818
146.51677691729384
146.5137365298886
146.51338792101438
146.5156707973834
146.52052293512708
146.52788026991703
146.5376769878606
146.5498456170654
146.56431711976717
146.5810209849172
146.59988532112612
146.62083694986308
146.6438014988093
146.6687034952667
146.69546645952158
146.72401299806478
146.75426489657042
146.78614321253684
146.81956836749458
146.85446023868843
146.89073825014265
146.9283214630206
146.96712866519255
147.0070784599281
147.04808935363275
147.09007984254907
147.13296849834518
147.17667405251376
147.22111547950925
147.2662120785539
147.31188355404646
147.35805009451036
147.40463245002292
147.45155200806806
147.49873086775705
147.54609191236358
147.5935588801239
147.6410564332536
147.68851022513553
147.7358469656353
147.782994484502
147.82988179281364
147.87643914242807
147.92259808340526
147.9682915193668
148.01345376076114
148.0580205760047
148.10192924047277
148.14511858331633
148.187529032084
148.22910265513104
148.2697832018011
148.30951614036866
148.34824869373318
148.38592987285682
148.42251050793988
148.45794327733
148.4921827341629
148.5251853307338
148.55690944060228
148.58731537843659
148.61636541760453
148.64402380552173
148.6702567767697
148.6950325639968
148.71832140661598
148.74009555731544
148.76032928639887
148.77899888397513
148.79608266001827
148.81156094232023
148.82541607236084
148.8376323991219
148.8481962708724
148.85709602495325
148.86432197559083
148.8698663997697
148.87372352119718
148.87588949239438
148.87636237495116
148.87514211798424
148.87223053484075
148.86763127809098
148.86134981285608
148.8533933885173
148.84377100885393
148.8324934006577
148.81957298087417
148.80502382232308
148.78886161805158
148.77110364437445
148.75176872265607
148.73087717989088
148.7084508081381
148.68451282286688
148.65908782026682
148.63220173357936
148.60388178850454
148.57415645773895
148.543055414703
148.51060948651426
148.47685060626546
148.44181176466523
148.40552696110072
148.3680311541804
148.32936021181368
148.28955086088527
148.24864063658188
148.20666783142943
148.16367144409733
148.11969112802822
148.07476713995166
148.02894028834126
147.98225188187408
147.93474367794957
147.8864578313243
147.837436842916
147.78772350882846
147.73736086964723
147.68639216005468
147.63486075881215
147.58281013915544
147.5302838196507
147.47732531555621
147.42397809073455
147.37028551015752
147.3162907930454
147.26203696667986
147.20756682092806
147.15292286351556
147.09814727608378
147.04328187106776
146.98836804942826
146.9334467592718
146.87855845539153
146.82374305976046
146.76903992300655
146.71448778689742
146.66012474786126
146.6059882215708
146.55211490861612
146.49854076129068
146.44530095151495
146.39242983991917
146.3399609461068
146.28792692011908
146.2363595151202
146.18528956132096
146.13474694115726
146.08476056573855
146.03535835257995
145.98656720463137
145.93841299061378
145.89092052667084
145.84411355934404
145.79801474987804
145.75264565986154
145.70802673820836
145.6641773094822
145.62111556356777
145.5788585466893
145.5374221537758
145.4968211221723
145.4570690266959
145.41817827603418
145.38016011048344
145.34302460102177
145.3067806497094
145.27143599140882
145.2369971968141
145.20346967677565
145.17085768790494
145.13916433944215
145.10839160137076
145.0785403137601
145.0496101973155
145.0215998651137
144.9945068355004
144.96832754612697
144.9430573691017
144.91869062722927
144.89522061131098
144.87263959847624
144.85093887151416
144.83010873917252
144.81013855739175
144.7910167514414
144.77273083892558
144.7552674536237
144.73861237013128
144.72275052926537
144.70766606419855
144.69334232728536
144.6797619175434
144.66690670875144
144.65475787812628
144.64329593554024
144.63250075324052
144.62235159603213
144.61282715188648
144.60390556293694
144.5955644568219
144.5877809783349
144.58053182134225
144.57379326092817
144.56754118572874
144.56175113041516
144.5563983082857
144.55145764392594
144.54690380589707
144.54271123941388
144.5388541989726
144.5353067808899
144.53204295571348
144.52903660046607
144.52626153068493
144.52369153221846
144.52130039274428
144.51906193297353
144.5169500375073
144.5149386853109
144.51300197977164
144.51111417830865
144.5092497215044
144.50738326172998
144.50548969123614
144.5035441696837
144.50152215108668
144.49939941014284
144.49715206792646
144.49475661691898
144.49218994535343
144.4894293608484
144.4864526133072
144.4832379170605
144.47976397223036
144.4760099852936
144.47195568882492
144.46758136040174
144.46286784065435
144.45779655044592
144.4523495071683
144.44650934014274
144.440259305115
144.4335832978368
144.4264658667271
144.41889222460853
144.410848259515
144.40232054456808
144.39329634691947
144.38376363575824
144.37371108938262
144.3631281013384
144.3520047856255
144.3403319809759
144.3281012542068
144.3153049026544
144.30193595569338
144.2879881753511
144.27345605602525
144.2583348233168
144.24262043199045
144.22630956307583
144.20939962012247
144.19188872462203
144.17377571061323
144.1550601184861
144.13574218800298
144.11582285055354
144.095303720663
144.07418708677395
144.05247590132265
144.03017377013182
144.00728494114176
143.983814292503
143.959767320054
143.93515012420679
143.90996939626305
143.884232404183
143.85794697783038
143.8311214937162
143.80376485926334
143.7758864966136
143.7474963259988
143.71860474869712
143.68922262959612
143.6593612793836
143.62903243638564
143.59824824807245
143.56702125225277
143.53536435797994
143.50329082619285
143.47081425011564
143.43794853544094
143.40470788032204
143.37110675520003
143.33715988249074
143.30288221615447
143.26828892117092
143.23339535294068
143.1982170366347
143.1627696465138
143.12706898523984
143.09113096319962
143.05497157786104
143.01860689318042
142.98205301907834
142.94532609100216
142.9084422495927
142.87141762047114
142.83426829416194
142.79701030616766
142.7596596172124
142.72223209367044
142.6847434881967
142.64720942057752
142.60964535882104
142.57206660050488
142.5344882543997
142.49692522238652
142.4593921816876
142.4219035674288
142.38447355555073
142.3471160460853
142.30984464681444
142.27267265732632
142.23561305348505
142.19867847233024
142.16188119742185
142.1252331446466
142.08874584850207
142.0524304488755
142.01629767833253
141.98035784993078
141.9446208455721
141.9090961049061
141.8737926147968
141.8387188993646
141.80388301061532
141.76929251966806
141.7349545085939
141.7008755628757
141.6670617644976
141.63351868567145
141.6002513832069
141.56726439353258
141.5345617283748
141.5021468710985
141.47002277371223
141.4381918545388
141.40665599655006
141.37541654636505
141.3444743139073
141.31382957271558
141.2834820608989
141.25343098272674
141.22367501084364
141.19421228909664
141.16504043596228
141.1361565485597
141.10755720723523
141.0792384807039
141.05119593173208
141.0234246233449
140.99591912554274
140.96867352251093
140.94168142030662
140.9149359550056
140.8884298012913
140.86215518146946
140.83610387489034
140.81026722776028
140.78463616332556
140.7592011924114
140.73395242429888
140.7088795779223
140.6839719933712
140.65921864368056
140.6346081468937
140.6101287783829
140.58576848341386
140.5615148899401
140.53735532161318
140.51327681099565
140.48926611296292
140.46530971827974
140.44139386733855
140.41750456404816
140.39362758986158
140.3697485179323
140.34585272738855
140.32192541771565
140.29795162323524
140.2739162276722
140.24980397879824
140.22559950314064
140.20128732074443
140.17685185997254
140.15227747232632
140.12754844726612
140.10264902701203
140.07756342130313
140.0522758220926
140.0267704181557
140.00103140958788
139.97504302217192
139.94878952159195
139.92225522747333
139.89542452722876
139.86828188969125
139.84081187851515
139.8129991653262
139.7848285426031
139.75628493627468
139.7273534180177
139.69801921724147
139.66826773274656
139.63808454404725
139.60745542234812
139.57636634116724
139.54480348659976
139.51275326721847
139.4802023236085
139.44713753753385
139.41354604073476
139.37941522335458
139.34473274199556
139.30948652740287
139.27366479177678
139.23725603571253
139.20024905476723
139.1626329456537
139.12439711206045
139.08553127009733
139.04602545336613
139.00587001765277
138.96505564523838
138.92357334882465
138.88141447507016
138.83857070773453
138.79503407042873
138.7507969289713
138.70585199335162
138.6601923193027
138.61381130948845
138.56670271430946
138.5188606323329
138.47027951035145
138.42095414307752
138.37087967247837
138.32005158675904
138.2684657190018
138.2161182454715
138.16300568359654
138.10912488963456
138.05447305603238
137.99904770848875
137.9428467027295
137.88586822100373
137.82811076831067
137.76957316836692
137.71025455932372
137.65015438924283
137.58927241133992
137.52760867900483
137.46516354060904
137.40193763410807
137.3379318814453
137.2731474827636
137.20758591043096
137.14124890288696
137.07413845831712
137.0062568281615
136.93760651046324
136.8681902430631
136.79801099664593
136.72707196764514
136.65537657101055
136.58292843284318
136.50973138290288
136.43578944699294
136.36110683922556
136.28568795417226
136.2095373589038
136.13265978492535
136.05506012001382
135.97674339996382
135.89771480025064
135.81797962761942
135.73754331161166
135.65641139604162
135.5745895304371
135.49208346146014
135.40889902432326
135.32504213421606
135.2405187777576
135.15533500448913
135.06949691842027
134.98301066964035
134.8958824460064
134.8081184649174
134.7197249651844
134.63070819900412
134.54107442404478
134.45082989565134
134.35998085917657
134.2685335424449
134.1764941483553
134.0838688476295
133.99066377171295
133.8968850058348
133.80253858223483
133.70763047356405
133.612166586466
133.5161527553451
133.41959473632988
133.3224982014395
133.22486873296228
133.12671181805402
133.02803284356335
132.92883709109154
132.82912973229352
132.72891582442642
132.62820030614878
132.52698799357157
132.42528357656036
132.3230916152875
132.2204165370313
132.11726263322046
132.01363405672217
131.90953481937086
131.80496878973523
131.6999396911207
131.59445109980484
131.48850644350264
131.3821090000578
131.27526189635537
131.16796810745237
131.06023045592215
130.95205161140862
130.8434340903854
130.734380256116
130.6248923188115
130.5149723359813
130.4046222129738
130.29384370370317
130.18263841155718
130.07100779048247
129.95895314624377
129.84647563785373
129.73357627916906
129.62025594064838
129.5065153512659
129.3923551005744
129.2777756409104
129.16277728973571
129.0473602321106
128.93152452329323
128.81527009146126
128.69859674055184
128.58150415321714
128.4639918938913
128.346059411964
128.22770604505558
128.10893102238663
127.9897334682346
127.8701124054685
127.75006675915576
127.62959536023608
127.50869694925815
127.3873701801755
127.2656136241974
127.14342577368963
127.02080504611956
126.89774978804076
126.77425827911043
126.65032873613245
126.52595931711949
126.40114812536751
126.27589321353514
126.15019258771952
126.02404421152062
125.89744601008556
125.77039587412503
125.64289166389494
125.51493121313592
125.38651233296457
125.25763281571074
125.12829043869533
124.99848296794437
124.86820816183604
124.73746377467796
124.60624756021286
124.47455727505142
124.342390682031
124.20974555349925
124.07661967452212
123.94301084601521
123.80891688779683
123.67433564156066
123.53926497376595
123.4037027784427
123.26764697991017
123.1310955354072
122.99404643763431
122.85649771720624
122.7184474450139
122.57989373449469
122.44083474380976
122.30126867792647
122.16119379060477
122.02060838628721
121.87951082189349
121.73789950852071
121.59577291304956
121.4531295596573
121.3099680312383
121.16628697073222
121.02208508235944
120.8773611327633
120.73211395205882
120.58634243478863
120.44004554078649
120.29322229594865
120.14587179291422
119.99799319165444
119.8495857199716
119.70064867390826
119.55118141806813
119.4011833858493
119.25065407959138
119.0995930706376
118.94799999931315
118.79587457482235
118.64321657506657
118.490025846385
118.3363023032211
118.18204592771765
118.02725676924236
117.87193494384583
117.71608063365268
117.55969408618735
117.4027756136364
117.24532559204927
117.08734446048102
116.92883272007937
116.76979093311895
116.6102197219853
116.4501197681115
116.28949181086938
116.12833664641647
115.96665512650026
115.80444815722166
115.64171669776016
115.47846175906301
115.3146844025012
115.15038573849444
114.98556692510618
114.82022916661009
114.65437371202819
114.48800185364013
114.32111492546318
114.1537143017037
113.985801395181
113.81737765572478
113.64844456854706
113.4790036525897
113.30905645884927
113.13860456868035
112.9676495920775
112.79619316593748
112.62423695230363
112.45178263659425
112.27883192581673
112.10538654677059
111.9314482442416
111.75701877919009
111.58209992693575
111.40669347534156
111.23080122299886
111.05442497741517
110.87756655320656
110.70022777029799
110.52241045213353
110.34411642389844
110.16534751075338
109.98610553608265
109.80639231975763
109.62620967641638
109.44555941376066
109.26444333087196
109.08286321654819
108.90082084766382
108.71831798755514
108.53535638443341
108.35193776982865
108.16806385706607
107.98373633977863
107.79895689045807
107.61372715904625
107.42804877156836
107.24192332881024
107.05535240504129
106.86833754678527
106.68088027164028
106.49298206714845
106.30464438971582
106.11586866358267
105.92665627984606
105.73700859553618
105.5469269327482
105.35641257783085
105.165466780633
104.97409075381007
104.78228567219152
104.5900526722104
104.39739285139582
104.20430726792915
104.0107969402643
103.81686284681143
103.62250592568375
103.42772707450752
103.23252715029605
103.0369069693885
102.84086730745298
102.64440889955404
102.44753244028357
102.25023858395525
102.05252794486216
101.85440109759713
101.65585857743599
101.45690088078493
101.25752846569299
101.0577417524298
100.85754112412882
100.65692692749586
100.4558994735829
100.25445903862634
100.05260586494931
99.85034016192843
99.64766210702474
99.44457184687859
99.24106949846656
99.03715515031841
98.83282886379105
98.62809067439638
98.42294059317975
98.21737860814584
98.01140468572838
97.80501877230071
97.59822079572447
97.39101066693362
97.18338828155069
96.97535352153179
96.76690625683679
96.558046347121
96.34877364344615
96.13908799000794
95.92898922587821
95.71847718675926
95.50755170674879
95.2962126201148
95.08445976307812
94.87229297560029
94.65971210317534
94.44671699862347
94.23330752388513
94.01948355181396
93.80524496796825
93.59059167239975
93.37552358143837
93.160040629471
92.94414277071208
92.72782998096245
92.51110225935356
92.29395963007421
92.07640214407805
91.85842988077054
91.64004294967408
91.421241492069
91.2020256826083
90.9823957309033
90.76235188307811
90.54189442329056
90.32102367521708
90.09974000349797
89.87804381513962
89.65593556087066
89.43341573644994
89.2104848839245
88.98714359283491
88.76339250136567
88.5392322974372
88.31466371973721
88.08968755868858
87.86430465735208
87.63851591226359
87.41232227420487
87.18572474890713
86.95872439768645
86.73132233800986
86.5035197439909
86.27531784681359
86.04671793508457
85.81772135511555
85.58832951113679
85.35854386544217
85.12836593846627
84.89779730879427
84.66683961310586
84.43549454605379
84.20376386007676
83.971649365147
83.7391529284528
83.50627647401635
83.273021982247
83.03939148942973
82.80538708714894
82.57101092164808
82.33626519312637
82.10115215497447
81.8656741129503
81.62983342429723
81.39363249680778
81.1570737878358
80.92015980326065
80.68289309640696
80.445276266923
80.20731195961993
79.9690028632739
79.73035170939387
79.49136127095836
79.25203436112373
79.01237383190575
78.77238257283592
78.53206350959387
78.2914196026169
78.05045384568895
77.80916926451029
77.56756891524925
77.32565588307695
77.08343328068601
76.84090424679347
76.59807194462735
76.35493956039716
76.11151030174847
75.8677873962016
75.62377408957434
75.37947364438799
75.13488933825624
74.89002446225595
74.64488231927885
74.39946622236425
74.1537794930124
73.90782545947877
73.66160745505016
73.41512881630325
73.16839288134673
72.92140298804752
72.674162472242
72.42667466593325
72.17894289547534
71.93097047974668
71.68276072831405
71.43431693959006
71.18564239898602
70.93674037706272
70.68761412768127
70.43826688615535
70.18870186740604
69.93892226412065
69.6889312449171
69.43873195251608
69.18832750192306
68.93772097862248
68.68691543678577
68.43591389749363
68.1847193469741
67.93333473485765
67.6817629724512
67.43000693103303
67.17806944017113
66.92595328606726
66.67366120992924
66.42119590637262
66.16856002185264
65.915756153128
65.66278684575732
65.40965459262874
65.15636183252265
64.9029109487093
64.64930426758305
64.39554405733499
64.14163252666641
63.8875718235454
63.63336403400935
63.37901118101554
63.1245152233417
62.8698780545388
62.61510150193863
62.36018732571768
62.10513721801852
61.849952802129685
61.59463563172523
61.33918719016504
61.083608889856755
60.82790207168046
60.5720680044775
60.31610788460466
60.060022835555
59.80381390764643
59.54748207777891
59.291028249261046
59.034453251706736
58.77775784100253
58.520942699346385
58.2640084353585
58.00695558426491
57.74978460815458
57.49249589631062
57.23508976561589
56.97756646103243
56.71992615615413
56.462168953832176
56.20429488687334
55.946303918811154
55.68819594474972
55.429970792280116
55.17162822246853
54.91316793091503
54.654589548881724
54.395892644489074
54.13707672397906
53.87814123304404
53.61908555821996
53.35990902834201
53.10061091606108
52.84119043941925
52.58164676348238
52.32197900202797
52.06218621928704
51.8022674317385
51.542221609954225
51.282047680492866
51.02174452784046
50.76131099639641
50.500745892502685
50.24004798651398
49.97921601490727
49.718248682429554
49.457144664282644
49.195902608344305
48.934521137424795
48.67299885155809
48.41133433032657
48.14952613521787
47.887572812012266
47.625472893198676
47.36322490041694
47.10082734692424
46.83827874008353
46.57557758387191
46.31272238140691
46.049711637488095
45.786543861151024
45.52321756823023
45.25973128392793
44.99608354538469
44.73227290424859
44.468297929239554
44.20415720870545
43.93984935316604
43.67537299784084
43.41072680515725
43.14590946723512
42.88091970834375
42.61575628732742
42.35041799999549
42.084903681473286
41.81921220851006
41.553342501739614
41.28729352788916
41.021064301932526
40.7546538891841
40.48806140733079
40.22128602839972
39.95432698065916
39.687183550451024
39.41985508395343
39.15234098887144
38.88464073605386
38.616753861034546
38.348679965496366
38.08041871865621
37.81196985856932
37.543333193351515
37.27450860231792
37.00549603703678
36.73629552229707
36.46690715698841
36.19733111489185
35.927567645380606
35.657617074029645
35.38747980313291
35.11715631212706
34.84664715792015
34.57595297512383
34.30507447618751
34.03401245143365
33.76276776899345
33.491341374642545
33.219734291536426
32.94794761984518
32.67598253628695
32.40384029355984
32.13152221967216
31.85902971717071
31.586364262266596
31.313527403858995
31.04052076245717
30.76734602900138
30.494004963583485
30.220499394068444
29.94683121461779
29.673002384116476
29.399014924504602
29.12487091901599
28.850572510325946
28.57612189861078
28.301521339521795
28.026773142076646
27.751879666471435
27.47684332181711
27.20166656380379
26.92635189229656
26.65090184886659
26.37531901426154
26.099606005819187
25.823765474828253
25.547800103840377
25.271712603937218
24.995505711956795
24.719182187683103
24.442744811002925
24.16619637903379
23.889539703226983
23.612777606449367
23.335912920047697
23.058948480899183
22.781887128451963
22.504731701759205
22.227485036510533
21.95014996206442
21.672729298485425
21.39522585359026
21.117642420006604
20.839981772248535
20.5622466638126
20.284439824298484
20.00656395655818
19.7286217338775
19.45061579719364
19.172548752352462
18.894423167409194
18.61624156997626
18.338006444621787
18.059720230322373
17.781385317973633
17.503004047961856
17.224578707800106
16.946111529831825
16.66760468900482
16.389060300718338
16.11048041874596
15.831867033236858
15.553222068797902
15.27454738265906
14.995844762924428
14.717115926911127
14.438362519577955
14.15958611204552
13.880788200209455
13.60197020344812
13.32313346342612
13.044279242994847
12.76540872519115
12.486523012335125
12.207623125227995
11.928710002450952
11.649784499765712
11.370847389617419
11.091899360740491
10.812941017867779
10.533972881543283
10.254995388038486
9.9760088893722
9.69701365343359
9.418009864208033
9.138997622105409
8.859976944390375
8.580947765714042
8.301909938746425
8.02286323490895
7.743807345206154
7.464741881155557
7.185666375814522
6.906580284902724
6.627482988018712
6.3483737899489565
6.06925192206769
5.790116543825835
5.510966744327216
5.231801543990132
4.952619896292284
4.673420689596888
4.394202749057746
4.114964838601006
3.8357056629812694
3.556423869909675
3.277118052251462
2.997786750290396
2.718428454057328
2.4390416057200524
2.1596246020315686
1.8801757968338046
1.6006935036138257
1.3211759981094822
1.0416215209614135
0.7620282804082704
0.4823944550219781
0.20271819647983141
-0.07700236762982295
-0.35676913097158713
-0.6365840055999887
-0.9164489190727511
-1.1963658115436946
-1.4763366328386187
-1.7563633395175267
-2.0364478919265707
-2.316592251243095
-2.5967983765171554
-2.8770682217128942
-3.157403732753169
-3.437806844570783
-3.718279478169649
-3.998823537699222
-4.279440907545495
-4.560133449441874
-4.840902999603213
-5.12175136588626
-5.402680324979726
-5.683691619627183
-5.9647869558859705
-6.245968000425295
-6.527236377866553
-6.8085936681688795
-7.090041404062822
-7.371581068534971
-7.653214092366284
-7.9349418517267845
-8.216765665829259
-8.498686794644474
-8.780706436680443
-9.06282572682827
-9.345045734277035
-9.62736746050016
-9.909791837315588
-10.19231972502187
-10.474951910612143
-10.757689106067883
-11.04053194673423
-11.323480989778686
-11.606536712734707
-11.889699512131642
-12.172969702212272
-12.45634751373922
-12.73983309289152
-13.023426500252672
-13.307127709891224
-13.590936608534866
-13.874852994838811
-14.158876578749165
-14.443006980961949
-14.727243732478351
-15.011586274256668
-15.296033956961136
-15.5805860408077
-15.86524169550668
-16.150000000302228
-16.434859944108396
-16.71982042574152
-17.004880254248523
-17.29003814933056
-17.575292741861166
-17.860642574497838
-18.14608610238586
-18.431621693953126
-18.71724763179474
-19.002962113646003
-19.288763253442593
-19.57464908246669
-19.860617550577842
-20.1466665275274
-20.432793804355242
-20.71899709486749
-21.005274037193832
-21.291622195422807
-21.57803906131318
-21.86452205607944
-22.15106853224942
-22.43767577559209
-22.72434100711326
-23.011061385116626
-23.29783400732786
-23.584655913079313
-23.871524085552732
-24.158435454077406
-24.445386896481253
-24.73237524149222
-25.019397271187458
-25.30644972348775
-25.59352929469468
-25.880632642067685
-26.16775638643826
-26.45489711485893
-26.742051383284483
-27.029215719282654
-27.316386624771432
-27.603560578779902
-27.890734040229543
-28.177903450733023
-28.46506523740743
-28.752215815698918
-29.03935159221581
-29.32646896756708
-29.61356433920327
-29.900634104256827
-30.1876746623791
-30.474682418570783
-30.761653786002775
-31.048585188824354
-31.335473064955558
-31.62231386886078
-31.90910407430054
-32.19584017705851
-32.48251869764094
-32.76913618394592
-33.05568921390001
-33.342174398060465
-33.62858838218084
-33.914927849737964
-34.20118952441807
-34.487370172559814
-34.773466605552095
-35.059475682184335
-35.34539431094691
-35.6312194522793
-35.91694812076411
-36.202577387264675
-36.48810438100437
-36.77352629158574
-37.058840370947706
-37.34404393525884
-37.62913436674472
-37.91410911544756
-38.19896570091646
-38.48370171382686
-38.76831481752748
-39.052802749513326
-39.337163322823194
-39.62139442736072
-39.90549403113767
-40.18946018143772
-40.47329100589895
-40.75698471351354
-41.04053959554262
-41.32395402634451
-41.607226464114106
-41.89035545153179
-42.17333961631995
-42.45617767170553
-42.73886841678696
-43.021410736804015
-43.30380360330999
-43.58604607424543
-43.86813729391266
-44.150076492849756
-44.43186298760312
-44.71349618039792
-44.994975558705754
-45.27630069470856
-45.55747124465798
-45.838486948130104
-46.11934762717581
-46.400053185367284
-46.68060360674113
-46.96099895463911
-47.241239370447346
-47.52132507223499
-47.801256353293894
-48.08103358058108
-48.36065719306541
-48.6401276999807
-48.91944567898728
-49.19861177424432
-49.47762669439536
-49.75649121046926
-50.035206153698574
-50.31377241325735
-50.592190933919916
-50.87046271364259
-51.148588801070034
-51.426570292969004
-51.704408331591864
-51.98210410197247
-52.25965882915635
-52.53707377536715
-52.81435023711104
-53.09148954222103
-53.3684930468426
-53.64536213236317
-53.92209820228748
-54.198702679061334
-54.47517700084625
-54.751522618248195
-55.02774099100355
-55.30383358462489
-55.5798018670095
-55.855647305013456
-56.13137136099397
-56.406975489322804
-56.68246113287415
-56.95782971949029
-57.23308265842866
-57.50822133679367
-57.78324711595684
-58.05816132796923
-58.332965271970124
-58.60766021059578
-58.88224736639257
-59.15672791823909
-59.431102997782155
-59.705373685891296
-59.97954100913609
-60.25360593629063
-60.527569374869536
-60.80143216769978
-61.07519508953278
-61.34885884370079
-61.622424058821835
-61.89589128555765
-62.169260993428864
-62.442533567691456
-62.71570930627878
-62.98878841681359
-63.26177101369423
-63.53465711525912
-63.80744664103368
-64.08013940906353
-64.35273513333784
-64.62523342130585
-64.89763377149019
-65.16993557119908
-65.44213809433883
-65.71424049932723
-65.9862418271077
-66.25814099926558
-66.52993681624818
-66.80162795569115
-67.0732129708534
-67.34469028916212
-67.61605821086837
-67.88731490781404
-68.15845842231013
-68.4294866661269
-68.7003974195949
-68.97118833081666
-69.24185691498863
-69.5124005538336
-69.7828164951442
-70.05310185243891
-70.32325360473126
-70.59326859641331
-70.86314353725479
-71.1328750025194
-71.40245943319948
-71.67189313636979
-71.94117228566175
-72.21029292185823
-72.47925095360823
-72.7480421582611
-73.01666218281933
-73.28510654500916
-73.55337063446858
-73.82144971405249
-74.08933892125417
-74.3570332697423
-74.62452765101209
-74.89181683614781
-75.15889547769477
-75.42575811163822
-75.69239915948701
-75.95881293045925
-76.22499362376713
-76.49093533099794
-76.75663203858794
-77.02207763038568
-77.28726589030093
-77.55219050503483
-77.81684506688741
-78.08122307663864
-78.34531794650017
-78.60912300313538
-78.87263149074516
-79.13583657421788
-79.3987313423417
-79.66130881107807
-79.92356192689357
-80.18548357014816
-80.44706655853673
-80.70830365058094
-80.96918754916936
-81.2297109051446
-81.48986632093687
-81.74964635424413
-82.00904352175922
-82.26805030294366
-82.52665914384721
-82.78486246097185
-83.04265264517875
-83.30002206563535
-83.55696307379952
-83.81346800743728
-84.06952919466966
-84.3251389580443
-84.58028961862743
-84.83497350011208
-85.08918293293988
-85.34291025843396
-85.59614783294099
-85.84888803197926
-86.10112325438861
-86.35284592647731
-86.6040485061613
-86.85472348709068
-87.10486340275845
-87.35446083058692
-87.60350839598682
-87.8519987763835
-88.09992470520292
-88.34727897581088
-88.59405444539807
-88.84024403880558
-89.08584075228585
-89.33083765719489
-89.57522790361266
-89.81900472388845
-90.06216143610875
-90.30469144748561
-90.54658825766462
-90.78784546195102
-91.02845675445265
-91.26841593113927
-91.50771689281767
-91.74635364802141
-91.98432031581474
-92.22161112850934
-92.45822043429219
-92.69414269976195
-92.92937251237205
-93.16390458277917
-93.3977337470968
-93.63085496905293
-93.86326334205077
-94.09495409113137
-94.32592257483904
-94.55616428699065
-94.78567485835069
-95.01445005821401
-95.24248579589866
-95.46977812215047
-95.69632323046082
-95.9221174582984
-96.14715728825556
-96.37143934910895
-96.59496041679401
-96.81771741529278
-97.03970741743566
-97.26092764561812
-97.48137547243365
-97.70104842122507
-97.91994416655572
-98.13806053460175
-98.35539550346581
-98.57194720341292
-98.78771391702864
-99.00269407929952
-99.21688627761532
-99.4302892516931
-99.64290189342259
-99.85472324663189
-100.06575250677096
-100.27598902051008
-100.48543228524963
-100.69408194853814
-100.9019378073957
-101.108999807539
-101.31526804250494
-101.52074275266908
-101.72542432415615
-101.92931328764006
-102.13241031703318
-102.33471622806518
-102.53623197675209
-102.73695865775765
-102.93689750264853
-103.13604987804477
-103.33441728366698
-103.53200135028179
-103.72880383754783
-103.92482663176439
-104.12007174352424
-104.31454130527173
-104.50823756876729
-104.70116290245913
-104.89331978876338
-105.0847108212531
-105.27533870175806
-105.46520623737636
-105.65431633739887
-105.84267201014767
-106.03027635973
-106.21713258270971
-106.40324396469894
-106.58861387687294
-106.77324577241028
-106.95714318286046
-107.14030971444127
-107.32274904426878
-107.50446491652256
-107.68546113854823
-107.86574157689937
-108.04531015332121
-108.22417084067841
-108.40232765882853
-108.57978467044323
-108.75654597677918
-108.93261571340155
-109.10799804586325
-109.28269716534338
-109.45671728424894
-109.6300626317851
-109.80273744950033
-109.97474598681345
-110.14609249652881
-110.31678123034624
-110.48681643437214
-110.65620234463756
-110.82494318262843
-110.9930431508335
-111.1605064283151
-111.32733716630855
-111.49353948385544
-111.65911746347592
-111.82407514688407
-111.98841653075021
-112.15214556251419
-112.31526613625306
-112.47778208860734
-112.63969719476972
-112.80101516453976
-112.9617396384474
-113.12187418394865
-113.28142229169669
-113.44038737189237
-113.59877275072029
-113.75658166687606
-113.91381726819145
-114.07048260836382
-114.22658064379596
-114.3821142305527
-114.53708612144021
-114.69149896321323
-114.84535529391553
-114.9986575403592
-115.15140801574762
-115.30360891744647
-115.45526232490715
-115.60637019774686
-115.75693437399013
-115.90695656847629
-116.05643837143623
-116.20538124724158
-116.35378653332782
-116.50165543929143
-116.64898904615939
-116.7957883058283
-116.94205404066975
-117.08778694329851
-117.23298757650059
-117.37765637331756
-117.52179363728271
-117.66539954280461
-117.80847413569313
-117.9510173338225
-118.09302892792482
-118.23450858250749
-118.37545583688814
-118.51587010634148
-118.65575068335295
-118.79509673897326
-118.93390732426815
-119.07218137185669
-119.20991769753209
-119.34711500195874
-119.48377187244034
-119.6198867847545
-119.75545810504855
-119.89048409179281
-120.02496289778753
-120.15889257222
-120.29227106276892
-120.42509621775378
-120.55736578832784
-120.68907743071384
-120.82022870848232
-120.9508170948742
-121.08083997516837
-121.21029464909611
-121.33917833330429
-121.46748816387037
-121.59522119887174
-121.7223744210122
-121.84894474030818
-121.97492899683664
-122.10032396354688
-122.22512634913858
-122.34933280100802
-122.47293990826472
-122.59594420481938
-122.71834217254366
-122.84013024450269
-122.96130480826014
-123.08186220925552
-123.20179875425265
-123.32111071485883
-123.43979433111417
-123.55784581515013
-123.6752613549163
-123.79203711797345
-123.90816925535057
-124.02365390546233
-124.13848719808267
-124.25266525836982
-124.36618421093819
-124.47904018397197
-124.59122931337471
-124.70274774694896
-124.81359164860022
-124.9237572025586
-125.03324061761113
-125.14203813133794
-125.25014601434715
-125.35756057450341
-125.46427816114546
-125.57029516928777
-125.67560804380106
-125.78021328356535
-125.88410744558873
-125.98728714908647
-126.08974907951576
-126.19148999256142
-126.29250671806803
-126.39279616391435
-126.49235531982676
-126.59118126112777
-126.68927115241662
-126.78662225117877
-126.88323191132135
-126.97909758663197
-127.07421683415875
-127.16858731750916
-127.26220681006522
-127.35507319811258
-127.44718448388132
-127.53853878849499
-127.62913435482484
-127.71896955024603
-127.808042869293
-127.89635293621122
-127.9838985074024
-128.0706784737613
-128.15669186290074
-128.24193784126396
-128.32641571612317
-128.41012493746405
-128.49306509975588
-128.57523594360612
-128.6566373572989
-128.73726937821573
-128.81713219413643
-128.8962261444201
-128.97455172106675
-129.05210956966118
-129.12890049020064
-129.2049254378078
-129.28018552333197
-129.35468201384208
-129.4284163330143
-129.5013900614174
-129.57360493669864
-129.6450628536718
-129.71576586430797
-129.78571617762896
-129.85491615950252
-129.92336833233958
-129.9910753746933
-130.05804012075942
-130.12426555977697
-130.18975483533063
-130.25451124455492
-130.31853823724123
-130.3818394148467
-130.44441852940486
-130.5062794823382
-130.56742632317116
-130.6278632481425
-130.68759459871387
-130.74662485997294
-130.80495865892783
-130.86260076269116
-130.9195560765521
-130.97582964193532
-131.03142663424603
-131.08635236060184
-131.14061225745252
-131.19421188809008
-131.24715694005056
-131.29945322240667
-131.35110666294952
-131.40212330525662
-131.45250930564282
-131.50227092999023
-131.55141455045225
-131.59994664202634
-131.64787377898926
-131.69520263118955
-131.74193996019073
-131.78809261525964
-131.83366752919449
-131.87867171398727
-131.92311225631488
-131.96699631285583
-132.01033110543017
-132.05312391596158
-132.09538208126196
-132.13711298764065
-132.17832406534126
-132.2190227828105
-132.2592166408042
-132.29891316633757
-132.338119906487
-132.37684442204954
-132.415094281067
-132.45287705222245
-132.49020029811663
-132.52707156843258
-132.56349839299514
-132.59948827473227
-132.63504868254518
-132.67018704409656
-132.7049107385253
-132.7392270890964
-132.77314335579558
-132.80666672787856
-132.83980431638383
-132.87256314661704
-132.9049501506163
-132.93697215960697
-132.96863589645636
-132.99994796813917
-133.03091485822483
-133.0615429193981
-133.0918383660255
-133.12180726678002
-133.15145553733532
-133.18078893314078
-133.20981304228872
-133.2385332784861
-133.26695487414304
-133.29508287359067
-133.32292212644097
-133.35047728109998
-133.37775277844617
-133.40475284568492
-133.43148149038916
-133.45794249473715
-133.48413940996033
-133.5100755510132
-133.5357539914762
-133.56117755870332
-133.58634882922365
-133.61127012440897
-133.63594350641756
-133.6603707744257
-133.6845534611582
-133.70849282972858
-133.7321898707994
-133.7556453000725
-133.77885955611737
-133.8018327985451
-133.82456490653544
-133.84705547772433
-133.86930382745777
-133.8913089884179
-133.91306971062545
-133.9345844618215
-133.95585142823006
-133.97686851570325
-133.99763335125067
-134.0181432849563
-134.03839539228557
-134.05838647678593
-134.0781130731816
-134.09757145086337
-134.11675761777428
-134.13566732469098
-134.15429606989937
-134.17263910426345
-134.1906914366857
-134.20844783995585
-134.22590285698357
-134.24305080741078
-134.2598857945975
-134.2764017129757
-134.29259225576516
-134.30845092304457
-134.32397103017206
-134.33914571654782
-134.35396795471206
-134.3684305597692
-134.38252619912782
-134.396247402545
-134.40958657246097
-134.42253599460992
-134.43508784889195
-134.44723422049265
-134.45896711123555
-134.47027845115235
-134.4811601102533
-134.4916039104803
-134.5016016378247
-134.51114505459168
-134.52022591179116
-134.52883596163656
-134.53696697013038
-134.54461072971537
-134.5517590719693
-134.55840388032118
-134.56453710276708
-134.57015076456275
-134.57523698087255
-134.5797879693531
-134.5837960626501
-134.58725372078595
-134.59015354341625
-134.5924882819321
-134.59425085138662
-134.59543434222212
-134.59603203177528
-134.59603739553734
-134.59544411814556
-134.59424610408144
-134.59243748805318
-134.59001264504116
-134.5869661999858
-134.58329303709854
-134.57898830877764
-134.5740474441119
-134.56846615695633
-134.56224045356373
-134.5553666397567
-134.54784132762654
-134.53966144174626
-134.53082422488762
-134.52132724323326
-134.51116839107715
-134.50034589500763
-134.48885831756695
-134.47670456038247
-134.4638838667655
-134.4503958237757
-134.43624036375002
-134.42141776529715
-134.40592865375865
-134.38977400113853
-134.3729551255038
-134.35547368986076
-134.33733170051264
-134.31853150490414
-134.29907578896072
-134.27896757393214
-134.25821021275155
-134.23680738592097
-134.21476309693375
-134.1920816672451
-134.16876773080398
-134.14482622816112
-134.1202624001688
-134.0950817812887
-134.06929019252524
-134.0428937340001
-134.0158987771848
-133.988311956807
-133.96014016244757
-133.93139052984688
-133.90207043193945
-133.8721874696367
-133.84174946237803
-133.81076443847118
-133.77924062524366
-133.74718643902665
-133.71461047499324
-133.68152149687248
-133.64792842655933
-133.6138403336391
-133.5792664248448
-133.54421603346552
-133.50869860872328
-133.4727237051338
-133.43630097186562
-133.39944014211162
-133.36215102248636
-133.3244434824612
-133.28632744384842
-133.24781287034622
-133.20890975715494
-133.16962812067524
-133.1299779882979
-133.08996938829407
-133.04961233981427
-133.0089168430038
-132.967892869241
-132.9265503515039
-132.8848991748682
-132.84294916714245
-132.80071008964362
-132.75819162811874
-132.71540338381803
-132.6723548647262
-132.6290554769582
-132.58551451632567
-132.5417411600799
-132.49774445883574
-132.45353332868146
-132.4091165434804
-132.36450272737076
-132.3197003474713
-132.27471770680015
-132.22956293741547
-132.1842439937852
-132.13876864639244
-132.09314447558197
-132.0473788656527
-132.00147899920054
-131.95545185171565
-131.90930418643663
-131.863042549465
-131.81667326514318
-131.77020243169997
-131.7236359171686
-131.67697935558314
-131.63023814345954
-131.58341743656703
-131.53652214699534
-131.4895569405205
-131.44252623427244
-131.39543419470758
-131.34828473588775
-131.3010815180671
-131.2538279465875
-131.20652717108302
-131.15918208499224
-131.1117953253773
-131.06436927304784
-131.01690605298822
-130.96940753508542
-130.92187533515502
-130.87431081626264
-130.82671509033716
-130.77908902007093
-130.73143322110226
-130.68374806447568
-130.6360336793742
-130.58828995611756
-130.54051654941847
-130.49271288189001
-130.4448781477964
-130.39701131704098
-130.34911113938492
-130.30117614889033
-130.25320466858201
-130.20519481532116
-130.15714450488392
-130.10905145723572
-130.06091320199184
-130.01272708405412
-129.96449026941474
-129.9161997511166
-129.86785235535996
-129.8194447477436
-129.7709734396298
-129.72243479462048
-129.67382503513255
-129.62514024906073
-129.57637639651563
-129.5275293166256
-129.47859473439127
-129.4295682675815
-129.38044543365908
-129.33122165672552
-129.28189227447325
-129.2324525451349
-129.18289765441813
-129.1332227224156
-129.08342281048027
-129.03349292805746
-128.9834280394668
-128.93322307062766
-128.8828729157221
-128.8323724437883
-128.78171650523853
-128.7308999382945
-128.67991757533372
-128.62876424914037
-128.57743479905542
-128.52592407702213
-128.4742269535232
-128.4223383234076
-128.3702531116051
-128.31796627872944
-128.26547282656662
-128.21276780344675
-128.15984630949714
-128.10670350177674
-128.053334599293
-127.99973488790096
-127.9458997250843
-127.89182454461837
-127.83750486111245
-127.78293627443026
-127.72811447398743
-127.67303524292487
-127.61769446215766
-127.56208811429889
-127.50621228745678
-127.45006317890312
-127.39363709861135
-127.33693047266075
-127.27993984650226
-127.22266188808027
-127.16509339080375
-127.10723127635976
-127.04907259736234
-126.99061453982864
-126.93185442547343
-126.87278971381426
-126.8134180040816
-126.75373703692975
-126.69374469594419
-126.63343900894284
-126.57281814906975
-126.51188043568055
-126.45062433502011
-126.38904846069187
-126.32715157392005
-126.26493258360478
-126.20239054617053
-126.1395246652085
-126.07633429091372
-126.01281891931835
-125.94897819132261
-125.88481189152598
-125.82031994686149
-125.75550242503634
-125.69035953278335
-125.62489161392845
-125.55909914728117
-125.49298274435482
-125.42654314692292
-125.35978122441968
-125.29269797119314
-125.22529450362133
-125.15757205710138
-125.08953198292163
-125.02117574502624
-124.95250491668178
-124.8835211770551
-124.81422630771117
-124.74462218903857
-124.67471079660986
-124.60449419748356
-124.53397454645498
-124.46315408226296
-124.39203512375904
-124.32062006604694
-124.24891137659931
-124.1769115913592
-124.10462331083333
-124.03204919618479
-123.95919196533275
-123.8860543890667
-123.81263928718276
-123.7389495246495
-123.66498800780919
-123.59075768062114
-123.51626152095382
-123.44150253693242
-123.36648376334863
-123.29120825813827
-123.21567909893193
-123.13989937968293
-123.06387220737625
-122.98760069882135
-122.91108797753125
-122.83433717068911
-122.75735140620364
-122.68013380985477
-122.60268750253024
-122.52501559755424
-122.44712119810904
-122.36900739474962
-122.29067726301051
-122.21213386110392
-122.13338022770702
-122.05441937983554
-121.97525431080047
-121.89588798824505
-121.81632335225984
-121.73656331357407
-121.65661075182223
-121.57646851388509
-121.49613941230396
-121.41562622376719
-121.33493168766691
-121.2540585047233
-121.1730093356745
-121.09178680003075
-121.01039347489248
-120.92883189383136
-120.84710454583413
-120.76521387430935
-120.6831622761571
-120.60095210090086
-120.51858564988052
-120.43606517550498
-120.35339288056267
-120.27057091758925
-120.18760138829171
-120.10448634302772
-120.02122778033937
-119.93782764653953
-119.85428783534998
-119.77061018759038
-119.68679649091759
-119.60284847961499
-119.51876783443107
-119.43455618246527
-119.35021509709874
-119.26574609796718
-119.18115065097221
-119.09643016832719
-119.01158600863336
-118.92661947698129
-118.84153182507261
-118.75632425135724
-118.67099790118154
-118.58555386694424
-118.49999318825861
-118.41431685212002
-118.32852579307816
-118.24262089341404
-118.15660298332286
-118.0704728411048
-117.98423119336623
-117.89787871523392
-117.81141603058462
-117.72484371229099
-117.63816228248494
-117.55137221283952
-117.46447392487029
-117.37746779025714
-117.29035413118733
-117.20313322071992
-117.11580528317201
-117.02837049452707
-116.94082898286628
-116.8531808288243
-116.7654260660712
-116.67756468182165
-116.58959661737276
-116.50152176867061
-116.41333998690652
-116.32505107914392
-116.23665480897648
-116.14815089721799
-116.05953902262422
-115.97081882264763
-115.88198989422608
-115.79305179460562
-115.70400404219686
-115.61484611746391
-115.52557746384343
-115.43619748869196
-115.34670556425942
-115.25710102868777
-115.16738318703449
-115.07755131232125
-114.98760464660711
-114.89754240208629
-114.80736376221068
-114.71706788283791
-114.62665389340646
-114.53612089813919
-114.44546797727696
-114.35469418834361
-114.26379856744279
-114.17278013058751
-114.0816378750618
-113.99037078081358
-113.89897781187824
-113.80745791783295
-113.71581003528138
-113.62403308936916
-113.53212599532992
-113.44008766006095
-113.34791698372851
-113.25561286140248
-113.16317418472066
-113.07059984358226
-112.9778887278694
-112.88503972919419
-112.79205174266814
-112.69892366869054
-112.60565441475272
-112.5122428972545
-112.41868804333
-112.32498879267972
-112.23114409940568
-112.13715293384585
-112.0430142844044
-111.94872715937503
-111.85429058875376
-111.75970362603753
-111.66496535000543
-111.57007486647909
-111.47503131005895
-111.3798338458315
-111.28448167104249
-111.18897401673165
-111.09331014932432
-110.99748937217554
-110.9015110270635
-110.80537449562824
-110.70907920075148
-110.61262460787451
-110.51601022625105
-110.41923561013344
-110.32230035989163
-110.2252041230647
-110.12794659534482
-110.0305275214947
-109.93294669619955
-109.83520396485572
-109.73729922429867
-109.63923242347299
-109.54100356404693
-109.44261270097317
-109.34405994299729
-109.24534545311471
-109.14646944897649
-109.04743220324448
-108.94823404389555
-108.84887535447521
-108.74935657430134
-108.64967819861769
-108.5498407786973
-108.44984492189687
-108.34969129166322
-108.24938060749216
-108.14891364483933
-108.04829123498197
-107.94751426483103
-107.84658367669348
-107.74550046798433
-107.64426569088775
-107.54288045196753
-107.44134591172494
-107.33966328410222
-107.23783383592965
-107.13585888631357
-107.033739805963
-106.93147801645225
-106.8290749894189
-106.72653224569692
-106.6238513543851
-106.52103393185095
-106.41808164067069
-106.31499618850611
-106.21177932691964
-106.10843285012899
-106.00495859370378
-105.90135843320738
-105.79763428278791
-105.69378809372206
-105.58982185291502
-105.4857375813594
-105.38153733255633
-105.2772231909026
-105.17279727004752
-105.06826171122391
-104.96361868155732
-104.85887037235803
-104.75401899739991
-104.64906679119026
-104.54401600723436
-104.43886891629809
-104.33362780467083
-104.22829497243022
-104.12287273170985
-104.01736340496946
-103.9117693232666
-103.80609282452856
-103.70033625182391
-103.5945019516325
-103.48859227211388
-103.38260956137408
-103.27655616573027
-103.1704344279727
-103.06424668562359
-102.95799526919264
-102.85168250042905
-102.74531069056964
-102.63888213858213
-102.53239912940292
-102.42586393216932
-102.31927879844689
-102.21264596045201
-102.10596762927089
-101.99924599307639
-101.8924832153445
-101.7856814330724
-101.67884275499995
-101.57196925983777
-101.46506299450544
-101.3581259723839
-101.25116017158558
-101.14416753324707
-101.03714995984836
-100.9301093135619
-100.82304741463344
-100.71596603979543
-100.60886692071352
-100.50175174246675
-100.39462214206225
-100.28747970698606
-100.18032597379118
-100.07316242672385
-99.96599049638888
-99.85881155845476
-99.75162693239969
-99.64443788030036
-99.53724560566587
-99.43005125231952
-99.32285590333203
-99.21566058001036
-99.10846624094546
-99.00127378112239
-98.89408403109513
-98.78689775622848
-98.67971565600959
-98.57253836343028
-98.46536644444103
-98.35820039747756
-98.25104065306101
-98.14388757347324
-98.0367414525089
-97.92960251530546
-97.82247091825131
-97.71534674897286
-97.60823002640102
-97.50112070091704
-97.39401865457698
-97.28692370141407
-97.17983558781798
-97.07275399298992
-96.96567852947287
-96.85860874375719
-96.75154411696228
-96.64448406559431
-96.53742794237876
-96.4303750371652
-96.32332457790226
-96.21627573167977
-96.10922760583587
-96.00217924912651
-95.89512965295619
-95.78807775266891
-95.68102242889954
-95.5739625089846
-95.46689676843123
-95.35982393244198
-95.25274267749232
-95.14565163295838
-95.03854938279248
-94.93143446724325
-94.82430538461738
-94.71716059308044
-94.60999851249487
-94.5028175262941
-94.39561598339121
-94.28839220012178
-94.18114446222107
-94.07387102683563
-93.96657012456879
-93.85923996155887
-93.75187872158838
-93.64448456822223
-93.5370556469725
-93.42959008748713
-93.32208600575908
-93.21454150635364
-93.10695468464976
-92.99932362909195
-92.89164642344909
-92.78392114907675
-92.67614588717916
-92.56831872106844
-92.46043773841896
-92.35250103351612
-92.24450670949878
-92.13645288059561
-92.02833767435553
-91.92015923387217
-91.81191572000196
-91.70360531357349
-91.59522621758529
-91.48677665938934
-91.37825489285743
-91.26965920052808
-91.16098789573132
-91.05223932468803
-90.94341186858017
-90.83450394558852
-90.72551401289562
-90.61644056865251
-90.50728215390816
-90.3980373545003
-90.28870480290723
-90.17928318006048
-90.0697712171191
-89.96016769720758
-89.85047145711896
-89.74068138898396
-89.63079644190704
-89.52081562356922
-89.4107380017971
-89.30056270609715
-89.19028892915391
-89.0799159282898
-88.96944302688406
-88.85886961574865
-88.74819515445871
-88.63741917263634
-88.52654127118502
-88.41556112347281
-88.30447847646168
-88.19329315178017
-88.08200504673756
-87.97061413527787
-87.85912046887144
-87.74752417734273
-87.6358254696337
-87.52402463450257
-87.41212204115767
-87.30011813982698
-87.18801346226293
-87.07580862218335
-86.96350431564942
-86.85110132138085
-86.73860050100815
-86.62600279926177
-86.51330924409753
-86.40052094675845
-86.28763910177351
-86.17466498689352
-86.06159996296391
-85.94844547373272
-85.8352030455916
-85.7218742872475
-85.6084608893226
-85.49496462387958
-85.38138734386928
-85.26773098249805
-85.15399755251212
-85.0401891453962
-84.92630793048454
-84.81235615398305
-84.69833613790183
-84.58425027889712
-84.47010104702156
-84.3558909843822
-84.24162270370414
-84.12729888679826
-84.01292228293255
-83.89849570710692
-83.78402203823146
-83.66950421720924
-83.55494524492417
-83.44034818013495
-83.32571613727578
-83.21105228416434
-83.09635983961766
-82.98164207097648
-82.86690229153908
-82.75214385790662
-82.63737016724258
-82.52258465445016
-82.40779078927187
-82.29299207331701
-82.1781920370214
-82.0633942365447
-81.94860225061075
-81.83381967729554
-81.71905013076616
-81.60429723797495
-81.48956463531317
-81.37485596522913
-81.26017487281409
-81.14552500236049
-81.03090999389654
-80.91633347970127
-80.80179908080423
-80.68731040347494
-80.5728710357066
-80.45848454370012
-80.34415446835497
-80.22988432177293
-80.11567758378133
-80.0015376984819
-79.88746807083122
-79.77347206325884
-79.6595529923279
-79.54571412544281
-79.43195867760663
-79.31828980823069
-79.20471061799888
-79.09122414578938
-78.97783336565634
-78.86454118387438
-78.75135043604926
-78.63826388429844
-78.52528421450437
-78.41241403364334
-78.2996558671923
-78.18701215661677
-78.07448525694313
-77.96207743441731
-77.84979086425243
-77.73762762846796
-77.62558971382326
-77.51367900984768
-77.40189730696964
-77.29024629474746
-77.17872756020448
-77.06734258627145
-76.95609275033789
-76.8449793229133
-76.73400346639912
-76.62316623397098
-76.51246856857139
-76.4019113020124
-76.29149515418769
-76.18122073239337
-76.07108853075599
-75.96109892976617
-75.85125219591632
-75.74154848144141
-75.63198782416222
-75.52257014743074
-75.4132952601777
-75.3041628570621
-75.19517251872227
-75.08632371212875
-74.97761579103891
-74.86904799655426
-74.76061945778096
-74.65232919259492
-74.54417610851121
-74.43615900365805
-74.32827656785534
-74.22052738379736
-74.11290992833878
-74.0054225738829
-73.89806358987116
-73.79083114437307
-73.68372330577623
-73.57673804457593
-73.46987323526335
-73.36312665831147
-73.25649600225805
-73.14997886588415
-73.04357276048657
-72.93727511224213
-72.83108326466223
-72.72499448113595
-72.6190059475605
-72.5131147750575
-72.40731800277446
-72.30161260077035
-72.19599547298493
-72.09046346029096
-71.98501334362744
-71.8796418472108
-71.77434564182023
-71.66912134815279
-71.56396554024367
-71.45887474894734
-71.35384546547489
-71.24887414498353
-71.14395721021295
-71.03909105516364
-70.93427204881284
-70.82949653886358
-70.72476085552269
-70.62006131530423
-70.5153942248548
-70.41075588479687
-70.30614259358636
-70.20155065138142
-70.09697636392009
-69.9924160464039
-69.88786602738499
-69.78332265265347
-69.67878228912203
-69.57424132870479
-69.46969619218744
-69.36514333308578
-69.26057924148945
-69.15600044788728
-69.05140352697056
-68.94678510141047
-68.84214184560598
-68.73747048939858
-68.63276782174968
-68.52803069437688
-68.42325602534528
-68.31844080261045
-68.21358208750964
-68.10867701819758
-68.00372281302408
-67.8987167738501
-67.79365628929884
-67.68853883793781
-67.58336199138876
-67.47812341736187
-67.37282088261088
-67.2674522558051
-67.16201551031509
-67.05650872690842
-66.95093009635195
-66.84527792191739
-66.73955062178675
-66.63374673135422
-66.52786490542053
-66.4219039202764
-66.31586267567224
-66.20974019667045
-66.1035356353778
-65.99724827255415
-65.89087751909602
-65.78442291739321
-65.67788414255693
-65.57126100351849
-65.46455344399811
-65.3577615433432
-65.25088551723474
-65.1439257182609
-65.0368826363565
-64.92975689910719
-64.82254927191855
-64.71526065804937
-64.6078920985093
-64.50044477182053
-64.39291999364383
-64.28531921626893
-64.17764402797059
-64.06989615223193
-63.962077446837036
-63.854189902834655
-63.74623564337485
-63.638216922420206
-63.530136123333584
-63.421995757344284
-63.31379846189463
-63.20554699886883
-63.0972442527061
-62.98889322839994
-62.88049704938606
-62.772058955320965
-62.663582299753436
-62.55507054769162
-62.446527273068334
-62.33795615610676
-62.22936098058897
-62.12074563102947
-62.01211408975632
-61.903470433902434
-61.794818832310334
-61.68616354235365
-61.577508906679434
-61.46885934987534
-61.360219375065974
-61.25159356044297
-61.14298655573292
-61.03440307860721
-60.92584791103722
-60.81732589559776
-60.70884193172172
-60.600400971909025
-60.492008017893326
-60.383668116769385
-60.27538635708429
-60.16716786489552
-60.05901779979881
-59.950941350928346
-59.842943732932255
-59.735030181926774
-59.627205951432686
-59.51947630829771
-59.411846528608166
-59.304321893593325
-59.19690768552577
-59.08960918362122
-58.982431659941184
-58.875380375301845
-58.768460575192236
-58.66167748570522
-58.55503630948429
-58.44854222168917
-58.34220036598348
-58.23601585054801
-58.12999374412326
-58.024139072084644
-57.918456812553224
-57.812951892544994
-57.707629184161625
-57.60249350082572
-57.497549593563555
-57.39280214733808
-57.288255777435644
-57.18391502590962
-57.0797843580846
-56.97586815912465
-56.87217073066919
-56.76869628754
-56.66544895452254
-56.56243276322406
-56.45965164901143
-56.357109448030975
-56.25480989431279
-56.15275661696151
-56.050953137435755
-55.94940286691846
-55.848109103780274
-55.74707503113754
-55.64630371450616
-55.54579809955297
-55.445561009946715
-55.34559514531034
-55.24590307927579
-55.14648725764269
-55.04734999664211
-54.94849348130671
-54.84991976394829
-54.75163076274376
-54.653628260430054
-54.55591390310818
-54.45848919915599
-54.361355518249496
-54.26451409049233
-54.1679660056528
-54.071712212508004
-53.97575351829474
-53.88009058826711
-53.78472394536064
-53.68965396996268
-53.594880899789096
-53.500404829867556
-53.40622571262761
-53.31234335809787
-53.21875743421091
-53.1254674672165
-53.03247284220381
-52.939772803732716
-52.84736645657468
-52.75525276656341
-52.663430561555764
-52.57189853250295
-52.4806552346321
-52.38969908873846
-52.299028382588084
-52.20864127243154
-52.11853578462907
-52.02870981738706
-51.939161142605506
-51.849887407835375
-51.76088613834511
-51.672154739294704
-51.58369049801589
-51.495490586396805
-51.40755206336913
-51.31987187749538
-51.23244686965429
-51.145273775822
-51.05834922994679
-50.97166976691479
-50.885231825604265
-50.799031752026295
-50.71306580254971
-50.627330147207786
-50.54182087308392
-50.4565339877736
-50.3714654229196
-50.28661103781714
-50.20196662308554
-50.1175279044033
-50.03329054630355
-49.949250156026565
-49.86540228742656
-49.78174244492983
-49.69826608754143
-49.61496863289797
-49.53184546136437
-49.44889192017173
-49.366103327593535
-49.28347497715676
-49.20100214188422
-49.11868007856346
-49.03650403203723
-48.95446923951074
-48.87257093487098
-48.7908043530132
-48.70916473416982
-48.62764732823668
-48.54624739909231
-48.464960228905355
-48.38378112242573
-48.30270541125533
-48.2217284580944
-48.140845660959776
-48.06005245737118
-47.97934432850122
-47.898716803284636
-47.818165462481495
-47.737685942689104
-47.657273940296996
-47.5769252153794
-47.496635595519884
-47.416400979563214
-47.33621734128952
-47.25608073300612
-47.17598728905222
-47.095933229212285
-47.0159148620341
-46.935928588047894
-46.85597090288298
-46.776038400278715
-46.696127774986685
-46.61623582556127
-46.536359457036276
-46.45649568348575
-46.37664163046731
-46.29679453734662
-46.216951759501406
-46.137110770403815
-46.05726916358015
-45.97742465444771
-45.89757508202826
-45.81771841053769
-45.73785273085088
-45.6579762618411
-45.5780873515929
-45.49818447848844
-45.418266252166916
-45.33833141435679
-45.25837883958076
-45.178407535733584
-45.09841664453302
-45.01840544184398
-44.9383733378765
-44.8583198772576
-44.77824473897715
-44.698147736207886
-44.61802881599948
-44.537888058846306
-44.45772567812884
-44.37754201942863
-44.29733755971699
-44.21711290641798
-44.136868796346505
-44.056606094522635
-43.97632579286335
-43.896029008753146
-43.81571698349478
-43.735391080642216
-43.65505278421864
-43.57470369682278
-43.49434553762654
-43.41398014026629
-43.33360945063038
-43.25323552454546
-43.172860525363944
-43.09248672145497
-43.01211648360134
-42.931752282304835
-42.851396685002264
-42.77105235319498
-42.69072203949474
-42.610408584589315
-42.53011491413161
-42.449844035555934
-42.369599034824766
-42.28938307310903
-42.209199383405
-42.12905126709091
-42.0489420904264
-41.96887528099818
-41.88885432411495
-41.808882759154464
-41.728964175865705
-41.64910221062882
-41.569300542675585
-41.48956289027347
-41.409893006876466
-41.330294677246336
-41.250771713547856
-41.171327951421794
-41.091967246039864
-41.01269346814603
-40.93351050008851
-40.85442223184668
-40.77543255705694
-40.696545369041175
-40.61776455684161
-40.53909400126501
-40.460537570939366
-40.38209911838622
-40.30378247611229
-40.225591452723094
-40.147529829061554
-40.069601354374
-39.99180974250588
-39.914158668129616
-39.83665176300717
-39.75929261228991
-39.682084750858834
-39.60503165970799
-39.52813676237433
-39.45140342141711
-39.37483493495027
-39.29843453323069
-39.22220537530488
-39.14615054571691
-39.07027305128052
-38.99457581791823
-38.919061687570135
-38.84373341517515
-38.76859366572681
-38.69364501140585
-38.6188899287918
-38.54433079615585
-38.46996989083719
-38.39580938670586
-38.321851351714805
-38.24809774554425
-38.17455041734113
-38.10121110355656
-38.028081425883705
-37.95516288929836
-37.88245688020417
-37.80996466468478
-37.737687386865254
-37.665626067385155
-37.593781601985235
-37.52215476020971
-37.45074618422607
-37.37955638776439
-37.30858575517798
-37.2378345406273
-37.16730286738878
-37.096990727289985
-37.02689798027226
-36.957024354082
-36.88736944409184
-36.8179327132522
-36.748713492173415
-36.67971097933833
-36.610924241445225
-36.542352213880754
-36.473993701322634
-36.40584737847144
-36.33791179091082
-36.27018535609517
-36.202666364463596
-36.13535298067853
-36.068243244987
-36.00133507470264
-35.93462626580663
-35.86811449466575
-35.80179731986567
-35.735672184157494
-35.66973641651484
-35.603987234299126
-35.53842174553037
-35.473036951260696
-35.40782974804793
-35.34279693052636
-35.277935194071375
-35.21324113755455
-35.1487112661853
-35.084341994435334
-35.020129649041706
-34.956070472084804
-34.892160624137745
-34.828396187483776
-34.7647731693981
-34.70128750549054
-34.637935063106
-34.57471164477937
-34.51161299174174
-34.44863478747419
-34.385772661305396
-34.32302219204882
-34.26037891167504
-34.19783830901468
-34.13539583348739
-34.07304689885239
-34.01078688697611
-33.948611151612845
-33.88651502219448
-33.82449380762585
-33.76254280008231
-33.700657278806396
-33.63883251390083
-33.577063770114954
-33.51534631062153
-33.45367540078083
-33.392046311888656
-33.33045432490493
-33.2688947341592
-33.20736285102944
-33.145854007590195
-33.08436356022579
-33.02288689320405
-32.96141942220637
-32.89995659781007
-32.838493908919666
-32.77702688614382
-32.715551105114905
-32.65406218974845
-32.592555815440214
-32.53102771219863
-32.46947366771061
-32.40788953033887
-32.346271212048826
-32.2846146912632
-32.222916015642184
-32.161171304787146
-32.09937675286564
-32.03752863115584
-31.975623290508725
-31.913657163726715
-31.851626767857415
-31.789528706401274
-31.727359671431586
-31.665116445625515
-31.60279590420528
-31.540395016788707
-31.47791084914836
-31.41534056487872
-31.352681426971245
-31.289930799297352
-31.22708614799957
-31.16414504279099
-31.101105158163037
-31.037964274501505
-30.97472027911077
-30.911371167146157
-30.84791504245449
-30.784350118322735
-30.720674718134898
-30.656887275937276
-30.59298633691237
-30.528970557761948
-30.464838706999938
-30.400589665156172
-30.33622242489191
-30.271736091028384
-30.207129880489486
-30.14240312215973
-30.077555256658353
-30.01258583603042
-29.94749452335621
-29.88228109228022
-29.8169454264612
-29.751487518944355
-29.685907471456954
-29.6202054936284
-29.554381902136193
-29.488437119779213
-29.42237167447994
-29.35618619821708
-29.28988142589015
-29.223458194117576
-29.15691743996991
-29.090260199640007
-29.023487607052154
-28.956600892412077
-28.889601380699965
-28.82249049010833
-28.7552697304264
-28.687940701372845
-28.620505090878545
-28.552964673320737
-28.48532130770983
-28.41757693583006
-28.349733580335286
-28.28179334280131
-28.21375840173602
-28.145631010548843
-28.077413495481014
-28.00910825349789
-27.94071775014476
-27.872244517367708
-27.80369115130114
-27.73506031002376
-27.666354711284956
-27.597577130203806
-27.528730396942937
-27.459817394359934
-27.390841055638877
-27.321804361904388
-27.2527103398206
-27.183562059177206
-27.114362630464484
-27.04511520243915
-26.97582295968266
-26.906489120153537
-26.8371169327352
-26.767709674781003
-26.698270649658355
-26.628803184293616
-26.55931062671928
-26.48979634362496
-26.420263717913855
-26.350716146266393
-26.28115703671284
-26.21158980621678
-26.14201787827136
-26.072444680510387
-26.002873642336226
-25.933308192566557
-25.86375175710182
-25.794207756615148
-25.72467960426638
-25.655170703441794
-25.58568444552102
-25.51622420767279
-25.446793350680874
-25.377395216801684
-25.30803312765485
-25.238710382148124
-25.16943025443788
-25.10019599192648
-25.03101081329768
-24.961877906591152
-24.892800427317322
-24.823781496613687
-24.754824199443615
-24.685931582838602
-24.617106654185218
-24.548352379557937
-24.47967168209916
-24.41106744044736
-24.342542487214097
-24.274099607510628
-24.20574153752508
-24.137470963151024
-24.06929051866853
-24.001202785478533
-23.93321029089116
-23.86531550696838
-23.797520849421367
-23.72982867656301
-23.66224128831589
-23.59476092527631
-23.527389767834784
-23.460129935353613
-23.39298348540222
-23.325952413050594
-23.259038650221605
-23.19224406510275
-23.125570461617734
-23.059019578958377
-22.992593091177202
-22.92629260684119
-22.860119668747092
-22.794075753698667
-22.728162272346157
-22.662380569087805
-22.596731922033104
-22.531217543027413
-22.465838577737703
-22.40059610579947
-22.335491141024807
-22.270524631671424
-22.205697460772274
-22.1410104465257
-22.076464342745897
-22.01205983937324
-21.94779756304415
-21.883678077719924
-21.819701885373764
-21.755869426735178
-21.692181082090844
-21.628637172141044
-21.565237958910746
-21.501983646714383
-21.43887438317317
-21.37591026028356
-21.31309131553526
-21.250417533077112
-21.18788884492899
-21.125505132237734
-21.063266226574896
-21.0011719112738
-20.939221922803156
-20.877415952174758
-20.81575364638256
-20.75423460987021
-20.69285840602437
-20.631624558691172
-20.57053255371308
-20.50958184048379
-20.44877183351865
-20.388101914037875
-20.327571431560003
-20.26717970550318
-20.206926026791976
-20.146809659467223
-20.086829842296748
-20.026985790384554
-19.96727669677598
-19.907701734056285
-19.848260055940226
-19.788950798850106
-19.72977308348005
-19.670726016344428
-19.611808691308664
-19.553020191100938
-19.49435958880336
-19.435825949321195
-19.37741833082863
-19.319135786189246
-19.26097736434941
-19.20294211170265
-19.14502907342337
-19.087237294768368
-19.029565822344676
-18.972013705342544
-18.914579996732623
-18.857263754426537
-18.80006404240022
-18.742979931779484
-18.686010501887335
-18.629154841252465
-18.572412048578222
-18.515781233671383
-18.459261518330344
-18.402852037192467
-18.346551938540408
-18.290360385067224
-18.23427655460012
-18.178299640782633
-18.1224288537151
-18.06666342055346
-18.011002586066475
-17.95544561315183
-17.899991783311812
-17.844640397089343
-17.78939077446524
-17.73424225521743
-17.67919419924292
-17.62424598684317
-17.56939701897354
-17.51464671745733
-17.459994525165108
-17.405439906160062
-17.350982345810387
-17.29662135086942
-17.242356449524483
-17.1881871914154
-17.1341131476235
-17.08013391063192
-17.026249094257896
-16.97245833355787
-16.91876128470611
-16.8651576248476
-16.811647051926006
-16.75822928448736
-16.70490406146016
-16.65167114191249
-16.598530304786866
-16.545481348613297
-16.49252409120115
-16.43965836931034
-16.38688403830236
-16.334200971771725
-16.281609061158253
-16.22910821534042
-16.1766983602102
-16.124379438229813
-16.072151407970708
-16.02001424363509
-15.96796793456045
-15.916012484707709
-15.864147912133634
-15.812374248448196
-15.760691538257703
-15.709099838594511
-15.657599218333914
-15.6061897575986
-15.554871547151123
-15.503644687774894
-15.45250928964424
-15.401465471684133
-15.350513360920132
-15.299653091819053
-15.24888480562089
-15.198208649662533
-15.147624776694014
-15.09713334418788
-15.046734513642319
-14.996428449878733
-14.946215320334415
-14.896095294350998
-14.846068542459347
-14.796135235661508
-14.746295544710334
-14.69654963938754
-14.646897687780905
-14.597339855561442
-14.547876305261282
-14.498507195553099
-14.449232680531832
-14.400052908999537
-14.350968023754188
-14.30197816088322
-14.253083449062611
-14.204284008862313
-14.155579952058854
-14.106971380956008
-14.058458387714392
-14.010041053690923
-13.961719448789037
-13.913493630820634
-13.865363644880697
-13.817329522735514
-13.769391282225323
-13.721548926682056
-13.673802444363
-13.626151807901076
-13.578596973772358
-13.531137881781513
-13.48377445456597
-13.436506597119527
-13.389334196336131
-13.342257120574496
-13.295275219244125
-13.248388322413227
-13.201596240439024
-13.1548987636209
-13.108295661876916
-13.061786684444094
-13.015371559602848
-12.96904999442598
-12.922821674552544
-12.87668626398672
-12.830643404921808
-12.784692717589358
-12.738833800133383
-12.693066228509585
-12.647389556409484
-12.601803315209287
-12.556307013943217
-12.510900139301091
-12.465582155649889
-12.420352505078958
-12.375210607468366
-12.330155860579827
-12.2851876401697
-12.240305300123685
-12.195508172612836
-12.150795568270457
-12.10616677638929
