1.738595936928735e-13
2.9286872053129654e-12
2.472705826666576e-11
1.4047559776456273e-10
6.079725332278994e-10
2.1502287947571448e-09
6.50338150480326e-09
1.7363599816143628e-08
4.188687100722619e-08
9.29111038836561e-08
1.9208103001278187e-07
3.740633310832817e-07
6.92042660558422e-07
1.2246891263451177e-06
2.084784704408364e-06
3.429690287216106e-06
5.473826942588084e-06
8.503334756581382e-06
1.2893060629466969e-05
1.912601284061044e-05
2.781540533373666e-05
3.972939872047043e-05
5.581862816405448e-05
7.72465907793473e-05
0.00010542294714854238
0.00014203977317030458
0.0001891107798863303
0.0002490135003048763
0.00032453442369538934
0.0004189170394809213
0.000535912734813968
0.0006798344722851687
0.0008556131570719825
0.001068856586266086
0.0013259108571953468
0.0016339240963422139
0.0020009123560109864
0.00243582751226011
0.0029486269848338653
0.003550345087935543
0.004253165809710318
0.005070496808273568
0.006017044403047009
0.007108889332063388
0.008363563038778752
0.009800124245792925
0.0114392355677231
0.013303239911297702
0.015416236407529448
0.017804155618576293
0.020494833760591913
0.023518085683485936
0.026905776349038388
0.030691890550220164
0.03491260061683673
0.03960633185570946
0.04481382547750886
0.05057819876702687
0.05694500225909017
0.06396227368844049
0.07168058848870772
0.08015310662304256
0.08943561553702169
0.09958656903305313
0.11066712187465669
0.12274115993863743
0.1358753257432713
0.15013903919114496
0.16560451337620077
0.1823467653157934
0.20044362148013123
0.2199757180033142
0.24102649547225727
0.26368218820206607
0.2880318079188775
0.3141671217837561
0.34218262470391314
0.3721755058902558
0.4042456096330489
0.4384953902802407
0.47502986141574743
0.5139565392476789
0.5553853802290797
0.5994287129462375
0.6462011643219434
0.6958195801932503
0.7484029403352416
0.8040722680140687
0.8629505341640152
0.9251625562945834
0.9908348922445572
1.060095728910643
1.1330747660886167
1.2099030955748877
1.2907130756860172
1.3756382013629769
1.4648129700357884
1.558372743432669
1.6564536055258627
1.759192216813981
1.8667256651479014
1.9791913133140473
2.096726643595207
2.219469099534925
2.3475559251369122
2.4811240017358966
2.6203096827808436
2.7652486267755045
2.9160756286247493
3.0729244496382333
3.235927646445576
3.4052163990794093
3.5809203384843107
3.763167373710811
3.952083519054402
4.147792721399755
4.350416688030246
4.560074715162305
4.776883517463053
5.000957058808217
5.232406384535429
5.471339455445737
5.717860983803434
5.972072271581199
6.234071051193989
6.503951328961339
6.781803231533427
7.067712855511663
7.361762120489592
7.664028625734644
7.974585510725575
8.293501319754549
8.620839870796553
8.956660128842346
9.30101608388443
9.653956633738591
10.015525471876307
10.385760980435881
10.764696128572517
11.152358376299823
11.548769583967138
11.953945927508707
12.367897819592367
12.79062983678693
13.222140652858922
13.662422978300581
14.11146350618226
14.569242864413354
15.035735574486736
15.510910016772586
15.99472840241849
16.487146751903484
16.9881148802847
17.497576389166117
18.015468665409944
18.541722886602166
19.076264033274775
19.619010907878398
20.16987616048994
20.728766321231213
21.29558183936579
21.870217129032977
22.452560621569045
23.042494824357714
23.63989638614323
24.24463616873153
24.85657932499727
25.475585383106832
26.101508336859652
26.734196742042613
27.37349381868525
28.01923755909677
28.671260841558894
29.329391549542056
29.993452696306086
30.66326255474035
31.338634792292247
32.01937861082734
32.70529889125881
33.39619634277869
34.0918676565179
34.792105663457924
35.49669949641222
36.205434755891616
36.91809367966371
37.63445531581266
38.35429569910241
39.0773880304435
39.80350285926016
40.53240826855199
41.263870062442095
41.997651956001334
42.73351576713669
43.47122161033065
44.21052809201729
44.951192507379695
45.692971038353285
46.435618952618945
47.178890803369946
47.922540629636906
48.66632215695541
49.409988998161516
50.1532948541011
50.89599371404002
51.63784005556393
52.37858904375783
53.117996729457175
53.855820246364786
54.59181800683031
55.32574989609169
56.05737746478094
56.786464119499456
57.51277531127131
58.236078721685956
58.956144446545316
59.67274517683429
60.38565637683714
61.09465645922639
61.799526956955354
62.50005269179032
63.19602193932351
63.887226590312274
64.57346230819505
65.25452868263997
65.93022937898772
66.60037228345456
67.26476964396741
67.92323820650805
68.57559934684949
69.22167919757342
69.86130877026326
70.49432407277325
71.12056622148046
71.73988154843303
72.35212170331411
72.9571437501476
73.55481025867792
74.14498939036221
74.72755497891873
75.30238660538075
75.86936966761166
76.42839544424353
76.9793611530063
77.52217000342186
78.05673124384298
78.58296020282232
79.10077832480378
79.61011320013294
80.11089858938958
80.60307444205141
81.08658690950317
81.5613883524109
82.0274373424866
82.48469865867416
82.93314327779278
83.37274835968019
83.80349722688281
84.22537933894584
84.63839026136093
85.04253162923412
85.43781110574132
85.82424233544343
86.20184489253886
86.5706442241348
86.93067158862429
87.28196398926109
87.62456410302836
87.95852020490217
88.28388608761469
88.60072097702715
88.90908944322604
89.20906130745908
89.50071154503036
89.78412018427724
90.05937220175389
90.3265574137485
90.58577036426499
90.83711020960328
91.08068059967519
91.31658955619349
91.54494934787573
91.76587636280493
91.97949097809027
92.18591742697294
92.38528366352449
92.57772122508544
92.76336509259232
92.94235354894244
93.11482803554628
93.28093300721895
93.44081578556228
93.59462641098952
93.74251749354454
93.88464406266797
94.02116341606296
94.1522349678125
94.27802009589978
94.39868198928237
94.5143854946701
94.62529696315467
94.73158409683806
94.83341579560472
94.93096200418115
95.02439355962527
95.11388203938539
95.19959961006641
95.28171887703941
95.36041273502913
95.43585421981284
95.50821636116162
95.57767203715225
95.64439382997496
95.70855388335856
95.77032376173266
95.82987431124327
95.88737552273638
95.94299639681988
95.99690481111266
96.04926738978516
96.10024937549368
96.15001450380687
96.19872488021947
96.24654085984373
96.2936209298651
96.34012159484413
96.38619726494366
96.43200014715578
96.47768013959987
96.5233847289588
96.56925889111685
96.61544499505962
96.66208271009393
96.7093089164425
96.75725761926546
96.80605986615635
96.8558436681569
96.9067339243305
96.95885234992906
97.0123174081842
97.06724424574927
97.12374463181524
97.18192690091959
97.24189589946192
97.30375293593713
97.36759573489311
97.43351839461818
97.50161134855907
97.57196133046736
97.64465134326778
97.71976063163956
97.79736465829782
97.87753508395903
97.96033975097052
98.04584267058144
98.13410401382882
98.22518010600831
98.31912342469681
98.41598260129032
98.51580242601685
98.61862385638139
98.72448402899599
98.8334162747452
98.94545013723426
99.06061139446454
99.17892208367981
99.30040052932371
99.42506137404722
99.55291561270211
99.68397062925531
99.8182302365568
99.95569471889199
100.09636087724799
100.24022207722099
100.38726829949029
100.5374861927828
100.69085912925014
100.84736726217987
101.00698758596171
101.16969399822868
101.33545736409233
101.50424558239023
101.67602365386209
101.85075375117013
102.02839529067795
102.20890500590086
102.39223702253956
102.57834293500854
102.76717188436952
102.95867063757963
103.15278366796268
103.3494532368113
103.5486194760267
103.7502204717026
103.95419234856091
104.1604693551469
104.36898394969158
104.57966688654925
104.79244730312006
105.00725280716766
105.22400956444254
105.44264238652214
105.6630748187798
105.88522922839557
106.1090268923226
106.33438808512481
106.5612321666034
106.78947766913119
107.0190423846153
107.24984345101016
107.4817974383045
107.71482043390802
107.94882812736421
108.18373589431837
108.4194588796721
108.65591207985779
108.89301042416764
109.13066885507328
109.36880240747291
109.60732628680557
109.84615594597426
110.08520716102248
110.3243961055108
110.56363942354199
110.8028543013852
111.04195853765043
111.28087061196732
111.51950975212424
111.75779599962596
111.99565027363053
112.2329944332281
112.46975133802664
112.70584490701185
112.94120017565012
113.17574335120582
113.40940186624618
113.6421044303097
113.87378107971529
114.10436322549106
114.33378369940397
114.56197679807417
114.7888783251592
115.01442563159515
115.23855765388339
115.46121495041302
115.68233973581073
115.90187591331085
116.11976910513965
116.33596668091002
116.55041778402483
116.76307335608999
116.97388615934005
117.18281079708015
117.38980373214861
117.59482330340597
117.79782974025773
117.9987851752195
118.19765365453543
118.39440114686181
118.5889955500295
118.78140669590016
118.97160635333205
119.15956822927205
119.34526796799173
119.52868314848683
119.70979328006229
119.8885797961259
120.06502604621608
120.23911728628946
120.41084066729661
120.58018522207612
120.74714185059929
120.91170330360023
121.0738641646276
121.23362083055599
121.39097149059671
121.5459161038483
121.69845637542824
121.84859573122765
121.99633929133245
122.14169384215529
122.28466780732367
122.42527121737089
122.56351567827653
122.69941433890301
122.83298185737533
122.96423436645182
123.09318943793369
123.2198660461604
123.34428453063856
123.46646655785207
123.58643508230182
123.7042143068219
123.81982964221983
123.93330766628812
124.04467608223344
124.1539636765706
124.26120027652804
124.36641670701307
124.46964474718415
124.57091708667748
124.67026728153463
124.76772970987737
124.86333952737517
124.95713262255073
125.04914557196948
125.13941559535876
125.227980510703
125.31487868936087
125.40014901124904
125.48383082013619
125.5659638790902
125.64658832612157
125.72574463006539
125.80347354674349
125.87981607544795
125.95481341578706
126.02850692493384
126.10093807531645
126.17214841278896
126.24217951531945
126.31107295223127
126.37887024403189
126.4456128228626
126.51134199360207
126.57609889565562
126.63992446546094
126.70285939973998
126.76494411952423
126.82621873498114
126.88672301106818
126.94649633403982
127.00557767883164
127.06400557734595
127.12181808766185
127.17905276419152
127.23574662880164
127.29193614291502
127.3476571806059
127.40294500270058
127.45783423189506
127.51235882889911
127.56655206961308
127.62044652334363
127.67407403206438
127.72746569072696
127.78065182862635
127.83366199182457
127.88652492663654
127.9392685641799
127.99192000599034
128.04450551070272
128.0970504817966
128.14957945640435
128.20211609517935
128.2546831732194
128.30730257203925
128.35999527258411
128.41278134927552
128.46567996507872
128.51870936758075
128.57188688606698
128.62522892958236
128.678750985963
128.73246762182134
128.78639248346815
128.8405382987538
128.89491687980967
128.94953912666972
129.00441503175284
129.0595536851847
129.11496328093835
129.1706511237719
129.2266236369419
129.28288637066976
129.33944401133874
129.3963003913973
129.45345849994294
129.5109204939614
129.5686877101948
129.62676067761413
129.68513913047184
129.7438220219102
129.80280753810086
129.86209311289042
129.92167544292454
129.9815505032209
130.04171356316067
130.10215920286862
130.1628813299526
130.2238731965749
130.28512741682766
130.34663598438306
130.40839029039194
130.4703811416042
130.53259877868447
130.59503289469626
130.65767265372915
130.72050670964313
130.78352322490423
130.8467098894855
130.91005393980845
130.97354217770066
131.0371609893466
131.1008963642082
131.16473391389445
131.22865889095806
131.29265620759816
131.35671045424942
131.42080591803847
131.48492660108923
131.54905623866057
131.61317831709857
131.67727609158646
131.74133260367557
131.80533069858257
131.86925304223996
131.93308213808768
131.99680034359403
132.0603898864938
132.12383288073238
132.18711134210594
132.25020720358884
132.3131023303406
132.3757785343853
132.43821758895865
132.5004012425179
132.56231123241082
132.62392929820203
132.68523719465747
132.74621670438864
132.8068496501594
132.86711790685786
132.92700341313525
132.98648818271545
133.04555431538074
133.10418400763865
133.16235956307514
133.22006340240023
133.27727807319366
133.33398625935956
133.39017079029895
133.44581464980865
133.50090098471492
133.55541311324987
133.60933453317944
133.66264892969002
133.71534018304192
133.76739237599713
133.81878980102965
133.8695169673258
133.91955860758276
133.96889968461187
134.01752539775293
134.06542118910397
134.11257274957188
134.15896602475027
134.2045872206295
134.2494228091432
134.29345953355494
134.3366844136873
134.3790847509946
134.42064813347872
134.46136244044612
134.50121584710348
134.54019682898786
134.57829416622565
134.615496947613
134.65179457451052
134.68717676454492
134.72163355510986
134.75515530665882
134.78773270578324
134.8193567680695
134.85001884072847
134.87971060499183
134.9084240782703
134.93615161606965
134.96288591366022
134.98862000749443
135.01334727637015
135.03706144233718
135.05975657134775
135.0814270736522
135.10206770394086
135.12167356123393
135.14024008852255
135.15776307216342
135.1742386410293
135.18966326541758
135.20403375572036
135.21734726085796
135.2296012664793
135.24079359293327
135.2509223930161
135.25998614950035
135.26798367245132
135.27491409633748
135.28077687694176
135.28557178808055
135.28929891813854
135.29195866642849
135.2935517393856
135.29407914660678
135.29354219674437
135.29194249326437
135.2892819300781
135.28556268705628
135.28078722543373
135.2749582831137
135.26807886988294
135.2601522625458
135.25118199998596
135.2411718781643
135.23012594506164
135.2180484955738
135.20494406636473
135.19081743068406
135.17567359315623
135.15951778454766
135.14235545651852
135.12419227636494
135.10503412175714
135.08488707547892
135.063757420173
135.04165163309492
135.0185763808765
134.99453851430073
134.9695450630886
134.94360323069824
134.91672038913586
134.88890407377832
134.86016197820774
134.8305019490583
134.79993198087456
134.76846021098
134.73609491435533
134.70284449852576
134.66871749845674
134.63372257145622
134.59786849208078
134.56116414704294
134.52361853011664
134.48524073703877
134.4460399604054
134.406025484561
134.36520668048203
134.3235930006542
134.28119397394445
134.23801920046841
134.19407834645446
134.14938113910645
134.10393736146577
134.05775684727448
134.01084947583942
133.96322516689722
133.91489387547946
133.86586558677888
133.81615031101612
133.76575807830713
133.7146989335325
133.66298293120926
133.61062013036607
133.55762058942318
133.50399436107782
133.44975148719854
133.39490199373094
133.33945588561673
133.28342314172855
133.22681370982454
133.16963750152658
133.1119043873276
133.05362419163325
132.99480668784403
132.93546159348406
132.8755985653805
132.81522719489757
132.75435700322836
132.69299743674748
132.63115786242776
132.56884756332403
132.50607573412623
132.4428514767854
132.37918379621516
132.31508159607216
132.25055367461965
132.18560872068025
132.1202553096844
132.054501899821
131.9883568282965
131.92182830770895
131.8549244225415
131.78765312578008
131.72002223565602
131.65203943251487
131.5837122558117
131.51504810123203
131.44605421793864
131.37673770594387
131.30710551360875
131.2371644352699
131.1669211089956
131.09638201447268
131.0255534710256
130.95444163576957
130.88305250189973
130.81139189711888
130.73946548220619
130.66727874972815
130.5948370228943
130.52214545455928
130.44920902637267
130.37603254807647
130.3026206569519
130.22897781741761
130.1551083207823
130.08101628515345
130.0067056555045
129.93218020390003
129.8574435298778
129.78249906098569
129.70735005347075
129.63199959311686
129.5564505962273
129.48070581074847
129.40476781753085
129.32863903172182
129.2523217042836
129.17581792362836
129.09912961736353
129.02225855413946
128.94520634559336
128.867974448383
128.7905641663046
128.71297665249
128.63521291167734
128.55727380254888
128.47916004013035
128.4008721982488
128.32241071204538
128.24377588054034
128.16496786924762
128.08598671283602
128.0068323178337
127.92750446537336
127.84800281397581
127.76832690236988
127.68847615234601
127.60844987164221
127.52824725686177
127.44786739642295
127.36730927354158
127.28657176924837
127.20565366544297
127.12455364798602
127.04327030982942
126.96180215418637
126.88014759774244
126.79830497390849
126.71627253611682
126.6340484611632
126.55163085259782
126.46901774416806
126.38620710331558
126.30319683472867
126.21998478394941
126.13656874103462
126.05294644426753
125.96911558391598
125.88507380603191
125.80081871628708
125.71634788384067
125.6316588452343
125.54674910830911
125.46161615613997
125.37625745098299
125.29067043823343
125.20485255038935
125.1188012110172
125.03251383871523
124.94598785107112
124.85922066861102
124.77220971873751
124.68495243965404
124.59744628427339
124.50968872410877
124.4216772531453
124.3334093916898
124.24488269019596
124.15609473306282
124.06704314240417
123.97772558178772
123.8881397599421
123.79828343443083
123.70815441529183
123.61775056864226
123.52706982024793
123.4361101590562
123.3448696406912
123.25334639091048
123.16153860902219
123.06944457126045
122.97706263411649
122.88439123762285
122.79142890858671
122.69817426376781
122.60462601299653
122.51078296222832
122.41664401653068
122.32220818299814
122.22747457359006
122.1324424078854
122.03711101574916
121.94147983990571
121.84554843841467
121.74931648704548
121.65278378154746
121.55595023981313
121.45881590393277
121.36138094213756
121.26364565062853
121.16561045528864
121.06727591327434
120.96864271448352
120.86971168289632
120.77048377778569
120.67096009479441
120.57114186687456
120.47103046508518
120.37062739924512
120.26993431843847
120.1689530113705
120.06768540657221
119.96613357245157
119.8642997171902
119.76218618848442
119.65979547312965
119.55713019644863
119.45419312156447
119.35098714852008
119.2475153132457
119.14378078637618
119.03978687191933
118.93553700577685
118.83103475411907
118.72628381161395
118.62128799951041
118.51605126357721
118.41057767189808
118.30487141252458
118.1989367909879
118.09277822767162
117.98640025504632
117.87980751476812
117.77300475464301
117.66599682545939
117.55878867769127
117.45138535807564
117.34379200606713
117.23601385017264
117.12805620416918
117.01992446320901
116.91162409981632
116.80316065978047
116.6945397579509
116.5857670739382
116.47684834772542
116.36778937519455
116.25859600357307
116.14927412680618
116.03982968086007
115.93026863896182
115.82059700678178
115.71082081756538
115.60094612722241
115.4909790093825
115.38092555042624
115.27079184450156
115.16058398853397
115.05030807723858
114.9399701981414
114.82957642661745
114.71913282095284
114.60864541743786
114.49812022549952
114.38756322288145
114.27698035087997
114.16637750964412
114.0557605535472
113.94513528663686
113.83450745817129
113.72388275824801
113.61326681353148
113.50266518308557
113.39208335431691
113.28152673903445
113.17100066962972
113.06051039538168
112.95006107888888
112.83965779263143
112.72930551566456
112.6190091304445
112.50877341978672
112.39860306395768
112.2885026379008
112.17847660859694
112.0685293325589
111.95866505345963
111.84888789989337
111.73920188326859
111.62961089583176
111.5201187088213
111.41072897075126
111.30144520582301
111.19227081246287
111.08320906198286
110.97426309736169
110.8654359321432
110.75673044945039
110.64814940111283
110.53969540690501
110.4313709538926
110.32317839588482
110.21511995299214
110.10719771128912
109.99941362258208
109.89176950428156
109.78426703938042
109.6769077765383
109.56969313027331
109.46262438126278
109.35570267675448
109.2489290310892
109.1423043263338
109.0358293130225
108.92950461100392
108.82333071038963
108.7173079726002
108.61143663150389
108.50571679464369
108.40014844454876
108.29473144012567
108.18946551812414
108.0843502946727
107.97938526688071
107.8745698145029
107.76990320166394
107.66538457864019
107.56101298369626
107.45678734497355
107.35270648242837
107.24876910981729
107.1449738367265
107.04131917064191
106.93780351905556
106.83442519160528
106.73118240224446
106.62807327143989
106.52509582839465
106.42224801329414
106.31952767957281
106.21693259619937
106.11446044997794
106.01210884786278
105.90987531928405
105.8077573184838
105.705752226861
105.6038573553254
105.50206994665925
105.4003871778867
105.29880616265152
105.19732395360434
105.09593754480109
104.99464387411486
104.89343982566352
104.79232223225456
104.691287877849
104.59033350004638
104.48945579259164
104.38865140790456
104.28791695963089
104.18724902521451
104.08664414849052
103.98609884229923
103.8856095911221
103.78517285373978
103.68478506591187
103.5844426430776
103.48414198307542
103.38387946887981
103.28365147135328
103.18345435201066
103.08328446579283
102.98313816384787
102.8830117963176
102.78290171512704
102.68280427677446
102.58271584512097
102.48263279417786
102.38255151089
102.28246839791377
102.18237987638845
102.08228238870034
101.98217240123854
101.88204640713998
101.78190092902123
101.68173252169431
101.58153777486389
101.48131331580312
101.38105581200666
101.28076197381888
101.18042855703602
101.08005236548225
100.97963025355928
100.87915912877027
100.77863595421827
100.67805775107884
100.57742160104641
100.47672464875467
100.37596410417149
100.27513724496902
100.1742414188696
100.07327404596782
99.9722326210296
99.87111471576844
99.76991798109879
99.66864014936613
99.5672790365532
99.4658325444613
99.36429866286511
99.26267547163803
99.16096114284431
99.05915394279367
98.95725223405344
98.85525447741367
98.7531592338002
98.65096516613033
98.54867104110582
98.44627573093891
98.34377821500692
98.24117758143149
98.13847302857897
98.03566386647896
97.93274951815823
97.82972952088863
97.72660352734744
97.62337130668999
97.52003274553425
97.41658784885698
97.3130367408018
97.2093796653989
97.10561698719602
97.00174919180034
96.89777688633109
96.79370079978236
96.68952178329567
96.58524081034165
96.48085897680977
96.37637750100629
96.27179772355947
96.16712110723182
96.062349236638
95.95748381786728
95.85252667800937
95.747479764582
95.642345144859
95.53712500509737
95.43182164966213
95.32643750004756
95.22097509379391
95.11543708329854
95.00982623452141
94.9041454255851
94.79839764526984
94.69258599140339
94.58671366914568
94.48078398916873
94.37480036573349
94.26876631466557
94.16268545123198
94.05656148792143
93.95039823213033
93.84419958375604
93.73796953269748
93.6317121562635
93.52543161648991
93.41913215736592
93.31281810197144
93.20649384952723
93.1001638723606
92.99383271278832
92.88750497991866
92.7811853463741
92.67487854493736
92.56858936512315
92.46232264967925
92.35608329102051
92.24987622759902
92.14370644021328
92.03757894825951
91.93149880592834
91.82547109835029
91.71950093769321
91.61359345921566
91.50775381727956
91.40198718132436
91.296298731804
91.19069365608848
91.08517714433177
90.9797543853081
90.87443056221937
90.76921084847586
90.66410040345218
90.55910436821958
90.4542278612553
90.34947597413034
90.24485376717726
90.14036626514078
90.03601845281392
89.93181527066295
89.8277616104447
89.7238623108199
89.62012215296741
89.5165458562033
89.41313807360976
89.30990338767973
89.20684630598205
89.10397125685168
89.00128258510759
88.8987845478022
88.7964813100057
88.69437694062927
88.59247540828986
88.49078057722014
88.38929620322713
88.28802592970433
88.18697328370129
88.08614167205488
87.98553437758622
87.88515455536711
87.78500522905827
87.68508928732186
87.58540948031171
87.48596841624445
87.3867685580548
87.28781222013961
87.18910156519624
87.09063860116079
86.99242517825338
86.89446298613667
86.79675355119345
86.69929823392921
86.60209822650565
86.50515455040922
86.40846805425862
86.31203941175399
86.21586911977091
86.11995749660242
86.02430468035222
85.92891062748369
85.83377511152914
85.73889772196357
85.64427786324735
85.54991475404132
85.45580742659867
85.36195472633712
85.26835531159419
85.17500765356887
85.08191003645256
84.9890605577507
84.89645712879657
84.80409747545833
84.71197913904133
84.62009947738797
84.52845566617829
84.43704470043362
84.34586339622457
84.25490839258363
84.16417615362197
84.07366297085072
83.98336496570552
83.89327809227258
83.8033981402149
83.71372073789645
83.62424135570258
83.53495530955367
83.44585776460919
83.35694373915807
83.26820810869266
83.17964561016346
83.09125084641097
83.00301829077024
82.91494229184401
82.82701707844002
82.7392367646678
82.65159535518956
82.56408675061914
82.47670475306279
82.38944307179554
82.30229532906708
82.21525506603075
82.12831574878953
82.04147077455252
81.95471347789533
81.86803713711811
81.78143498069551
81.69490019381294
81.60842592498386
81.52200529274194
81.43563139240018
81.34929730286808
81.26299609351736
81.17672083108653
81.09046458661305
81.0042204423819
80.91798149887916
80.83174088173962
80.74549174867684
80.6592272963843
80.57294076739606
80.4866254568957
80.40027471946303
80.31388197574915
80.22744071907016
80.14094452191102
80.05438704233109
79.96776203026354
79.88106333370217
79.79428490476823
79.70742080565105
79.62046521441732
79.53341243068485
79.44625688115764
79.35899312502056
79.27161585919168
79.18411992342897
79.09650030528758
79.00875214492362
78.92087073974005
78.8328515488696
78.7446901974887
78.65638248095695
78.5679243687772
78.47931200837161
78.39054172866973
78.30161004350542
78.21251365481963
78.12324945566694
78.03381453302403
77.94420617039883
77.85442185023861
77.7644592561354
77.67431627482777
77.58399099799782
77.49348172386247
77.4027869585593
77.31190541732722
77.22083602548297
77.12957791919415
77.03813044604998
76.94649316543051
76.85466584867514
76.76264847905087
76.67044125152084
76.5780445723136
76.4854590582937
76.39268553613418
76.29972504129147
76.20657881678333
76.11324831177056
76.01973517994325
75.926041277713
75.83216866221208
75.73811958910231
75.64389651019631
75.54950207089415
75.45493910743822
75.36021064398948
75.26531988952853
75.17027023458591
75.07506524780545
74.97970867234436
74.88420442211371
74.78855657786367
74.69276938311741
74.59684723995854
74.5007947046767
74.40461648327646
74.30831742685443
74.21190252685021
74.11537691017706
74.01874583423812
73.92201468183445
73.82518895597165
73.72827427457098
73.63127636509107
73.53420105906619
73.43705428656645
73.33984207058543
73.24257052136082
73.14524583063351
73.04787426585031
72.95046216431538
72.85301592729641
72.75554201409139
72.65804693606131
72.56053725063353
72.46301955528091
72.36550048148186
72.26798668866692
72.17048485815755
72.07300168710285
71.97554388241983
71.87811815474296
71.78073121239001
71.68338975535093
71.58610046930707
71.48887001968805
71.39170504577461
71.29461215485568
71.19759791644819
71.10066885658861
71.00383145220505
70.90709212557735
70.81045723889255
70.71393308890171
70.6175259016837
70.52124182752092
70.42508693589033
70.32906721057324
70.23318854488704
70.13745673704179
70.04187748562421
69.94645638521135
69.85119892211569
69.7561104702634
69.66119628720676
69.5664615102717
69.47191115284082
69.37755010077288
69.28338310895927
69.1894147980187
69.09564965113069
69.00209201100839
68.90874607701167
68.81561590240099
68.72270539173293
68.63001829839926
68.53755822231189
68.44532860773633
68.35333274127585
68.26157375000777
68.1700545997734
68.07877809362243
67.98774687041204
67.89696340356035
67.80642999995304
67.71614879900086
67.62612177184634
67.53635072071746
67.44683727842614
67.35758290800909
67.26858890250897
67.17985638489377
67.09138630811215
67.00317945528259
66.91523644001457
66.82755770685965
66.74014353189075
66.65299402340823
66.5661091227715
66.4794886053556
66.39313208163215
66.30703899837461
66.22120863998789
66.13564012996092
66.05033243244118
65.96528435393016
65.88049454509765
65.7959615027125
65.71168357168706
65.62765894723186
65.54388567711744
65.46036166403981
65.37708466808563
65.29405230929304
65.2112620703037
65.12871129910282
65.04639721184408
64.96431689575685
64.88246731213287
64.80084529938962
64.71944757620732
64.63827074473745
64.55731129388086
64.47656560263302
64.39602994349424
64.31570048594178
64.23557329996136
64.15564435963518
64.07590954678227
63.996364654647216
63.91700539163322
63.83782738507558
63.75882618505194
63.679997268226096
63.60133604172223
63.52283784702633
63.44449796391189
63.36631161438675
63.28827396665958
63.210380139124375
63.13262520436183
63.05500419315541
62.97751209851981
62.90014387973878
62.82289446640954
62.74575876249082
62.66873165035162
62.59180799481811
62.51498264721653
62.43825044940928
62.36160623782189
62.28504484745707
62.20856111589251
62.132149887258834
62.05580601619499
61.97952437177793
61.90329984142346
61.82712733475489
61.75100178743622
61.67491816496721
61.59887146643757
61.52285672823808
61.44686902772588
61.37090348684171
61.294955275676784
61.21901961598712
61.14309178465305
61.06716711708168
60.99124101055059
60.915308927490905
60.8393663987083
60.763409026540266
60.687432487947824
60.61143253753982
60.53540501052793
60.45934582561062
60.38325098778403
60.30711659107816
60.230938821216675
60.154713958198776
60.0784383788017
60.002108559002345
59.92572107631667
59.84927261205518
59.772759953492816
59.69617999595118
59.61952974479134
59.54280631731597
59.466006944579355
59.38912897310376
59.3121698665007
59.23512720699562
59.157998696854456
59.080782159711354
59.003475541796824
58.92607691306602
58.84858446822704
58.77099652766945
58.69331153829323
58.61552807423793
58.53764483751182
58.45966065852029
58.38157449649269
58.30338543980655
58.22509270620877
58.146695642933636
58.06819372671718
57.98958656370779
57.910873889273304
57.83205556770507
57.75313159181955
57.67410208245859
57.594967287888764
57.515727583100315
57.43638346900586
57.356935571540006
57.27738464066054
57.197731549252225
57.117977291933855
57.038122983769355
56.95816985888369
56.87811926898483
56.79797268179327
56.71773167938123
56.637397956423726
56.55697331836346
56.47645967949152
56.39585906094593
56.31517358863031
56.234405491055135
56.153557097104375
56.07263083372991
55.99162922357599
55.910554882535656
55.82941051724132
55.74819892249199
55.666922978619574
55.58558564879659
55.50418997628683
55.42273908163995
55.34123615983018
55.259684477339455
55.178087369185256
55.09644823589387
55.01477054042042
54.933057805017405
54.85131360805324
54.76954158078278
54.68774540407171
54.60592880507691
54.5240955538848
54.44224946010983
54.360394369455186
54.278534160238316
54.196672739884015
54.1148140413882
54.032962019755615
53.95112064841496
53.869293915614804
53.78748582080405
53.705700371000745
53.62394157715349
53.542213450499645
53.46051999892538
53.3788652233321
53.29725311401333
53.21568764704571
53.13417278069781
53.052712451860174
52.97131057250047
52.88997102614772
52.80869766441012
52.72749430353096
52.64636472098667
52.56531265213087
52.484341786888734
52.40345576650557
52.322658180353386
52.24195256279856
52.16134239013385
52.08083107757747
52.00042197634204
51.92011837077612
51.83992347558112
51.75984043310589
51.67987231072189
51.600022098281464
51.52029270566205
51.4406869603982
51.36120760540333
51.281857296783265
51.20263860174358
51.12355399659233
51.04460586484
50.96579649539816
50.88712808087856
50.80860271599473
50.730222396067994
50.65198901564016
50.573904367194665
50.49597013998774
50.41818791899086
50.34055918394565
50.263085308532276
50.1857675596519
50.108607096824095
50.03160497170003
49.95476212769264
49.87807939972466
49.80155751409492
49.72519708846257
49.64899863194889
49.57296254535574
49.49708912150046
49.42137854566683
49.345830896171684
49.270446145046286
49.195224158832524
49.12016469949307
49.045267425434666
48.97053189264337
48.89595755592997
48.82154377028384
48.74728979233318
48.6731947819098
48.59925780371596
48.525477829090576
48.451853737872355
48.37838432035717
48.30506827934728
48.23190423228978
48.158890713501435
48.08602617647735
48.01330899628091
47.940737472012714
47.8683098293554
47.79602422319154
47.72387874029194
47.651871402072075
47.58000016741427
47.50826293555322
47.436657549022485
47.36518179665906
47.29383341666296
47.222610099708234
47.15150949210097
47.080529198979846
47.009666787554366
46.93891979037603
46.86828570863743
46.7977620154942
46.727346159405286
46.657035567486915
46.58682764887608
46.51671979809932
46.44670939844299
46.37679382532146
46.306970449639905
46.2372366411492
46.16758977179041
46.09802721902668
46.028546369160445
45.95914462063332
45.88981938730536
45.820568101710315
45.751388218283246
45.682277216556834
45.61323260432261
45.544251920753545
45.475332739484834
45.40647267164963
45.33766936886662
45.268920526175926
45.2002238849201
45.131577235567086
45.062978420472184
44.99442533657578
44.92591593803321
44.85744823877321
44.78902031498155
44.720630307506504
44.652276424182624
44.58395694206923
44.51567020960034
44.44741464864297
44.379188756460515
44.31099110757811
44.24282035554666
44.17467523460267
44.106554561221294
44.038457235560436
43.97038224279397
43.90232865433246
43.83429562892997
43.766282413675754
43.69828834486924
43.63031284877701
43.56235544227047
43.4944157333436
43.42649342151026
43.358588298080974
43.29070024631909
43.22282924147652
43.15497535070955
43.08713873287451
43.019319638203456
42.95151840786059
42.88373547337966
42.81597135598287
42.74822666578194
42.68050210086267
42.61279844625386
42.545116572781694
42.47745743581078
42.40982207387299
42.34221160718562
42.274627236060724
42.20707023920778
42.1395419719322
42.072043864232455
42.00457741879927
41.93714420892121
41.869745876300044
41.80238412877924
41.73506073798865
41.667777536908886
41.60053641735896
41.53333932741048
41.46618826873151
41.39908529386343
41.33203250343444
41.26503204331333
41.19808610170775
41.13119690621124
41.064366720803655
40.99759784281013
40.930892599823316
40.864253346593436
40.79768246189035
40.731182345341374
40.6647554142483
40.59840410038702
40.53213084679282
40.465938104534295
40.399828329479014
40.333803979053066
40.26786750899702
40.20202137012068
40.13626800505926
40.070609845033395
40.005049306615426
39.93958878850395
39.874230668309444
39.80897729935395
39.74383100748832
39.67879408793072
39.613868802129716
39.549057374655135
39.484361990119666
39.419784790133846
39.355327870297046
39.29099327722683
39.22678300562875
39.16269899540849
39.098743128828445
39.034917227710125
38.971223050684145
38.90766229048937
38.84423657132287
38.78094744624251
38.71779639462453
38.65478481967851
38.59191404602289
38.52918531732438
38.466599794004864
38.404158551019506
38.341862575709044
38.27971276572934
38.21770992706102
38.15585477210202
38.09414791784586
38.03258988414852
37.97118109208684
37.90992186241094
37.848812414093445
37.78785286297783
37.7270432205285
37.66638339268495
37.60587317882185
37.54551227081741
37.48530025223207
37.425236597599486
37.365320671831434
37.305551729738234
37.24592891566608
37.18645126325237
37.12711769530001
37.06792702377084
37.00887794989831
36.949969064419015
36.89119884792303
36.83256567132273
36.774067796440114
36.71570337671276
36.65747045801866
36.59936697961982
36.54139077522448
36.483539574167345
36.425811002707384
36.36820258544234
36.31071174683948
36.25333581288178
36.19607201282836
36.13891748108811
36.08186925920567
36.0249242979584
35.96807945956292
35.91133151998995
35.85467717138588
35.798113024599424
35.74163561181104
35.68524138926296
35.628926740087486
35.57268797723135
35.51652134647373
35.460423029535725
35.40438914727901
35.348415762991586
35.29249888575817
35.23663447391289
35.18081843857169
35.125046647242016
35.069314927507264
35.01361907078302
34.957954836142335
34.90231795420664
34.84670413109893
34.79110905245534
34.735528387491115
34.67995779311741
34.624392918105
34.56882940729079
34.51326290582281
34.457689063439574
34.402103538779414
34.3465020037153
34.29088014771045
34.23523368219011
34.179558344924686
34.1238499044193
34.06810416430463
34.012316967723706
33.95648420170917
33.90060180154509
33.84466575510751
33.78867210717797
33.73261696372421
33.676496496142505
33.620306945456235
33.564044626465574
33.50770593184345
33.45128733617301
33.39478539992177
33.338196773347704
33.281518200332926
33.22474652214055
33.16787868108986
33.110911724145126
33.05384280641351
32.99666919454751
32.93938827004689
32.88199753245549
32.824494602448105
32.766877224803174
32.70914327125677
32.65129074323357
32.59331777445069
32.53522263339055
32.477003725638944
32.41865959608477
32.36018893097852
32.30159055984674
32.242863457260334
32.18400674445444
32.12501969079835
32.06590171511407
32.00665238684265
31.94727142705721
31.887758709321893
31.828114260395488
31.7683382607785
31.70843104510262
31.64839310236126
31.588225075979572
31.527927763722538
31.467502117440084
31.406949242648487
31.34627039794747
31.285466994272603
31.224540593983015
31.163492909784843
31.102325803491045
31.041041284618633
30.97964150882446
30.918128776180954
30.85650552929339
30.79477435126056
30.732937963480726
30.670999223305092
30.608961121541018
30.54682677980721
30.484599447743324
30.422282500076836
30.359879433550066
30.29739386371053
30.234829521567878
30.172190250120696
30.109480000756708
30.04670282953011
29.983862893319795
29.920964445872514
29.858011833735034
29.795009492079586
29.73196194042704
29.66887377827264
29.605749680619525
29.542594393425432
29.479412728968114
29.41620956113495
29.352989820642208
29.289758490189413
29.22652059955429
29.16328122063406
29.100045462438757
29.036818466042277
28.973605399497032
28.910411452718066
28.8472418323427
28.784101756571612
28.72099644999697
28.65793113842305
28.594911043684885
28.53194137847053
28.46902734115265
28.40617411063526
28.343386841221598
28.280670657509074
28.21803064931707
28.155471866653226
28.092999314723908
28.030617948994415
27.96833267030429
27.906148320042757
27.844069675389374
27.782101444625066
27.72024826251866
27.658514685793854
27.596905188681667
27.53542415856294
27.474075891705105
27.41286458909736
27.35179435238809
27.290869179928457
27.230092962925887
27.169469481711083
27.10900240212218
27.048695272009844
26.98855151786706
26.92857444158725
26.868767217354225
26.809132888667058
26.749674365502905
26.690394421620802
26.63129569200965
26.572380670483376
26.513651707426142
26.455111007690142
26.396760628648284
26.338602478404088
26.2806383141608
26.222869740751495
26.165298209331585
26.107925016235047
26.05075130199541
25.99377805053223
25.937006088503782
25.880436084826332
25.82406855036044
25.76790383776461
25.711942141516463
25.656183498101345
25.600627786367998
25.545274728050718
25.490123888457337
25.435174677321985
25.380426349821224
25.325878007752042
25.271528600869775
25.217376928383974
25.1634216406103
25.109661240776436
25.056094086979897
25.002718394295414
24.949532237029644
24.896533551120626
24.843720136679366
24.791089660670934
24.738639659732257
24.686367543123623
24.634270595811046
24.582345981676383
24.53059074685183
24.479001823175224
24.427576031762584
24.376310086694247
24.325200598810767
24.274244079614448
24.223436945272226
24.17277552071522
24.12225604383002
24.07187466973687
24.021627475149955
23.971510462814933
23.92151956601876
23.87165065316657
23.82189953242033
23.772261956393546
23.72273362689631
23.673310199724707
23.623987289488607
23.57476047447187
23.52562530151891
23.476577290941915
23.42761194144293
23.37872473504515
23.32991114202741
23.28116662585583
23.23248664810634
23.183866673371934
23.135302174148503
23.08678863569335
23.03832156085033
22.98989647483597
22.94150892998095
22.893154510421763
22.84482883673729
22.796527570525225
22.74824641891325
22.699981139000236
22.651727542222623
22.60348149864111
22.55523894114298
22.506995869555475
22.458748354665737
22.41049254214297
22.362224656358528
22.31394100409974
22.265637978173366
22.217312060894976
22.16895982746069
22.1205779491982
22.072163196694156
22.02371244279481
21.975222665476842
21.926690950585503
21.87811449443739
21.829490606285127
21.780816710641425
21.7320903494604
21.683309184174185
21.634470997582888
21.585573695596498
21.53661530882771
21.487593994034842
21.43850803541442
21.389355845743115
21.340135967369026
21.29084707305238
21.241487966656013
21.192057583686154
21.142554991684154
21.092979390469896
21.0433301122376
20.99360662150504
20.943808514917254
20.893935520906258
20.843987499208243
20.793964440239865
20.743866464335458
20.693693820846836
20.64344688710729
20.593126167261477
20.542732290963006
20.492266011941712
20.441728206442903
20.39111987154139
20.340442123333318
20.289696195008744
20.23888343480813
20.188005303865893
20.137063373944287
20.086059325060674
20.034994943010915
19.983872116791773
19.932692835925522
19.881459187690027
19.830173354257496
19.77883760974514
19.72745431718114
19.676025925389595
19.62455496579811
19.573044049172026
19.521495862279167
19.469913164488972
19.41829878430961
19.366655615866545
19.314986615326188
19.26329479726847
19.211583231012252
19.159855036897635
19.108113382529222
19.05636147898461
19.004602576992436
18.95283996308454
18.90107695572659
18.849316901431433
18.797563170859217
18.745819154908315
18.69408826080105
18.64237390816812
18.590679525135666
18.53900854441903
18.487364399427488
18.435750520384058
18.384170330464222
18.332627241957333
18.281124652454302
18.22966594106517
18.178254464670196
18.126893554207946
18.075586511003827
18.024336603142366
17.97314706188653
17.922021078147402
17.870961799007468
17.81997232430073
17.769055703252867
17.718214931184527
17.6674529462805
17.61677262642744
17.566176786122718
17.51566817345698
17.465249467172946
17.414923273802764
17.364692124886364
17.314558474273372
17.264524695511046
17.214593079320526
17.16476583116351
17.1150450689013
17.06543282054773
17.015931022117233
16.966541515569336
16.917266046850987
16.868106264037866
16.819063715575712
16.770139848622623
16.721336007493225
16.67265343220564
16.624093257132248
16.575656509754925
16.52734410952512
16.479156866828976
16.431095482057703
16.383160544783568
16.335352533041615
16.287671812717335
16.24011863704051
16.19269314618549
16.14539536697825
16.098225212710545
16.051182483061496
16.004266864126677
15.957477928554809
15.910815135791879
15.864277832432492
15.817865252678175
15.771576518902165
15.725410642320071
15.679366523765765
15.633442954571834
15.587638617553905
15.541952088098183
15.49638183535147
15.450926223512779
15.405583513225677
15.360351863070347
15.315229331154411
15.270213876801504
15.22530336233653
15.180495554966368
15.135788128754681
15.091178666689398
15.04666466284132
15.002243524612194
14.957912575070534
14.913669055373301
14.869510127271393
14.82543287569666
14.78143431142804
14.737511373834476
14.693660933692055
14.64987979607275
14.60616470330201
14.562512337982307
14.518919326079592
14.475382240069601
14.431897602140845
14.388461887451067
14.345071527433868
14.301722913152071
14.258412398694398
14.215136304612082
14.1718909213919
14.128672512962163
14.085477320228174
14.042301564633611
13.999141451744144
13.955993174849588
13.912852918580818
13.869716862537707
13.826581184924244
13.783442066187071
13.74029569265381
13.6971382601674
13.653965977712666
13.610775071031277
13.56756178622141
13.524322393318434
13.481053189852991
13.437750504382711
13.394410699993974
13.351030177770133
13.307605380222588
13.264132794681307
13.22060895664139
13.177030453062349
13.133393925616849
13.089696073885667
13.045933658495589
13.002103504196928
12.958202502877473
12.914227616509695
12.870175880028118
12.826044404133842
12.78183037802339
12.737531072039094
12.69314384023848
12.64866612288019
12.604095448824072
12.55942943784321
12.514665802845744
12.469802352004423
12.424836990791976
12.37976772392051
12.334592657183238
12.289309999196876
12.243918063043198
12.198415267808246
12.152800140017861
12.107071314968268
12.061227537950701
12.015267665369153
11.969190665750292
11.922995620644672
11.876681725418436
11.830248289934872
11.783694739125337
11.737020613449289
11.690225569243282
11.643309378958989
11.596271931290275
11.549113231189367
11.50183339977228
11.454432674113804
11.406911406932409
11.35927006616572
11.311509234437393
11.263629608416478
11.215631998070505
11.167517325813646
11.119286625551338
11.070941041622843
11.022481827643501
10.973910345248482
10.925228062740016
10.876436553640145
10.827537495151203
10.778532666526202
10.729423947351503
10.680213315744137
10.630902846465982
10.581494708956921
10.531991165289082
10.48239456804438
10.432707358117622
10.382932062447434
10.333071291677069
10.283127737747048
10.233104171421695
10.183003439751667
10.132828463474619
10.082582234356204
10.032267812473615
9.981888323443878
9.931446955599222
9.880946957111712
9.830391633069462
9.779784342506781
9.729128495390718
9.678427549566443
9.627685007663892
9.576904413968101
9.526089351255742
9.475243437600376
9.424370323149013
9.373473686872522
9.322557233292535
9.27162468918759
9.22067980028123
9.1697263279148
9.118768045707652
9.067808736207501
9.01685218753355
8.965902190014964
8.914962532827252
8.86403700062913
8.813129370202487
8.76224340709815
8.711382862290048
8.660551468840278
8.60975293857756
8.558990958791458
8.508269188944869
8.457591257407206
8.40696075821069
8.3563812478321
8.305856242002287
8.255389212545817
8.204983584253066
8.154642731787066
8.104369976627291
8.054168584052634
8.004041760165814
7.953992648961553
7.9040243294408805
7.854139812773895
7.804342039513423
7.754633876861967
7.705018115994392
7.655497469438686
7.606074568517137
7.556751960850143
7.5075321079248445
7.4584173827307
7.409410067464008
7.360512351303362
7.311726328257982
7.263053995090784
7.214497249318063
7.166057887287584
7.117737602336865
7.069537983033383
7.021460511498373
6.973506561815786
6.925677398527971
6.877974175219539
6.8303979331908495
6.782949600222498
6.735629989432194
6.68843979822535
6.641379607340642
6.594449879991803
6.54765096110675
6.50098307666516
6.454446333135503
6.408040717012493
6.361766094455898
6.31562221103149
6.269608691554874
6.223725040038788
6.177970639744432
6.132344753337323
6.086846523148112
6.0414749715387055
5.99622900137402
5.951107396599562
5.906108822925007
5.8612318286138745
5.816474845379275
5.771836189385603
5.72731406235598
5.682906552785155
5.638611637257455
5.594427181869334
5.550350943755965
5.506380572721169
5.4625136129699134
5.418747504942437
5.375079587248946
5.331507098703694
5.288027180457133
5.244636878224659
5.20133314461035
5.158112841523964
5.114972742689408
5.071909536242775
5.028919827417941
4.986000141317516
4.943146925766908
4.900356554249203
4.857625328918385
4.81494948368832
4.77232518739488
4.7297485470284535
4.687215611034031
4.64472237267596
4.602264773464326
4.559838706639883
4.517440020714413
4.475064523063312
4.432707983567118
4.390366138298658
4.348034693252364
4.305709328112259
4.263385700055062
4.22105944758478
4.178726194395122
4.136381553255977
4.094021129920152
4.051640527046538
4.0092353481358645
3.96680120147515
3.9243337040869197
3.881828485679261
3.839281192592779
3.7966874917404922
3.7540430745366957
3.711343660810829
3.6685850027023785
3.6257628885328534
3.5828731466509245
3.539911649246821
3.4968743161321023
3.45375711848096
3.4105560825292387
3.36726729322743
3.323886897843936
3.2804111095149633
3.2368362107374806
3.1931585568017566
3.149374579160058
3.10548078872817
3.06147377911648
3.017350229787465
2.973106909136501
2.9287406774930145
2.884248490039092
2.839627399642808
2.7948745596036204
2.749987226307301
2.7049627617879284
2.6597986361945725
2.6144924301603534
2.569041837071693
2.5234446652356786
2.47769883994357
2.4318024054286256
2.3857535267165013
2.3395504913665683
2.2931917111025992
2.2466757233314105
2.200001192548134
2.153166911626911
2.1061718029959056
2.059014919695643
2.01169544631978
1.9642126998375344
1.916566130297144
1.8687553214098063
1.8207799910136733
1.772639991417574
1.7243353096242693
1.675866067433164
1.6272325214225078
1.5784350628112391
1.529474217200746
1.480350644196917
1.4310651369129497
1.381618621353481
1.3320121556806856
1.2822469293631085
1.2323242622081063
1.182245603278874
1.132012529697123
1.0816267453325874
1.0310900793806392
0.9804044848293992
0.929572036817823
0.8785949308863481
0.8274754811217677
0.7762161181980819
0.7248193873151599
0.6732879460371298
0.6216245620324861
0.5698321107179767
0.5179135728084089
0.4658720317745887
0.4137106712116851
0.3614327721203736
0.30904171010318066
0.25654095247851727
0.2039340553149555
0.1512246603883642
0.09841649206458362
0.045513354110380135
-0.007480873564519237
-0.06056223823145632
-0.1137267177300225
-0.16697022391542188
-0.22028860616299306
-0.2736776549268137
-0.3271331053492612
-0.3806506409183547
-0.4342258971696541
-0.4878544654294484
-0.5415318965959168
-0.5952537049549105
-0.6490153720269639
-0.7028123504421105
-0.7566400678390401
-0.8104939307851062
-0.8643693287136583
-0.9182616378751419
-0.9721662252983865
-1.026078452758484
-1.079993680747638
-1.1339072724453534
-1.1878145976843277
-1.241711036908401
-1.2955919851189241
-1.3494528558059031
-1.4032890848602755
-1.4570961344636806
-1.5108694969521002
-1.5646046986497701
-1.6182973036697899
-1.6719429176778748
-1.725537191615722
-1.7790758253804746
-1.8325545714568043
-1.885969238498169
-1.9393156948538526
-1.992589872038454
-2.0457877681405416
-2.0989054511672443
-2.1519390623216204
-2.2048848192097186
-2.257739018974313
-2.310498041352409
-2.363158351653703
-2.4157165036572783
-2.468169142423892
-2.5205130070213033
-2.5727449331601977
-2.6248618557383594
-2.676860811290865
-2.728738940344172
-2.7804934896720828
-2.8321218144516433
-2.883621380317135
-2.9349897653104167
-2.9862246617260135
-3.0373238778494573
-3.0882853395875016
-3.13910709198892
-3.1897873006546877
-3.240324253036432
-3.2907163596221687
-3.3409621550084396
-3.391060298858085
-3.4410095767429736
-3.4908089008711576
-3.5404573106980157
-3.58995397342106
-3.639298184358164
-3.688489367209072
-3.7375270742001376
-3.786410986112365
-3.835140912192927
-3.8837167899504093
-3.9321386848341793
-3.980406789798363
-4.028521424751031
-4.076483035889301
-4.124292194921147
-4.171949598174842
-4.219456065597031
-4.26681253964057
-4.314020084043326
-4.361079882499274
-4.407993237223307
-4.454761567411256
-4.5013864075967005
-4.547869405906257
-4.594212322215092
-4.640417026204502
-4.68648549532353
-4.732419812656644
-4.778222164699635
-4.8238948390459555
-4.869440221985869
-4.914860796020847
-4.960159137295712
-5.005337912951043
-5.050399878398395
-5.095347874521033
-5.140184824802888
-5.184913732388531
-5.229537677076971
-5.274059812252199
-5.318483361753474
-5.362811616688406
-5.40704793219191
-5.451195724134182
-5.495258465780874
-5.53923968440868
-5.583142957879612
-5.62697191117726
-5.670730212908441
-5.71442157177363
-5.75804973300961
-5.801618474807828
-5.84513160471197
-5.888592955998266
-5.932006384042051
-5.975375762674108
-6.018704980530349
-6.061997937398336
-6.105258540564177
-6.14849070116333
-6.191698330538874
-6.234885336610806
-6.2780556202599325
-6.321213071729913
-6.364361567051004
-6.40750496448902
-6.450647101023021
-6.4937917888552255
-6.53694281195657
-6.580103922651332
-6.623278838244089
-6.6664712376923125
-6.709684758327824
-6.752922992630296
-6.796189485055912
-6.83948772892429
-6.882821163366678
-6.926193170338337
-6.969607071698015
-7.013066126357352
-7.056573527502999
-7.100132399894137
-7.143745797237927
-7.1874166996453335
-7.231148011169667
-7.274942557430068
-7.318803083322047
-7.362732250817162
-7.406732636853805
-7.4508067313210615
-7.494956935137419
-7.539185558426008
-7.583494818787929
-7.627886839675088
-7.672363648863875
-7.7169271770309145
-7.761579256431968
-7.806321619685004
-7.851155898658309
-7.896083623464474
-7.941106221561005
-7.98622501695822
-8.031441229534947
-8.076755974462385
-8.122170261736413
-8.167684995818403
-8.213300975384568
-8.259018893183649
-8.304839336002727
-8.350762784740864
-8.396789614590118
-8.44292009532335
-8.489154391688151
-8.53549256390611
-8.58193456827646
-8.628480257882963
-8.675129383402833
-8.72188159401638
-8.76873643841597
-8.815693365912779
-8.862751727639832
-8.909910777849746
-8.957169675305444
-9.004527484762002
-9.051983178537734
-9.099535638172549
-9.147183656171515
-9.194925937831515
-9.242761103148753
-9.290687688804725
-9.338704150228198
-9.38680886373068
-9.435000128712788
-9.483276169938737
-9.531635139876133
-9.580075121098265
-9.628594128746077
-9.677190113046965
-9.725860961887438
-9.774604503436723
-9.823418508818339
-9.872300694826496
-9.921248726684258
-9.970260220840405
-10.01933274780196
-10.068463834999212
-10.117650969679977
-10.16689160182971
-10.216183147114185
-10.265522989841392
-10.314908485939332
-10.364336965946327
-10.41380573801033
-10.463312090893757
-10.512853296980417
-10.562426615281218
-10.612029294435281
-10.661658575703022
-10.711311695947977
-10.760985890604168
-10.810678396625924
-10.860386455417093
-10.910107315736632
-10.959838236577646
-11.009576490016947
-11.059319364032143
-11.109064165283295
-11.158808221856328
-11.20854888596565
-11.258283536613357
-11.308009582202468
-11.357724463101727
-11.407425654159718
-11.457110667165958
-11.506777053256679
-11.556422405263088
-11.606044360000023
-11.655640600493069
-11.70520885814231
-11.754746914820867
-11.804252604906406
-11.8537238172439
-11.903158497038017
-11.952554647673718
-12.001910332463762
-12.051223676322037
-12.10049286736165
-12.14971615841682
-12.198891868487733
-12.248018384107537
-12.297094160630904
-12.34611772344351
-12.395087669091948
-12.444002666333516
-12.492861457105603
-12.541662857414536
-12.590405758143973
-12.639089125782931
-12.687712003073585
-12.736273509578979
-12.784772842170938
-12.833209275438463
-12.881582162017068
-12.929890932839356
-12.978135097307202
-13.026314243386013
-13.074428037621589
-13.122476225080108
-13.170458629211824
-13.218375151639124
-13.266225771869701
-13.314010546935679
-13.361729610959573
-13.409383174647987
-13.45697152471408
-13.504495023229895
-13.551954106909609
-13.59934928632477
-13.646681145052671
-13.69395033875897
-13.74115759421574
-13.788303708256084
-13.835389546666523
-13.882416043018356
-13.929384197439365
-13.976295075327176
-14.023149806005737
-14.069949581326318
-14.11669565421453
-14.163389337164949
-14.210032000685052
-14.256625071690129
-14.303170031850874
-14.349668415895371
-14.396121809867159
-14.442531849341114
-14.488900217599001
-14.535228643766464
-14.581518900913073
-14.627772804117008
-14.673992208495925
-14.720179007205608
-14.766335129407928
-14.812462538209722
-14.858563228574376
-14.904639225207823
-14.950692580420714
-14.996725371968516
-15.0427397008715
-15.088737689216565
-15.134721477942826
-15.180693224612975
-15.226655101172378
-15.272609291697828
-15.318557990137814
-15.364503398046134
-15.41044772231063
-15.456393172878785
-15.502341960481923
-15.548296294359696
-15.594258379986409
-15.640230416800742
-15.686214595940635
-15.732213097985076
-15.778228090704681
-15.824261726822908
-15.870316141789598
-15.916393451568677
-15.962495750441885
-16.008625108830497
-16.054783571136948
-16.100973153608248
-16.147195842222825
-16.1934535906023
-16.23974831794963
-16.286081907014914
-16.33245620209018
-16.378873007034624
-16.425334083331958
-16.471841148181664
-16.518395872625785
-16.56499987971308
-16.611654742702438
-16.658361983307213
-16.705123069982122
-16.75193941625419
-16.79881237909926
-16.8457432573655
-16.89273329024512
-16.939783655795807
-16.986895469513215
-17.03406978295604
-17.081307582425296
-17.12860978769939
-17.175977250826463
-17.223410754975532
-17.27091101334767
-17.318478668148742
-17.366114289625074
-17.413818375163288
-17.461591348455414
-17.509433558730223
-17.557345280051507
-17.605326710683855
-17.653377972526513
-17.701499110616126
-17.749690092699197
-17.79795080887509
-17.846281071310177
-17.89468061402356
-17.943149092744864
-17.991686084844577
-18.04029108933746
-18.088963526959493
-18.137702740318876
-18.18650799412163
-18.235378475471922
-18.284313294247287
-18.333311483548815
-18.38237200022613
-18.431493725477257
-18.480675465523465
-18.529915952359065
-18.579213844576035
-18.628567728263267
-18.67797611798021
-18.72743745780453
-18.776950122453204
-18.826512418476373
-18.876122585522957
-18.925778797677317
-18.975479164866336
-19.02522173433625
-19.075004492198623
-19.124825365044792
-19.174682221628082
-19.224572874613052
-19.274495082390793
-19.32444655095916
-19.374424935866735
-19.424427844219117
-19.47445283674609
-19.524497429928267
-19.574559098181744
-19.624635276099163
-19.67472336074554
-19.724820714006775
-19.77492466498851
-19.825032512462748
-19.875141527359727
-19.925248955302646
-19.975352019182548
-20.0254479217708
-20.075533848366415
-20.12560696947541
-20.17566444351966
-20.225703419572493
-20.27572104011828
-20.325714443833174
-20.375680768384324
-20.42561715324494
-20.475520742522473
-20.525388687797044
-20.575218150967014
-20.625006307098158
-20.674750347272788
-20.72444748143526
-20.7740949412301
-20.823689982829205
-20.87322988974473
-20.92271197562441
-20.972133587025994
-21.021492106167713
-21.070784953651568
-21.12000959115646
-21.169163524098266
-21.21824430425393
-21.267249532346725
-21.316176860590346
-21.365023995189702
-21.41378869879638
-21.462468792916567
-21.51106216026905
-21.55956674709104
-21.60798056538941
-21.65630169513473
-21.70452828639567
-21.75265856141162
-21.800690816601517
-21.848623424507014
-21.896454835668084
-21.94418358042903
-21.991808270673108
-22.03932760148398
-22.08674035273224
-22.1340453905856
-22.181241668941357
-22.228328230779642
-22.27530420943599
-22.32216882979198
-22.368921409382967
-22.415561359421805
-22.462088185737475
-22.50850148962748
-22.554800968623045
-22.600986417166258
-22.647057727198348
-22.693014888658258
-22.738857989890835
-22.784587217964337
-22.830202858897046
-22.875705297793097
-22.921095018887847
-22.966372605503345
-23.011538739914606
-23.056594203127382
-23.101539874568026
-23.14637673168601
-23.191105849469714
-23.23572839987576
-23.280245651172145
-23.32465896719537
-23.36896980652201
-23.413179721555274
-23.45729035752725
-23.501303451417805
-23.545220830791088
-23.589044412550685
-23.6327762016142
-23.676418289508174
-23.71997285288418
-23.76344215195692
-23.806828528865335
-23.8501344059579
-23.89336228400347
-23.936514740329297
-23.979594426887896
-24.022604068254505
-24.06554645955691
-24.108424464339205
-24.151241012361336
-24.193999097336327
-24.236701774607038
-24.279352158764222
-24.321953421207834
-24.364508787653588
-24.407021535587003
-24.449494991667276
-24.491932529083297
-24.53433756486407
-24.57671355714578
-24.619064002397835
-24.661392432610285
-24.703702412444898
-24.74599753635215
-24.78828142565655
-24.83055772561292
-24.872830102436524
-24.915102240309835
-24.957377838368927
-24.99966060767275
-25.04195426815855
-25.084262545586483
-25.126589168476585
-25.16893786504096
-25.211312360114277
-25.253716372085563
-25.296153609834107
-25.33862776967183
-25.381142532294348
-25.42370155974291
-25.46630849237971
-25.508966945879052
-25.551680508236988
-25.594452736802314
-25.63728715533151
-25.68018725107024
-25.72315647186409
-25.766198223301163
-25.809315865889065
-25.852512712268837
-25.895792024468452
-25.939157011198294
-25.982610825190907
-26.026156560587513
-26.069797250373487
-26.113535863865028
-26.157375304249346
-26.201318406180608
-26.245367933433986
-26.289526576619924
-26.33379695096048
-26.378181594129362
-26.42268296415725
-26.467303437404045
-26.512045306599482
-26.556910778953444
-26.60190197433719
-26.647020923536566
-26.69226956657804
-26.73764975112818
-26.783163230967354
-26.828811664538456
-26.874596613571732
-26.920519541786895
-26.96658181367355
-27.012784693350802
-27.05912934350679
-27.105616824418668
-27.152248093053636
-27.19902400225164
-27.24594529999073
-27.293012628736086
-27.340226524873522
-27.3875874182283
-27.435095631669903
-27.4827513808034
-27.530554773748076
-27.578505811003804
-27.626604385405454
-27.674850282165334
-27.723243179003713
-27.77178264636755
-27.820468147737397
-27.869299040022337
-27.918274574042822
-27.967393895101235
-28.016656043640022
-28.066059955987168
-28.115604465188778
-28.165288301928324
-28.215110095531923
-28.26506837505904
-28.315161570477823
-28.36538801392403
-28.41574594104254
-28.466233492410378
-28.51684871504032
-28.567589563963946
-28.61845390389273
-28.669439510955684
-28.72054407451195
-28.771765199036693
-28.823100406078694
-28.874547136287774
-28.926102751510214
-28.977764536950374
-29.02952970339676
-29.081395389510632
-29.133358664175333
-29.18541652890447
-29.23756592030712
-29.289803712608304
-29.342126720222936
-29.39453170038142
-29.44701535580502
-29.49957433742891
-29.55220524717042
-29.604904640739804
-29.657669030490794
-29.710494888307906
-29.763378648527652
-29.816316710891034
-29.869305443524713
-29.922341185948273
-29.975420252104914
-30.02853893341261
-30.081693501832763
-30.13488021295355
-30.18809530908489
-30.241335022361728
-30.294595577852068
-30.347873196666047
-30.401164099062573
-30.454464507550302
-30.507770649979694
-30.561078762622618
-30.614385093236155
-30.66768590410739
-30.72097747507603
-30.774256106531727
-30.827518122382873
-30.880759872993668
-30.933977738086117
-30.987168129603464
-31.04032749453156
-31.09345231767508
-31.14653912438549
-31.199584483237736
-31.25258500865285
-31.305537363463962
-31.358438261423167
-31.411284469646937
-31.46407281099757
-31.516800166398347
-31.5694634770798
-31.622059746754523
-31.67458604371796
-31.727039502872792
-31.779417327674558
-31.831716791995852
-31.88393524190672
-31.93607009736919
-31.98811885384398
-32.040079083807704
-32.091948438178854
-32.14372464765068
-32.19540552392933
-32.246988960875875
-32.29847293555121
-32.34985550916314
-32.40113482791542
-32.4523091237585
-32.50337671504209
-32.55433600706959
-32.60518549255453
-32.6559237519788
-32.70654945385285
-32.75706135487808
-32.80745830001137
-32.85773922243231
-32.907903143413755
-32.95794917209633
-33.00787650516781
-33.057684426448354
-33.10737230638278
-33.15693960144096
-33.20638585342789
-33.25571068870488
-33.304913817323495
-33.35399503207361
-33.40295420744718
-33.4517912985192
-33.50050633974723
-33.54909944369109
-33.59757079965442
-33.64592067225021
-33.69414939989235
-33.74225739321514
-33.79024513342296
-33.838113170572285
-33.885862121788534
-33.933492669420616
-33.981005559136776
-34.02840159796554
-34.075681652285624
-34.12284664576853
-34.16989755727761
-34.21683541872707
-34.26366131290476
-34.310376371261924
-34.35698177167305
-34.40347873616909
-34.44986852864761
-34.49615245256351
-34.542331848603936
-34.58840809235082
-34.63438259193421
-34.680256785679745
-34.726032139752846
-34.771710145802814
-34.81729231860979
-34.862780193737905
-34.90817532519779
-34.95347928312091
-34.998693651448235
-35.04382002563531
-35.08886001037578
-35.1338152173449
-35.17868726296513
-35.22347776619546
-35.268188346346506
-35.31282062092305
-35.35737620349619
-35.401856701607414
-35.446263714707015
-35.49059883212908
-35.534863631105736
-35.579059674822986
-35.62318851052055
-35.66725166763848
-35.711250656013256
-35.7551869641261
-35.79906205740634
-35.84287737659225
-35.88663433615188
-35.930334322766164
-35.97397869387641
-36.017568776298
-36.06110586490161
-36.10459122136303
-36.14802607298214
-36.19141161157183
-36.234748992417
-36.27803933330373
-36.32128371361845
-36.36448317351702
-36.40763871316333
-36.45075129203676
-36.49382182830821
-36.53685119828416
-36.57984023591926
-36.622789732397656
-36.6657004357837
-36.70857305074217
-36.751408238328544
-36.794206615849625
-36.83696875679497
-36.87969519083973
-36.922386403919496
-36.96504283837735
-37.00766489318327
-37.05025292422548
-37.09280724467343
-37.13532812541141
-37.17781579554194
-37.22027044295752
-37.262692214979616
-37.305081219063034
-37.347437523564174
-37.389761158571396
-37.43205211679555
-37.47431035451866
-37.51653579259821
-37.55872831752462
-37.600887782528936
-37.64301400873857
-37.685106786378846
-37.727165876018645
-37.76919100985832
-37.811181893058276
-37.853138205106674
-37.89505960122459
-37.936945713807276
-37.978796153900234
-38.020610512708615
-38.06238836313837
-38.10412926136739
-38.14583274844493
-38.187498351917256
-38.22912558747764
-38.27071396063813
-38.312262968420484
-38.35377210106371
-38.39524084374584
-38.43666867831699
-38.47805508504125
-38.51939954434441
-38.560701538564885
-38.601960553704814
-38.64317608117857
-38.68434761955551
-38.7254746762935
-38.76655676945954
-38.80759342943422
-38.84858420059685
-38.88952864298794
-38.930426333946215
-38.97127686971713
-39.01207986703018
-39.05283496464254
-39.093541824846724
-39.13420013493992
-39.17480960865275
-39.215369987535595
-39.25588104230103
-39.296342574121454
-39.33675441588069
-39.377116433378646
-39.41742852648814
-39.45769063026283
-39.49790271599538
-39.53806479222503
-39.57817690569378
-39.61823914224998
-39.65825162769817
-39.69821452859417
-39.73812805298399
-39.77799245108502
-39.81780801590815
-39.85757508381982
-39.897294035044006
-39.93696529410408
-39.9765893302046
-40.016166657553576
-40.05569783562543
-40.09518346936522
-40.134624209334724
-40.17402075180075
-40.2133738387659
-40.252684257942114
-40.29195284266694
-40.331180471762984
-40.37036806934105
-40.40951660454737
-40.44862709125578
-40.48770058770554
-40.526738196085425
-40.565741062064255
-40.60471037426799
-40.64364736370333
-40.68255330312825
-40.72142950636998
-40.76027732759132
-40.79909816050644
-40.83789343754744
-40.87666462898334
-40.915413241993
-40.95414081969357
-40.99284894012617
-41.03153921520066
-41.070213289601604
-41.1088728396578
-41.14751957217788
-41.18615522325427
-41.22478155703765
-41.26340036448408
-41.30201346207655
-41.34062269052236
-41.379229913427366
-41.417837015948805
-41.45644590342778
-41.49505850000281
-41.53367674720511
-41.57230260253624
-41.6109380380293
-41.64958503879416
-41.688245601547976
-41.726921733132485
-41.76561544901938
-41.804328771805615
-41.84306372969991
-41.881822355001475
-41.92060668257244
-41.95941874830521
-41.99826058758623
-42.037134233757286
-42.07604171657499
-42.11498506066937
-42.153966284002365
-42.19298739632745
-42.23205039765122
-42.271157276697636
-42.31031000937543
-42.34951055724923
-42.38876086601539
-42.4280628639832
-42.46741846056278
-42.506829544760365
-42.54629798368188
-42.58582562104607
-42.62541427570801
-42.66506574019377
-42.704781779246105
-42.74456412838117
-42.78441449245628
-42.82433454424876
-42.864325923046124
-42.90439023324723
-42.94452904297401
-42.98474388269398
-43.02503624385383
-43.06540757752498
-43.105859293062
-43.14639275677581
-43.18700929062351
-43.22771017091674
-43.26849662705064
-43.309369840255215
-43.35033094237093
-43.39138101464988
-43.4325210865838
-43.47375213476074
-43.515075081752634
-43.55649079503599
-43.59800008594818
-43.63960370868177
-43.6813023593191
-43.723096674909534
-43.76498723259164
-43.80697454876242
-43.84905907829501
-43.891241213805536
-43.93352128496935
-43.975899557886756
-44.018376234498085
-44.06095145204814
-44.103625282599815
-44.146397732596434
-44.189268742471775
-44.23223818630738
-44.275305871536496
-44.318471538694446
-44.36173486121482
-44.40509544527146
-44.44855282966632
-44.492106485763436
-44.535755817469585
-44.579500161262
-44.62333878626357
-44.66727089436586
-44.711295620400854
-44.75541203236242
-44.79961913167899
-44.84391585353831
-44.88830106726517
-44.9327735767526
-44.9773321209479
-45.02197537439435
-45.066701947829934
-45.111510388843506
-45.15639918258922
-45.20136675255964
-45.246411461417786
-45.29153161188788
-45.336725447704175
-45.381991154616465
-45.42732686145104
-45.472730641225674
-45.51820051231727
-45.563734439680566
-45.609330336115484
-45.654986063580004
-45.70069943454519
-45.74646821338917
-45.79229011782679
-45.83816282037197
-45.88408394983026
-45.930051092819106
-45.9760617953137
-46.02211356421698
-46.06820386895198
-46.11433014307427
-46.16048978590227
-46.20668016416364
-46.252898613656
-46.29914244092062
-46.34540892492812
-46.39169531877543
-46.43799885139346
-46.48431672926513
-46.53064613815373
-46.576984244841086
-46.62332819887526
-46.66967513432765
-46.71602217155932
-46.76236641899614
-46.8087049749122
-46.85503492922142
-46.901353365277274
-46.94765736168115
-46.993943994099666
-47.040210337092006
-47.08645346594854
-47.13267045854151
-47.178858397188506
-47.22501437052854
-47.27113547541087
-47.31721881879646
-47.36326151967178
-47.40926071097455
-47.455213541530625
-47.50111717800088
-47.54696880683629
-47.59276563623992
-47.63850489813417
-47.68418385013162
-47.729799777507665
-47.775349995173386
-47.82083184964661
-47.86624272101956
-47.911580024920866
-47.95684121446932
-48.00202378221674
-48.04712526207751
-48.09214323124237
-48.13707531207435
-48.18191917398482
-48.226672535287626
-48.27133316502974
-48.315898884796546
-48.36036757049029
-48.40473715407986
-48.44900562532026
-48.493171033440056
-48.53723148879535
-48.581185164489135
-48.62503029795507
-48.668765192504814
-48.71238821883767
-48.75589781651134
-48.79929249537255
-48.8425708369464
-48.88573149578408
-48.92877320076811
-48.971694756374426
-49.0144950438902
-49.05717302258622
-49.09972773084197
-49.14215828722214
-49.18446389150258
-49.22664382564371
-49.26869745470972
-49.31062422773149
-49.35242367851108
-49.39409542636533
-49.435639176805886
-49.47705472215349
-49.51834194208478
-49.559500804109085
-49.60053136397246
-49.64143376598687
-49.68220824328315
-49.72285511798619
-49.76337480131033
-49.80376779357314
-49.84403468412673
-49.88417615120547
-49.92419296168938
-49.964085970782854
-50.00385612160854
-50.04350444471614
-50.08303205750578
-50.122440163565805
-50.161730051924984
-50.20090309621897
-50.23996075377081
-50.278904564585126
-50.31773615025613
-50.3564572127897
-50.395069533339914
-50.43357497086034
-50.47197546067045
-50.51027301293723
-50.54846971107261
-50.586567710046694
-50.62456923461693
-50.66247657747331
-50.700292097299524
-50.73801821674968
-50.775657420340536
-50.81321225225892
-50.85068531408413
-50.88807926242484
-50.92539680647016
-50.9626407054553
-50.99981376604248
-51.036918839618835
-51.073958819513365
-51.11093663813594
-51.147855264041965
-51.184717698926846
-51.22152697455451
-51.258286149624354
-51.29499830658122
-51.33166654837325
-51.36829399516293
-51.40488378099704
-51.44143905044095
-51.4779629551829
-51.514458650613534
-51.55092929238563
-51.58737803295898
-51.62380801813501
-51.66022238358593
-51.69662425138287
-51.73301672652727
-51.7694028934898
-51.805785812760945
-51.84216851741783
-51.87855400971134
-51.9149452576776
-51.95134519177802
-51.9877567015719
-52.024182632426204
-52.06062578226695
-52.097088898376825
-52.13357467424376
-52.170085746465276
-52.206624691712676
-52.243194023758946
-52.27979619057365
-52.31643357148792
-52.3531084744325
-52.38982313325178
-52.426579705097
-52.46338026790178
-52.50022681794283
-52.53712126748863
-52.57406544253931
-52.61106108066039
-52.64810982891319
-52.6852132418841
-52.72237277981472
-52.75958980683444
-52.79686558929686
-52.834201294221685
-52.87159798784384
-52.909056634271536
-52.946578094255045
-52.98416312406695
-53.02181237449466
-53.05952638994583
-53.09730560766704
-53.13515035707579
-53.1730608592064
-53.211037226269724
-53.24907946132626
-53.2871874580724
-53.325361000739385
-53.363599764104755
-53.40190331361615
-53.44027110562704
-53.47870248774374
-53.51719669928347
-53.55575287184272
-53.594370029975074
-53.63304709197789
-53.671782870787844
-53.710576074984694
-53.74942530990305
-53.788329078851554
-53.827285784438494
-53.86629373000287
-53.90535112114956
-53.94445606738717
-53.983606583867164
-54.022800593222236
-54.06203592750192
-54.101310330203184
-54.14062145839396
-54.179966884927104
-54.21934410074224
-54.25875051725243
-54.29818346881249
-54.337640215265914
-54.377117944567296
-54.41661377547698
-54.45612476032475
-54.495647887839176
-54.53518008603911
-54.574718225182984
-54.61425912077167
-54.65379953660031
-54.69333618785456
-54.732865744246546
-54.77238483318579
-54.811890042980885
-54.85137792606768
-54.89084500226031
-54.930287762021784
-54.9697026697505
-55.00908616707992
-55.048434676188755
-55.087744603118985
-55.12701234109958
-55.16623427387359
-55.20540677902577
-55.244526231307795
-55.283589005958255
-55.3225914820142
-55.361530045610984
-55.40040109326768
-55.43920103515499
-55.47792629834286
-55.51657333002536
-55.55513860071975
-55.593618607436476
-55.63200987681686
-55.67030896823528
-55.70851247686304
-55.74661703669112
-55.78461932350983
-55.822516057843686
-55.86030400784004
-55.89797999211065
-55.93554088252567
-55.97298360695969
-56.0103051519889
-56.04750256553886
-56.0845729594822
-56.121513512185956
-56.15832147100842
-56.19499415474512
-56.23152895602338
-56.26792334364488
-56.30417486487521
-56.34028114767953
-56.37623990290329
-56.412048926396764
-56.447706101082005
-56.48320939896125
-56.51855688306584
-56.55374670934451
-56.5887771284893
-56.62364648769737
-56.65835323236654
-56.69289590772256
-56.72727316037576
-56.76148373980446
-56.795526499762886
-56.82940039961038
-56.86310450555918
-56.89663799183852
-56.93000014177271
-56.96319034877091
-56.99620811722643
-57.02905306332353
-57.06172491575005
-57.09422351631433
-57.12654882046523
-57.15870089771373
-57.19067993195408
-57.22248622168273
-57.25412018011359
-57.28558233518832
-57.31687332948103
-57.34799391999671
-57.378944977863725
-57.40972748792045
-57.4403425481966
-57.47079136928947
-57.50107527363535
-57.53119569467604
-57.56115417592069
-57.59095236990298
-57.62059203703426
-57.65007504435276
-57.67940336416977
-57.708579072613745
-57.737604348073475
-57.76648146954186
-57.79521281486193
-57.82380085887762
-57.852248171491496
-57.880557415631685
-57.90873134513031
-57.93677280251574
-57.9646847167209
-57.99247010071024
-58.020132049028284
-58.047673735273
-58.07509840949671
-58.102409395537556
-58.1296100882846
-58.156703950879766
-58.183694511860146
-58.21058536224432
-58.23738015256696
-58.26408258986623
-58.29069643462832
-58.317225497693464
-58.34367363712703
-58.37004475505994
-58.396342794502
-58.422571736131765
-58.4487355950664
-58.47483841761487
-58.500884278018525
-58.52687727518303
-58.55282152940543
-58.57872117909982
-58.60458037752493
-58.630403289516146
-58.656194088225156
-58.68195695187
-58.70769606049844
-58.73341559276752
-58.759119722741666
-58.78481261671151
-58.810498430035004
-58.83618130400253
-58.86186536272822
-58.88755471006919
-58.91325342657472
-58.938965566467
-58.96469515465525
-58.990446183784734
-59.01622261132166
-59.04202835667535
-59.06786729835829
-59.09374327118484
-59.11966006350922
-59.145621414503005
-59.17163101147343
-59.19769248722394
-59.223809417458305
-59.249985318229896
-59.276223643437554
-59.302527782369616
-59.328901057297394
-59.355346721119695
-59.38186795505987
-59.40846786641708
-59.43514948637408
-59.46191576786389
-59.48876958349802
-59.51571372355891
-59.54275089405973
-59.56988371487409
-59.59711471793832
-59.62444634552883
-59.651880948616956
-59.67942078530348
-59.707068019335
-59.734824718703976
-59.762692854334375
-59.790674298854526
-59.81877082545884
-59.84698410685996
-59.87531571433186
-59.90376711684405
-59.93233968028716
-59.96103466679028
-59.989853234130464
-60.01879643523438
-60.04786521777254
-60.07706042384615
-60.106382789766485
-60.13583294592655
-60.16541141676447
-60.19511862081811
-60.22495487087053
-60.25492037418604
-60.285015232836884
-60.315239444121005
-60.34559290107143
-60.376075393057874
-60.406686606480775
-60.43742612555752
-60.46829343320036
-60.49928791198545
-60.530408845212946
-60.56165541805785
-60.59302671881096
-60.6245217402095
-60.65613938085693
-60.687878446730906
