-7.261915420224211e-13
-1.2227532495047578e-11
-1.0318830864667154e-10
-5.859097677771053e-10
-2.534350430744122e-09
-8.95783880580168e-09
-2.707564738313242e-08
-7.224166799164743e-08
-1.7415003840814917e-07
-3.8601296330335823e-07
-7.974431124395562e-07
-1.5517967179310075e-06
-2.8687415764207422e-06
-5.072808235000122e-06
-8.628664246977385e-06
-1.4183821976206951e-05
-2.2619451367371676e-05
-3.510992165865187e-05
-5.319164138401986e-05
-7.884170530702193e-05
-0.00011456679118246701
-0.00016350267942029007
-0.00022952469572071747
-0.00031736930138906086
-0.00043276697908617125
-0.0005825864839307462
-0.0007749904517886727
-0.0010196022788538444
-0.0013276841097836774
-0.0017123256961906514
-0.002188643813651463
-0.0027739918539760205
-0.003488179140635437
-0.004353699449297285
-0.005395968152635498
-0.00664356734921342
-0.00812849828048984
-0.009886440288045981
-0.011957015515122812
-0.014384058512610915
-0.017215889869841315
-0.020505592954952374
-0.024311292818299066
-0.028696436285348733
-0.03373007224277417
-0.039487131102994226
-0.046048702418189355
-0.05350230960478489
-0.06194218073348442
-0.07146951433807147
-0.08219273919828879
-0.0942277670580504
-0.10769823724992976
-0.12273575221017655
-0.13948010288531662
-0.15807948305154698
-0.1786906915915086
-0.20147932179945552
-0.22661993681518464
-0.2542962303191899
-0.2847011716561952
-0.3180371345913424
-0.35451600894269814
-0.3943592943752273
-0.4377981756847991
-0.4850735789459655
-0.5364362079440239
-0.592146560360075
-0.6524749232272459
-0.7177013472268166
-0.7881155994444782
-0.8640170942592328
-0.9457148020903362
-1.033527135781043
-1.1277818144515792
-1.2288157047076023
-1.3369746391442714
-1.452613212139803
-1.5760945529858683
-1.7077900764552854
-1.8480792109600486
-1.9973491045046927
-2.155994308691194
-2.324416441081978
-2.50302382627699
-2.692231116109073
-2.8924588894090437
-3.104133231837797
-3.3276852963272856
-3.563550844715294
-3.8121697712005185
-4.073985608284479
-4.349445015905158
-4.638997254503942
-4.9430936428023315
-5.2621870010979945
-5.596731080921005
-5.947179981920429
-6.313987556878751
-6.6976068057770775
-7.098489259857522
-7.517084356650605
-7.95383880695489
-8.409195954773498
-8.883595131227398
-9.377471003478615
-9.891252919707627
-10.425364251198497
-10.980221732592435
-11.55623480137556
-12.153804937669697
-12.773325005396108
-13.415178595881008
-14.079739374968943
-14.767370434705274
-15.47842365064243
-16.213239045816156
-16.972144162427742
-17.755453442256055
-18.563467616809447
-19.396473108212334
-20.2547414418042
-21.13852867141027
-22.048074818222897
-22.983603324210787
-23.945320520949974
-24.933415114746122
-25.948057688892003
-26.98940022387698
-28.057575636337084
-29.152697337504897
-30.274858811888187
-31.424133216875084
-32.60057300393138
-33.80420956202227
-35.03505288385677
-36.29309125551831
-37.578290970009704
-38.89059606520445
-40.229928086659754
-41.596185875710034
-42.98924538322183
-44.40895950935311
-45.85515796962187
-47.327647187550724
-48.826210214116145
-50.350606674192306
-51.900572740140596
-53.47582113265678
-55.07604114894928
-56.700898718283376
-58.350036484888044
-60.02307391818402
-61.719607450253925
-63.43921064043746
-65.18143436689802
-66.94580704497046
-68.7318348720638
-70.53900209885738
-72.36677132649474
-74.21458382944517
-76.08185990367012
-77.96799923969813
-79.8723813201796
-81.79436584146053
-83.73329315868357
-85.6884847538959
-87.65924372661532
-89.64485530627717
-91.64458738595845
-93.65769107674946
-95.68340128212007
-97.72093729160342
-99.76950339309784
-101.82828950306535
-103.89647181388457
-105.97321345759511
-108.057665185253
-110.14896606110088
-112.24624417074054
-114.3486173424823
-116.45519388103165
-118.5650733126619
-120.67734714100928
-122.79109961261648
-124.90540849134211
-127.01934584074664
-129.13197881355828
-131.24237044731777
-133.3495804652986
-135.45266608179796
-137.55068281089225
-139.6426852777494
-141.72772803159106
-143.80486635939988
-145.87315709946805
-147.93165945388685
-149.97943579908045
-152.01555249349283
-154.03908068154365
-156.04909709297627
-158.04468483673205
-160.0249341884959
-161.9889433710704
-163.93581932674886
-165.86467848087125
-167.77464749576131
-169.66486401425948
-171.53447739208252
-173.38264941825662
-175.20855502288953
-177.01138297156865
-178.79033654569105
-180.54463420805234
-182.27351025304085
-183.9762154408021
-185.6520176147602
-187.30020230190337
-188.92007329526234
-190.51095321803462
-192.07218406882964
-193.60312774753368
-195.1031665613176
-196.57170371033465
-198.00816375267993
-199.4119930482101
-200.7826601808464
-202.1196563590098
-203.42249579386578
-204.69071605508327
-205.92387840383878
-207.12156810282283
-208.28339470303274
-209.4089923071607
-210.49801980941254
-211.5501611116191
-212.565125315528
-213.5426468911902
-214.48248582137978
-215.38442772201336
-216.24828393856035
-217.0738916184606
-217.86111375959024
-218.60983923484207
-219.3199827929128
-219.99148503541244
-220.62431237043813
-221.21845694277985
-221.77393654094848
-222.29079448123989
-222.76909946907048
-223.20894543784365
-223.61045136562834
-223.97376106995225
-224.29904298103415
-224.58648989380012
-224.83631869905057
-225.04877009416518
-225.22410827375174
-225.36262060066142
-225.46461725781236
-225.53043088128092
-225.56041617513515
-225.55494950850024
-225.51442849536338
-225.43927155763876
-225.32991747202854
-225.18682490122828
-225.010471910036
-224.801355466932
-224.55999093170576
-224.2869115297154
-223.9826678133746
-223.6478271114698
-223.28297296691775
-222.88870456358026
-222.46563614275996
-222.01439641000738
-221.53562793287605
-221.02998653026552
-220.49814065399423
-219.94077076324797
-219.35856869255176
-218.75223701391596
-218.12248839380808
-217.470044945603
-216.79563757816445
-216.10000534121045
-215.38389476811298
-214.64805921677916
-213.89325820925964
-213.12025677072583
-212.32982476845163
-211.52273625143025
-210.69976879125062
-209.8617028248505
-209.00932099975336
-208.14340752238792
-207.2647475100801
-206.37412634729736
-205.47232904671688
-204.56013961567993
-203.6383404285835
-202.70771160574856
-201.76903039929476
-200.82307058653856
-199.87060187142384
-198.91238929448156
-197.94919265180152
-196.9817659234855
-196.0108567120397
-195.03720569115268
-194.0615460652926
-193.08460304054375
-192.1070933070901
-191.12972453373692
-190.15319487484481
-189.17819249003543
-188.2053950770126
-187.23546941782735
-186.2690709388974
-185.30684328507328
-184.34941790802424
-183.39741366920094
-182.45143645761442
-181.51207882265572
-180.5799196221629
-179.65552368592745
-178.7394414948149
-177.83220887565523
-176.93434671204233
-176.04636067116536
-175.16874094677775
-174.30196201839436
-173.44648242679165
-172.60274456586905
-171.77117449091344
-170.95218174329017
-170.1461591915675
-169.3534828890659
-168.57451194780884
-167.8095884288355
-167.05903724882162
-166.32316610293904
-165.60226540386864
-164.8966082368659
-164.20645033076292
-163.53203004477658
-162.8735683709747
-162.23126895223712
-161.60531811553508
-160.9958849203397
-160.40312122195544
-159.8271617495641
-159.2681241987539
-158.726109338297
-158.20120113092824
-157.693466867868
-157.20295731682316
-156.72970688318836
-156.27373378416135
-155.83504023547633
-155.41361265045023
-155.00942185102716
-154.6224232904972
-154.25255728755977
-153.8997492713943
-153.56391003739648
-153.24493601323005
-152.942709534839
-152.65709913205936
-152.38795982346622
-152.13513342008835
-151.89844883761933
-151.67772241674882
-151.47275825123327
-151.28334852332117
-151.1092738461439
-150.9503036126803
-150.80619635090014
-150.67670008469034
-150.56155270016555
-150.4604823169648
-150.37320766413566
-150.29943846020686
-150.23887579705027
-150.19121252713379
-150.1561336537666
-150.13331672393977
-150.12243222336565
-150.12314397332307
-150.1351095289167
-150.15798057836173
-150.19140334290978
-150.23501897703522
-150.28846396850417
-150.35137053795324
-150.42336703760907
-150.50407834878524
-150.59312627779832
-150.69012994995114
-150.7947062012372
-150.90646996742453
-151.0250346701839
-151.15001259993323
-151.28101529507626
-151.41765391732156
-151.55953962277272
-151.7062839284879
-151.8574990742136
-152.01279837900393
-152.17179659244403
-152.33411024020506
-152.49935796366572
-152.6671608533452
-152.83714277590207
-153.00893069446033
-153.18215498203426
-153.35644972783302
-153.53145303623637
-153.70680731824336
-153.88215957520674
-154.05716167467767
-154.23147061819577
-154.40474880087072
-154.57666426261085
-154.74689093086454
-154.91510885475145
-155.08100443047192
-155.24427061788992
-155.40460714819392
-155.56172072254685
-155.71532520164396
-155.8651417861065
-156.01089918764796
-156.1523337909598
-156.28918980627373
-156.42121941256664
-156.54818289138484
-156.66984875127307
-156.78599384280412
-156.896403464214
-157.0008714576572
-157.0992002961045
-157.19120116091332
-157.27669401011096
-157.35550763743728
-157.42747972220374
-157.49245687003324
-157.5502946445542
-157.60085759013052
-157.64401924571663
-157.67966214993382
-157.70767783746825
-157.72796682690043
-157.7404386000812
-157.74501157317556
-157.7416130595038
-157.7301792243163
-157.71065503164115
-157.68299418334888
-157.64715905058367
-157.6031205977176
-157.55085829898755
-157.490360047979
-157.4216220601256
-157.3446487683975
-157.25945271235784
-157.1660544207691
-157.06448228793622
-156.95477244397986
-156.83696861923633
-156.71112200298623
-156.57729109671683
-156.4355415621255
-156.28594606407407
-156.128584108706
-155.96354187694303
-155.7909120535805
-155.61079365220414
-155.4232918361499
-155.22851773573117
-155.02658826195713
-154.81762591696813
-154.60175860141564
-154.37911941901368
-154.14984647848857
-153.91408269315272
-153.67197557832782
-153.42367704684074
-153.16934320281388
-152.90913413397033
-152.64321370267425
-152.37174933592559
-152.09491181452762
-151.81287506164352
-151.52581593095687
-151.23391399464793
-150.93735133139575
-150.63631231461244
-150.3309834011131
-150.02155292042147
-149.7082108649094
-149.39114868096402
-149.07055906137492
-148.74663573913057
-148.41957328280995
-148.08956689375276
-147.7568122051877
-147.42150508349545
-147.08384143177813
-146.7440169959047
-146.4022271731971
-146.05866682391837
-145.71353008571913
-145.36701019119522
-145.01929928870453
-144.67058826658507
-144.32106658091033
-143.97092208691214
-143.62034087419482
-143.2695071058576
-142.91860286163677
-142.5678079851727
-142.2172999355011
-141.8672536428632
-141.5178413689236
-141.1692325714784
-140.82159377372994
-140.47508843819782
-140.12987684533044
-139.7861159768765
-139.44395940407009
-139.10355718067837
-138.7650557409532
-138.42859780252326
-138.09432227425629
-137.76236416911576
-137.43285452203173
-137.10592031280072
-136.7816843940255
-136.4602654241017
-136.14177780525216
-135.8263316266071
-135.51403261232377
-135.2049820747357
-134.89927687251728
-134.59700937384517
-134.29826742453272
-134.0031343211081
-133.7116887888026
-133.42400496440976
-133.14015238397022
-132.8601959752314
-132.58419605482484
-132.31220833009937
-132.04428390554315
-131.78046929372388
-131.52080643067237
-131.26533269563268
-131.01408093509716
-130.76707949104164
-130.5243522332744
-130.2859185958096
-130.05179361717185
-129.82198798453638
-129.59650808160623
-129.37535604012785
-129.15852979494267
-128.94602314247155
-128.7378258025274
-128.53392348335072
-128.33429794976033
-128.13892709431016
-127.94778501134229
-127.76084207382465
-127.57806501286089
-127.39941699975955
-127.22485773054873
-127.05434351282238
-126.88782735480473
-126.72525905651858
-126.56658530294365
-126.41174975905065
-126.26069316659701
-126.11335344256989
-125.96966577916285
-125.82956274517201
-125.6929743886964
-125.55982834102693
-125.43004992160823
-125.30356224395749
-125.18028632242331
-125.06014117966757
-124.94304395475423
-124.82891001173063
-124.71765304858685
-124.60918520647978
-124.50341717911046
-124.40025832214486
-124.29961676256859
-124.20139950786678
-124.10551255492113
-124.01186099851783
-123.9203491393613
-123.83088059149078
-123.74335838899823
-123.65768509194812
-123.57376289140167
-123.49149371345051
-123.41077932216696
-123.33152142138023
-123.25362175519025
-123.17698220713329
-123.10150489791683
-123.02709228164385
-122.95364724044977
-122.88107317747792
-122.80927410812139
-122.73815474946197
-122.66762060783914
-122.59757806448478
-122.5279344591619
-122.45859817174905
-122.38947870171457
-122.32048674542774
-122.251534271256
-122.18253459240066
-122.11340243742688
-122.04405401844588
-121.97440709690943
-121.90438104698023
-121.83389691644356
-121.76287748512868
-121.6912473208107
-121.61893283256666
-121.54586232156362
-121.47196602925965
-121.39717618300051
-121.3214270389982
-121.24465492268018
-121.16679826640188
-121.08779764451799
-121.00759580581064
-120.92613770327557
-120.84337052127012
-120.75924370002895
-120.67370895755596
-120.58672030890375
-120.49823408285442
-120.40820893601881
-120.31660586437351
-120.22338821225765
-120.12852167885319
-120.03197432217553
-119.93371656060333
-119.8337211719795
-119.73196329031714
-119.62842040014698
-119.52307232854537
-119.41590123488311
-119.30689159833776
-119.19603020321345
-119.0833061221142
-118.96871069701784
-118.85223751829913
-118.73388240175062
-118.61364336365158
-118.49152059393553
-118.367516427508
-118.2416353137671
-118.11388378438129
-117.9842704193794
-117.85280581161042
-117.71950252963119
-117.5843750790825
-117.44743986261527
-117.30871513842884
-117.16822097748467
-117.02597921945834
-116.88201342749265
-116.73634884181352
-116.58901233227003
-116.44003234985972
-116.28943887729882
-116.13726337869706
-115.9835387483963
-115.82829925903228
-115.67158050887848
-115.51341936853122
-115.35385392699446
-115.1929234372236
-115.03066826118753
-114.86712981450897
-114.70235051074324
-114.53637370535635
-114.36924363946353
-114.20100538338907
-114.03170478010735
-113.86138838862459
-113.69010342735973
-113.51789771758101
-113.34481962695494
-113.1709180132626
-112.99624216833647
-112.82084176227065
-112.64476678795617
-112.46806750599293
-112.29079439002768
-112.11299807256725
-111.93472929131528
-111.75603883607911
-111.5769774962931
-111.3975960092034
-111.21794500875828
-111.03807497524642
-110.8580361857257
-110.67787866528315
-110.49765213916587
-110.3174059858205
-110.13718919087839
-109.95705030212216
-109.77703738546776
-109.59719798199464
-109.41757906605423
-109.23822700448508
-109.05918751696126
-108.88050563749854
-108.70222567714117
-108.52439118785102
-108.34704492761918
-108.17022882681883
-107.99398395581747
-107.81835049386527
-107.64336769927522
-107.46907388090855
-107.29550637097779
-107.1227014991783
-106.9506945681579
-106.77951983033275
-106.6092104660574
-106.43979856315407
-106.2713150978038
-106.1037899168012
-105.93725172117327
-105.77172805116068
-105.60724527256032
-105.44382856442662
-105.28150190812887
-105.1202880777599
-104.96020863189035
-104.80128390666182
-104.64353301020965
-104.48697381840414
-104.33162297189638
-104.1774958744531
-104.02460669256318
-103.87296835629816
-103.72259256140906
-103.57348977264105
-103.42566922824615
-103.27913894567344
-103.13390572841588
-102.98997517399171
-102.84735168303821
-102.7060384694948
-102.56603757185117
-102.42734986543526
-102.28997507571508
-102.1539117925882
-102.01915748563177
-101.88570852028461
-101.75356017493205
-101.62270665886315
-101.49314113106978
-101.36485571985607
-101.23784154322658
-101.1120887300213
-100.98758644176581
-100.86432289520457
-100.74228538548533
-100.6214603099641
-100.50183319259992
-100.3833887089092
-100.26611071144902
-100.14998225579876
-100.03498562700958
-99.92110236648972
-99.8083132992935
-99.6965985617806
-99.58593762961226
-99.47630934605121
-99.36769195053256
-99.26006310747181
-99.15339993527681
-99.04767903552982
-98.94287652230588
-98.83896805159446
-98.7359288507925
-98.6337337482367
-98.53235720274341
-98.43177333312593
-98.33195594765999
-98.23287857346912
-98.13451448580253
-98.03683673717802
-97.93981818636377
-97.84343152717321
-97.74764931704743
-97.65244400539808
-97.55778796168426
-97.46365350319724
-97.37001292252721
-97.27683851468514
-97.18410260385501
-97.09177756975286
-96.99983587357012
-96.90825008347944
-96.81699289968167
-96.72603717897395
-96.63535595882097
-96.54492248091132
-96.45471021418318
-96.36469287730397
-96.27484446059104
-96.18513924736014
-96.09555183468835
-96.00605715357862
-95.91663048851346
-95.82724749638525
-95.73788422479235
-95.64851712969055
-95.55912309238936
-95.46967943588395
-95.3801639405148
-95.29055485894825
-95.20083093047292
-95.11097139460723
-95.0209560040128
-94.93076503670925
-94.84037930758795
-94.74978017922255
-94.65894957197536
-94.56786997339945
-94.47652444693749
-94.38489663991929
-94.2929707908609
-94.20073173606845
-94.1081649155506
-94.01525637824459
-93.92199278656146
-93.8283614202566
-93.73435017963041
-93.63994758806453
-93.54514279389926
-93.44992557165872
-93.35428632263066
-93.25821607480864
-93.16170648220523
-93.0647498235451
-92.96733900034818
-92.86946753441285
-92.77112956471049
-92.67231984370304
-92.57303373309563
-92.47326719903779
-92.37301680678709
-92.27227971484959
-92.17105366861156
-92.0693369934767
-91.96712858752451
-91.86442791370555
-91.76123499158987
-91.65755038868602
-91.55337521134757
-91.44871109528347
-91.34356019568841
-91.23792517700954
-91.13180920236564
-91.02521592263443
-90.91814946522337
-90.81061442254
-90.70261584017854
-90.59415920484028
-90.48525043200553
-90.37589585337483
-90.26610220409592
-90.15587660979261
-90.0452265734115
-89.9341599619012
-89.8226849927394
-89.71081022032209
-89.59854452223001
-89.48589708538864
-89.37287739213801
-89.25949520622898
-89.14576055876195
-89.03168373408313
-88.91727525565285
-88.8025458719011
-88.68750654208533
-88.5721684221652
-88.45654285070817
-88.34064133483982
-88.22447553625263
-88.10805725728643
-87.99139842709282
-87.87451108789561
-87.75740738135904
-87.64009953507504
-87.52259984918136
-87.40492068312234
-87.28707444256396
-87.16907356647495
-87.05093051438543
-86.93265775383408
-86.81426774801504
-86.69577294363513
-86.57718575899254
-86.45851857228753
-86.33978371017487
-86.22099343656818
-86.10215994170552
-85.983295331484
-85.86441161707002
-85.74552070479093
-85.62663438631218
-85.50776432910426
-85.3889220672037
-85.2701189922707
-85.15136634494685
-85.0326752065147
-84.91405649086211
-84.79552093675467
-84.67707910041794
-84.55874134843124
-84.44051785093372
-84.32241857514214
-84.2044532791798
-84.08663150621521
-83.9689625789091
-83.85145559416844
-83.73411941820632
-83.61696268190758
-83.49999377649999
-83.3832208495304
-83.26665180114492
-83.15029428067146
-83.03415568350351
-82.91824314828239
-82.8025635543745
-82.68712351964064
-82.57192939849438
-82.45698728024547
-82.34230298772343
-82.22788207617691
-82.11372983244394
-81.99985127438731
-81.88625115058892
-81.7729339402971
-81.65990385362034
-81.54716483196
-81.4347205486755
-81.322574409975
-81.21072955602608
-81.09918886228104
-80.98795494101205
-80.87703014305134
-80.76641655973162
-80.6561160250211
-80.54613011784704
-80.43646016460252
-80.32710724183153
-80.21807217908713
-80.10935556195807
-80.00095773525788
-79.89287880637085
-79.78511864874918
-79.6776769055565
-79.5705529934529
-79.46374610651662
-79.35725522029712
-79.25107909599511
-79.14521628476494
-79.03966513213548
-78.93442378254552
-78.82949018398902
-78.72486209276586
-78.62053707833319
-78.51651252825296
-78.41278565323124
-78.30935349224522
-78.20621291775397
-78.10336064098975
-78.00079321732663
-77.89850705172249
-77.79649840423018
-77.69476339557376
-77.59329801278521
-77.4920981148981
-77.39115943869488
-77.29047760450383
-77.19004812204103
-77.08986639629289
-76.98992773343319
-76.89022734676801
-76.79076036270224
-76.6915218267212
-76.59250670938114
-76.4937099123017
-76.39512627415398
-76.29675057663756
-76.19857755043937
-76.10060188116869
-76.00281821526265
-75.90522116585656
-75.80780531861318
-75.71056523750495
-75.61349547054282
-75.51659055544586
-75.41984502524666
-75.3232534138268
-75.22681026137728
-75.13051011977915
-75.03434755789975
-74.93831716680062
-74.84241356485346
-74.74663140276088
-74.65096536847742
-74.55541019202659
-74.45996065020987
-74.36461157120337
-74.26935783903835
-74.17419439796177
-74.07911625667387
-73.98411849243976
-73.88919625507177
-73.79434477077942
-73.69955934588396
-73.60483537039377
-73.51016832143736
-73.41555376655114
-73.32098736681971
-73.22646487986648
-73.13198216269379
-73.03753517437164
-72.94311997857469
-72.84873274596734
-72.75436975643774
-72.66002740118083
-72.56570218463114
-72.471390726247
-72.37708976214842
-72.28279614661139
-72.18850685342076
-72.09421897708373
-71.99992973390519
-71.90563646292625
-71.8113366267273
-71.71702781209726
-71.62270773057125
-71.5283742188386
-71.43402523902327
-71.33965887883843
-71.24527335161625
-71.15086699621352
-71.05643827679344
-70.96198578248405
-70.86750822691434
-70.77300444762946
-70.678473405387
-70.58391418333613
-70.48932598608249
-70.39470813864162
-70.30006008528406
-70.20538138827477
-70.1106717265102
-70.01593089405607
-69.92115879859001
-69.82635545975383
-69.73152100742017
-69.63665567987813
-69.5417598219416
-69.44683388298314
-69.35187841489518
-69.25689406997948
-69.1618815987663
-69.06684184776533
-68.9717757571512
-68.8766843583863
-68.78156877178374
-68.68643020401278
-68.59126994554818
-68.49608936806528
-68.40088992178296
-68.30567313275681
-68.21044060012578
-68.11519399331515
-68.01993504919933
-67.92466556922928
-67.82938741652954
-67.734102512971
-67.63881283622511
-67.54352041680586
-67.44822733510553
-67.35293571843006
-67.25764773803935
-67.16236560619673
-67.06709157323208
-66.97182792462304
-66.87657697809773
-66.78134108076115
-66.68612260624668
-66.59092395189431
-66.49574753595722
-66.40059579483808
-66.30547118035658
-66.21037615704928
-66.1153131995027
-66.02028478972092
-65.92529341452997
-65.83034156302087
-65.73543172403403
-65.64056638368812
-65.54574802295566
-65.45097911528683
-65.3562621242827
-65.2615995014188
-65.16699368381916
-65.07244709208072
-64.97796212814853
-64.88354117324201
-64.78918658583302
-64.69490069967662
-64.60068582189535
-64.50654423111814
-64.41247817567478
-64.31848987184674
-64.22458150217426
-64.13075521381916
-64.03701311698234
-63.943357283374894
-63.84978974474143
-63.75631249143521
-63.66292747104512
-63.569636587074285
-63.47644169767062
-63.38334461440991
-63.29034710113177
-63.19745087282905
-63.104657594591
-63.01196888060059
-62.91938629318588
-62.82691134192589
-62.73454548281137
-62.64229011746153
-62.55014659239794
-62.458116198376445
-62.36620016977838
-62.27439968406236
-62.1827158612777
-62.0911497636402
-61.99970239517051
-61.90837470139501
-61.817167569109124
-61.726081826202055
-61.63511824154181
-61.54427752491886
-61.45356032704705
-61.36296723962027
-61.27249879542341
-61.182155468496255
-61.091937674348564
-61.00184577022531
-60.91188005542073
-60.822040771639585
-60.73232810340368
-60.64274217850106
-60.553283068475075
-60.46395078915099
-60.374745301198224
-60.28566651072662
-60.19671426991538
-60.107888377673696
-60.01918858033195
-59.93061457236279
-59.84216599713147
-59.75384244767507
-59.665643467510435
-59.57756855146987
-59.48961714656336
-59.40178865286576
-59.314082424426985
-59.226497770203636
-59.139033955010504
-59.05169020049071
-58.96446568610337
-58.877359550127366
-58.790370890680194
-58.7034987667506
-58.61674219924434
-58.530100172042225
-58.443571633069595
-58.357155495376546
-58.270850638227714
-58.1846559082001
-58.09857012028708
-58.01259205900662
-57.926720479511786
-57.840954108701666
-57.7552916463312
-57.669731766118375
-57.58427311684748
-57.49891432346758
-57.41365398818548
-57.32849069155217
-57.24342299354246
-57.15844943462711
-57.07356853683749
-56.98877880482335
-56.904078726903926
-56.81946677611288
-56.7349414112367
-56.650501077846776
-56.566144209325195
-56.481869227883614
-56.397674545574525
-56.31355856529414
-56.22951968177612
-56.145556282575434
-56.06166674904191
-55.977849457283675
-55.89410277912098
-55.81042508303111
-55.72681473508462
-55.64327009987293
-55.55978954142754
-55.47637142413086
-55.39301411361819
-55.30971597767078
-55.22647538710001
-55.14329071662323
-55.060160345731475
-54.97708265954995
-54.89405604969167
-54.811078915104616
-54.728149662912614
-54.64526670925025
-54.562428480091825
-54.47963341207415
-54.39687995331306
-54.31416656421382
-54.231491718275294
-54.14885390288728
-54.066251620120994
-53.98368338751263
-53.90114773883991
-53.81864322489119
-53.73616841422691
-53.65372189393318
-53.571302270366886
-53.48890816989157
-53.4065382396034
-53.324191148045735
-53.24186558591085
-53.15956026672679
-53.077273927527095
-52.99500532950142
-52.91275325862514
-52.83051652626627
-52.74829396976806
-52.66608445300587
-52.58388686691713
-52.50170013000339
-52.419523188803474
-52.33735501833697
-52.2551946225179
-52.173041034538436
-52.0908933172233
-52.00875056335544
-51.92661189597376
-51.84447646864279
-51.76234346569432
-51.68021210244054
-51.598081625358155
-51.51595131224294
-51.43382047233407
-51.3516884464075
-51.26955460683828
-51.187418357631785
-51.10527913442401
-51.023136404450796
-50.94098966648603
-50.85883845074888
-50.776682318780004
-50.69452086328711
-50.612353707960395
-50.530180507258606
-50.44800094616609
-50.3658147399217
-50.283621633720614
-50.201421402389954
-50.11921385003923
-50.03699880968698
-49.9547761428657
-49.87254573920747
-49.79030751601256
-49.708061417803165
-49.62580741586437
-49.54354550777431
-49.461275716925016
-49.37899809203573
-49.2967127066603
-49.21441965869077
-49.13211906985977
-49.0498110852442
-48.96749587277266
-48.885173622738606
-48.802844547321754
-48.72050888012002
-48.638166875694154
-48.555818809127295
-48.47346497560148
-48.39110568999269
-48.30874128648612
-48.22637211821286
-48.14399855690932
-48.061620992600076
-47.97923983330492
-47.89685550477083
-47.81446845022976
-47.732079130182804
-47.64968802221109
-47.567295620813645
-47.48490243727236
-47.40250899954368
-47.32011585217669
-47.23772355625727
-47.15533268937765
-47.07294384563068
-46.99055763562786
-46.9081746865403
-46.825795642162525
-46.74342116299943
-46.66105192637662
-46.57868862657461
-46.49633197498782
-46.41398270030886
-46.33164154873811
-46.24930928421822
-46.16698668869288
-46.08467456238959
-46.00237372412557
-45.92008501163611
-45.83780928192443
-45.75554741163172
-45.67330029742602
-45.5910688564083
-45.50885402653421
-45.426656767049735
-45.344478058938876
-45.26231890538128
-45.18018033221796
-45.098063388423725
-45.015969146585064
-44.933898703381715
-44.85185318006967
-44.7698337229632
-44.68784150391332
-44.6058777207802
-44.523943597897244
-44.44204038652424
-44.360169365286765
-44.27833184059892
-44.196529147066656
-44.114762647868815
-44.033033735113236
-43.95134383016534
-43.86969438394726
-43.788086877205615
-43.70652282074644
-43.62500375563593
-43.54353125336593
-43.46210691598384
-43.38073237618704
-43.29940929738166
-43.21813937370507
-43.1369243300108
-43.055765921814555
-42.97466593520045
-42.893626186686554
-42.812648523049056
-42.731734821104276
-42.65088698744807
-42.57010695815227
-42.48939669841791
-42.40875820218496
-42.32819349169858
-42.247704617031665
-42.167293655563576
-42.08696271141496
-42.00671391483899
-41.92654942156843
-41.8464714121178
-41.766482091039784
-41.68658368613489
-41.60677844761289
-41.52706864720448
-41.44745657722165
-41.367944549565316
-41.28853489467917
-41.209229960449186
-41.130032111048415
-41.05094372572653
-40.97196719754407
-40.893104932050896
-40.814359345909274
-40.73573286546138
-40.657227925241656
-40.578846966434455
-40.50059243527714
-40.42246678140877
-40.344472456164326
-40.266611910815115
-40.18888759475611
-40.11130195364062
-40.03385742746268
-39.95655644858759
-39.879401439730984
-39.802394811886685
-39.72553896220397
-39.648836271815114
-39.57228910361475
-39.495899799992614
-39.41967068052183
-39.34360403960521
-39.26770214408229
-39.191967230800046
-39.11640150414989
-39.041007133574325
-38.9657862510462
-38.890740948524
-38.81587327538715
-38.74118523585507
-38.66667878639423
-38.592355833117644
-38.51821822918178
-38.444267772186016
-38.37050620157974
-38.296935196081996
-38.22355637111841
-38.15037127627935
-38.07738139280347
-38.004588131090635
-37.93199282824842
-37.859596745676164
-37.78740106669054
-37.715406894196214
-37.643615248405276
-37.572027064608825
-37.50064319100401
-37.42946438657996
-37.35849131906591
-37.28772456294522
-37.217164597538705
-37.146811805160475
-37.07666646934948
-37.006728773179795
-36.93699879765254
-36.86747652017238
-36.7981618131106
-36.72905444245681
-36.66015406656107
-36.59146023496863
-36.52297238734861
-36.45468985251842
-36.38661184756563
-36.318737477068794
-36.251065732418624
-36.18359549124136
-36.11632551692611
-36.049254458258304
-35.98238084916147
-35.91570310854905
-35.84921954028803
-35.782928333275635
-35.716827561630026
-35.650915184995796
-35.58518904896491
-35.519646885613696
-35.45428631415663
-35.389104841717625
-35.324099864219164
-35.25926866738919
-35.194608427885754
-35.1301162145393
-35.06578898971233
-35.00162361077585
-34.937616831702115
-34.87376530477306
-34.81006558240381
-34.7465141190807
-34.683107273412986
-34.61984131029709
-34.55671240319151
-34.49371663650044
-34.430850008063764
-34.36810843175123
-34.30548774015812
-34.242983687399935
-34.18059195200333
-34.11830813989092
-34.05612778745756
-33.99404636473587
-33.93205927864843
-33.87016187634392
-33.80834944861456
-33.74661723339201
-33.68496041931902
-33.62337414939329
-33.561853524679655
-33.500393608085766
-33.438989428196486
-33.37763598316214
-33.31632824463579
-33.25506116175446
-33.19382966515908
-33.13262867104779
-33.07145308525735
-33.01029780736746
-32.949157734822954
-32.8880277670691
-32.82690280969489
-32.76577777857954
-32.70464760403688
-32.64350723495265
-32.58235164290913
-32.52117582629158
-32.45997481437125
-32.39874367136001
-32.33747750043163
-32.2761714477047
-32.214820706182266
-32.15342051964335
-32.09196618648109
-32.030453063482426
-31.96887656954401
-31.907232189319345
-31.84551547679267
-31.783722058774984
-31.72184763831781
-31.659887998040276
-31.59783900336491
-31.53569660565772
-31.47345684526807
-31.41111585446445
-31.34866986026223
-31.28611518714011
-31.223448259642208
-31.16066560486315
-31.097763854813717
-31.034739748664872
-30.97159013486849
-30.908311973153257
-30.844902336394266
-30.78135841235446
-30.717677505296233
-30.653857037461684
-30.589894550420475
-30.52578770628424
-30.461534288786574
-30.39713220422764
-30.33257948228269
-30.26787427667407
-30.203014865706884
-30.137999652668533
-30.072827166092743
-30.00749605988893
-29.94200511333782
-29.876353230954187
-29.810539442217564
-29.744562901172262
-29.678422885898076
-29.61211879785336
-29.54565016109203
-29.479016621356212
-29.412217945046084
-29.34525401806872
-29.278124844567916
-29.210830545537224
-29.143371357318475
-29.07574762998826
-29.007959825635
-28.94000851652976
-28.87189438319382
-28.80361821236599
-28.73518089487274
-28.666583423404404
-28.597826890200565
-28.528912484647975
-28.459841490794247
-28.390615284780665
-28.32123533219732
-28.251703185363937
-28.182020480540245
-28.112188935069778
-28.04221034446118
-27.972086579411236
-27.901819582773523
-27.831411366476683
-27.76086400839645
-27.69017964918552
-27.61936048906517
-27.548408784582474
-27.477326845337014
-27.406117030680914
-27.334781746395972
-27.263323441351613
-27.191744604147367
-27.120047759743635
-27.048235466084513
-26.976310310716762
-26.90427490740904
-26.832131892775344
-26.75988392290636
-26.687533670012293
-26.615083819080773
-26.542537064553436
-26.469896107024162
-26.39716364996206
-26.324342396462487
-26.251435046029616
-26.178444291393976
-26.10537281536843
-26.032223287745854
-25.958998362241704
-25.88570067348444
-25.81233283405685
-25.738897431591557
-25.665397025923756
-25.591834146303984
-25.518211288673587
-25.444530913005384
-25.370795440712058
-25.29700725212463
-25.22316868404333
-25.149282027363043
-25.075349524775262
-25.00137336854867
-24.927355698390173
-24.853298599388054
-24.77920410003871
-24.70507417035826
-24.63091072008008
-24.556715596939554
-24.482490585047273
-24.40823740335186
-24.33395770419322
-24.25965307194728
-24.185325021763344
-24.110974998395033
-24.03660437512563
-23.962214452788583
-23.88780645888418
-23.813381546793476
-23.738940795090155
-23.664485206950967
-23.590015709665135
-23.51553315424324
-23.441038315125958
-23.366531889992906
-23.29201449967153
-23.217486688145847
-23.14294892266475
-23.068401593949552
-22.99384501650031
-22.919279429000433
-22.844704994818677
-22.770121802607356
-22.69552986699555
-22.620929129375817
-22.54631945878291
-22.47170065286284
-22.39707243893054
-22.32243447511434
-22.247786351585237
-22.173127591868738
-22.098457654236856
-22.02377593317758
-21.949081760939098
-21.874374409146217
-21.799653090486206
-21.72491696046149
-21.65016511920661
-21.575396613366653
-21.500610438034304
-21.425805538742708
-21.35098081351134
-21.276135114942065
-21.20126725236247
-21.126375994013415
-21.05146006927771
-20.97651817094666
-20.90154895752127
-20.82655105554477
-20.751523061963297
-20.676463546511627
-20.60137105412082
-20.526244107344695
-20.451081208802094
-20.37588084363176
-20.300641481956657
-20.22536158135463
-20.15003958933249
-20.07467394580078
-19.999263085546712
-19.92380544070303
-19.848299443210376
-19.772743527270872
-19.69713613179061
-19.621475702808592
-19.54576069590973
-19.469989578619728
-19.394160832779757
-19.318272956899047
-19.242324468483467
-19.16631390633838
-19.09023983284387
-19.014100836200264
-18.93789553264198
-18.86162256861791
-18.785280622936448
-18.708868408873478
-18.632384676241536
-18.555828213418486
-18.479197849334064
-18.402492455412478
-18.325710947469283
-18.248852287560773
-18.171915485784414
-18.09489960202885
-18.01780374767222
-17.940627087227544
-17.863368839933774
-17.78602828129117
-17.70860474453956
-17.631097622078205
-17.55350636682586
-17.475830493519812
-17.39806957995258
-17.320223268145117
-17.24229126545524
-17.16427334562002
-17.086169349730852
-17.007979187139853
-16.929702836296542
-16.851340345513762
-16.772891833662015
-16.69435749079149
-16.615737578680907
-16.53703243131237
-16.458242455271446
-16.379368130071768
-16.300410008403574
-16.221368716305903
-16.142244953262477
-16.063039492221208
-15.9837531795373
-15.90438693483996
-15.8249417508228
-15.745418692958195
-15.665818899135953
-15.58614357922691
-15.506394014572091
-15.42657155739813
-15.346677630159643
-15.266713724809403
-15.18668140199713
-15.106582290197887
-15.026418084771075
-14.94619054695121
-14.86590150277153
-14.785552841921595
-14.705146516539864
-14.62468453994233
-14.544168985288259
-14.463601984184116
-14.38298572522671
-14.302322452486784
-14.221614463934422
-14.140864109807787
-14.060073790926571
-13.979245956951635
-13.898383104592275
-13.817487775762677
-13.736562555688968
-13.655610070968356
-13.574632987581827
-13.493634008862035
-13.412615873417966
-13.331581353018027
-13.250533250433254
-13.169474397242443
-13.088407651601162
-13.007335895976668
-12.926262034850653
-12.845188992391828
-12.764119710100347
-12.683057144426174
-12.602004264363616
-12.520964049024386
-12.439939485191346
-12.35893356485495
-12.277949282734355
-12.196989633785293
-12.116057610696856
-12.035156201379364
-11.954288386445553
-11.873457136687277
-11.792665410549928
-11.711916151606713
-11.63121228603478
-11.550556720095127
-11.46995233761822
-11.389401997497114
-11.308908531189882
-11.228474740233235
-11.148103393769073
-11.067797226085768
-10.987558934175931
-10.907391175312393
-10.827296564644024
-10.747277672813135
-10.66733702359617
-10.587477091569461
-10.507700299801733
-10.4280090175751
-10.34840555813637
-10.268892176480513
-10.189471067168121
-10.110144362178621
-10.030914128800836
-9.951782367562549
-9.872751010200735
-9.7938219176741
-9.714996878219571
-9.636277605454456
-9.557665736525895
-9.479162830309253
-9.400770365657113
-9.322489739700519
-9.244322266204176
-9.166269173977208
-9.088331605341049
-9.010510614656086
-8.932807166908676
-8.85522213636017
-8.777756305259468
-8.700410362620694
-8.623184903067518
-8.546080425745544
-8.469097333304276
-8.392235930950022
-8.315496425571055
-8.23887892493635
-8.162383436969185
-8.086009869096875
-8.009758027677846
-7.933627617507282
-7.857618241402574
-7.781729399869723
-7.705960490851884
-7.630310809561134
-7.554779548394446
-7.47936579693479
-7.404068542038313
-7.328886668008496
-7.2538189568580504
-7.1788640886592985
-7.104020641983697
-7.029287094431149
-6.954661823249696
-6.880143106046107
-6.805729121587896
-6.731417950697158
-6.657207577236599
-6.583095889188037
-6.5090806798236756
-6.435159648970291
-6.3613304043663845
-6.287590463112145
-6.2139372532120225
-6.140368115209561
-6.066880303914045
-5.993470990218411
-5.920137263007751
-5.846876131157698
-5.773684525621765
-5.7005593016066145
-5.627497240834079
-5.554495053888641
-5.481549382649032
-5.408656802802479
-5.335813826440077
-5.26301690473161
-5.190262430678042
-5.1175467419397505
-5.044866123738511
-4.972216811831062
-4.899594995551995
-4.826996820923613
-4.754418393830286
-4.681855783254769
-4.609305024573836
-4.536762122910525
-4.464223056540167
-4.391683780347339
-4.319140229330756
-4.246588322153002
-4.174023964731883
-4.101443053870045
-4.02884148091941
-3.9562151354769015
-3.8835599091078397
-3.810871699093285
-3.738146412197581
-3.665379968452283
-3.5925683049526507
-3.5197073796628233
-3.4467931752258
-3.3738217027742903
-3.300789005738494
-3.227691163646831
-3.154524295915603
-3.0812845656236147
-3.007968183267759
-2.934571410495613
-2.861090563811088
-2.7875220182491827
-2.713862211015856
-2.640107645089072
-2.566254892777111
-2.492300599230277
-2.418241485902148
-2.344074353956565
-2.2697960876166055
-2.195403657451843
-2.1208941236002516
-2.046264638921149
-1.9715124520756213
-1.8966349105309375
-1.8216294634855437
-1.7464936647112759
-1.6712251753095464
-1.5958217663783447
-1.5202813215869797
-1.444601839655577
-1.3687814367364493
-1.292818348694566
-1.216710933284452
-1.1404576722209347
-1.0640571731412676
-0.9875081714562748
-0.9108095320882952
-0.8339602510938102
-0.7569594571687643
-0.6798064130347121
-0.602500516704047
-0.5250413026227029
-0.44742844268883253
-0.36966174714609334
-0.291741165350304
-0.21366678640836637
-0.13543883968847648
-0.05705769520077684
0.02147613615226689
0.10016200245635405
0.17899911079716188
0.2579865274038148
0.33712317792421226
0.41640784783228896
0.4958391829671509
0.5754156902039027
0.6551357382558463
0.7349975586075986
0.8149992465785486
0.895138762515942
0.9754139331167516
1.0558224528773539
1.1363618856699043
1.2170296664441818
1.2978231030535492
1.378739378203552
1.4597755515215516
1.5409285617456512
1.622195229031051
1.7035722573718493
1.7850562371361764
1.8666436477124135
1.9483308602641345
2.030114140591306
2.111989652095189
2.1939534588442853
2.2760015287385613
2.358129736769074
2.440333868370026
2.522609622860188
2.604952616970526
2.6873583884547694
2.7698223997795473
2.852340041890629
2.934906638051727
3.0175174477522178
3.1001676706800496
3.182852450756008
3.2655668802254736
3.348306003803731
3.4310648228707943
3.5138382997116366
3.5966213617976983
3.6794089061054476
3.762195803467706
3.844976902953399
3.9277470362713536
4.010501022193763
4.093233670994907
4.17593978890069
4.258614182544546
4.341251663425214
4.423847052361839
4.506395183941868
4.588890910957189
4.671329108823979
4.7537046799817695
4.8360125582672
4.9182477132579985
5.000405154582716
5.082479936191739
5.164467160585084
5.246361982992498
5.328159615501457
5.409855331128677
5.491444467830847
5.57292243245035
5.654284704591798
5.735526840425346
5.816644476412715
5.897633332951937
5.978489217936907
6.059208030227925
6.139785763029533
6.220218507172061
6.300502454293341
6.38063389991719
6.460609246425354
6.54042500591972
6.620077802971748
6.69956437725625
6.778881586066744
6.858026406709788
6.9369959387757865
7.015787406283898
7.094398159698904
7.172825677818017
7.251067569525752
7.329121575415115
7.406985569273516
7.484657559431952
7.562135689976223
7.639418241819009
7.716503633631775
7.79339042263564
7.870077305250455
7.94656311760148
8.02284683588323
8.098927576580225
8.174804596544428
8.250477292929341
8.32594520298082
8.40120800368489
8.47626551127303
8.551117680585566
8.625764604293881
8.700206511982483
8.774443769092041
8.84847687572471
8.922306465313195
8.995933303155116
9.069358284814333
9.142582434391107
9.215606902663131
9.288432965099657
9.361062019751087
9.433495585016543
9.505735297292018
9.577782908501858
9.649640283516446
9.721309397459194
9.792792332906117
9.864091276981313
9.935208518351786
10.00614644412515
10.076907536653948
10.14749437025047
10.217909607815912
10.288155997387804
10.358236368609669
10.428153629126955
10.4979107609135
10.567510816532975
10.63695691533981
10.706252239624193
10.775400030705613
10.844403584979448
10.913266249921195
10.981991420053024
11.050582532877431
11.119043064782947
11.187376526926844
11.255586461099842
11.323676435577884
11.39165004096613
11.45951088604031
11.527262593590427
11.594908796271701
11.662453132467638
11.729899242170253
11.797250762882461
11.864511325547573
11.931684550510743
11.998774043517193
12.065783391751955
12.132716159925799
12.199575886411886
12.26636607943751
12.333090213335133
12.39975172485672
12.466354009555339
12.532900418237894
12.59939425349284
12.665838766296554
12.732237152702078
12.798592550613813
12.864908036651721
12.931186623108355
12.997431255002008
13.063644807229077
13.129830081818477
13.195989805290816
13.262126626124864
13.328243112333706
13.394341749152812
13.460424936842298
13.52649498860546
13.592554128625476
13.658604490221915
13.724648114128538
13.790686946893626
13.856722839404041
13.92275754553418
13.988792720920868
14.054829921865005
14.120870604360588
14.186916123251619
14.252967731517272
14.319026579685426
14.385093715374339
14.451170082962022
14.51725652338277
14.583353774050167
14.64946246890581
14.715583138592763
14.781716210752663
14.847862010445226
14.914020760688771
14.980192583120202
15.046377498772744
15.112575428969437
15.17878619633021
15.245009525890298
15.311245046327715
15.377492291297274
15.443750700868593
15.510019623065462
15.57629831550398
15.642585947126722
15.708881600030058
15.775184271381537
15.841492875424326
15.90780624556557
15.974123136545533
16.040442226684224
16.106762120202195
16.173081349612236
16.239398378178738
16.305711602441338
16.37201935479934
16.438319906153247
16.5046114685997
16.570892198176004
16.637160197650637
16.703413519355955
16.769650168059577
16.835868103870958
16.902065245179536
16.968239471620883
17.03438862706725
17.100510522638906
17.166602939732833
17.23266363306545
17.29869033372595
17.364680752236943
17.43063258161913
17.496543500456788
17.562411175960786
17.62823326702573
17.69400742727802
17.759731308111466
17.82540256170719
17.891018844034743
17.956577817831526
18.02207715555762
18.087514542323145
18.152887678785287
18.21819428401214
18.28343209831051
18.34859888601495
18.4136924382352
18.47871057555926
18.54365115070956
18.6085120511496
18.673291201638705
18.737986566732616
18.80259615322744
18.86711801254465
18.9315502430549
18.995890992338516
19.060138459380582
19.12429089669881
19.18834661240267
19.252303972182276
19.316161401225642
19.379917386062957
19.44357047633649
19.507119286494557
19.57056249740795
19.63389885790714
19.697127186238944
19.760246371441514
19.823255374636933
19.8861532302404
19.948939047085066
20.01161200946159
20.074171378071714
20.136616490895268
20.198946763970003
20.261161692083522
20.323260849376926
20.38524388986004
20.447110547838253
20.50886063825114
20.57049405692324
20.632010780727473
20.6934108676616
20.754694456838354
20.815861768389475
20.876913103284004
20.93784884306131
20.99866944947953
21.05937546408014
21.11996750766962
21.180446279719057
21.240812557682766
21.301067196236993
21.36121112643996
21.421245354814452
21.481170962353893
21.54098910345305
21.60070100476465
21.660307963983705
21.7198113485613
21.779212594349808
21.83851320418125
21.897714746380668
21.9568188532163
22.01582721928852
22.074741599859518
22.13356380912617
22.192295718438768
22.250939254468303
22.309496397324747
22.36796917862875
22.426359679539384
22.484670028740307
22.542902400386733
22.601059012015664
22.659142122421795
22.717154029501582
22.775097068067932
22.83297360763788
22.89078605019583
22.948536827934987
23.00622840097961
23.063863255090723
23.12144389935787
23.17897286387938
23.23645269743406
23.29388596514724
23.3512752461543
23.40862313126479
23.46593222062981
23.523205121415344
23.58044444548412
23.63765280708867
23.694832820577858
23.75198709811889
23.809118247437084
23.866228869575597
23.923321556677397
23.98039888979199
24.037463436709405
24.094517749823925
24.151564364029955
24.208605794652218
24.26564453541241
24.322683056434418
24.379723802290247
24.4367691900886
24.49382160760769
24.550883411473567
24.607956925385086
24.665044438386392
24.722148203188173
24.779270434538468
24.83641330764366
24.893578956640432
24.95076947311953
25.00798690470186
25.065233253667465
25.12251047563786
25.17982047831257
25.237165120260592
25.294546209767226
25.351965503736984
25.409424706653233
25.466925469595516
25.524469389315648
25.58205800737344
25.63969280933282
25.697375224019094
25.755106622837967
25.812888319157008
25.87072156775015
25.928607564305718
25.98654744499829
26.044542286124635
26.102593103804036
26.16070085374319
26.218866431065873
26.277090670207468
26.335374344874577
26.393718168069977
26.452122792183285
26.51058880914753
26.569116750661678
26.627707088478886
26.686360234760244
26.74507654249355
26.803856305976765
26.862699761365533
26.92160708728396
26.980578405497923
27.039613781650004
27.098713226054812
27.157876694553423
27.217104089425717
27.276395260359422
27.335750005474566
27.39516807240166
27.454649159411915
27.51419291659774
27.573798947101967
27.633466808393894
27.693196013590086
27.752986032817876
27.812836294619405
27.87274618739399
27.932715060876564
27.992742227649746
28.052826964687075
28.112968514925388
28.173166088864026
28.233418866188533
28.293725997416306
28.35408660556168
28.414499787817693
28.474964617251878
28.535480144513336
28.596045399548494
28.656659393322933
28.717321119546703
28.778029556400632
28.838783668261236
28.899582407421768
28.96042471580696
29.02130952667894
29.082235766331813
29.143202355772353
29.204208212384565
29.265252251575866
29.326333388402723
29.387450539173607
29.448602623027277
29.50978856348453
29.571007289971558
29.632257739313157
29.69353885719394
29.754849599585807
29.816188934139685
29.8775558415397
29.938949316818107
30.000368370629214
30.061812030480635
30.123279341920348
30.184769369678232
30.246281198760666
30.307813935496906
30.369366708535804
30.430938669791455
30.492528995336666
30.554136886243295
30.615761569368516
30.67740229808649
30.739058352965117
30.800729042387644
30.86241370311899
30.924111700816525
30.98582243048503
31.047545316875528
31.1092798148278
31.171025409556506
31.232781616881
31.294547983398786
31.35632408660271
31.418109534942147
31.479903967828733
31.54170705558724
31.603518499351964
31.66533803090897
31.727165412484315
31.789000436478208
31.850842925145148
31.912692730220105
31.974549732490605
32.03641384131484
32.09828499408653
32.16016315564727
32.222048317646966
32.28394049785294
32.34583973940864
32.407746110043014
32.46965970123217
32.531580627315016
32.59350902456493
32.65544505021936
32.71738888146937
32.77934071441093
32.84130076295998
32.903269257732525
32.96524644489086
33.027232584956984
33.089227951594104
33.15123283035715
33.2132475174133
33.27527231823306
33.33730754625302
33.39935352151188
33.4614105692613
33.52347901855408
33.58555920081225
33.647651448377964
33.70975609305001
33.77187346460867
33.83400388933169
33.89614768850411
33.95830517692472
34.02047666141207
34.08266243931272
34.14486279701422
34.20707800846481
34.26930833370182
34.331554017390495
34.393815287375226
34.456092353245204
34.51838540491622
34.58069461123063
34.64302011857723
34.70536204953317
34.76772050153029
34.830095545548446
34.89248722483872
34.954895553679776
35.01732051617053
35.07976206506159
35.142220120627954
35.204694569584845
35.26718526404859
35.329692020544385
35.392214619062585
35.45475280216526
35.51730627414473
35.57987470023589
35.642457705883814
35.70505487606799
35.76766575468467
35.83028984398861
35.89292660409528
35.95557545254455
36.0182357639266
36.08090686957091
36.14358805729931
36.206278571243715
36.268977611728914
36.33168433522063
36.39439785433892
36.457117237937084
36.51984151124576
36.582569656081645
36.645300611120334
36.70803327223258
36.770766492883254
36.83349908459208
36.896229817455506
36.95895742072891
37.02168058346821
37.08439795522999
37.147108146828955
37.20980973115179
37.27250124402578
37.335181185140776
37.397848019022966
37.460500176058666
37.5231360535659
37.58575401691149
37.64835240067162
37.710929509834266
37.773483621041684
37.8360129838719
37.89851582215788
37.960990335342835
38.02343469987016
38.08584707060651
38.1482255822965
38.21056835104758
38.27287347584387
38.335139040087704
38.39736311316755
38.45954375205093
38.52167900290089
38.58376690271461
38.64580548098228
38.70779276136425
38.76972676338385
38.83160550413333
38.8934269999907
38.95518926834574
39.01689032933364
39.078528207575395
39.140100933923684
39.20160654721291
39.263043096011806
39.32440864037681
39.3857012536045
39.44691902398097
39.50806005652589
39.569122474729284
39.63010442227875
39.691004064775086
39.75181959143424
39.81254921677379
39.87319118228203
39.933743758067465
39.99420524448658
40.054573973748404
40.114848311494654
40.17502665835485
40.235107451475756
40.2950891660243
40.35497031666313
40.41474945899796
40.47442519099616
40.53399615437587
40.59346103596528
40.65281856903135
40.71206753457767
40.7712067626108
40.83023513337491
40.88915157855428
40.947955082443286
41.006644683083834
41.065219473370064
41.12367860212112
41.182021275122395
41.24024675613561
41.29835436787756
41.35634349296726
41.41421357484172
41.47196411864059
41.52959469206048
41.587104926179514
41.644494516252855
41.70176322247915
41.75891087073848
41.815937353301315
41.87284262950772
41.92962672641597
41.98628973942005
42.04283183283611
42.09925324045725
42.1555542660766
42.211735283977994
42.26779673939422
42.32373914893248
42.3795631009669
42.435269255997646
42.49085834697605
42.546331179595434
42.60168863254723
42.6569316577419
42.71206128049449
42.767078599674626
42.821984787820334
42.876781091214816
42.931468829924945
42.98604939780001
43.040524262429656
43.09489496506053
43.14916312047127
43.20333041680523
43.2573986153604
43.31136955033641
43.36524512853818
43.419027329035615
43.472718202778324
43.52631987216439
43.57983453056228
43.63326444178507
43.686611939516084
43.73987942668465
43.79306937479045
43.846184323173944
43.89922687823089
43.9521997125682
44.00510556409871
44.0579472350728
44.11072759104486
44.1634495597731
44.216116130052015
44.26873035047693
44.32129532814021
44.37381422725856
44.42629026773075
44.478726723624916
44.53112692159483
44.583494239223754
44.63583210329473
44.68814398798624
44.74043341299189
44.79270394156312
44.84495917847342
44.89720276790355
44.94943839124717
45.00166976483697
45.053900637591845
45.10613478858587
45.158376024539926
45.210628177237275
45.26289510086459
45.31518066928063
45.367488773215335
45.419823317401914
45.47218821764496
45.52458739782772
45.57702478686124
45.62950431557791
45.68202991357199
45.734605505989826
45.78723501027283
45.83992233285587
45.89267136582421
45.94548598353153
45.998370039181985
46.05132736137934
46.10436175064651
46.15747697591873
46.21067677101379
46.26396483108251
46.3173448090433
46.370820312004206
46.424394897676414
46.47807207078275
46.53185527946564
46.585747911699364
46.639753291710996
46.69387467641436
46.74811525186268
46.80247812972603
46.85696634379982
46.91158284655014
46.966330505701556
47.02121210087241
47.07623032026307
47.13138775740222
47.18668690795616
47.242130166606074
47.29771982399811
47.35345806377043
47.40934695966163
47.465388472704916
47.52158444851247
47.57793661465425
47.63444657813571
47.69111582297913
47.74794570791309
47.80493746417537
47.86209219343439
47.91941086583435
47.97689431816863
48.03454325218658
48.09235823303848
48.15033968786375
48.20848790452689
48.266803030505145
48.32528507193095
48.38393389279187
48.44274921429056
48.501730614366664
48.56087752738247
48.62018924397253
48.67966491105764
48.73930353202289
48.799103967058585
48.85906493366261
48.9191850073025
48.97946262223584
49.03989607248687
49.100483512977206
49.16122296080894
49.22211229669827
49.283149266557956
49.344331483226455
49.40565642834119
49.46712145435331
49.528723786681134
49.59046052599869
49.65232865065597
49.714325019227466
49.776446373185685
49.83868933969607
49.90105043452994
49.96352606509178
50.026112533556876
50.08880604011532
50.15160268631727
50.21449847851412
50.27748933138984
50.34057107157654
50.403739441348684
50.46699010238988
50.53031863962688
50.5937205651251
50.657191322040354
50.720726288621655
50.78432078226039
50.84797006358114
50.91166934057052
50.97541377274073
51.039198475324646
51.103018523499465
51.166868956635746
51.230744782569026
51.29464098189087
51.35855251225579
51.42247431270031
51.48640130797012
51.55032841285115
51.61425053650053
51.67816258677332
51.74205947454053
51.80593611799331
51.869787446928555
51.93360840701148
51.997393964011096
52.06113910800495
52.12483885754936
52.18848826381138
52.25208241465843
52.31561643870195
52.3790855092917
52.4424848484574
52.505809730794326
52.569055487289845
52.63221750908757
52.695291251185196
52.758272236062155
52.821156057232926
52.88393838272218
52.94661495845757
53.009181611576636
53.071634253644035
53.133968883776035
53.19618159166906
53.2582685605302
53.32022606990721
53.38205049841598
53.44373832636346
53.505286138264225
53.56669062524922
53.62794858736565
53.68905693576663
53.75001269478916
53.81081300391962
53.871455119646484
53.93193641720033
53.99225439218064
54.052406662068776
54.11239096762675
54.172205174181144
54.23184727279203
54.291315381307065
54.3506077453012
54.409722738902865
54.46865886550744
54.52741475837899
54.585989181141365
54.64438102815989
54.702589324814646
54.76061322766679
54.818452024519324
54.87610513437425
54.93357210728771
54.990852624123924
55.04794649620856
55.10485366488194
55.16157420095259
55.21810830405138
55.27445630188628
55.33061864939855
55.386595927820274
55.44238884363363
55.4979982274325
55.55342503268684
55.60867033441058
55.66373532773394
55.718621326380905
55.773329761052075
55.82786217771308
55.88222023578907
55.9364057062649
55.99042046969043
56.04426651409039
56.097945932778366
56.151460922074754
56.204813778928944
56.25800689844652
56.31104277132243
56.363923981181124
56.41665320182545
56.469233194396786
56.52166680444895
56.573956958938304
56.62610666313275
56.678118997442134
56.729997114173095
56.781744234211935
56.833363643638904
56.88485869027795
56.936232780186174
56.98748937408726
57.038631983753305
57.08966416833954
57.14058953067661
57.1914117135251
57.242134395796995
57.29276128874841
57.3432961321476
57.39374269042213
57.444104748789016
57.49438610937193
57.54459058730902
57.594722006855136
57.64478419748207
57.694780989980245
57.74471621256572
57.79459368699611
57.8444172246995
57.8941906229208
57.943917660890634
57.9936020960219
58.04324766013934
58.0928580557466
58.14243695233506
58.1919879827384
58.24151473953657
58.29102077151276
58.34050958016701
58.38998461628995
58.4394492765997
58.48890690044402
58.53836076656978
58.58781408996168
58.63727001875225
58.686731631204395
58.7362019327673
58.785683853206024
58.835180243805155
58.884693874646814
58.93422743196328
58.983783515564255
59.033364636338774
59.08297321383202
59.13261157389741
59.1822819464241
59.23198646313989
59.28172715548948
59.33150595258826
59.38132467925186
59.431185054101775
59.48108868774773
59.53103708104817
59.5810316234502
59.631073591410996
59.68116414690303
59.73130433600596
59.78149508758759
59.83173721207595
59.88203140032476
59.932378222573796
59.982778127506045
60.03323144140359
60.08373836740402
60.134298984859136
60.18491324879768
60.23558098949355
60.28630191214126
60.33707559663964
60.38790149748497
60.438778943775
60.48970713932568
60.540685162901816
60.59171196856267
60.64278638612388
60.69390712173675
60.74507275858583
60.796281757705806
60.84753245891813
60.898823081887436
60.95015172729763
61.00151637814702
61.05291490116219
61.10434504833041
61.15580445855108
61.20729065940714
61.258801069057206
61.31033299824879
61.361883652452725
61.41345013411837
61.46502944504898
61.51661848889649
61.568214073774875
61.61981291499081
61.67141163789058
61.72300678082133
61.77459479820403
61.82617206371555
61.87773487357732
61.929279449947394
61.980801944413095
62.03229844158023
62.08376496275486
62.13519746971361
62.186591868557976
62.23794401364757
62.28924971160672
62.34050472539872
62.39170477846154
62.44284555889846
62.49392272371729
62.5449319031119
62.59586870478047
62.64672871827442
62.69750751937228
62.748200674472415
62.79880374499864
62.849312291813035
62.89972187963049
62.95002808142927
63.000226482852
63.050312686592136
63.10028231676081
63.1501310232302
63.19985448594976
63.24944841923242
63.29890857600897
63.34823075204919
63.397410790148925
63.44644458428162
63.495328083712664
63.54405729707487
63.59262829640308
63.6410372211255
63.68928028200902
63.737353765055005
63.785254035341225
63.83297754080543
63.880520815966875
63.927880485582094
63.97505326823109
64.02203597982982
64.06882553706522
64.11541896074955
64.16181337909053
64.20800603087402
64.25399426855627
64.29977556126285
64.34534749769144
64.39070778891563
64.4358542710872
64.48078490803438
64.52549779375433
64.56999115479677
64.61426335253653
64.6583128853322
64.70213839056858
64.74573864658034
64.78911257445431
64.83225923970794
64.87517785384075
64.9178677757558
64.96032851304808
65.00255972315803
65.04456121438791
65.08633294677948
65.12787503285047
65.16918773818908
65.21027148190593
65.25112683694273
65.29175453023704
65.33215544274249
65.37233060930289
65.41228121837874
65.45200861162523
65.49151428332114
65.53079987964834
65.56986719782124
65.60871818506526
65.64735493744418
65.68577969853716
65.7239948579665
65.76200294977771
65.79980665067384
65.83740877810655
65.8748122882266
65.91202027369727
65.94903596137439
65.98586270985649
66.02250400690806
66.05896346675897
66.09524482728224
66.13135194705282
66.16728880229002
66.20305948368681
66.23866819312943
66.27411924031068
66.30941703924017
66.34456610465392
66.37957104832705
66.41443657529382
66.44916747997988
66.48376864225199
66.51824502339034
66.55260166198829
66.58684366978454
66.62097622743258
66.65500458021322
66.68893403369563
66.72276994935234
66.75651774013338
66.79018286600441
66.82377082945399
66.85728717097479
66.89073746452371
66.92412731296477
66.95746234349818
66.99074820307865
67.02399055382594
67.05719506843016
67.0903674255542
67.12351330523612
67.1566383842941
67.18974833173618
67.2228488041766
67.25594544126048
67.28904386109812
67.32214965571032
67.35526838648562
67.38840557965105
67.42156672175739
67.45475725517943
67.48798257363208
67.52124801770347
67.55455887040696
67.58792035275465
67.62133761935618
67.65481575404729
67.68835976555206
67.72197458318342
67.75566505258658
67.78943593152954
67.82329188574468
67.85723748482556
67.89127719818319
67.92541539106551
67.9596563206442
67.99400413217293
68.02846285522244
68.06303639999763
68.09772855374152
68.13254297723043
68.16748320136517
68.20255262386289
68.23775450605345
68.27309196978493
68.30856799444294
68.34418541408891
68.37994691472241
68.41585503167235
68.45191214712307
68.48812048778134
68.5244821226901
68.56099896119409
68.5976727510621
68.63450507677024
68.67149735794979
68.70865084800315
68.74596663288995
68.78344563008605
68.82108858771758
68.858896083872
68.89686852608739
68.93500615102144
68.9733090243009
69.01177704055195
69.05040992361174
69.08920722692133
69.12816833409991
69.16729245970029
69.20657865014559
69.24602578484698
69.28563257750213
69.32539757757306
69.3653191719412
69.40539558673694
69.4456248893409
69.48600499055325
69.52653364692796
69.56720846326866
69.60802689528245
69.64898625238786
69.69008370067283
69.7313162659984
69.77268083724297
69.81417416968233
69.85579288849974
69.89753349242002
69.93939235746117
69.98136574079669
70.02344978472283
70.06564052072403
70.10793387362921
70.150325665851
70.19281162170066
70.23538737177157
70.27804845738453
70.32079033508829
70.36360838120935
70.4064978964452
70.4494541104957
70.49247218672666
70.53554722686043
70.57867427568759
70.62184832579497
70.66506432230481
70.70831716761971
70.7516017261688
70.79491282915158
70.83824527927673
70.8815938554943
70.92495331771964
70.96831841154663
71.01168387294761
71.05504443295716
71.09839482233757
71.14172977622398
71.18504403874725
71.2283323676322
71.2715895387697
71.31481035076114
71.35798962943407
71.40112223232687
71.4442030531395
71.48722702614769
71.53018913057717
71.57308439493515
71.61590790129655
71.65865478954201
71.70132026154481
71.74389958530394
71.78638809901979
71.828781215109
71.87107442415576
71.91326329879648
71.95534349753466
71.99731076848279
72.03916095302831
72.08088998942087
72.1224939162776
72.16396887600244
72.20531111811538
72.24651700248812
72.28758300248232
72.32850570798671
72.36928182834895
72.40990819519736
72.45038176514781
72.49069962239155
72.53085898115994
72.57085718806222
72.6106917242925
72.65036020770269
72.689860394739
72.72919018224006
72.76834760909541
72.80733085776289
72.84613825564388
72.88476827631523
72.92321954061713
72.96149081759692
72.99958102530881
73.03748923146911
73.0752146539666
73.11275666122769
73.15011477243563
73.1872886576031
73.22427813749725
73.26108318341657
73.29770391681943
73.33414060880334
73.37039367943537
73.4064636969354
73.44235137671448
73.47805758027077
73.51358331394651
73.54892972754958
73.58409811284257
73.619089901903
73.65390666535738
73.68855011049259
73.72302207924831
73.7573245460947
73.79145961579853
73.82542952108155
73.85923662017443
73.89288339427058
73.92637244488354
73.95970649111153
73.9928883668125
74.02592101769197
74.05880749830679
74.09155096898768
74.12415469268375
74.15662203173189
74.18895644455391
74.22116148228427
74.25324078533093
74.28519807987196
74.3170371742908
74.3487619555534
74.38037638553043
74.41188449726779
74.44329039120747
74.47459823136113
74.50581224143933
74.53693670093854
74.56797594118835
74.59893434136141
74.62981632444892
74.66062635320462
74.69136892606024
74.7220485730155
74.75266985150506
74.78323734224534
74.81375564506436
74.84422937471777
74.87466315669394
74.90506162301068
74.93542940800666
74.965771144131
74.9960914577344
75.02639496486478
75.05668626707092
75.08696994721714
75.1172505653123
75.14753265435655
75.17782071620974
75.20811921748515
75.23843258547248
75.26876520409422
75.29912140990012
75.32950548810453
75.35992166867135
75.39037412245119
75.42086695737481
75.45140421470677
75.48198986536346
75.51262780629901
75.543321856962
75.57407575582596
75.6048931569971
75.635777626903
75.66673264106652
75.6977615809688
75.72886773100714
75.76005427555225
75.79132429611087
75.8226807685989
75.85412656073021
75.88566442952578
75.91729701894741
75.94902685766039
75.98085635692911
76.01278780864885
76.04482338351676
76.07696512934541
76.10921496952159
76.14157470161211
76.17404599611808
76.20663039537811
76.23932931262021
76.27214403116164
76.30507570375545
76.33812535208239
76.37129386638725
76.40458200525819
76.43799039554784
76.47151953243502
76.50516977962553
76.53894136968978
76.57283440453574
76.606848856015
76.64098456666028
76.67524125055246
76.70961849431609
76.74411575824212
76.77873237753664
76.81346756369447
76.84832040599605
76.88328987312678
76.91837481491763
76.95357396420496
76.9888859388081
77.02430924362142
77.05984227281789
77.09548331215984
77.131230541413
77.16708203685943
77.20303577390513
77.23908962977765
77.27524138630821
77.31148873279272
77.34782926892666
77.3842605078085
77.42077987900649
77.4573847316828
77.49407233776941
77.53083989518967
77.5676845311196
77.60460330528298
77.64159321327446
77.67865118990477
77.71577411256209
77.75295880458367
77.7902020386311
77.82750054006311
77.86485099030034
77.90225003017548
77.93969426326402
77.97718025919033
78.01470455690338
78.05226366791607
78.08985407950246
78.12747225784716
78.16511465114064
78.20277769261514
78.24045780351645
78.27815139600756
78.31585487600051
78.3535646459124
78.3912771073422
78.42898866366664
78.46669572255422
78.50439469839733
78.54208201466287
78.5797541061624
78.6174074212434
78.6550384239045
78.69264359583855
78.73021943840757
78.76776247455501
78.80526925066084
78.84273633834601
78.8801603362329
78.91753787166834
78.95486560241585
78.99214021832319
79.02935844297093
79.0665170353073
79.1036127912742
79.14064254542876
79.1776031725636
79.21449158932917
79.25130475586089
79.2880396774138
79.32469340600831
79.36126304208956
79.39774573620339
79.43413869069043
79.47043916140031
79.50664445942773
79.54275195287182
79.57875906861871
79.61466329414641
79.65046217935158
79.68615333839712
79.72173445157985
79.7572032672169
79.79255760354893
79.82779535065693
79.86291447238871
79.89791300829025
79.93278907553686
79.96754087085897
80.00216667245714
80.03666484190076
80.07103382600526
80.10527215868235
80.13937846275674
80.17335145174259
80.20718993157284
80.2408928022739
80.2744590595782
80.30788779646635
80.34117820463082
80.37432957585345
80.40734130328913
80.44021288264942
80.47294391327962
80.50553409912386
80.53798324957263
80.57029128018776
80.60245821329973
80.6344841784731
80.66636941283635
80.69811426127224
80.72971917646562
80.76118471880609
80.7925115561438
80.82370046339686
80.85475232200993
80.88566811926337
80.91644894743281
80.9470960027996
80.97761058451381
81.00799409331167
81.03824803008975
81.06837399433876
81.09837368243991
81.12824888582755
81.15800148902117
81.18763346753072
81.21714688563902
81.24654389406744
81.27582672753051
81.30499770218701
81.33405921299386
81.36301373097042
81.39186380038105
81.42061203584429
81.44926111937578
81.47781379737121
81.50627287753544
81.53464122576311
81.56292176297627
81.59111746192498
81.61923134395688
81.64726647576147
81.67522596609417
81.70311296248572
81.73093064794223
81.75868223764105
81.7863709756269
81.81400013151308
81.84157299719296
81.86909288356703
81.89656311729114
81.92398703755039
81.95136799286338
81.97870933791985
82.0060144304551
82.03328662816439
82.06052928566017
82.08774575147443
82.11493936510881
82.14211345413408
82.1692713313408
82.19641629194241
82.22355161083244
82.2506805398968
82.27780630538184
82.30493210531854
82.33206110700401
82.3591964445405
82.38634121643197
82.41349848323803
82.4406712652844
82.46786254042952
82.49507524188671
82.52231225610144
82.54957642068412
82.57687052239744
82.60419729519886
82.63155941833709
82.658959514502
82.68640014802709
82.71388382314315
82.74141298228137
82.76899000442377
82.7966172034988
82.82429682682069
82.85203105357
82.87982199331255
82.90767168455382
82.93558209332737
82.96355511181532
82.99159255700006
83.01969616934555
83.04786761150713
83.07610846706821
83.10442023930234
83.13280434995984
83.1612621380785
83.18979485881808
83.21840368231899
83.24708969258627
83.27585388639996
83.30469717225328
83.33362036931949
83.36262420644807
83.3917093211913
83.42087625886218
83.45012547162521
83.47945731762134
83.50887206012847
83.5383698667584
83.56795080869081
83.59761485994484
83.62736189668767
83.65719169657923
83.68710393815202
83.71709820022541
83.74717396135414
83.77733059931025
83.80756739059764
83.83788350999926
83.86827803015713
83.89874992118662
83.9292980503263
83.95992118162481
83.99061797566635
84.02138698933648
84.05222667563085
84.08313538350917
84.11411135779674
84.14515273913499
84.17625756398236
84.20742376466713
84.23864916949465
84.26993150291203
84.3012683857324
84.33265733542073
84.36409576644367
84.39558099068581
84.42711021793453
84.45868055643525
84.49028901351876
84.52193249630211
84.5536078124663
84.58531167111319
84.61704068370518
84.64879136508951
84.68056013460894
84.71234331729939
84.74413714517534
84.7759377586038
84.80774120776614
84.8395434542078
84.8713403724749
84.90312775183686
84.93490129809307
84.96665663546248
84.99838930855431
85.03009478441761
85.06176845466787
85.09340563768826
85.12500158090377
85.1565514631255
85.18805039696367
85.21949343130696
85.25087555386536
85.28219169377424
85.3134367242579
85.34460546535236
85.3756926866874
85.40669311032782
85.43760141367348
85.46841223241672
85.49912016355513
85.52971976845761
85.56020557598204
85.59057208564236
85.62081377082332
85.65092508204073
85.68090045024492
85.71073429016424
85.74042100368554
85.7699549832683
85.79933061538857
85.8285422840084
85.85758437406714
85.88645127499099
85.91513738421789
85.94363711073477
85.97194487862437
86.00005513061917
86.02796233166016
86.05566097245828
86.0831455730574
86.11041068639697
86.13745090187292
86.16426084889368
86.19083520042882
86.21716867654796
86.24325604794838
86.26909213946983
86.29467183359436
86.31999007393013
86.3450418686784
86.36982229408268
86.39432649785893
86.41854970260415
86.44248720918183
86.46613440008271
86.48948674275944
86.5125397929332
86.53528919786989
86.55773069962306
86.57986013823923
86.60167345492194
86.62316669515208
86.64433601176115
86.66517766795432
86.68568804027957
86.70586362153956
86.72570102364303
86.74519698039235
86.764348350204
86.78315211875754
86.80160540156835
86.81970544647852
86.83744963606132
86.85483548993462
86.87186066697855
86.88852296745354
86.90482033501549
86.9207508586248
86.93631277434572
86.9515044670339
86.9663244719098
86.98077147601585
86.99484431955462
87.00854199710541
87.02186365871621
87.03480861086832
87.04737631731139
87.05956639976723
87.07137863850103
87.08281297275762
87.09386950106052
87.1045484813712
87.11485033110701
87.12477562701675
87.13432510491255
87.14349965925665
87.15230034260203
87.16072836488554
87.16878509257158
87.17647204764474
87.18379090644915
87.19074349837327
87.19733180437807
87.20355795536655
87.20942423039237
87.21493305470445
87.22008699762485
87.22488877025826
87.2293412230318
87.23344734306427
87.23721025136474
87.24063319986074
87.24371956825674
87.24647286072361
87.24889670242085
87.25099483585298
87.25277111706176
87.25422951165656
87.25537409068677
87.25620902635985
87.25673858760986
87.25696713552084
87.25689911861043
87.25653906797818
87.25589159232273
87.2549613728324
87.2537531579547
87.2522717580518
87.25052203994831
87.24850892137779
87.2462373653345
87.24371237433657
87.2409389846077
87.23792226018367
87.23466728695126
87.23117916662687
87.22746301068327
87.22352393423324
87.21936704987974
87.21499746154319
87.21042025827688
87.20564050808122
87.20066325172871
87.19549349661128
87.19013621062157
87.18459631608056
87.17887868372253
87.17298812674909
87.16692939496198
87.16070716898372
87.15432605457232
87.14779057703623
87.1411051757546
87.13427419880821
87.12730189772645
87.12019242235516
87.1129498158495
87.10557800979524
87.09808081946113
87.0904619391851
87.0827249378961
87.0748732547732
87.06691019504234
87.05883892591152
87.05066247264523
87.0423837147793
87.03400538247678
87.02553005302542
87.01696014747796
87.0082979274369
86.99954549198497
86.99070477476306
86.98177754119746
86.97276538587931
86.96366973009896
86.95449181953819
86.94523272212422
86.93589332604819
86.9264743379519
86.91697628128549
86.90739949483799
86.89774413144318
86.88801015686153
86.8781973488388
86.86830529634022
86.85833339895993
86.84828086650515
86.83814671875501
86.82792978539322
86.81762870611414
86.80724193090151
86.79676772047871
86.78620414692936
86.77554909448706
86.76480026049244
86.75395515651523
86.74301110963897
86.73196526390625
86.72081458192251
86.70955584661617
86.69818566315227
86.68670046099605
86.67509649612354
86.66336985337664
86.65151644896075
86.63953203308328
86.62741219273089
86.61515235458391
86.60274778806574
86.59019360852396
86.57748478053968
86.56461612136165
86.55158230446152
86.53837786320621
86.52499719464349
86.51143456339689
86.4976841056661
86.48373983332822
86.46959563813543
86.45524529600497
86.44068247139698
86.42590072177465
86.41089350214183
86.39565416965347
86.38017598829417
86.36445213362053
86.34847569756316
86.33223969328428
86.31573706008787
86.29896066837868
86.2819033246656
86.2645577766056
86.24691671808367
86.22897279432291
86.21071860701912
86.19214671949354
86.1732496618578
86.15401993618471
86.13445002167876
86.11453237983963
86.09425945961121
86.07362370250885
86.05261754771792
86.03123343715734
86.0094638205027
85.98730116016387
85.96473793621297
85.94176665125897
85.9183798352656
85.8945700503098
85.87032989527759
85.84565201049455
85.82052908228789
85.7949538474767
85.76891909778593
85.74241768417895
85.71544252110348
85.68798659064558
85.66004294658686
85.63160471836002
85.60266511489809
85.57321742837283
85.54325503781891
85.5127714126402
85.48176011599506
85.45021480805909
85.41812924916431
85.38549730281467
85.35231293857761
85.3185702348526
85.28426338151725
85.24938668245183
85.21393455794204
85.17790154696105
85.14128230933115
85.1040716277654
85.06626440979075
85.02785568955325
84.98884062950687
84.94921452198709
84.90897279067146
84.8681109919295
84.82662481606407
84.78451008844662
84.74176277054802
84.69837896086689
84.65435489575715
84.60968695015642
84.56437163821614
84.51840561383507
84.47178567109712
84.4245087446143
84.37657190977485
84.32797238289733
84.27870752129083
84.22877482322293
84.17817192779671
84.12689661473678
84.07494680408524
84.02232055580748
83.96901606930794
83.91503168285556
83.86036587291937
83.80501725341617
83.74898457487086
83.69226672349123
83.6348627201578
83.57677171932892
83.51799300786183
83.45852600375031
83.39837025477925
83.3375254370967
83.27599135370372
83.2137679328631
83.15085522642812
83.08725340809269
83.02296277156415
82.95798372865772
82.89231680731166
82.82596264952222
82.75892200919814
82.69119574993339
82.62278484269778
82.55369036344517
82.48391349063898
82.41345550269567
82.34231777534659
82.27050177891975
82.19800907554234
82.12484131626466
82.0510002381054
81.97648766101769
81.90130548477474
81.82545568577562
81.74894031377174
81.67176148851614
81.59392139633859
81.51542228664844
81.43626646836786
81.35645630629845
81.27599421742522
81.19488266716118
81.11312416553514
81.0307212633256
80.9476765481447
80.86399264047517
80.77967218966327
80.69471786987012
80.60913237598365
80.5229184194935
80.43607872433128
80.34861602267947
80.26053305075229
80.17183254455264
80.08251723560883
79.99258984669527
79.90205308754079
79.81090965052906
79.71916220639477
79.62681339992011
79.53386584563584
79.44032212353223
79.34618477478416
79.25145629749552
79.15613914246644
79.06023570898715
78.96374834066167
78.86667932126564
78.76903087064211
78.67080514063919
78.57200421109447
78.47263008587136
78.37268468895259
78.27216986059621
78.17108735355949
78.06943882939625
77.96722585483322
77.86444989823072
77.76111232613319
77.65721439991574
77.55275727253314
77.44774198537726
77.34216946524856
