-5.543851251795038e-13
-9.335095430064551e-12
-7.878294467698883e-11
-4.473592153011483e-10
-1.9351661395792697e-09
-6.8404170177242704e-09
-2.0676998961058775e-08
-5.517306259457771e-08
-1.3301319174856016e-07
-2.9485317398046964e-07
-6.091681962690023e-07
-1.1855138326049398e-06
-2.1917857942293357e-06
-3.876060324448115e-06
-6.593583509954102e-06
-1.083945575031826e-05
-1.7287528209551065e-05
-2.6835992235729117e-05
-4.066010138143459e-05
-6.027241963413671e-05
-8.759093955920075e-05
-0.00012501536100147136
-0.00017551176546434623
-0.00024270586391778428
-0.0003309849371607503
-0.0004456085285155947
-0.0005928278890548079
-0.0007800141162059458
-0.0010157948678600607
-0.0013101994763969299
-0.0016748122306755897
-0.0021229335393263995
-0.0026697486358942053
-0.003332503435763866
-0.004130687106563446
-0.005086220868073544
-0.006223652494734566
-0.00757035595377379
-0.00915673557488489
-0.011016434113376742
-0.013186544037838224
-0.015707821345695153
-0.018624901185600548
-0.02198651454442007
-0.02584570523865508
-0.030260046435476442
-0.035291855917099664
-0.04100840929398049
-0.047482150367203484
-0.05479089783841653
-0.06301804756666503
-0.07225276957542563
-0.08259019901994638
-0.09413162033457845
-0.10698464379203869
-0.12126337372136906
-0.13708856764865196
-0.15458778564418724
-0.17389552918172177
-0.19515336883932888
-0.21851006019754
-0.2441216473182146
-0.2721515532172665
-0.3027706567756208
-0.33615735556553156
-0.3724976141035149
-0.41198499707652475
-0.4548206871244835
-0.5012134867997609
-0.5513798043625429
-0.6055436231101253
-0.663936453977881
-0.7267972711898613
-0.7943724307775915
-0.8669155718264923
-0.9446875003503794
-1.0279560557355636
-1.1169959597370829
-1.2120886480504511
-1.313522084522894
-1.4215905581082722
-1.5365944627096575
-1.658840060092765
-1.788639226092047
-1.9263091803691652
-2.072172200020655
-2.2265553173678203
-2.3897900022971967
-2.5622118295541774
-2.744160131425635
-2.935977636279462
-3.1380100934598945
-3.3506058850671723
-3.5741156251784614
-3.8088917470940378
-4.0552880792184105
-4.313659410210342
-4.584361044058607
-4.867748345761736
-5.164176278309877
-5.4739989316853395
-5.797569044615289
-6.135237519825362
-6.487352933556866
-6.854261040122468
-7.236304272285958
-7.6338212382607455
-8.04714621612933
-8.476608646492076
-8.922532624158068
-9.385236389693803
-9.865031821647037
-10.362223930263035
-10.877110353509103
-11.409980856220237
-11.961116833174351
-12.53079081689959
-13.11926599100898
-13.72679570984922
-14.353623025240388
-14.9999802210722
-15.666088356510008
-16.352156818550064
-17.058382884648587
-17.784951296133137
-18.532033843087763
-19.299788961385335
-20.088361342521313
-20.897881556883068
-21.728465691067772
-22.580214999839814
-23.453215573295626
-24.347538019780405
-25.26323716507706
-26.200351768362356
-27.15890425539978
-28.138900469412636
-29.140329440054177
-30.163163170864284
-31.207356445574835
-32.272846653597654
-33.359553635000495
-34.46737954524802
-35.59620873995543
-36.7459076798729
-37.916324856289705
-39.10729073701761
-40.31861773308357
-41.550100186232456
-42.80151437731082
-44.07261855557387
-45.36315298892869
-46.672840035098275
-48.001384233661796
-49.34847241889817
-50.71377385333149
-52.096940381848995
-53.4976066062343
-54.9153900799317
-56.34989152283073
-57.80069505583357
-59.26736845494203
-60.749463424575836
-62.24651588980903
-63.75804630718717
-65.28355999376386
-66.8225474739722
-68.37448484392446
-69.93883415271166
-71.51504380025342
-73.10254895122962
-74.70077196460586
-76.30912283824632
-77.92699966808898
-79.55378912134127
-81.18886692313852
-82.83159835609224
-84.48133877214111
-86.13743411610456
-87.79922146032568
-89.46602954977887
-91.1371793570067
-92.81198464624102
-94.48975254605416
-96.1697841298796
-97.85137500373419
-99.53381590046793
-101.21639327986186
-102.8983899338909
-104.57908559646621
-106.25775755696924
-107.93368127688797
-109.60613100886673
-111.27438041748093
-112.9377032010488
-114.59537371379389
-116.24666758767484
-117.89086235320218
-119.52723805856664
-121.15507788640883
-122.77366876756633
-124.38230199114076
-125.98027381023502
-127.56688604271909
-129.14144666639123
-130.70327040791034
-132.25167932488517
-133.78600338051712
-135.30558101020466
-136.80975967952878
-138.2978964330503
-139.76935843336383
-141.22352348986584
-142.6597805767097
-144.0775303394335
-145.47618558976347
-146.85517178811034
-148.2139275132941
-149.55190491904756
-150.8685701768655
-152.16340390478177
-153.43590158167564
-154.68557394672627
-155.91194738365294
-157.11456428939465
-158.29298342690214
-159.4467802617351
-160.57554728217661
-161.67889430259635
-162.7564487498135
-163.8078559322317
-164.83277929153684
-165.83090063676997
-166.801920360608
-167.74555763770587
-168.66155060497368
-169.54965652368293
-170.40965192331652
-171.24133272709702
-172.04451435914717
-172.81903183325795
-173.56473982325775
-174.28151271499797
-174.96924463998727
-175.62784949072608
-176.2572609178133
-176.85743230891768
-177.42833674972468
-177.96996696698972
-178.48233525384495
-178.9654733775265
-179.41943246970715
-179.8442828996379
-180.2401141303206
-180.60703455795084
-180.94517133488858
-181.2546701764275
-181.53569515165037
-181.78842845867285
-182.01307018459312
-182.20983805047882
-182.378967141739
-182.52070962424006
-182.63533444653723
-182.72312702860364
-182.7843889374497
-182.81943755003778
-182.82860570390568
-182.81224133592315
-182.7707071096134
-182.70438003148098
-182.61365105679403
-182.49892468527474
-182.36061854715902
-182.19916298009392
-182.01500059734943
-181.80858584782553
-181.58038456833972
-181.33087352868304
-181.0605399699355
-180.76988113653468
-180.45940380259256
-180.12962379295666
-179.78106549951283
-179.4142613932277
-179.02975153242622
-178.62808306779792
-178.20980974462444
-177.77549140271825
-177.32569347456163
-176.86098648213354
-176.38194553290785
-175.88914981550377
-175.3831820954663
-174.8646282116529
-174.33407657369733
-173.79211766101574
-173.23934352381437
-172.67634728655437
-172.1037226543231
-171.52206342255434
-170.93196299053264
-170.33401387910934
-169.7288072530528
-169.11693244844585
-168.49897650553592
-167.87552370743404
-167.2471551250508
-166.614448168647
-165.97797614636718
-165.33830783011584
-164.69600702912638
-164.05163217156317
-163.4057358944863
-162.758864642497
-162.11155827537007
-161.46434968496536
-160.81776442169874
-160.17232033083977
-159.52852719889145
-158.8868864102947
-158.2478906146862
-157.61202340492608
-156.97975900610075
-156.35156197569566
-155.727886915121
-155.10917819276145
-154.49586967870985
-153.8883844913303
-153.2871347557855
-152.6925213746495
-152.1049338107139
-151.52474988208272
-150.95233556963697
-150.388044836938
-149.83221946262623
-149.28518888535817
-148.74727006131164
-148.21876733427465
-147.6999723183217
-147.19116379306664
-146.69260761146919
-146.2045566201614
-145.72725059224777
-145.26091617252146
-144.80576683502764
-144.36200285289252
-143.92981128032616
-143.50936594669625
-143.10082746256072
-142.70434323753685
-142.32004750987213
-141.94806138757045
-141.58849290091771
-141.2414370662406
-140.9069759607227
-140.58517880809373
-140.2761020749987
-139.97978957784508
-139.69627259991822
-139.42557001854803
-139.167688442103
-138.92262235658123
-138.69035428156113
-138.47085493526936
-138.2640834085172
-138.0699873472505
-137.88850314345393
-137.71955613414536
-137.5630608081923
-137.41892102067607
-137.287030214526
-137.16727164914153
-137.05951863571693
-136.96363477898046
-136.87947422505692
-136.80688191515912
-136.7456938448098
-136.69573732829406
-136.65683126804163
-136.628786428637
-136.61140571515364
-136.60448445550753
-136.60781068652557
-136.62116544342337
-136.64432305238643
-136.6770514259474
-136.71911236085248
-136.7702618381095
-136.83025032491173
-136.89882307813195
-136.97572044908293
-137.06067818924248
-137.15342775664226
-137.25369662262165
-137.3612085786499
-137.47568404292178
-137.59684036643398
-137.72439213825328
-137.8580514896928
-137.9975283971164
-138.142530983097
-138.29276581565932
-138.44793820534255
-138.60775249982362
-138.7719123758477
-138.94012112821792
-139.11208195560266
-139.28749824292458
-139.46607384010213
-139.6475133369213
-139.8315223338234
-140.01780770840105
-140.20607787740164
-140.39604305404282
-140.58741550045215
-140.7799097750501
-140.973242974703
-141.16713497148066
-141.36130864385927
-141.55549010221807
-141.74940890848507
-141.94279828979336
-142.13539534601716
-142.32694125106366
-142.51718144780432
-142.70586583653574
-142.89274895686606
-143.0775901629289
-143.26015379183275
-143.44020932526075
-143.61753154414475
-143.79190067634306
-143.96310253725926
-144.13092866334603
-144.29517643844576
-144.45564921292828
-144.6121564155945
-144.76451365832176
-144.91254283343355
-145.05607220378542
-145.19493648556463
-145.32897692381025
-145.45804136066758
-145.58198429639683
-145.7006669431631
-145.8139572716435
-145.9217300504939
-146.02386687872612
-146.1202562110512
-146.21079337625278
-146.2953805886619
-146.37392695280968
-146.4463484613386
-146.51256798626102
-146.5725152636587
-146.62612687192333
-146.67334620364292
-146.71412343124277
-146.7484154664953
-146.77618591401708
-146.7974050188743
-146.81204960842203
-146.8201030285056
-146.82155507415493
-146.8164019149062
-146.8046460148873
-146.7862960478071
-146.76136680699207
-146.72987911061702
-146.69185970227997
-146.64734114707355
-146.59636172330804
-146.53896531004509
-146.4752012706035
-146.40512433220076
-146.32879446189506
-146.24627673899474
-146.15764122410494
-146.0629628249828
-145.96232115937343
-145.85580041499904
-145.7434892068744
-145.62548043212163
-145.50187112245803
-145.37276229452945
-145.23825879826344
-145.09846916341516
-144.95350544447965
-144.80348306414257
-144.64852065544036
-144.48873990280012
-144.32426538212857
-144.1552244001185
-143.9817468329391
-143.80396496447526
-143.62201332427736
-143.43602852538294
-143.24614910216866
-143.05251534838982
-142.85526915556335
-142.65455385184833
-142.45051404157545
-142.24329544557423
-142.03304474244402
-141.8199094109114
-141.60403757341493
-141.38557784105302
-141.16467916002722
-140.94149065970822
-140.71616150245035
-140.48884073527591
-140.25967714354869
-140.02881910675177
-139.79641445648366
-139.5626103367826
-139.32755306688586
-139.09138800652812
-138.8542594238799
-138.61631036622447
-138.37768253346957
-138.1385161545865
-137.89894986706503
-137.6591205994684
-137.41916345716749
-137.1792116113267
-136.93939619121142
-136.69984617988183
-136.46068831333304
-136.22204698313539
-135.98404414262444
-135.7467992166848
-135.51042901516934
-135.27504764999247
-135.04076645593062
-134.80769391515838
-134.5759355855444
-134.34559403272766
-134.1167687659916
-133.8895561779505
-133.664049488059
-133.4403386899524
-133.21851050262268
-132.99864832543113
-132.7808321969565
-132.56513875767342
-132.35164121645386
-132.14040932088076
-131.9315093313592
-131.725003999007
-131.52095254730446
-131.31941065747745
-131.12043045758517
-130.92406051528
-130.7303458342008
-130.53932785395685
-130.3510444536552
-130.16552995892235
-129.98281515236627
-129.80292728742089
-129.62589010551224
-129.45172385648416
-129.28044532221796
-129.11206784338052
-128.94660134923404
-128.78405239043892
-128.62442417478078
-128.46771660575249
-128.31392632391933
-128.16304675099414
-128.01506813654774
-127.86997760727903
-127.72775921876828
-127.58839400963646
-127.45186005803274
-127.31813254037084
-127.1871837922337
-127.05898337136514
-126.93349812266675
-126.81069224511683
-126.6905273605262
-126.57296258404236
-126.45795459631191
-126.3454577172106
-126.23542398104861
-126.1278032131578
-126.0225431077671
-125.91958930707075
-125.81888548139388
-125.72037341036129
-125.62399306497493
-125.52968269050508
-125.43737889010028
-125.3470167090194
-125.25852971939038
-125.17185010540165
-125.08690874883372
-125.00363531483903
-124.9219583378797
-124.84180530773416
-124.76310275548396
-124.6857763393938
-124.6097509305986
-124.53495069851171
-124.4612991958693
-124.38871944332709
-124.31713401352715
-124.24646511455398
-124.17663467270177
-124.10756441447631
-124.03917594775805
-123.97139084205503
-123.90413070777754
-123.83731727446741
-123.77087246791655
-123.70471848611146
-123.6387778739421
-123.57297359661663
-123.50722911172534
-123.44146843989915
-123.37561623401018
-123.3095978468632
-123.24333939733015
-123.1767678348815
-123.10981100247056
-123.04239769772822
-122.9744577324277
-122.90592199018089
-122.83672248233073
-122.76679240200563
-122.69606617630335
-122.62447951657337
-122.55196946676948
-122.47847444984608
-122.40393431217534
-122.328290365965
-122.25148542965893
-122.17346386630503
-122.09417161987663
-122.01355624953509
-121.93156696182335
-121.84815464078393
-121.76327187599689
-121.67687298853649
-121.58891405484665
-121.49935292853715
-121.40814926010555
-121.31526451459044
-121.22066198716229
-121.12430681666078
-121.02616599708878
-120.92620838707509
-120.82440471732056
-120.72072759604507
-120.61515151245507
-120.50765283825328
-120.39820982721344
-120.28680261284521
-120.17341320417549
-120.05802547967446
-119.94062517935615
-119.82119989508485
-119.69973905911931
-119.57623393092828
-119.45067758231296
-119.32306488087347
-119.19339247185754
-119.06165875843108
-118.92786388041164
-118.79200969150743
-118.65409973510562
-118.51413921865317
-118.37213498667366
-118.22809549246297
-118.08203076850823
-117.93395239567435
-117.78387347120334
-117.6318085755723
-117.47777373825666
-117.321786402446
-117.1638653887597
-117.00403085801118
-116.84230427306858
-116.67870835986042
-116.51326706757351
-116.34600552809098
-116.1769500147197
-116.00612790025804
-115.83356761445629
-115.65929860092189
-115.48335127352237
-115.30575697233786
-115.12654791921494
-114.94575717297374
-114.76341858432028
-114.57956675051543
-114.3942369698513
-114.20746519598634
-114.01928799218916
-113.82974248554085
-113.63886632114354
-113.44669761638265
-113.25327491528974
-113.05863714305319
-112.86282356072245
-112.6658737201506
-112.46782741922009
-112.268724657395
-112.0686055916422
-111.86751049276249
-111.6654797021727
-111.46255358917851
-111.25877250877663
-111.05417676002337
-110.84880654500436
-110.6427019284394
-110.43590279795424
-110.22844882504992
-110.02037942679843
-109.81173372829235
-109.60255052587448
-109.39286825117111
-109.18272493595126
-108.97215817783322
-108.76120510686044
-108.54990235296762
-108.33828601435735
-108.12639162680708
-107.91425413392463
-107.70190785836988
-107.48938647405842
-107.2767229793632
-107.06394967132783
-106.85109812090492
-106.63819914923194
-106.4252828049555
-106.21237834261355
-105.9995142020838
-105.78671798910581
-105.57401645688198
-105.36143548876124
-105.14900008200927
-104.93673433266851
-104.72466142151019
-104.51280360107798
-104.30118218382269
-104.0898175313264
-103.87872904461302
-103.66793515554151
-103.45745331927664
-103.24730000783268
-103.03749070468507
-102.82803990044351
-102.61896108957967
-102.41026676820184
-102.2019684328684
-101.9940765804306
-101.78660070889362
-101.57954931928441
-101.37292991851257
-101.16674902320835
-100.9610121645228
-100.755723893874
-100.55088778962306
-100.34650646466287
-100.14258157490303
-99.93911382863325
-99.73610299674634
-99.53354792380036
-99.33144653989903
-99.1297958733695
-98.92859206421643
-98.72783037833118
-98.5275052224341
-98.32761015972845
-98.12813792624307
-97.92908044784109
-97.7304288578723
-97.53217351544775
-97.33430402431371
-97.13680925230243
-96.93967735133502
-96.74289577795206
-96.5464513143472
-96.35033008987827
-96.15451760303014
-95.9589987438039
-95.76375781650674
-95.5687785629161
-95.3740441857918
-95.17953737270838
-94.9852403201796
-94.79113475804783
-94.59720197411147
-94.40342283896436
-94.20977783102123
-94.01624706170193
-93.82281030074702
-93.62944700163709
-93.43613632708907
-93.24285717460323
-93.04958820203554
-92.8563078531708
-92.66299438327083
-92.46962588457184
-92.27618031170637
-92.08263550702459
-91.88896922579143
-91.69515916123619
-91.50118296943215
-91.30701829398397
-91.11264279050131
-90.91803415083571
-90.72317012705794
-90.52802855515318
-90.33258737841271
-90.13682467050086
-89.94071865817654
-89.74424774364792
-89.54739052653844
-89.35012582544283
-89.1524326990521
-88.95429046682631
-88.75567872919527
-88.55657738726774
-88.35696666202972
-88.15682711301446
-87.95613965642787
-87.75488558271542
-87.55304657355616
-87.35060471826971
-87.14754252962284
-86.94384295902277
-86.73948941108556
-86.53446575756884
-86.32875635065925
-86.1223460356055
-85.91522016268816
-85.70736459851746
-85.49876573665215
-85.28941050753353
-85.07928638773005
-84.8683814084889
-84.65668416359247
-84.4441838165175
-84.23087010689542
-84.01673335627314
-83.80176447317243
-83.58595495744831
-83.36929690394814
-83.1517830054743
-82.93340655505429
-82.71416144752257
-82.4940421804196
-82.27304385421533
-82.05116217186608
-81.82839343771391
-81.60473455573766
-81.38018302716547
-81.15473694745869
-80.92839500267748
-80.70115646523824
-80.47302118907307
-80.24398960420264
-80.01406271073382
-79.78324207229254
-79.551529808904
-79.31892858933351
-79.08544162290208
-78.85107265079093
-78.61582593684842
-78.37970625791286
-78.142718893665
-77.90486961602483
-77.66616467810627
-77.42661080274581
-77.18621517062036
-76.94498540797076
-76.70292957394668
-76.46005614758917
-76.21637401446867
-75.97189245299637
-75.72662112042849
-75.4805700385831
-75.23374957928968
-74.98617044959212
-74.73784367672611
-74.4887805928917
-74.23899281984147
-73.98849225330484
-73.7372910472685
-73.4854015981333
-73.23283652876817
-72.97960867248206
-72.72573105693446
-72.47121688800517
-72.21607953364251
-71.96033250770948
-71.70398945384675
-71.44706412937107
-71.18957038922784
-70.93152217001617
-70.67293347410364
-70.41381835384723
-70.15419089593618
-69.89406520587235
-69.63345539260283
-69.37237555331998
-69.11083975844426
-68.8488620368042
-68.58645636102764
-68.32363663315729
-68.06041667050513
-67.79681019175896
-67.53283080335578
-67.26849198613697
-67.0038070822991
-66.7387892826538
-66.47345161420982
-66.20780692808991
-65.941867887794
-65.67564695782114
-65.40915639266116
-65.142408226167
-64.87541426131828
-64.6081860603859
-64.34073493550751
-64.07307193968246
-63.80520785819426
-63.537153200467294
-63.26891819236392
-63.00051276892669
-62.731946567569715
-62.463228921722646
-62.19436885493076
-61.92537507541425
-61.656255971089195
-61.38701960505222
-61.11767371153036
-60.84822569229692
-60.57868261355321
-60.30905120327514
-60.039337849023234
-59.76954859621423
-59.49968914685109
-59.22976485870833
-58.959780744968945
-58.689741474308896
-58.41965137142431
-58.149514417995974
-57.87933425408555
-57.60911417995747
-57.338857158320124
-57.068565816979444
-56.79824245189796
-56.527889030651615
-56.2575071962763
-55.987098271495974
-55.71666326332363
-55.44620286802624
-55.175717476444085
-54.90520717965408
-54.63467177496622
-54.36411077224173
-54.093523400520866
-53.82290861494849
-53.552265103985434
-53.28159129689405
-53.01088537148573
-52.74014526211809
-52.469368667929665
-52.198553061299
-51.9276956965144
-51.65679361864081
-51.38584367257018
-51.11484251224115
-50.8437866100136
-50.57267226618394
-50.3014956186271
-50.030252652551624
-49.75893921035426
-49.487551001560306
-49.21608361283627
-48.944532518061195
-48.672893088443125
-48.401160602666955
-48.12933025705997
-47.857397175761555
-47.58535642088305
-47.31320300264401
-47.04093188947167
-46.76853801805107
-46.4960163033125
-46.22336164834343
-45.95056895421146
-45.677633129686
-45.404549100846054
-45.13131182056196
-44.85791627783874
-44.584357507009535
-44.310630596768014
-44.03673069902879
-43.76265303760538
-43.48839291669599
-43.2139457291675
-42.93930696462865
-42.66447221728378
-42.38943719355932
-42.11419771949589
-41.83874974789937
-41.56308936524486
-41.28721279832807
-41.01111642065875
-40.73479675859146
-40.458250497189546
-40.18147448581855
-39.904465743465416
-39.62722146378085
-39.3497390198422
-39.07201596863465
-38.79405005524885
-38.51583921679313
-38.2373815860191
-37.95867549465973
-37.67971947647979
-37.40051227003826
-37.121052821162635
-36.8413402851352
-36.561374028591956
-36.28115363113471
-36.00067888665745
-35.71994980438796
-35.438966609645796
-35.157729744318566
-34.87623986705906
-34.59449785320586
-34.31250479442979
-34.03026199810914
-33.747770986436805
-33.46503349526331
-33.182051472679476
-32.89882707734314
-32.6153626765546
-32.331660844085306
-32.047724357765084
-31.763556196832763
-31.47915953905548
-31.19453775762191
-30.90969441781497
-30.624633273469446
-30.339358263220422
-30.05387350654866
-29.76818329962939
-29.48229211099104
-29.196204576990965
-28.909925497115495
-28.62345982911188
-28.33681268395966
-28.049989320689004
-27.76299514105332
-27.47583568406375
-27.188516620393237
-26.90104374665787
-26.613422979583127
-26.325660350062993
-26.037761997120032
-25.749734161774956
-25.46158318083413
-25.17331548060328
-24.884937570535513
-24.596456036821664
-24.30787753593104
-24.0192087881107
-23.730456570851214
-23.441627712327044
-23.152729084819562
-22.8637675981309
-22.574750192996625
-22.285683834505257
-21.996575505532466
-21.707432200197363
-21.41826091734831
-21.129068654085447
-20.839862399326933
-20.55064912742577
-20.261435791844235
-19.972229318892687
-19.683036601539325
-19.393864493297027
-19.104719802193582
-18.815609284831304
-18.526539640541777
-18.23751750564113
-17.94854944779103
-17.65964196047037
-17.370801457562525
-17.082034268062888
-16.79334663091102
-16.504744689951764
-16.21623448902949
-15.92782196721977
-15.639512954202614
-15.351313165781205
-15.063228199549823
-14.775263530714394
-14.487424508069035
-14.199716350131903
-13.912144141443498
-13.624712829030265
-13.337427219036064
-13.050291973523859
-12.76331160744974
-12.4764904858111
-12.189832820970667
-11.903342670157926
-11.617023933149241
-11.330880350127854
-11.044915499724679
-10.759132797240607
-10.473535493050772
-10.18812667119108
-9.902909248127239
-9.617885971706151
-9.333059420289366
-9.048432002068102
-8.764005954559236
-8.479783344281518
-8.195766066611082
-7.911955845815174
-7.628354235262885
-7.3449626178114835
-7.0617822063668
-6.778814044615877
-6.496059007930027
-6.213517804436319
-5.931190976255419
-5.649078900903592
-5.3671817928565435
-5.085499705272661
-4.804032531873133
-4.5227800089763255
-4.2417417176837
-3.9609170862143985
-3.6803053923854634
-3.3999057662345775
-3.1197171927821525
-2.8397385149294836
-2.5599684364895587
-2.280405525347045
-2.0010482167438592
-1.7218948166866561
-1.4429435054724478
-1.164192341328474
-0.8856392641623432
-0.6072820994183792
-0.329118562036036
-0.05114626050615045
0.22663729897926635
0.5042347082880747
0.7816486530243387
1.0588819081244654
1.3359373333777405
1.6128178688759118
1.889526530396535
2.166066404724852
2.442440644919027
2.7186524655236024
2.9947051377360827
3.2706019845315986
3.546346375750642
3.821941723154895
4.09739147545623
4.372699113323996
4.647868144375679
4.9229020981560385
5.197804521109833
5.472578971553258
5.747229014649204
6.021758217391463
6.296170143603034
6.570468348953753
6.844656376002426
7.118737749268619
7.392715970339134
7.6665945130141635
7.9403768184980414
8.214066290639492
8.487666291226189
8.761180135338357
9.034611086766034
9.307962353494553
9.581237083262808
9.854438359198804
10.127569195536974
10.400632533421668
10.673631236801127
10.946568088416155
11.219445785887558
11.492266937906464
11.765034060531592
12.03774957359734
12.31041579723642
12.583034948520623
12.85560913822325
13.128140367706512
13.40063052593708
13.673081386632795
13.94549460554348
14.217871717868656
14.490214135814833
14.762523146294807
15.034799908771031
15.307045453244937
15.579260678393835
15.851446349856872
16.123603098671424
16.395731419861136
16.66783167117677
16.939904071990714
17.21194870234574
17.483965502158416
17.755954270577494
18.027914665497654
18.29984620322849
18.571748258318344
18.843620063532292
19.115460709983417
19.38726914741643
19.659044184642635
19.930784490124903
20.20248859271116
20.47415488251478
20.74578161194016
21.017366896851215
21.28890871788043
21.560404921876046
21.831853223485172
22.103251206870272
22.37459632755615
22.64588591440462
22.91711717171372
23.188287181438447
23.459392905529818
23.730431188389126
24.00139875943412
24.272292235773985
24.543108124990052
24.81384282801923
25.084492642136777
25.35505376403512
25.625522292995328
25.89589423414779
26.16616550181874
26.436331922959344
26.70638924065395
26.97633311770389
27.246159140283343
27.515862821663436
27.785439606000757
28.05488487218617
28.324193937749932
28.59336206281899
28.862384454122417
29.131256269040914
29.39997261969621
29.668528577076
29.93691917519025
30.205139415254465
30.473184269895555
30.741048687375994
31.008727595831985
31.276215907521635
31.543508523079016
31.810600335770136
32.07748623574687
32.3441611142949
32.61061986807129
32.87685740332733
33.142868640112475
33.40864851645531
33.674191992517386
33.93949405471553
34.20454971980853
34.46935403894463
34.73390210166667
34.99818903987165
35.26221003172142
35.52596030550151
35.78943514342453
36.05262988537501
36.31553993259226
36.578160751287726
36.84048787619366
37.10251691403983
37.36424354695561
37.62566353579479
37.886772723380524
38.14756703766776
38.408042494820144
38.668195202198355
38.928021361257585
39.187517270351556
39.44667932744049
39.70550403270009
39.96398799102893
40.22212791445166
40.47992062441584
40.73736305397982
40.99445224988931
41.25118537453993
41.50755970782306
41.7635726488525
42.019221717570005
42.274504556227775
42.52941893074608
42.783962731944136
43.03813397664225
43.29193080863438
43.54535149953073
43.79839444947037
44.051058187703966
44.303341373046344
44.55524279419898
44.80676136994248
45.057896149198825
45.30864631096358
45.559011164107744
45.808990147048746
46.05858282729048
46.30778890083235
46.556608191447424
46.80504064983006
47.05308635261275
47.30074550125204
47.54801842078371
47.79490555844831
48.0414074821884
48.2875248790187
48.53325855327069
48.778609424712734
49.02357852654661
49.26816700328215
49.5123761084916
49.75620720244519
49.99966174962959
50.24274131615079
50.48544756702343
50.72778226334857
50.969747259382714
51.21134449950155
51.45257601506229
51.693443921168196
51.93395041333896
52.17409776409035
52.413888319426704
52.65332449524978
52.892408773687706
53.13114369934774
53.36953187549633
53.60757596017023
53.845278662222334
54.08264273730608
54.31967098380269
54.55636623869545
54.79273137339546
55.02876928952312
55.26448291465007
55.49987519800609
55.73494910615576
55.96970761865035
56.20415372366071
56.43829041359706
56.672120680720724
56.90564751275335
57.138873888488405
57.37180277340977
57.60443711532193
57.83677983999709
58.0688338468444
58.300602004606645
58.53208714708982
58.76329206893079
58.99421952140839
59.2248722083032
59.455252781811204
59.68536383851663
59.91520791542937
60.144787486091936
60.374104956760654
60.6031626626656
60.83196286435405
61.06050774412237
61.28879940254136
61.516839855079226
61.744631028826504
61.97217475932699
62.199472787519014
62.426526756791176
62.65333821015649
62.87990858754874
63.106239223244344
63.332331343412804
63.55818606379829
63.7838043875348
64.00918720309714
64.23433528239057
64.45924927898191
64.68392972647506
64.90837703703413
65.13259150005739
65.35657328100501
65.58032242038388
65.8038388328917
66.02712230672245
66.25017250303421
66.47298895558043
66.69557107050588
66.91791812630834
67.14002927396734
67.36190353724066
67.58353981312928
67.804936872511
68.02609336094213
68.24700779962564
68.46767858654516
68.6881039977626
68.90828218887702
69.12821119664227
69.34788894074018
69.56731322570624
69.78648174300412
70.00539207324533
70.22404168855115
70.44242795505369
70.66054813553325
70.87839939218902
71.09597878953976
71.31328329745016
71.53030979427872
71.74705507014274
71.963515830296
72.17968869861518
72.39557022119023
72.61115687001349
72.82644504676229
73.0414310866695
73.25611126247647
73.4704817884632
73.68453882455152
73.89827848047584
74.11169682001675
74.32478986529306
74.5375536011069
74.74998397933656
74.96207692337204
75.17382833258786
75.3852340868482
75.59629005103876
75.80699207962006
76.01733602119658
76.22731772309636
76.43693303595536
76.64617781830125
76.85504794113186
77.0635392924842
77.27164778199042
77.47936934541681
77.68669994918085
77.89363559484107
78.10017232355395
78.3063062204923
78.51203341921942
78.71735010601347
78.92225252413655
79.12673697804283
79.33079983752
79.53443754175785
79.73764660333771
79.94042361213772
80.14276523914887
80.34466824019651
80.54612945956265
80.7471458335041
80.94771439366107
81.14783227035039
81.3474966957381
81.54670500688567
81.74545464866358
81.94374317652606
82.14156825914236
82.3389276808804
82.53581934413835
82.73224127151927
82.9281916078442
83.12366862200001
83.31867070861988
83.51319638959517
83.70724431541764
83.90081326635031
84.0939021534255
84.28651001926976
84.47863603875582
84.67027951948221
84.86143990208181
85.05211676036133
85.24230980127338
85.43201886472404
85.62124392321941
85.80998508135455
85.99824257514733
86.18601677121858
86.37330816582077
86.56011738371608
86.74644517690449
86.93229242320278
87.1176601246746
87.30254940591321
87.48696151217875
87.67089780739154
87.85435977198317
88.03734900060799
88.21986719971828
88.40191618500698
88.58349787872253
88.76461430686055
88.94526759623665
89.12545997144497
89.30519375170883
89.48447134762847
89.6632952578305
89.84166806552338
90.0195924349635
90.19707110783526
90.37410689954896
90.55070269546133
90.72686144702408
90.90258616786747
91.0778799298252
91.25274585890708
91.42718713122537
91.60120696888049
91.77480863581167
91.947995433617
92.12077069734784
92.29313779128319
92.46510010468972
92.6366610475738
92.80782404643077
92.97859253999769
93.14896997501393
93.31895980199471
93.4885654710227
93.65779042756202
93.8266381082978
93.99511193700363
94.16321532043963
94.33095164428363
94.4983242690983
94.66533652633808
94.83199171439986
94.99829309472176
95.16424388793445
95.32984727006914
95.49510636882616
95.66002425990776
95.8246039634193
95.98884844034235
96.15276058908348
96.3163432421032
96.47959916262853
96.64253104145344
96.80514149383039
96.96743305645619
97.1294081845552
97.2910692490628
97.45241853391128
97.6134582334201
97.77419044979156
97.9346171907127
98.09474036706452
98.25456179073997
98.4140831725726
98.57330612037613
98.73223213709487
98.89086261906535
99.04919885438967
99.20724202142158
99.36499318736612
99.52245330699311
99.67962322146396
99.83650365727142
99.99309522529138
100.14939841994483
100.30541361846777
100.46114108028708
100.61658094650109
100.77173323946347
100.92659786246959
101.08117459954435
101.23546311533114
101.38946295508158
101.54317354474627
101.69659419116597
101.84972408236315
102.00256228793292
102.15510775953244
102.30735933146737
102.45931572137313
102.61097553098882
102.76233724702065
102.91339924209224
103.06415977577929
103.21461699572713
103.36476893884897
103.51461353260216
103.6641485963407
103.81337184274203
103.96228087930565
104.1108732099221
104.25914623651154
104.40709726073155
104.55472348575276
104.7020220181
104.84898986955668
104.9956239591298
105.14192111507359
105.28787807696958
105.43349149786135
105.57875794644187
105.72367390929091
105.86823579316203
106.01243992731847
106.15628256591899
106.29975989045383
106.44286801223197
106.58560297492053
106.72796075713708
106.86993727509488
107.01152838530115
107.15272988730837
107.2935375265184
107.43394699703774
107.57395394458158
107.71355396942474
107.85274262939683
107.99151544291996
108.12986789208648
108.26779542577239
108.40529346278137
108.54235739501391
108.67898259065689
108.81516439738866
108.95089814559512
109.08617915159275
109.2210027208549
109.35536415123917
109.4892587362136
109.62268176808024
109.75562854119434
109.88809435517769
110.02007451812412
110.1515643497954
110.28255918480633
110.41305437579737
110.54304529659393
110.67252734535165
110.80149594768656
110.92994655978984
111.05787467152706
111.18527580952158
111.31214554022174
111.43847947295089
111.56427326294019
111.68952261434364
111.81422328323455
111.93837108058287
112.06196187521286
112.18499159674045
112.30745623849018
112.42935186039253
112.55067459186202
112.6714206346555
112.79158626570913
112.9111678399523
113.03016179309688
113.14856464439842
113.26637299938565
113.38358355255352
113.50019309001433
113.61619849210157
113.73159673592133
113.84638489784706
113.96056015595363
114.07411979238779
114.18706119567227
114.29938186294098
114.4110794021029
114.52215153393226
114.63259609408213
114.74241103502014
114.8515944278838
114.9601444642527
115.06805945783525
115.17533784606665
115.28197819161504
115.38797918379144
115.4933396398611
115.59805850625365
115.70213485966961
115.8055679080803
115.90835699161856
116.0105015833585
116.1120012899829
116.2128558523376
116.31306514587344
116.4126291809764
116.51154810318745
116.60982219331252
116.70745186742236
116.80443767674159
116.9007803074263
116.99648058023034
117.09153945006118
117.18595800542731
117.27973746777853
117.37287919073991
117.46538465924048
117.55725548853773
117.64849342313867
117.73910033561832
117.82907822533626
117.9184292170522
118.0071555594419
118.09525962351493
118.18274390093607
118.26961100225127
118.35586365502091
118.44150470186331
118.52653709841
118.61096391117381
118.69478831533011
118.77801359241253
118.86064312792347
118.94268040886014
119.0241290211569
119.10499264704434
119.18527506232668
119.26498013357785
119.34411181525716
119.42267414674528
119.50067124930068
119.57810732293693
119.65498664322057
119.73131355798931
119.80709248399101
119.88232790344499
119.95702436052737
120.03118645778282
120.10481885246462
120.17792625280411
120.25051341421157
120.32258513540977
120.39414625450205
120.46520164497689
120.53575621165145
120.60581488655747
120.67538262477295
120.74446440020334
120.81306520131601
120.88119002683287
120.94884388138631
121.01603177114292
121.08275869940074
121.14902966216617
121.21484964371676
121.2802236121564
121.34515651496939
121.40965327457955
121.47371878392083
121.5373579020255
121.60057544963637
121.6633762048475
121.72576489877905
121.78774621129058
121.84932476673815
121.91050512978119
121.97129180124453
122.03168921404095
122.09170172915911
122.15133363172139
122.21058912711497
122.26947233719885
122.32798729658928
122.38613794902561
122.44392814381773
122.50136163237617
122.55844206482503
122.61517298669752
122.67155783571376
122.72759993864018
122.78330250822977
122.83866864024218
122.89370131054326
122.94840337228297
123.00277755315139
123.05682645271301
123.11055253981928
123.16395815010068
123.21704548353986
123.2698166021274
123.32227342760163
123.37441773927443
123.42625117194515
123.47777521390432
123.52899120502852
123.57990033496864
123.63050364143484
123.68080200858068
123.73079616548895
123.78048668476092
123.82987398121074
123.87895831066689
123.92773976888199
123.97621829055217
124.02439364844699
124.07226545265198
124.11983314992594
124.16709602317562
124.21405319104983
124.26070360765547
124.30704606239678
124.35307917993939
124.39880142030094
124.44421107906973
124.48930628775278
124.53408501425437
124.57854506348619
124.62268407811038
124.66649953941644
124.70998876833389
124.7531489265825
124.79597701796123
124.83846988977766
124.88062423441906
124.92243659106597
124.9639033475481
125.0050207423437
125.04578486672332
125.08619166703849
125.12623694715634
125.16591637104065
125.20522546547997
125.24415962296402
125.28271410471027
125.32088404384203
125.35866444871974
125.39605020642747
125.43303608641608
125.46961674430392
125.50578672583603
125.54154047100243
125.5768723183165
125.61177650925308
125.64624719284515
125.68027843043816
125.71386420060023
125.74699840418461
125.77967486954034
125.81188735786529
125.84362956869538
125.874895145522
125.90567768152866
125.93597072543716
125.96576778745393
125.9950623453054
126.02384785035085
126.05211773376092
126.07986541275088
126.10708429685778
126.1337677942524
126.1599093180765
126.18550229279683
126.21054016056755
126.23501638759214
126.25892447047656
126.28225794256556
126.30501038025417
126.32717540926657
126.3487467108956
126.36971802819559
126.39008317212196
126.4098360276117
126.42897055959949
126.44748081896498
126.4653609484063
126.48260518823506
126.49920788208848
126.51516348255436
126.53046655670491
126.54511179153823
126.559093999327
126.57240812287348
126.58504924066888
126.59701257195498
126.6082934816862
126.61888748539054
126.62879025392768
126.63799761814353
126.6465055734213
126.65431028412827
126.66140808795792
126.66779550016504
126.67346921769213
126.67842612318493
126.6826632888935
126.68617798045484
126.68896766055407
126.69102999245952
126.6923628434267
126.69296428796584
126.69283261096776
126.69196631068185
126.6903641015411
126.68802491682852
126.68494791117924
126.68113246291348
126.67657817619643
126.67128488302122
126.66525264500963
126.65848175502431
126.65097273858528
126.64272635508333
126.63374359878271
126.62402569960473
126.61357412368439
126.6023905736932
126.59047698892148
126.57783554511555
126.56446865406424
126.55037896292966
126.5355693533174
126.52004294008209
126.50380306986399
126.48685331935287
126.46919749327692
126.45083962211523
126.431783959533
126.41203497954048
126.3915973733768
126.37047604612219
126.34867611304124
126.32620289566076
126.30306191758605
126.27925890006027
126.25479975727167
126.22969059141458
126.20393768751099
126.17754750800016
126.15052668710344
126.12288202497082
126.09462048161579
126.06574917064513
126.03627535279117
126.0062064292552
125.97554993487194
125.94431353110423
125.91250499887707
125.8801322312608
125.8472032260151
125.81372607800648
125.779708971513
125.74516017242985
125.71008802038995
125.67450092081373
125.63840733690296
125.60181578159387
125.56473480948631
125.52717300876606
125.48913899313783
125.45064139378582
125.41168885137876
125.37229000813608
125.33245349997065
125.29218794872332
125.2515019545038
125.21040408815117
125.16890288382643
125.12700683174859
125.0847243710835
125.04206388299457
124.9990336838627
124.95564201868154
124.91189705463279
124.86780687484594
124.82337947234697
124.77862274420005
124.73354448584604
124.68815238564179
124.64245401960358
124.59645684635683
124.5501682022936
124.5035952969393
124.45674520853032
124.40962487980363
124.36224111399855
124.31460057107137
124.26670976412271
124.21857505603731
124.17020265633545
124.12159861823517
124.07276883592345
124.0237190420334
123.97445480532389
123.92498152855836
123.87530444657915
123.82542862457314
123.7753589565247
123.72510016385154
123.67465679421905
123.62403322052982
123.57323364008475
123.52226207391224
123.47112236626303
123.4198181842675
123.36835301775254
123.31673017921553
123.26495280395277
123.21302385033998
123.16094610026339
123.10872215970066
123.05635445945192
123.00384525602026
122.9511966326417
122.89841050046452
122.84548859987756
122.79243250198765
122.7392436102471
122.68592316223219
122.63247223157332
122.5788917300362
122.52518240975307
122.47134486560235
122.41737953773445
122.36328671424046
122.30906653396111
122.25471898943219
122.20024392996213
122.14564106483833
122.09090996665866
122.0360500747842
121.98106069890882
121.92594102274056
121.87069010779014
121.81530689726155
121.75979022003928
121.70413879476762
121.64835123401785
121.59242604853925
121.53636165159007
121.48015636334519
121.42380841537572
121.36731595519647
121.31067705087735
121.25388969571479
121.19695181296031
121.13986126060176
121.08261583619314
121.02521328172786
120.96765128855081
120.90992750230457
120.85203952790475
120.79398493453895
120.73576126068421
120.67736601913832
120.61879670206058
120.56005078601633
120.50112573701942
120.44201901556633
120.38272808165439
120.32325039977584
120.26358344387998
120.20372470229555
120.14367168260608
120.0834219164714
120.02297296438806
119.96232242038175
119.90146791662428
119.84040712796869
119.77913777639608
119.71765763536885
119.65596453408526
119.59405636163152
119.53193107102769
119.46958668316327
119.40702129061847
119.34423306136821
119.281220242366
119.21798116300445
119.1545142384496
119.0908179728473
119.02689096240104
118.96273189831984
118.89833956963642
118.83371286589593
118.76885077971602
118.70375240921877
118.63841696033606
118.5728437489901
118.50703220315145
118.44098186477723
118.37469239163138
118.30816355898881
118.24139526122318
118.17438751327828
118.10714045202124
118.03965433747604
117.97192955393601
117.90396661095409
117.83576614420943
117.76732891624877
117.6986558171001
117.62974786475675
117.5606062055297
117.4912321142663
117.4216269944333
117.35179237806258
117.28172992555793
117.21144142536028
117.1409287934695
117.07019407282044
116.9992394325117
116.92806716688611
116.85667969446266
116.78507955672026
116.71326941673478
116.64125205767085
116.5690303811315
116.49660740536844
116.42398626335638
116.35117020073484
116.27816257362123
116.20496684629872
116.13158658878207
116.05802547426448
115.9842872764482
115.91037586676102
115.8362952114593
115.76204936861838
115.68764248501101
115.6130787928745
115.53836260656716
115.46349831911563
115.3884903986549
115.31334338476383
115.23806188469952
115.16265056953365
115.08711417019425
115.01145747341629
114.93568531760538
114.85980258861981
114.7838142154766
114.70772516598846
114.63154044233876
114.55526507660149
114.47890412621372
114.40246266940757
114.32594580060938
114.24935862581448
114.17270625794664
114.09599381221155
114.01922640145382
113.94240913152647
113.86554709668043
113.7886453749825
113.71170902376913
113.63474307514299
113.55775253151923
113.48074236122808
113.40371749417933
113.3266828175946
113.2496431718139
113.17260334618335
113.09556807503033
113.01854203373217
112.94152983488517
112.8645360245804
112.78756507879258
112.71062139988625
112.63370931324323
112.55683306401409
112.4799968139962
112.40320463864043
112.32646052418772
112.24976836493636
112.17313196064094
112.09655501404347
112.02004112853592
111.94359380595358
111.8672164444979
111.79091233678764
111.71468466803708
111.63853651436011
111.56247084119946
111.48649050187896
111.41059823627768
111.33479666962285
111.25908831139782
111.18347555436014
111.10796067366516
111.03254582609122
110.9572330493628
110.88202426156772
110.80692126066435
110.7319257240747
110.65703920836063
110.58226314898138
110.50759886013077
110.43304753465372
110.35861024404267
110.2842879385139
110.21008144716461
110.13599147821071
110.06201861930583
109.9881633379415
109.91442598192953
109.84080677996735
109.76730584228653
109.69392316138374
109.6206586128344
109.54751195618906
109.4744828359519
109.40157078264258
109.32877521394119
109.25609543591713
109.18353064434223
109.1110799260889
109.03874226061407
108.96651652152912
108.89440147825565
108.82239579776694
108.75049804641583
108.67870669184924
108.60702010501006
108.53543656222689
108.46395424739194
108.39257125422694
108.32128558863563
108.2500951711405
108.17899783940071
108.10799135080809
108.03707338515777
107.96624154738957
107.89549337039635
107.82482631789411
107.7542377873484
107.68372511295057
107.61328556863758
107.54291637114999
107.47261468312193
107.40237761619743
107.3322022341673
107.26208555612173
107.19202455961418
107.12201618383288
107.05205733277693
106.98214487843369
106.91227566395501
106.84244650682955
106.77265420204877
106.70289552526582
106.63316723594708
106.56346608051693
106.49378879549486
106.42413211062431
106.35449275199174
106.2848674451344
106.21525291813451
106.14564590469728
106.07604314721105
106.00644139978827
105.93683743128587
105.86722802830455
105.7976099981655
105.72798017186243
105.65833540698735
105.58867259062832
105.51898864223709
105.44928051646387
105.37954520595632
105.30977974412052
105.23998120784096
105.17014672015692
105.10027345289221
105.03035862923558
104.96039952627005
104.89039347744982
104.82033787502347
104.7502301724022
104.68006788647243
104.60984859985295
104.53956996309579
104.46922969683008
104.39882559384874
104.32835552113782
104.25781742184903
104.18720931721417
104.11652930839884
104.04577557829256
103.97494639323267
103.90404010465883
103.83305515069569
103.7619900576602
103.69084344148982
103.61961400908783
103.5483005595838
103.47690198550808
103.40541727387878
103.33384550719958
103.26218586436627
103.19043762147871
103.11860015255454
103.04667293014185
102.97465552582784
102.90254761063997
102.83034895533635
102.75805943058342
102.68567900701916
102.61320775519945
102.54064584542547
102.4679935474496
102.39525123005794
102.32241936052807
102.24949850396112
102.1764893224881
102.10339257435132
102.03020911286214
101.95693988523678
101.88358593131224
101.81014838214455
101.73662845849171
101.66302746918436
101.58934680938839
101.51558795876448
101.4417524795293
101.3678420144233
101.29385828459019
101.21980308737258
101.1456782940289
101.07148584737601
100.99722775936206
100.9229061085741
100.84852303768591
100.77408075085063
100.6995815110424
100.62502763735083
100.55042150223275
100.47576552872519
100.4010621876233
100.32631399462613
100.25152350745277
100.17669332293094
100.1018260740603
100.02692442705116
99.95199107834055
99.87702875158784
99.80204019465255
99.72702817655711
99.65199548443668
99.57694492047763
99.50187929884665
99.42680144261278
99.35171418066507
99.27662034462874
99.20152276578308
99.12642427198303
99.05132768458687
98.97623581539285
98.9011514635866
98.82607741270097
98.7510164275911
98.6759712514267
98.6009446027037
98.52593917227712
98.45095762041792
98.37600257389745
98.30107662310338
98.22618231919178
98.151322171279
98.07649864367802
98.00171415318353
97.92697106641079
97.85227169719367
97.77761830404809
97.703013087706
97.62845818872547
97.55395568518232
97.47950759044825
97.40511585106033
97.3307823446872
97.25650887819752
97.18229718583525
97.1081489275061
97.03406568717897
96.9600489714049
96.88610020795564
96.81222074458374
96.73841184790497
96.66467470240362
96.59101040956064
96.51741998710357
96.44390436837723
96.3704644018339
96.29710085064023
96.22381439239867
96.15060561898072
96.07747503646927
96.00442306520627
95.93145003994182
95.85855621008018
95.78574174001966
95.71300670958277
95.64035111453353
95.5677748671788
95.49527779705141
95.42285965167258
95.35052009739087
95.27825872029592
95.2060750272056
95.13396844672633
95.06193833038668
94.9899839538445
94.91810451816895
94.8462991511987
94.77456690897662
94.70290677726001
94.63131767310512
94.55979844652353
94.48834788220819
94.41696470132598
94.34564756337414
94.27439506809725
94.20320575746115
94.13207811768058
94.06101058129747
93.9900015293079
93.9190492933364
93.84815215785596
93.7773083624524
93.70651610413012
93.63577353965621
93.5650787879394
93.4944299324406
93.42382502361141
93.35326208135808
93.28273909752767
93.21225403841396
93.14180484728007
93.07138944689592
93.00100574208938
92.93065162230909
92.86032496419756
92.79002363417277
92.71974549101611
92.64948838846414
92.57925017780161
92.50902871045326
92.43882184057185
92.36862742762054
92.2984433389484
92.22826745235835
92.15809765866817
92.08793186426527
92.01776799365524
91.94760399200362
91.87743782767024
91.80726749473394
91.73709101550565
91.66690644302781
91.59671186355803
91.52650539903544
91.45628520952681
91.3860494956495
91.31579650096813
91.24552451436175
91.17523187235888
91.10491696143792
91.0345782202891
90.9642141420341
90.89382327639866
90.82340423183386
90.75295567758126
90.68247634567767
90.61196503289459
90.54142060260817
90.47084198659665
90.40022818676168
90.3295782767696
90.25889140360941
90.18816678906482
90.11740373109812
90.04660160514406
89.97575986531267
89.90487804549984
89.83395576040554
89.7629927064592
89.69198866265076
89.62094349126555
89.54985713852277
89.47872963511843
89.407561096675
89.33635172409986
89.26510180385326
89.19381170812521
89.122481894921
89.05111290805512
88.97970537705378
88.90826001696614
88.83677762808547
88.76525909558147
88.69370538904597
88.62211756195408
88.5504967510431
88.47884417561231
88.4071611367463
88.33544901646341
88.26370927679072
88.19194345876626
88.12015318136905
88.04834014037606
87.97650610714531
87.90465292732453
87.83278251948427
87.76089687367487
87.68899804990717
87.61708817655658
87.54516944869015
87.47324412631706
87.40131453256281
87.3293830517686
87.25745212751819
87.18552426059493
87.11360200687163
87.04168797513596
86.96978482485501
86.89789526388374
86.82602204612185
86.7541679691232
86.682335871662
86.61052863126001
86.53874916167881
86.46700041038028
86.39528535595801
86.32360700554207
86.25196839217907
86.18037257218921
86.10882262250269
86.03732163797773
85.96587272870298
85.89447901728605
85.82314363613003
85.75186972469933
85.68066042677472
85.6095188876973
85.53844825160107
85.46745165863356
85.39653224216502
85.32569312598528
85.25493742148834
85.1842682248446
85.1136886141617
85.04320164663491
84.97281035568872
84.90251774811239
84.83232680119286
84.76224045984841
84.6922616337661
84.62239319454571
84.5526379728532
84.48299875558635
84.41347828305484
84.34407924617634
84.27480428368918
84.20565597938221
84.13663685934173
84.0677493892164
83.99899597150105
83.93037894284058
83.86190057135505
83.79356305398588
83.72536851386351
83.6573189976962
83.58941647317945
83.52166282642602
83.45405985941593
83.386609287467
83.31931273672663
83.25217174168714
83.18518774272675
83.11836208367905
83.05169600943296
82.98519066356552
82.9188470860088
82.85266621075313
82.78664886358935
82.72079575989336
82.65510750245575
82.58958457935911
82.52422736190546
82.45903610259622
82.39401093316759
82.3291518626843
82.26445877569462
82.19993143045112
82.1355694572011
82.07137235655206
82.00733949791744
81.94347011804827
81.87976331965605
81.81621807013256
81.75283320037126
81.68960740369495
81.62653923489462
81.56362710938426
81.50086930247541
81.43826394877432
81.37580904170478
81.31350243316014
81.25134183328795
81.18932481040964
81.12744879107687
81.06571106026651
81.00410876171601
80.94263889840194
80.8812983331634
80.8200837894715
80.7589918523454
80.69801896941603
80.63716145213836
80.5764154771531
80.51577708779804
80.45524219576886
80.39480658292906
80.33446590326811
80.27421568500542
80.21405133283692
80.15396813032022
80.09396124239481
80.03402571803281
79.97415649301615
79.91434839283625
79.85459613571254
79.7948943357261
79.73523750606432
79.67562006237335
79.61603632621382
79.55648052861545
79.49694681372716
79.43742924255821
79.37792179680616
79.31841838276614
79.25891283531564
79.19939892196953
79.13987034699926
79.08032075560959
79.0207437381664
78.96113283447005
78.9014815380691
78.84178330060843
78.78203153620564
78.72221962584979
78.66234092181662
78.60238875209461
78.54235642481638
78.48223723269018
78.42202445742726
78.36171137416193
78.30129125586222
78.24075737772898
78.18010302158189
78.11932148023197
78.05840606184063
77.99735009426536
77.93614692939161
77.87478994744959
77.81327256131442
77.75158822078754
77.68973041685695
77.62769268593297
77.56546861405558
77.50305184106945
77.44043606476224
77.37761504496153
77.31458260758676
77.25133264865256
77.18785913821999
77.12415612429207
77.06021773665042
76.99603819062973
76.93161179082732
76.86693293474592
76.80199611636861
76.73679592966401
76.67132707202005
76.60558434760377
76.53956267064392
76.47325706863352
76.40666268544963
76.33977478438725
76.27258875110395
76.2051000964717
76.13730445933139
76.06919760914637
76.00077544855104
75.93203401579181
75.86296948705727
75.79357817869423
75.72385654930666
75.65380120173482
75.58340888491226
75.51267649559769
75.44160107997924
75.37017983514873
75.29841011044424
75.22628940865955
75.15381538711937
75.08098585861886
75.00779879222681
74.93425231395234
74.86034470727564
74.78607441354254
74.7114400322229
74.636440321033
74.56107419592186
74.48534073092142
74.40923915786166
74.33276886595152
74.25592940122729
74.17872046586993
74.10114191739243
74.02319376769836
73.94487618201228
73.86618947768292
73.78713412285978
73.70771073504372
73.62792007951313
73.54776306762776
73.46724075501308
73.38635433962915
73.30510515972819
73.22349469170578
73.14152454785116
73.05919647400216
72.97651234711074
72.8934741727239
72.81008408238424
72.72634433095342
72.64225729386177
72.55782546428688
72.4730514502638
72.38793797172954
72.30248785750442
72.21670404221314
72.13058956314936
72.04414755708697
71.95738125704159
71.87029398898565
71.78288916852117
71.6951702975148
71.60714096070004
71.51880482225148
71.43016562233653
71.34122717364927
71.2519933579323
71.16246812249189
71.07265547671138
70.98255948856708
70.89218428114977
70.80153402919508
70.71061295562505
70.61942532810282
70.52797545560277
70.43626768499742
70.34430639766215
70.2520960060984
70.1596409505756
70.06694569579277
69.97401472756128
69.88085254951018
69.7874636798161
69.69385264796024
69.6000239915157
69.50598225296876
69.41173197657788
69.31727770527387
69.22262397760421
69.12777532472462
69.03273626744063
68.93751131330244
68.8421049537554
68.7465216613485
68.6507658870026
68.55484205733946
68.45875457207286
68.36250780146396
68.26610608384284
68.16955372319855
68.07285498683929
67.97601410312451
67.87903525926926
67.78192259922106
67.6846802216095
67.58731217776858
67.48982246983223
67.3922150489035
67.29449381329755
67.19666260685892
67.09872521735349
67.00068537493655
66.90254675069843
66.80431295528808
66.70598753761476
66.6075739836275
66.50907571517217
66.41049608892519
66.3118383954025
66.21310585804287
66.11430163236406
66.01542880519077
65.91649039395287
65.8174893460536
65.71842853830657
65.6193107764397
65.5201387946642
65.42091525530674
65.3216427485035
65.22232379195492
65.12296083074023
65.0235562371912
64.92411231082497
64.82463127833614
64.7251152936488
64.62556643802861
64.52598672025579
64.4263780768593
64.32674237241349
64.2270813998984
64.12739688112589
64.02769046723381
63.92796373924886
63.82821820871856
63.728455318411015
63.62867644308135
63.52888289030391
63.42907590136951
63.32925665224683
63.229426254607
63.12958575691032
63.02973614555395
62.92987834607833
62.83001322443038
62.73014158828061
62.630264188392225
62.53038172003959
62.430494824473776
62.33060409043241
62.23071005569164
62.13081320865842
62.03091399000146
61.9310127943193
61.83110997184376
61.731205830176904
61.631300636059606
61.53139461716954
61.431487963946424
61.33158083144268
61.23167334119812
61.13176558313721
61.03185761748789
60.93194947672099
60.832041167509075
60.73213267270272
60.632223953322736
60.532314950567454
60.43240558783411
60.33249577275306
60.23258539923334
60.1326743495179
60.03276249624655
59.932849704525026
59.83293583399818
59.7330207409252
59.633104280255154
59.533186307700745
59.433266681808206
59.33334526602139
59.233421930738224
59.133496555357546
59.033569030314915
58.93363925910601
58.83370716029621
58.73377266951466
58.63383574143089
58.53389635171252
58.43395449896256
58.33401020663505
58.23406352492723
58.1341145326463
58.03416333904884
57.93421008565017
57.83425494800114
57.73429813742931
57.63433990274181
57.53438053188737
57.43442035357524
57.334459738848786
57.23449910261176
57.13453890510406
57.034579653323625
56.934621902390894
56.83466625685227
56.7347133719193
56.63476395464065
56.53481876500419
56.43487861696664
56.33494437940843
56.23501697701167
56.135097391059475
56.03518666015427
55.93528588085317
55.83539620821861
55.73551885628248
55.635655098422916
55.53580626765208
55.43597375681301
55.33615901868322
55.23636356598328
55.136588971289115
55.036836866846244
54.937108944285086
54.83740695423646
54.737732705847435
54.638088066197525
54.53847495961454
54.43889536688973
54.33935132439202
54.239844923081954
54.14037830742674
54.040953674217654
53.94157327129184
53.84223939616012
53.74295439454297
53.643720658817095
53.54454062637503
53.445416777900526
53.346351635562336
53.247347761129355
53.1484077540102
53.049534249220265
52.95072991527925
52.85199745204155
52.75333958846149
52.65475908029523
52.55625870774124
52.457841273021096
52.359509597902296
52.26126652116547
52.16311489601823
52.065057587458526
51.967097469590456
51.86923742289538
51.771480331460864
51.67382908017028
51.57628655185597
51.47885562441935
51.38153916792113
51.28434004164525
51.18726109114017
51.09030514524183
50.9934750130828
50.89677348109235
50.80020330999214
50.7037672317921
50.607467946790294
50.51130812058041
50.41529038107082
50.31941731551906
50.22369146758548
50.12811533441
50.03269136371655
49.9374219509498
49.84230943644872
49.747356102661634
49.652564171407285
49.55793580118718
49.46347308455416
49.36917804554168
49.27505263715813
49.181098738950205
49.08731815463893
48.993712609831626
48.90028374981291
48.80703313741805
48.71396225099182
48.6210724824357
48.528365135346526
48.43584142324904
48.34350246792497
48.25134929784105
48.15938284667829
48.06760395196472
47.97601335381331
47.88461169376689
47.79339951375176
47.702377255140966
47.61154525792842
47.52090376001456
47.43045289660455
47.34019269971935
47.25012309782005
47.16024391554589
47.07055487356678
46.98105558855127
46.89174557325123
46.80262423670348
46.713690884548726
46.62494471946758
46.536384841733025
46.44801024987828
46.359819841479066
46.27181241404861
46.18398666604372
46.09634119797971
46.00887451365202
45.92158502146282
45.83447103585104
45.747530778824114
45.66076238158968
45.57416388628508
45.48773324780234
45.4014683357056
45.31536693623803
45.229426754414696
45.14364541619846
45.05802047075547
44.972549392786725
44.88722958493212
44.80205838024363
44.71703304472401
44.63215077992822
44.547408725624216
44.4628039625104
44.3783335149863
44.293994353973055
44.209783399780115
44.125697525014566
44.0417335575297
43.95788828340908
43.874158449982126
43.79054076886734
43.70703191903976
43.62362854991914
43.54032728447549
43.45712472234873
43.374017442979714
43.291002008749494
43.20807496812409
43.125232858802164
43.04247221086261
42.95978954990828
42.87718140020216
42.79464428779271
42.712174743624686
42.62976930663244
42.54742452681175
42.46513696826632
42.382903212224775
42.30071986002473
42.21858353606068
42.13649089069246
42.05443860311105
41.97242338415934
41.89044197910549
41.80849117036671
41.72656778018096
41.644668673224416
41.562790759172216
41.48093099519973
41.39908638842188
41.31725399826813
41.235430938790884
41.15361438090575
41.07180155456244
40.989989750845425
40.908176324003456
40.826358693407236
40.744534345434126
40.662700835278805
40.58085578868836
40.49899690361995
40.41712195181922
40.33522878031793
40.253315312848976
40.17137955117793
40.08941957634975
40.007433549849715
39.92541971467782
39.84337639633609
39.76130200372902
39.67919502997771
39.59705405314819
39.51487773689443
39.43266483101619
39.35041417193148
39.26812468306324
39.18579537514032
39.10342534641294
39.02101378278284
38.938559957848646
38.856063232867065
38.77352305663064
38.69093896526326
38.60831058193466
38.52563761649529
38.44291986503313
38.360157209353844
38.277349616385635
38.19449713751047
38.111599907822296
38.02865814531313
37.945672149987814
37.86264230290837
37.77956906516883
37.69645297680168
37.61329465561684
37.530094795974065
37.44685416748953
37.36357361367752
37.2802540505285
37.19689646502536
37.11350191359975
37.030071520530726
36.94660647628757
36.86310803581847
36.77957751678713
36.69601629775905
36.612425816339105
36.52880756726193
36.44516310043655
36.36149401894652
36.27780197700701
36.19408867788035
36.11035587175191
36.02660535356792
35.942838960837285
35.85905857139905
35.77526610115708
35.69146350178314
35.607652758389996
35.52383588717574
35.44001493304071
35.35619196717848
35.27236908464291
35.18854840189285
35.10473205431685
35.020922193740084
34.93712098591623
34.85333060800672
34.76955324604983
34.68579109242221
34.602046343295385
34.51832119608996
34.434617846930266
34.3509384881023
34.26728530551786
34.183660476188024
34.10006616570898
34.0165045257631
33.93297769163833
33.849487779768495
33.76603688529691
33.68262707966569
33.59926040823298
33.51593888792031
33.43266450489217
33.34943921226973
33.266264927880925
33.1831435320491
33.10007686542248
33.01706672684723
32.93411487128661
32.85122300778839
32.76839279750287
32.6856258517531
32.60292373015919
32.520287938818264
32.43771992854176
32.35522109315165
32.27279276783728
32.19043622757494
32.10815268561203
32.02594329201796
31.94380913230328
31.86175122610829
31.779770525962284
31.697867916114298
31.61604421143651
31.534300156401407
31.452636424133694
31.371053615538024
31.289552258503853
31.20813280718881
31.126795641382223
31.045541065950268
30.964369310364
30.88328052831128
30.802274797393526
30.721352118907905
30.64051241771543
30.55975554219521
30.47908126428496
30.398489279607677
30.317979207684207
30.237550592231802
30.157202901548434
30.076935528982663
29.99674779348911
29.916638940269625
29.836608141500168
29.756654497143387
29.6767770358465
29.596974715924006
29.517246426424634
29.43759098828187
29.35800715554717
29.278493616705077
29.19904899606928
29.11967185525856
29.040360694751087
28.961113955515458
28.881930020716794
28.802807217496365
28.723743818823465
28.644738045418162
28.565788067743423
28.48689200806461
28.408047942574168
28.329253903578998
28.250507881747748
28.171807828415066
28.093151657939895
28.014537250114895
27.935962452623922
27.857425083544396
27.778922933891234
27.700453770199285
27.622015337141075
27.543605360176677
27.465221548232527
27.3868615964061
27.308523188693435
27.23020400073633
27.151901702585796
27.073613961478507
26.995338444622767
26.917072821990722
26.83881476911366
26.76056196987698
26.6823121193112
26.60406292637517
26.5258121167279
26.447557435485116
26.369296649956926
26.291027552362767
26.212747962520314
26.13445573050514
26.056148739277763
25.977824907274528
25.89948219095918
25.821118587331785
25.74273213639187
25.664320923552697
25.585883082004006
25.507416795020607
25.428920298214326
25.350391881726797
25.27182989236069
25.19323273564696
25.114598877846035
25.035926847880987
24.957215239200693
24.87846271157123
24.799667992793886
24.720829880348546
24.641947242961166
24.56301902209377
24.484044233355846
24.40502196783602
24.325951393352895
24.246831755624143
24.16766237935316
24.088442669232663
24.009172110865038
23.92985027159936
23.850476801284753
23.77105143293998
23.691573983339094
23.612044353513294
23.53246252916936
23.452828581025
23.37314266506173
23.29340502269603
23.213615980869218
23.133775952056407
23.053885434194893
22.9739450105326
22.893955349397412
22.813917203888263
22.733831411488985
22.65369889360631
22.573520655032986
22.493297783337006
22.413031448177925
22.332722900551325
22.252373471962564
22.171984573530985
22.091557695025763
22.01109440383454
21.930596343866064
21.85006523438785
21.769502868799954
21.68891111334589
21.608291905761696
21.52764725386425
21.446979234079752
21.366289989913444
21.285581730361546
21.204856728266666
21.124117318617866
21.043365896796733
20.96260491677072
20.88183688923505
20.80106437970443
20.72029000655613
20.639516439026014
20.55874639515901
20.477982639715297
20.397227982033655
20.3164852738536
20.23575740709782
20.155047311616244
20.07435795289331
19.993692329719863
19.91305347183095
19.832444437510844
19.75186831116696
19.671328200874086
19.590827235890742
19.510368564149303
19.429955349721894
19.34959077026423
19.269278014439262
19.189020279322502
19.108820767790828
19.028682685896907
18.948609240231317
18.868603635274408
18.78866907074004
18.70880873891343
18.629025821985092
18.549323489382797
18.469704895103373
18.390173175046197
18.310731444350193
18.231382794736202
18.15213029185677
18.072976972655404
17.99392584273719
17.914979873752664
17.83614200079662
17.757415119823797
17.678802085083298
17.600305706573742
17.521928747521194
17.44367392188203
17.36554389187281
17.287541265529264
17.20966859429658
17.13192837065319
17.054323025770234
16.976854927208937
16.899526376658148
16.822339607714245
16.74529678370526
16.668399995561277
16.591651259733187
16.515052516161877
16.438605626299836
16.36231237118729
16.28617444958515
16.21019347616698
16.134370979772076
16.058708401721574
15.983207094199487
15.907868318700311
15.832693244544929
15.757682947466407
15.682838408267457
15.60816051155119
15.533650044526695
15.4593076958909
15.385134054788082
15.311129609848322
15.237294748306153
15.163629755200729
15.09013481265873
15.01680999926114
14.943655289494826
14.870670553289925
14.797855555643961
14.725209956333654
14.652733309715227
14.580425064614072
14.50828456430457
14.436311046580865
14.364503643919246
14.292861383732724
14.221383188718217
14.150067877296744
14.078914164146932
14.007920660832179
13.937085876521502
13.866408218804134
13.79588599459782
13.725517411150799
13.655300577137403
13.585233503847128
13.515314106466782
13.445540205455224
13.375909528010162
13.306419709626347
13.237068295744372
13.167852743489085
13.098770423496594
13.029818621828701
12.960994541973298
12.892295306929105
12.823717961373182
12.755259473909552
12.686916739397125
12.618686581354984
12.550565754443003
12.482550947015643
12.414638783746856
12.346825828323848
12.279108586207247
12.211483507455217
12.143946989609066
12.076495380637883
12.00912498193948
11.941832051394785
11.8746128064727
11.80746342738236
11.740380060269631
11.67335882045464
11.606395795707245
11.539487049557183
11.47262862463569
11.405816546045543
11.339046824756409
11.272315461022274
11.205618447817656
11.138951774289282
11.072311429219809
11.00569340450012
10.939093698606667
10.87250832008017
10.805933291002004
10.739364650464749
10.672798458033297
10.606230797192778
10.53965777877954
10.473075544391502
10.406480269774104
10.339868168178082
10.273235493685402
10.206578544499731
10.139893666197732
10.073177254937445
10.006425760620028
9.939635690001248
9.872803609749235
9.80592614944518
9.73900000452374
9.672021939149937
9.604988789029358
9.53789746414855
9.470744951442462
9.403528317385785
9.336244710505177
9.26889136380941
9.201465597134508
9.133964819401115
9.066386530781271
8.99872832477193
8.9309878901726
8.863163012964582
8.795251578089397
8.727251571124233
8.659161079852337
8.59097829572637
8.522701515222973
8.454329141086898
8.385859683463057
8.317291760914944
8.248624101327952
8.179855542696256
8.11098503379207
8.042011634716127
7.972934517328435
7.903752965558612
7.834466375595193
7.765074255953508
7.695576227421911
7.625972022886317
7.556261487033105
7.486444575930534
7.416521356489021
7.346492005800733
7.276356810359139
7.2061161651592505
7.135770572679446
7.065320641745847
6.994767086280389
6.924110723933863
6.853352474605335
6.782493358849497
6.711534496173717
6.640477103226662
6.569322491880573
6.498072067209282
6.426727325364186
6.35528985135053
6.283761316706555
6.212143477088236
6.140438169762364
6.06864731101088
5.996772893449476
5.92481698326364
5.852781717365397
5.78066930047416
5.7084820021252165
5.636222153609523
5.563892144848566
5.491494421208195
5.419031480255469
5.346505868462663
5.273920177862691
5.201277042660251
5.128579135803106
5.055829165517961
4.983029871815502
4.910184022969274
4.837294411973116
4.764363852981842
4.691395177739953
4.618391232003181
4.545354871957713
4.4722889606419685
4.399196364375808
4.326079949202057
4.252942577345258
4.179787103692525
4.106616372301413
4.033433212939637
3.9602404376614744
3.8870408374256105
3.813837178759174
3.7406322004726476
3.6674286104302687
3.5942290823804846
3.5210362528509487
3.4478527181124443
3.374681031216039
3.3015236991076944
3.2283831798244336
3.155261879776056
3.0821621511162505
3.009086289206873
2.9360365301790305
2.8630150485944688
2.7900239552106134
2.7170652948524703
2.644141044394454
2.5712531108550523
2.4984033296070773
2.4255934627060984
2.352825197339458
2.2801001443981384
2.2074198371735654
2.1347857301812683
2.062199198113137
1.9896615349198514
1.9171739530248775
1.844737582671256
1.7723534714022144
1.7000225836764644
1.6277458006188716
1.5555239199070083
1.483357655793929
1.4112476392673226
1.3391944183450035
1.2671984585065232
1.1952601432605041
1.1233797748471188
1.0515575750749553
0.9797936862913273
0.9080881724849204
0.8364410205194813
0.764852141497091
0.6933213722493798
0.621848476954887
0.5504331488805991
0.47907501224554283
0.407773624204141
0.3365284769468831
0.26533899991569737
0.19420456213125364
0.12312447462926959
0.052097993002739
-0.018875679953145985
-0.08979739149675199
-0.16066803609995764
-0.2314885525159616
-0.30225992075874214
-0.3729831589980979
-0.44365932037432926
-0.5142894897367437
-0.5848747803102894
-0.655416330294735
-0.7259152994009248
-0.7963728653287417
-0.8667902201915032
-0.9371685668916029
-1.007509115452302
-1.0778130793106535
-1.1480816715766164
-1.2183161012634718
-1.2885175694947184
-1.3586872656926765
-1.4288263637540766
-1.4989360182179523
-1.5690173604311861
-1.639071494717069
-1.7090994945522486
-1.7791023987574508
-1.8490812077073684
-1.9190368795651045
-1.9889703265465473
-2.058882411219998
-2.1287739428463275
-2.198645673764863
-2.268498295830177
-2.3383324369048775
-2.408148657413434
-2.47794744696197
-2.5477292210288702
-2.61749431773098
-2.6872429946700755
-2.7569754258641663
-2.826691698768084
-2.8963918113877196
-2.966075669492135
-3.035743083927635
-3.1053937680377297
-3.175027335192799
-3.244643296433165
-3.314241058229105
-3.38381992036116
-3.45337907392396
-3.522917599456617
-3.592434465202613
-3.6619285255019185
-3.7313985193179118
-3.80084306890147
-3.8702606785944216
-3.9396497337743615
-4.009008499942675
-4.078335121957457
-4.147627623412776
-4.216883906165594
-4.286101750011407
-4.355278812509492
-4.424412628958506
-4.493500612522971
-4.562540054510989
-4.631528124803316
-4.7004618724337055
-4.7693382263202
-4.838153996146914
-4.906905873395601
-4.97559043252614
-5.04420413230487
-5.112743317279545
-5.181204219399511
-5.2495829597795804
-5.317875550605905
-5.386077897181984
-5.4541858001127395
-5.522194957624394
-5.590100968017688
-5.657899332251852
-5.725585456656597
-5.793154655769244
-5.860602155293955
-5.927923095179886
-5.995112532814994
-6.062165446332075
-6.129076738023487
-6.195841237860842
-6.262453707115862
-6.328908842078585
-6.395201277869036
-6.46132559233847
-6.527276310056175
-6.593047906377764
-6.658634811590825
-6.72403141513374
-6.789232069883357
-6.854231096507074
-6.91902278787489
-6.983601413527
-7.047961224192508
-7.112096456354808
-7.176001336859191
-7.239670087558199
-7.303096929990279
-7.366276090087272
-7.429201802906295
-7.4918683173815275
-7.554269901091484
-7.616400845037366
-7.678255468428145
-7.7398281234679915
-7.801113200141697
-7.862105130993787
-7.9227983958969945
-7.983187526805805
-8.043267112490787
-8.103031803249477
-8.162476315589691
-8.221595436881143
-8.28038402997125
-8.338837037760944
-8.396949487736427
-8.454716496452773
-8.512133273965459
-8.569195128205962
-8.625897469297655
-8.682235813808234
-8.738205788935062
-8.793803136619822
-8.849023717588842
-8.903863515315642
-8.958318639902323
-9.012385331876509
-9.066059965900529
-9.119339054389648
-9.172219251036154
-9.224697354236355
-9.27677031041779
-9.32843521726396
-9.379689326833985
-9.430530048574605
-9.480954952222001
-9.530961770590972
-9.580548402249116
-9.629712914073787
-9.678453543689665
-9.726768701784914
-9.77465697430389
-9.822117124514344
-9.86914809494713
-9.915749009206447
-9.961919173648834
-10.007658078929236
-10.052965401412632
-10.097841004449887
-10.142284939516667
-10.186297447214226
-10.229878958130936
-10.27303009356346
-10.315751666096457
-10.35804468003985
-10.399910331722804
-10.441350009643624
-10.482365294474828
-10.5229579589228
-10.563129967441439
-10.602883475799272
-10.642220830499623
-10.681144568053567
-10.719657414105525
-10.757762282411447
-10.795462273669697
-10.832760674204975
-10.869660954505774
-10.906166767616012
-10.942281947381543
-10.978010506552307
-11.013356634741
-11.048324696239261
-11.08291922769264
-11.117144935635608
-11.151006693887993
-11.18450954081446
-11.217658676448792
-11.250459459484773
-11.282917404135418
-11.315038176862444
-11.346827592978102
-11.378291613121647
-11.40943633961298
-11.440268012686118
-11.47079300660532
-11.50101782566685
-11.53094910008943
-11.560593581796482
-11.589958140093401
-11.619049757243175
-11.647875523943883
-11.676442634711735
-11.704758383173486
-11.73283015727212
-11.760665434389738
-11.788271776391626
-11.815656824595537
-11.842828294670172
-11.869793971466892
-11.89656170378865
-11.923139399100267
-11.949535018184294
-11.975756569746965
-12.001812104978685
-12.027709712073646
-12.05345751071316
-12.079063646517257
-12.104536285469083
-12.129883608316664
-12.155113804956688
-12.18023506880505
-12.205255591159062
-12.230183555556312
-12.255027132135144
-12.279794472001743
-12.30449370160871
-12.329132917149995
-12.35372017897696
-12.378263506040316
-12.402770870362719
-12.427250191546907
-12.451709331324299
-12.476156088149029
-12.500598191842347
-12.525043298292237
-12.549498984213107
-12.5739727419703
-12.5984719744741
-12.623003990147998
-12.647575997976139
-12.672195102634864
-12.696868299713179
-12.72160247102696
-12.746404380031668
-12.77128066733811
-12.796237846335606
-12.821282298926922
-12.846420271379293
-12.87165787029574
-12.897001058710806
-12.922455652314689
-12.94802731580969
-12.973721559402698
-12.999543735437335
-13.025499035169126
-13.051592485686946
-13.077828946983622
-13.10421310917841
-13.130749489893894
-13.15744243178981
-13.184296100256027
-13.211314481266832
-13.23850137939845
-13.265860416011328
-13.293395027598715
-13.321108464302805
-13.349003788599669
-13.37708387415392
-13.405351404843978
-13.43380887395845
-13.462458583564038
-13.491302644045073
-13.520342973814445
-13.549581299195589
-13.579019154475
-13.608657882124684
-13.638498633193771
-13.668542367868378
-13.698789856198482
-13.729241678990515
-13.759898228864113
-13.790759711471349
-13.8218261468766
-13.853097371095242
-13.88457303778915
-13.916252620116804
-13.948135412735564
-13.980220533953396
-14.012506928027332
-14.044993367605624
-14.077678456310476
-14.110560631458053
-14.143638166912492
-14.176909176070378
-14.210371614972015
-14.244023285535702
-14.277861838911049
-14.311884778947357
-14.34608946577296
-14.38047311948125
-14.415032823919004
-14.449765530572618
-14.484668062547824
-14.519737118638444
-14.55496927747964
-14.590361001780947
-14.625908642634228
-14.661608443891764
-14.697456546609684
-14.733448993551917
-14.769581733749817
-14.805850627112761
-14.842251449085012
-14.878779895344053
-14.915431586535703
-14.952202073041292
-14.989086839772199
-15.026081310987038
-15.06318085512666
-15.100380789662267
-15.13767638595202
-15.175062874101357
-15.212535447822349
-15.25008926928753
-15.287719473973782
-15.325421175491899
-15.363189470397602
-15.401019442979846
-15.438906170022323
-15.476844725534152
-15.514830185445804
-15.552857632266198
-15.59092215969696
-15.629018877200084
-15.667142914515326
-15.705289426123816
-15.743453595654334
-15.781630640228887
-15.819815814744235
-15.85800441608625
-15.896191787274208
-15.934373321532224
-15.972544466285047
-16.010700727075648
-16.048837671401902
-16.086950932469865
-16.125036212860994
-16.163089288110772
-16.201106010196344
-16.23908231093097
-16.277014205263104
-16.314897794477975
-16.35272926929966
-16.390504912891632
-16.428221103753977
-16.465874318515667
-16.50346113462033
-16.540978232903832
-16.578422400062216
-16.615790531008606
-16.653079631117812
-16.6902868183576
-16.727409325305807
-16.764444501052672
-16.801389812987786
-16.838242848471104
-16.875001316387447
-16.911663048583897
-16.94822600118973
-16.98468825581852
-17.021048020652124
