-9.389930566361303e-13
-1.5811458431538145e-11
-1.3344060522602277e-10
-7.577310100479425e-10
-3.2777818030406956e-09
-1.1586377488141185e-08
-3.5023220869104534e-08
-9.34543008567656e-08
-2.2530491093749676e-07
-4.994426108273836e-07
-1.0318603698589811e-06
-2.00814162026008e-06
-3.712700220297143e-06
-6.5657814895435495e-06
-1.1169187514373128e-05
-1.836165269410595e-05
-2.9284745754871023e-05
-4.5460113836734725e-05
-6.887881429162064e-05
-0.00010210340194501923
-0.0001483833551063064
-0.0002117843338008834
-0.00029733166969394084
-0.00041116839004710497
-0.0005607279787810612
-0.0007549219772177622
-0.0010043424261798547
-0.0013214790505973381
-0.0017209509883103918
-0.0022197527669975013
-0.0028375141376737697
-0.003596773280512562
-0.004523262809306867
-0.005646207915116003
-0.006998635907900811
-0.00861769633755268
-0.01054499080294171
-0.012826911489679495
-0.015514987414405924
-0.01866623729572464
-0.022343527919550965
-0.026615936819690225
-0.031559118052994495
-0.03725566981248505
-0.04379550259138417
-0.05127620658605623
-0.05980341700637548
-0.06949117594795619
-0.0804622894719209
-0.09284867853434903
-0.10679172240912735
-0.1224425932544899
-0.13996258048494858
-0.15952340362642228
-0.18130751235301018
-0.2055083724288512
-0.23233073630768308
-0.2619908971758752
-0.2947169252616621
-0.33074888527385
-0.37033903387720346
-0.41375199615883185
-0.4612649200899786
-0.5131676080404556
-0.5697626244583452
-0.6313653788853031
-0.6983041835376134
-0.7709202847448646
-0.849567867601512
-0.9346140332514715
-1.026438748292034
-1.1254347658505979
-1.232007517955781
-1.3465749788932142
-1.4695674993054997
-1.6014276108652845
-1.7426098014199416
-1.8935802605758183
-2.054816595759204
-2.2268075188599292
-2.410052503631662
-2.6050614140903496
-2.8123541042187186
-3.0324599893501465
-3.2659175896694337
-3.513274046330862
-3.775084610755373
-4.0519121077285245
-4.344326372979017
-4.652903665973907
-4.978226058721028
-5.320880801421564
-5.6814596658660195
-6.060558267515053
-6.45877536725254
-6.876712153841898
-7.3149715081579645
-7.774157250305517
-8.254873370771914
-8.757723246795134
-9.283308845159791
-9.83222991266241
-10.40508315551335
-11.00246140896638
-11.624952798487652
-12.273139893793964
-12.9475988571057
-13.64889858697276
-14.377599859042073
-15.134254465143053
-15.919404352072457
-16.733580761462687
-17.577303372117452
-18.451079446196214
-19.35540298062389
-20.29075386509482
-21.257597048030085
-22.25638171183497
-23.287540458788705
-24.351488508881495
-25.448622910894905
-26.57932176800066
-27.743943479129918
-28.942825997340044
-30.17628610637906
-31.44461871661867
-32.74809618149627
-34.08696763557408
-35.461458355289444
-36.871769143435024
-38.31807573837052
-39.80052824892926
-41.3192506159428
-42.874340101265894
-44.46586680514225
-46.0938732127076
-47.7583737703825
-49.45935449286146
-51.19677260135871
-52.970556193723276
-54.78060394698816
-56.62678485287035
-58.50893798669018
-60.42687231012946
-62.380366508198854
-64.3691688607355
-66.39299714870276
-68.4515385955138
-70.54444984355081
-72.67135696600263
-74.83185551409377
-77.02551059972876
-79.25185701352586
-81.51039937816529
-83.80061233692857
-86.12194077725712
-88.4738000891108
-90.85557645786037
-93.26662719140188
-95.70628108113522
-98.17383879640443
-100.66857331195365
-103.18973036791078
-105.73652896176907
-108.30816187179585
-110.90379621125805
-113.5225740128152
-116.16361284239326
-118.82600644181662
-121.50882539943973
-124.21111784798757
-126.93191018878156
-129.6702078414961
-132.4249960185614
-135.19524052329962
-137.97988857085488
-140.77786963094968
-143.588096291478
-146.40946514192365
-149.2408576755713
-152.08114120945788
-154.92916982099337
-157.78378530016334
-160.64381811621115
-163.50808839768592
-166.37540692473044
-169.24457613247114
-172.11439112436392
-174.98364069434115
-177.85110835659907
-180.715573381862
-183.5758118389581
-186.43059764054146
-189.27870359179474
-192.11890244095025
-194.94996793047062
-197.77067584773363
-200.57980507407365
-203.37613863103843
-206.15846472272824
-208.9255777730932
-211.6762794570759
-214.4093797244975
-217.1236978155996
-219.81806326716833
-222.49131690818376
-225.14231184395317
-227.7699144277019
-230.37300521861494
-232.95047992534182
-235.501250333999
-238.02424521972466
-240.51841124086695
-242.98271381491054
-245.41613797527248
-247.81768920812306
-250.18639426841378
-252.52130197431984
-254.82148397933156
-257.08603552125714
-259.31407614742943
-261.50475041543996
-263.6572285687548
-265.7707071866007
-267.84440980754516
-269.87758752622995
-271.86951956275016
-273.8195138042038
-275.72690731796956
-277.5910668363058
-279.41138921189895
-281.1873018440242
-282.9182630750147
-284.6037625567724
-286.2433215870851
-287.8364934155479
-289.38286351891975
-290.8820498457783
-292.3337030303662
-293.7375065755534
-295.0931770048735
-296.4004639836287
-297.6591504090891
-298.8690524698429
-300.03001967438945
-301.1419348490972
-302.2047141056837
-303.2183067783999
-304.18269533113244
-305.0978952346659
-305.9639548143755
-306.7809550686525
-307.549009458392
-308.2682636679019
-308.9388953376183
-309.56111376904255
-310.13515960234054
-310.66130446707075
-311.1398506065357
-311.57113047627536
-311.95550631724655
-312.2933697042545
-312.5851410702244
-312.8312692069212
-313.0322307427482
-313.1885295982752
-313.30069642016497
-313.3692879941841
-313.3948866380033
-313.37809957450736
-313.31955828634773
-313.21991785248383
-313.07985626747404
-312.90007374429206
-312.6812920014563
-312.4242535352696
-312.1297208779756
-311.798475842651
-311.4313187556586
-311.0290676774939
-310.59255761285704
-310.12263971078664
-309.6201804556995
-309.0860608501853
-308.5211755904129
-307.92643223500454
-307.30275036823696
-306.65106075842914
-305.97230451237556
-305.267432226678
-304.5374031368242
-303.7831842648593
-303.00574956649007
-302.20607907845306
-301.38515806697114
-300.5439761781131
-299.68352659086213
-298.8048051736887
-297.90880964540816
-296.9965387410932
-296.06899138379845
-295.1271658628432
-294.1720590193888
-293.20466544003034
-292.2259766591076
-291.2369803704257
-290.2386596490612
-289.2319921839137
-288.21794952164896
-287.19749632266144
-286.17158962966346
-285.1411781494923
-284.1072015487063
-283.0705897635232
-282.0322623246313
-280.99312769738543
-279.95408263787584
-278.9160115653405
-277.87978595136946
-276.8462637263271
-275.8162887033988
-274.79069002064597
-273.77028160143226
-272.75586163356155
-271.7482120674451
-270.7480981335936
-269.7562678797096
-268.7734517276319
-267.80036205036293
-266.8376927693873
-265.8861189724677
-264.94629655208445
-264.01886186466044
-263.10443141069453
-262.2036015359001
-261.31694815342615
-260.4450264872191
-259.5883708365604
-258.74749436179553
-257.92288889124796
-257.11502474929324
-256.32435060555
-255.55129334512228
-254.79625795980743
-254.05962746016232
-253.34176280830135
-252.64300287128137
-251.96366439490882
-251.30404199778988
-250.66440818542284
-250.04501338411384
-249.44608599447972
-248.86783246428578
-248.31043738035189
-247.77406357924517
-247.25885227646265
-246.76492321379234
-246.29237482452524
-245.8412844161762
-245.4117083703579
-245.0036823594398
-244.61722157961137
-244.25232099995694
-243.9089556271401
-243.58708078528522
-243.2866324106321
-243.00752736053138
-242.74966373633876
-242.5129212197571
-242.29716142216532
-242.10222824646436
-241.92794826096198
-241.7741310848107
-241.6405697845043
-241.52704128092927
-241.43330676646173
-241.35911213159665
-241.30418840059446
-241.26825217562595
-241.25100608889346
-241.2521392622063
-241.27132777348783
-241.30823512969204
-241.3625127456068
-241.43380042802158
-241.52172686474017
-241.62591011792068
-241.74595812122556
-241.88146918026695
-242.03203247583355
-242.19722856938614
-242.3766299103135
-242.56980134444387
-242.77630062331394
-242.9956789137022
-243.22748130693884
-243.4712473275119
-243.72651144049468
-243.99280355732748
-244.26964953949113
-244.55657169961881
-244.85308929959996
-245.1587190452389
-245.47297557704036
-245.79537195669872
-246.12542014887748
-246.46263149787336
-246.80651719877068
-247.1565887627034
-247.51235847585116
-247.8733398518063
-248.2390480769597
-248.60900044856675
-248.9827168051665
-249.35971994904133
-249.73953606041636
-250.1216951031094
-250.505731221355
-250.89118312753834
-251.277594480588
-251.66451425478994
-252.0514970987985
-252.43810368462977
-252.8239010464335
-253.20846290885146
-253.59137000478194
-253.97221038238212
-254.35057970115344
-254.72608151696448
-255.0983275558778
-255.4669379766603
-255.83154162187174
-256.19177625744004
-256.5472888006447
-256.89773553644085
-257.2427823220675
-257.58210477989513
-257.9153884784791
-258.24232910179757
-258.56263260666213
-258.87601536830215
-259.1822043141339
-259.4809370457346
-259.77196194904985
-260.0550382928722
-260.3299363156406
-260.5964373006224
-260.8543336395514
-261.10342888480426
-261.34353779020984
-261.57448634059614
-261.7961117701911
-262.0082625700033
-262.2107984843191
-262.403590496463
-262.5865208039758
-262.75948278337586
-262.9223809446739
-263.0751308758217
-263.217659177279
-263.34990338689016
-263.4718118952682
-263.58334385188795
-263.6844690620937
-263.7751678752351
-263.85543106415156
-263.92525969623233
-263.9846649962864
-264.0336682014558
-264.072300408412
-264.10060241308105
-264.1186245431431
-264.12642648355535
-264.1240770953495
-264.11165422795506
-264.0892445253057
-264.0569432259867
-264.0148539576857
-263.963088526209
-263.90176669932856
-263.8310159857269
-263.7509714093084
-263.6617752791462
-263.5635769553318
-263.45653261100114
-263.34080499080864
-263.21656316612797
-263.0839822872537
-262.94324333287994
-262.79453285712833
-262.63804273439627
-262.4739699022977
-262.30251610296745
-262.1238876229988
-261.9382950322817
-261.74595292200655
-261.547079642097
-261.3418970383329
-261.1306301894212
-260.9135071442701
-260.6907586597196
-260.46261793897764
-260.22932037100867
-259.99110327111583
-259.74820562295275
-259.5008678221972
-259.24933142211574
-258.9938388812424
-258.7346333133905
-258.47195824021236
-258.20605734651775
-257.93717423855304
-257.66555220544086
-257.39143398397385
-257.11506152695205
-256.83667577524506
-256.55651643375353
-256.2748217514367
-255.99182830556302
-255.70777079033647
-255.42288181004497
-255.1373916768679
-254.85152821347324
-254.5655165605273
-254.27957898923424
-253.99393471901513
-253.70879974043297
-253.42438664346597
-253.14090445122443
-252.85855845919937
-252.5775500801241
-252.29807669452103
-252.02033150699927
-251.7445034083611
-251.47077684357092
-251.19933168563276
-250.93034311541706
-250.66398150747173
-250.40041232184663
-250.13979600195458
-249.88228787848848
-249.62803807941205
-249.37719144603685
-249.12988745519365
-248.88626014749812
-248.64643806170525
-248.41054417514093
-248.1786958501945
-247.95100478685222
-247.72757698124556
-247.50851269018122
-247.29390640161674
-247.0838468110409
-246.87841680371517
-246.67769344272838
-246.48174796281333
-246.2906457698688
-246.10444644612645
-245.92320376089825
-245.74696568683626
-245.57577442163384
-245.40966641509263
-245.24867240147515
-245.0928174370571
-244.94212094278888
-244.79659675197027
-244.65625316284004
-244.5210929959791
-244.39111365642125
-244.26630720036056
-244.14666040634157
-244.03215485081535
-243.9227669879407
-243.8184682335051
-243.71922505283794
-243.624999052587
-243.53574707622772
-243.45142130317402
-243.3719693513557
-243.2973343831285
-243.22745521437957
-243.1622664266896
-243.1016984824122
-243.04567784253084
-242.99412708715306
-242.94696503850093
-242.90410688625605
-242.8654643151175
-242.8309456344292
-242.8004559097327
-242.77389709609895
-242.75116817309197
-242.7321652812144
-242.71678185968437
-242.70490878539306
-242.69643451289096
-242.69124521524952
-242.68922492564468
-242.69025567951041
-242.69421765711252
-242.70098932639291
-242.71044758593746
-242.7224679079203
-242.73692448087797
-242.7536903521683
-242.77263756997093
-242.79363732468767
-242.81656008960442
-242.84127576067874
-242.86765379532005
-242.8955633500317
-242.92487341678464
-242.95545295799468
-242.98717103997762
-243.0198969647587
-243.05350040011479
-243.08785150773053
-243.12282106935197
-243.1582806108255
-243.19410252391128
-243.23016018576425
-243.26632807597946
-243.30248189110455
-243.33849865652576
-243.37425683563822
-243.4096364362166
-243.44451911390672
-243.4787882727636
-243.51232916276615
-243.54502897424538
-243.57677692916866
-243.60746436922716
-243.63698484067856
-243.66523417590054
-243.6921105716159
-243.71751466375542
-243.74134959892683
-243.76352110246137
-243.78393754301226
-243.80250999368002
-243.8191522896417
-243.83378108226486
-243.84631588969216
-243.85667914388603
-243.864796234128
-243.87059554697097
-243.87400850264711
-243.874969587937
-243.87341638550706
-243.86928959972474
-243.8625330789665
-243.85309383443936
-243.84092205553983
-243.82597112177686
-243.80819761128927
-243.78756130599126
-243.7640251933809
-243.73755546504967
-243.7081215119334
-243.67569591634705
-243.64025444084982
-243.6017760139899
-243.56024271298006
-243.5156397433585
-243.46795541569335
-243.41718111939267
-243.36331129368372
-243.30634339582988
-243.24627786665528
-243.18311809344922
-243.11687037032297
-243.04754385609348
-242.9751505297696
-242.8997051437153
-242.8212251745659
-242.73973077197556
-242.65524470527416
-242.56779230811216
-242.47740142117195
-242.3841023330261
-242.28792771922357
-242.18891257968434
-242.08709417448412
-241.98251195811335
-241.87520751229712
-241.76522447746342
-241.6526084829462
-241.53740707601068
-241.41966964978823
-241.29944737020637
-241.17679310200023
-241.05176133389122
-240.92440810301886
-240.79479091871403
-240.6629686856996
-240.52900162680416
-240.392951205274
-240.254880046769
-240.11485186112654
-239.97293136397965
-239.82918419831375
-239.68367685604275
-239.5364765996861
-239.38765138422772
-239.23726977923488
-239.08540089131438
-238.932114286982
-238.77747991601868
-238.62156803538855
-238.46444913379318
-238.30619385693316
-238.1468729335457
-237.98655710228337
-237.82531703949718
-237.66322328798316
-237.50034618675005
-237.33675580186429
-237.1725218584275
-237.00771367373824
-236.8424000916894
-236.67664941845266
-236.5105293594989
-236.3441069580004
-236.17744853465894
-236.01061962900195
-235.84368494218648
-235.6767082813481
-235.50975250553216
-235.34287947324339
-235.1761499916459
-235.0096237674441
-234.84335935947416
-234.6774141330348
-234.51184421598379
-234.34670445662397
-234.18204838340176
-234.01792816643803
-233.8543945809093
-233.69149697229642
-233.52928322351733
-233.36779972396
-233.20709134043096
-233.04720139003126
-232.88817161496974
-232.73004215932184
-232.57285154773973
-232.416636666118
-232.26143274421594
-232.10727334023528
-231.95419032734782
-231.80221388216506
-231.65137247514036
-231.50169286289093
-231.35320008242644
-231.20591744726795
-231.05986654543977
-230.91506723931508
-230.7715376672964
-230.62929424731243
-230.48835168211036
-230.3487229663204
-230.21041939526646
-230.07345057549475
-229.93782443699075
-229.80354724705336
-229.67062362579173
-229.53905656320882
-229.40884743783164
-229.2799960368464
-229.1525005776951
-229.026357731088
-228.9015626453857
-228.7781089723042
-228.65598889389736
-228.53519315076602
-228.4157110714446
-228.2975306029146
-228.18063834219382
-228.06501956894934
-227.95065827908186
-227.83753721922997
-227.72563792214194
-227.61494074286364
-227.50542489569082
-227.39706849183497
-227.28984857775257
-227.18374117408715
-227.07872131517254
-226.97476308904427
-226.87183967790432
-226.76992339898314
-226.66898574574182
-226.56899742935641
-226.46992842042826
-226.3717479908651
-226.27442475588012
-226.1779267160562
-226.08222129942286
-225.9872754034989
-225.89305543725484
-225.79952736295084
-225.70665673780812
-225.61440875547467
-225.5227482872447
-225.43163992299176
-225.3410480117789
-225.25093670211052
-225.16126998179428
-225.07201171738123
-224.98312569315615
-224.89457564965008
-224.80632532165012
-224.71833847568317
-224.6305789469516
-224.5430106757008
-224.45559774299934
-224.3683044059117
-224.28109513204052
-224.19393463341774
-224.106787899721
-224.01962023079184
-223.93239726843333
-223.84508502746488
-223.7576499260106
-223.6700588149993
-223.58227900685327
-223.49427830334506
-223.40602502260165
-223.3174880252366
-223.2286367395939
-223.13944118608904
-223.049872000634
-222.9599004571335
-222.86949848904104
-222.77863870996384
-222.6872944333063
-222.59543969094352
-222.50304925091882
-222.41009863415934
-222.31656413020528
-222.2224228119485
-222.12765254937676
-222.03223202232198
-221.93614073220942
-221.83935901280506
-221.74186803996008
-221.64364984035092
-221.5446872992136
-221.4449641670708
-221.34446506545078
-221.2431754915981
-221.14108182217728
-221.03817131597248
-220.9344321155868
-220.8298532481458
-220.72442462501112
-220.6181370405136
-220.51098216971627
-220.40295256521813
-220.29404165301185
-220.1842437274106
-220.07355394505998
-219.96196831805378
-219.849483706176
-219.73609780829406
-219.6218091529288
-219.50661708802704
-219.39052176996324
-219.2735241517969
-219.15562597081498
-219.03682973538912
-218.91713871117918
-218.79655690671552
-218.67508905839145
-218.55274061489763
-218.42951772112974
-218.3054272015993
-218.18047654337693
-218.0546738785979
-217.92802796655792
-217.8005481754276
-217.67224446361342
-217.54312736079146
-217.41320794863896
-217.28249784128957
-217.15100916553843
-217.01875454082278
-216.885747059006
-216.75200026399304
-216.61752813120458
-216.48234504693298
-216.346465787602
-216.2099054989503
-216.07267967515847
-215.93480413793824
-215.7962950155995
-215.6571687221094
-215.51744193615784
-215.37713158024437
-215.2362547998018
-215.09482894237314
-214.95287153685783
-214.8104002728439
-214.6674329800439
-214.5239876078517
-214.3800822050391
-214.23573489960947
-214.0909638788241
-213.94578736941568
-213.80022361800295
-213.65429087171853
-213.5080073590636
-213.36139127100452
-213.21446074232514
-213.06723383324854
-212.9197285113407
-212.77196263370908
-212.62395392950904
-212.4757199827736
-212.32727821558044
-212.17864587157143
-212.02983999983937
-211.8808774391966
-211.73177480284014
-211.5825484634258
-211.43321453856376
-211.28378887674646
-211.1342870437213
-210.9847243093188
-210.83511563474664
-210.68547566035747
-210.53581869390106
-210.38615869927136
-210.2365092857594
-210.08688369782405
-209.93729480539147
-209.78775509469435
-209.63827665965843
-209.4888711938447
-209.33954998295368
-209.19032389789888
-209.041203388454
-208.89219847747603
-208.74331875570482
-208.59457337713815
-208.4459710549815
-208.29752005816994
-208.14922820845862
-208.00110287807792
-207.8531509879487
-207.70537900645326
-207.55779294875623
-207.41039837667057
-207.26320039906267
-207.1162036727896
-206.9694124041602
-206.8228303509099
-206.67646082467803
-206.5303066939759
-206.38437038763294
-206.23865389870747
-206.09315878884644
-205.94788619308014
-205.80283682503585
-205.65801098255378
-205.51340855368693
-205.36902902306605
-205.22487147861165
-205.0809346185767
-204.93721675890328
-204.79371584087602
-204.6504294390565
-204.5073547694821
-204.36448869811392
-204.22182774951824
-204.07936811576786
-203.937105665547
-203.79503595344607
-203.6531542294319
-203.51145544847867
-203.36993428034538
-203.22858511948533
-203.08740209507567
-202.9463790811564
-202.8055097068695
-202.66478736678977
-202.52420523134077
-202.3837562572864
-202.24343319828807
-202.1032286155193
-201.96313488832988
-201.82314422495227
-201.68324867324387
-201.54344013146024
-201.4037103590546
-201.2640509874981
-201.12445353111494
-200.98490939792637
-200.8454099004979
-200.70594626678226
-200.56650965094892
-200.4270911441919
-200.28768178550754
-200.1482725724326
-200.0088544717336
-199.86941843003788
-199.72995538439605
-199.59045627276478
-199.45091204439805
-199.3113136701335
-199.1716521525606
-199.0319185360551
-198.89210391666543
-198.75219945183736
-198.61219636996262
-198.47208597973818
-198.33185967932368
-198.1915089652886
-198.05102544134084
-197.91040082682858
-197.76962696500723
-197.62869583106536
-197.48759953990375
-197.34633035366474
-197.20488068900832
-197.0632431241294
-196.92141040551056
-196.7793754544049
-196.63713137304322
-196.49467145056124
-196.35198916864275
-196.20907820687412
-196.06593244780734
-195.9225459817291
-195.77891311113595
-195.63502835491627
-195.49088645223847
-195.34648236614285
-195.2018112868349
-195.05686863467773
-194.91165006288213
-194.76615145989342
-194.62036895147355
-194.47429890247656
-194.32793791831648
-194.18128284612828
-194.0343307756251
-193.88707903965576
-193.73952521446597
-193.5916671196668
-193.44350281791378
-193.29503061430194
-193.14624905548328
-192.99715692851316
-192.84775325942917
-192.69803731156333
-192.5480085835876
-192.39766680729224
-192.2470119450967
-192.09604418729248
-191.94476394901778
-191.79317186696392
-191.6412687958133
-191.48905580440976
-191.33653417166477
-191.18370538220472
-191.0305711217651
-190.87713327233757
-190.7233939070769
-190.56935528497672
-190.41501984532295
-190.26039020193423
-190.10546913719907
-189.9502595959217
-189.79476467898837
-189.63898763686655
-189.48293186294893
-189.32660088675368
-189.16999836699176
-189.01312808451337
-188.85599393514633
-188.6985999224388
-188.5409501503192
-188.38304881568536
-188.22490020093585
-188.0665086664559
-187.9078786430731
-187.7490146244985
-187.5899211597683
-187.43060284570365
-187.27106431940396
-187.11131025078961
-186.95134533520772
-186.79117428611366
-186.63080182784265
-186.4702326884852
-186.30947159287948
-186.14852325573187
-185.98739237487789
-185.8260836246944
-185.66460164967415
-185.50295105817108
-185.34113641632607
-185.17916224218365
-185.01703300000813
-184.8547530948068
-184.69232686706536
-184.52975858769977
-184.36705245322796
-184.2042125811632
-184.0412430056302
-183.87814767320614
-183.71493043899054
-183.55159506290838
-183.3881452062511
-183.22458442845922
-183.06091618415084
-182.89714382040015
-182.73327057426772
-182.5692995705834
-182.40523381998
-182.24107621717675
-182.07682953951016
-181.91249644570902
-181.74807947491067
-181.58358104591602
-181.41900345668304
-181.25434888405752
-181.08961938374145
-180.9248168904986
-180.7599432185942
-180.59500006246353
-180.42998899760423
-180.26491148168824
-180.099768855886
-179.9345623463958
-179.7692930661695
-179.60396201682244
-179.43857009071513
-179.27311807319217
-179.10760664496462
-178.94203638462233
-178.77640777126368
-178.61072118722979
-178.44497692093188
-178.27917516976078
-178.11331604306798
-177.94739956520976
-177.78142567864603
-177.61539424708377
-177.44930505865392
-177.28315782911028
-177.11695220504254
-176.9506877670961
-176.78436403319307
-176.61798046174914
-176.4515364548825
-176.28503136160867
-176.11846448101397
-175.95183506540076
-175.78514232339586
-175.61838542301558
-175.45156349468044
-175.28467563417286
-175.11772090552955
-174.95069834386373
-174.78360695811153
-174.61644573369932
-174.44921363512896
-174.28190960847888
-174.11453258381908
-173.9470814775396
-173.7795551945929
-173.6119526306514
-173.44427267418206
-173.27651420844023
-173.1086761133852
-172.94075726752
-172.7727565496571
-172.60467284060954
-172.4365050248073
-172.2682519918358
-172.0999126378945
-171.9314858671701
-171.76297059311995
-171.59436573966335
-171.42567024227677
-171.25688304898952
-171.08800312127553
-170.91902943483686
-170.74996098027626
-170.58079676365813
-170.41153580695826
-170.24217714840282
-170.07271984269872
-169.903162961155
-169.73350559169674
-169.56374683877405
-169.39388582316886
-169.22392168170134
-169.05385356684
-168.88368064621935
-168.7134021020702
-168.5430171305657
-168.3725249410866
-168.20192475540924
-168.0312158068189
-167.86039733915257
-167.68946860577606
-167.51842886849775
-167.34727739642088
-167.17601346473592
-167.00463635345685
-166.8331453461058
-166.6615397283513
-166.4898187866045
-166.31798180657668
-166.14602807180043
-165.97395686211667
-165.8017674521302
-165.6294591096373
-165.4570310940287
-165.28448265467432
-165.1118130292964
-164.93902144233766
-164.76610710333102
-164.59306920527774
-164.41990692304194
-164.24661941177078
-164.07320580534906
-163.89966521489555
-163.72599672730894
-163.5521994038702
-163.37827227890762
-163.20421435852813
-163.0300246194172
-162.85570200771008
-162.681245437936
-162.50665379203542
-162.3319259184509
-162.1570606312921
-161.98205670957418
-161.80691289653055
-161.63162789900093
-161.45620038689754
-161.28062899275392
-161.10491231136143
-160.92904889949887
-160.7530372757601
-160.57687592048592
-160.40056327580578
-160.2240977457941
-160.0474776967419
-159.8707014575441
-159.69376732020055
-159.5166735404282
-159.33941833838117
-159.1619998994761
-158.98441637531937
-158.8066658847308
-158.62874651485978
-158.45065632239013
-158.27239333482882
-158.09395555187504
-157.9153409468665
-157.73654746830172
-157.5575730414366
-157.37841556995474
-157.19907293771118
-157.01954301055022
-156.8398236381988
-156.65991265623663
-156.47980788814536
-156.29950714743788
-156.1190082398691
-155.93830896572896
-155.7574071222186
-155.57630050590862
-155.3949869152784
-155.21346415333366
-155.03173003029835
-154.84978236637536
-154.66761899456966
-154.4852377635677
-154.30263654066718
-154.11981321475102
-153.93676569930014
-153.7534919354393
-153.5699898950124
-153.3862575836824
-153.2022930440514
-153.0180943587952
-152.8336596538065
-152.64898710134045
-152.46407492315686
-152.27892139365323
-152.0935248429823
-151.90788366014928
-151.72199629608414
-151.5358612666839
-151.34947715581865
-151.1628426182944
-150.97595638276556
-150.78881725459127
-150.60142411862984
-150.4137759419654
-150.22587177656095
-150.03771076183278
-149.84929212714127
-149.6606151941923
-149.47167937934483
-149.2824841958206
-149.0930292558125
-148.90331427248788
-148.7133390618812
-148.52310354467312
-148.3326077478518
-148.141851806253
-147.95083596397643
-147.7595605756755
-147.56802610771928
-147.37623313922626
-147.18418236296924
-146.9918745861525
-146.7993107310628
-146.60649183559502
-146.41341905365306
-146.2200936554263
-146.0265170275415
-145.83269067308987
-145.63861621152859
-145.4442953784556
-145.24973002525536
-145.05492211861161
-144.8598737398832
-144.66458708434067
-144.46906446026134
-144.27330828788268
-144.07732109821387
-143.88110553170628
-143.68466433678356
-143.4880003682338
-143.29111658546643
-143.09401605063593
-142.89670192663542
-142.69917747496223
-142.5014460534583
-142.3035111139259
-142.10537619961886
-141.90704494260856
-141.70852106102464
-141.50980835616954
-141.31091070950666
-141.11183207952323
-140.91257649847003
-140.71314806898081
-140.51355096057378
-140.31378940603773
-140.11386769770698
-139.91379018363196
-139.71356126365268
-139.51318538538354
-139.312667040119
-139.11201075866794
-138.9112211071239
-138.7103026825786
-138.50926010878553
-138.30809803178127
-138.10682111547217
-137.90543403719326
-137.70394148324604
-137.50234814442004
-137.3006587115024
-137.0988778707795
-136.89701029953565
-136.69506066155512
-136.49303360263278
-136.290933746099
-136.08876568836357
-135.88653399448324
-135.68424319375708
-135.4818977753539
-135.27950218397655
-135.07706081556694
-134.8745780130564
-134.67205806216657
-134.4695051872668
-134.26692354729585
-134.06431723175456
-133.86169025677736
-133.6590465612892
-133.45639000325548
-133.2537243560331
-133.05105330482832
-132.84838044326773
-132.6457092700881
-132.44304318594948
-132.24038549037653
-132.03773937883227
-131.83510793992593
-131.63249415275516
-131.42990088438216
-131.2273308874427
-131.0247867978868
-130.82227113284978
-130.61978628865143
-130.41733453892277
-130.2149180328605
-130.01253879361013
-129.8101987167786
-129.60789956907763
-129.40564298710012
-129.203430476231
-129.00126340969484
-128.79914302774262
-128.59707043697972
-128.39504660983812
-128.1930723841948
-127.99114846313726
-127.78927541487552
-127.58745367279981
-127.38568353568154
-127.1839651680152
-126.9822986004991
-126.78068373065342
-126.57912032357625
-126.37760801283808
-126.1761463015158
-125.97473456336762
-125.77337204415093
-125.57205786308484
-125.37079101445838
-125.16957036938479
-124.96839467770141
-124.7672625700146
-124.5661725598878
-124.36512304617051
-124.16411231546542
-123.9631385447311
-123.7621998040174
-123.56129405933038
-123.36041917562201
-123.1595729199
-122.95875296445249
-122.75795689018204
-122.55718219004311
-122.35642627257764
-122.15568646554308
-121.95496001962711
-121.75424411224351
-121.5535358514032
-121.35283227965438
-121.15213037808583
-120.95142707038629
-120.75071922695447
-120.55000366905422
-120.34927717300953
-120.14853647443404
-119.94777827248943
-119.74699923416672
-119.54619599858411
-119.34536518129455
-119.14450337859701
-118.94360717184618
-118.74267313175592
-118.541697822691
-118.340677806942
-118.13960964897622
-117.93848991965827
-117.73731520043401
-117.53608208747204
-117.33478719575697
-117.13342716312962
-116.9319986542701
-116.73049836462116
-116.52892302424954
-116.3272694016436
-116.12553430744407
-115.92371459810482
-115.72180717948078
-115.51980901033966
-115.3177171057942
-115.11552854065104
-114.91324045267271
-114.71085004574928
-114.5083545929761
-114.30575143963523
-114.10303800607863
-113.90021179051104
-113.69727037167051
-113.49421141140446
-113.29103265713859
-113.08773194423627
-112.88430719824662
-112.68075643704076
-112.47707777283578
-112.27326941410631
-112.06932966738263
-111.86525693893525
-111.66104973634565
-111.45670666996254
-111.25222645424383
-111.04760790898563
-110.84284996044077
-110.6379516423289
-110.43291209673923
-110.22773057492695
-110.02240643800444
-109.81693915752912
-109.61132831598916
-109.40557360718915
-109.19967483653866
-108.99363192124568
-108.78744489041779
-108.58111388507271
-108.37463915805998
-108.16802107389529
-107.96126010850836
-107.75435684890422
-107.54731199273763
-107.34012634779995
-107.1328008314197
-106.92533646977861
-106.71773439714448
-106.50999585502169
-106.30212219121987
-106.0941148588411
-105.88597541518621
-105.6777055205811
-105.46930693712343
-105.26078152734968
-105.05213125282229
-104.84335817263651
-104.63446444184616
-104.42545230980728
-104.2163241184386
-104.00708230039722
-103.79772937716861
-103.58826795707081
-103.37870073317266
-103.16903048112603
-102.95926005691264
-102.74939239450704
-102.5394305034571
-102.32937746638414
-102.11923643640627
-101.90901063448815
-101.69870334672204
-101.48831792154364
-101.27785776688678
-101.06732634728111
-100.85672718089756
-100.64606383654643
-100.43533993063284
-100.22455912407554
-100.01372511919419
-99.80284165657008
-99.59191251188508
-99.38094149274264
-99.16993243547324
-98.95888920192772
-98.74781567626144
-98.53671576171337
-98.32559337738269
-98.1144524550059
-97.90329693573744
-97.69213076693711
-97.48095789896843
-97.26978228201187
-97.05860786289679
-96.8474385819544
-96.63627836989347
-96.42513114470044
-96.21400080856596
-96.00289124483946
-95.79180631501491
-95.58074985575102
-95.36972567593033
-95.15873755376207
-94.94778923393379
-94.73688442481635
-94.526026795726
-94.31521997424589
-94.10446754360804
-93.89377304013622
-93.6831399507514
-93.47257171054206
-93.2620717004023
-93.05164324473945
-92.8412896092534
-92.63101399878984
-92.42081955526916
-92.21070935569159
-92.00068641021878
-91.79075366033086
-91.58091397705752
-91.37117015928183
-91.16152493211652
-90.95198094535121
-90.74254077196903
-90.53320690673056
-90.3239817648234
-90.11486768057668
-89.90586690623999
-89.69698161082644
-89.4882138790193
-89.2795657101411
-89.07103901718389
-88.86263562590008
-88.65435727395365
-88.4462056101315
-88.23818219361506
-88.03028849331277
-87.82252588725426
-87.61489566204712
-87.4073990123962
-87.20003704068434
-86.99281075661357
-86.78572107690543
-86.57876882505919
-86.37195473116772
-86.16527943179183
-85.95874346989201
-85.75234729481674
-85.54609126234739
-85.33997563480098
-85.13400058119278
-84.92816617745946
-84.72247240674376
-84.51691915974136
-84.31150623511151
-84.10623333995255
-83.90110009034305
-83.69610601194955
-83.49125054070265
-83.28653302354252
-83.08195271923472
-82.87750879925665
-82.67320034875564
-82.46902636757949
-82.26498577137937
-82.06107739278485
-81.85729998264941
-81.6536522113658
-81.45013267025053
-81.24673987299701
-81.04347225719658
-80.84032818592613
-80.63730594940074
-80.43440376668951
-80.23161978749289
-80.0289520939802
-79.82639870268592
-79.62395756646337
-79.42162657649435
-79.21940356435282
-79.01728630412019
-78.815272514549
-78.61335986127192
-78.41154595905361
-78.2098283740833
-78.00820462630604
-77.80667219178967
-77.60522850512375
-77.40387096184638
-77.2025969208941
-77.00140370706951
-76.80028861352189
-76.59924890423626
-76.39828181652699
-76.19738456353188
-75.9965543367038
-75.79578830829671
-75.5950836338441
-75.39443745462782
-75.19384690013501
-74.99330909050119
-74.79282113893785
-74.59238015414311
-74.39198324269373
-74.19162751141758
-73.99131006974508
-73.79102803203844
-73.5907785198971
-73.39055866443871
-73.19036560855594
-72.99019650914946
-72.79004853933728
-72.58991889064046
-72.38980477514545
-72.18970342764297
-71.98961210774414
-71.78952810197401
-71.58944872584229
-71.38937132589123
-71.18929328172086
-70.98921200799096
-70.78912495639948
-70.58902961763745
-70.38892352332034
-70.18880424789593
-69.9886694105282
-69.788516676957
-69.58834376133338
-69.38814842803028
-69.18792849342846
-68.98768182767789
-68.78740635643398
-68.58710006256821
-68.3867609878529
-68.18638723462006
-67.98597696739593
-67.78552841451246
-67.58503986969698
-67.38450969364062
-67.18393631554484
-66.98331823464567
-66.7826540217139
-66.58194232052968
-66.38118184932938
-66.18037140222253
-65.97950985057713
-65.77859614437153
-65.57762931351164
-65.37660846911291
-65.17553280474732
-64.9744015976546
-64.7732142099166
-64.57197008959372
-64.3706687718223
-64.16930987987126
-63.96789312615641
-63.76641831321024
-63.56488533460532
-63.36329417582908
-63.161644915108695
-62.95993772418449
-62.7581728690302
-62.55635071051909
-62.35447170503499
-62.1525364050268
-61.950545459505285
-61.7484996144808
-61.54639971334114
-61.34424669716815
-61.14204160499201
-60.93978557398207
-60.73747983957417
-60.53512573553432
-60.33272469395915
-60.13027824521343
-59.927788017805355
-59.72525573819955
-59.52268323056778
-59.32007241647652
-59.11742531451101
-58.914744039835554
-58.71203080369007
-58.509287912822955
-58.30651776885979
-58.103722867607225
-57.900905798291696
-57.698069242732494
-57.49521597444883
-57.29234885770072
-57.089470846463406
-56.886584983334764
-56.683694398374804
-56.480802307876424
-56.27791201306619
-56.075026898733974
-55.87215043179018
-55.669286159749646
-55.46643770914099
-55.263608783841306
-55.06080316333603
-54.85802470090405
-54.65527732172811
-54.45256502093051
-54.24989186153445
-54.04726197235104
-53.84467954579205
-53.64214883560905
-53.4396741545597
-53.23725987200216
-53.034910411418444
-52.832630247867506
-52.63042390536972
-52.4282959542248
-52.22625100826584
-52.0242937220523
-51.82242878800488
-51.620660933484736
-51.41899491781955
-51.21743552927855
-51.01598758199863
-50.81465591286401
-50.613445378341694
-50.41236085127453
-50.21140721763375
-50.010589373232634
-49.80991222040315
-49.6093806646373
-49.40899961119506
-49.208773961681075
-49.008708610592706
-48.80880844184237
-48.60907832525715
-48.40952311305825
-48.210147636323434
-48.01095670143582
-47.81195508652309
-47.61314753789083
-47.41453876645398
-47.21613344417029
-47.017936200479944
-46.8199516187558
-46.62218423276932
-46.42463852317696
-46.22731891403191
-46.030229769325956
-45.833375389566186
-45.63676000839132
-45.44038778923186
-45.24426282201841
-45.048389119942044
-44.85277061627062
-44.65741116122484
-44.462314518917935
-44.267484364362986
-44.07292428055172
-43.87863775560834
-43.68462818002171
-43.49089884395925
-43.29745293466561
-43.10429353394897
-42.91142361575782
-42.71884604385149
-42.52656356956731
-42.33457882968684
-42.14289434440371
-41.951512515395216
-41.76043562399962
-41.56966582950047
-41.37920516751937
-41.18905554851817
-40.99921875641182
-40.809696447293376
-40.620490148272765
-40.43160125643037
-40.24303103788604
-40.054780626984595
-39.866851025598734
-39.679243102550615
-39.491957593152776
-39.304995098869014
-39.11835608709559
-38.93204089106306
-38.74604970985846
-38.56038260856733
-38.37503951853527
-38.19002023774866
-38.00532443133407
-37.82095163217574
-37.63690124165087
-37.45317253048169
-37.26976463970406
-37.08667658175151
-36.90390724165395
-36.72145537834991
-36.53931962611114
-36.357498496077994
-36.175990377903815
-35.99479354150617
-35.813906138923215
-35.633326206273665
-35.45305166581821
-35.27308032811979
-35.09340989429981
-34.914037958387354
-34.734962009758505
-34.556179435662955
-34.37768752383482
-34.199483465184635
-34.021564356569165
-33.84392720363558
-33.666568923736286
-33.48948634891101
-33.31267622893218
-33.13613523440997
-32.959859959953086
-32.78384692738151
-32.6080925889868
-32.43259333083582
-32.257345476113606
-32.08234528850107
-31.907588975583753
-31.73307269228845
-31.558792544344403
-31.384744591765998
-31.2109248523535
-31.037329305208672
-30.86395389426228
-30.690794531810653
-30.51784710205858
-30.345107464666185
-30.1725714582973
-30.00023490416704
-29.828093609586272
-29.6561433715005
-29.484379980020986
-29.31279922194575
-29.141396884268243
-28.970168757671455
-28.79911064000519
-28.628218339744116
-28.457487679424567
-28.286914499057907
-28.116494659518544
-27.94622404590445
-27.776098570868136
-27.606114177915803
-27.436266844672392
-27.266552586110212
-27.09696745773906
-26.927507558755654
-26.758169035150306
-26.5889480827687
-26.419840950326805
-26.250843942376747
-26.081953422221233
-25.91316581477423
-25.7444776093659
-25.575885362489686
-25.4073857004895
-25.238975322185155
-25.070651001434296
-24.90240958962917
-24.734248018126376
-24.566163300607737
-24.398152535370482
-24.23021290754485
-24.062341691237233
-23.89453625159711
-23.72679404680587
-23.55911262998577
-23.391489651027563
-23.223922858335463
-23.05641010048813
-22.888949327814537
-22.721538593883327
-22.554176056904385
-22.3868599810413
-22.21958873763352
-22.05236080632695
-21.885174776111928
-21.718029346267617
-21.550923327211947
-21.38385564125612
-21.216825323262512
-21.049831521204865
-20.88287349662953
-20.71595062501659
-20.549062396039872
-20.38220841372502
-20.21538839650493
-20.048602177171983
-19.881849702726623
-19.71513103412205
-19.548446345904875
-19.3817959257518
-19.215180173902503
-19.048599602489254
-18.882054834763814
-18.715546604222318
-18.549075753629047
-18.38264323393995
-18.21625010312677
-18.049897524902594
-17.883586767349744
-17.71731920145081
-17.55109629952361
-17.384919633560887
-17.218790873475616
-17.052711785252924
-16.88668422900956
-16.72071015696217
-16.554791611305717
-16.388930722003465
-16.223129704490134
-16.057390857289818
-15.891716559550344
-15.726109268495644
-15.560571516797719
-15.395105909869837
-15.229715123082638
-15.064401898904956
-14.899169043971407
-14.734019426078953
-14.568955971114612
-14.403981659916674
-14.239099525071843
-14.074312647650805
-13.909624153884854
-13.745037211786387
-13.580555027716107
-13.416180842899738
-13.251917929897036
-13.087769589025886
-12.923739144744461
-12.759829941994413
-12.596045342508093
-12.432388721082873
-12.26886346182566
-12.105472954370882
-11.942220590075266
-11.7791097581929
-11.616143842034033
-11.453326215111174
-11.29066023727611
-11.128149250851447
-10.965796576760393
-10.803605510658508
-10.641579319071093
-10.479721235539893
-10.318034456782804
-10.156522138870365
-9.995187393422803
-9.834033283831467
-9.673062821508415
-9.512278962168002
-9.351684602144323
-9.191282574748431
-9.031075646669205
-8.87106651442173
-8.711257800847038
-8.551652051666887
-8.392251732097352
-8.233059223524949
-8.074076820249026
-7.915306726294119
-7.756751052295988
-7.598411812464959
-7.44029092163022
-7.282390192368693
-7.124711332221989
-6.9672559410048684
-6.810025508208536
-6.653021410502052
-6.496244909335057
-6.339697148644982
-6.183379152671778
-6.02729182388314
-5.871435941013161
-5.7158121572171865
-5.560420998345548
-5.405262861338733
-5.250338012746516
-5.09564658737345
-4.941188587052982
-4.786963879552265
-4.632972197609636
-4.479213138106576
-4.325686161375841
-4.172390590647312
-4.019325611632992
-3.8664902722524177
-3.713883482499647
-3.561504014452744
-3.4093505024266295
-3.2574214432699256
-3.1057151968062677
-2.9542299864203425
-2.80296389978878
-2.6519148897558873
-2.5010807753540303
-2.350459242968288
-2.200047847644878
-2.0498440145426935
-1.8998450405271294
-1.750048095905244
-1.6004502263011873
-1.4510483546706936
-1.3018392834532906
-1.152819696860737
-1.0039861633000549
-0.8553351379293789
-0.706862965344719
-0.5585658823955898
-0.41044002112731726
-0.26248141184769624
-0.11468598631553305
0.032950418951524854
0.1804320592526057
0.32776327816554607
0.47494850389813725
0.6219922455318109
0.7688990891610165
0.9156736939316671
1.0623207879821503
1.2088451642905258
1.3552516764316431
1.5015452342480287
1.647730799438511
1.7938133810686705
1.9397980310073004
2.0856898392931646
2.231493929436425
2.3772154536592205
2.522859588079972
2.6684315278460757
2.813936482219729
2.9593796696216708
3.104766312637685
3.250101632992752
3.3953908464978
3.5406391579740735
3.685851756160194
3.831033808607047
3.976190456565648
4.1213268098731834
4.266447941842446
4.411558884159894
4.556664621797562
4.701770087944055
4.846880158959809
4.99199964936177
5.13713330684259
5.282285807329485
5.4274617500878914
5.572665652875037
5.717901947148433
5.86317497333426
6.008488976160585
6.153848100060288
6.299256384648559
6.444717760279696
6.590236043687861
6.735814933716393
6.881458007140185
7.027168714585559
7.172950376551999
7.318806179540008
7.464739172289318
7.6107522621315455
7.7568482114613655
7.903029634330123
8.049298993165726
8.195658595622511
8.342110591564676
8.488656970186717
8.635299557274188
8.782040012608
8.928879827515376
9.075820322570282
9.222862645446094
9.370007768923012
9.517256489052603
9.664609423481647
9.812067009937206
9.959629504874766
10.107296982291128
10.255069332703597
10.402946262296792
10.550927292238326
10.699011758164444
10.847198809836385
10.995487410967954
11.143876339224533
11.292364186393598
11.440949358726627
11.5896300774522
11.738404379459853
11.887270118154122
12.036224964478167
12.185266408106248
12.334391758804191
12.483598147956858
12.632882530261515
12.782241685585749
12.93167222098838
13.081170572901504
13.230733009471583
13.380355633057368
13.530034382882299
13.67976503783894
13.829543219442805
13.979364394932666
14.12922388051431
14.279116844744374
14.429038312050801
14.57898316638616
14.728946155009917
14.878921892395663
15.028904864259385
15.1788894317047
15.328869835481068
15.478840200350799
15.628794539560614
15.778726759413471
15.928630663936273
16.078499959638904
16.22832826035996
16.378109092194435
16.52783589849868
16.677502044967994
16.82710082478225
16.9766254638147
17.126069125899193
17.275424918150836
17.424685896335095
17.57384507028019
17.722895409327638
17.871829847815935
18.0206412905922
18.169322618546534
18.317866694163815
18.466266367087687
18.614514479691653
18.762603872652
18.910527390517352
19.05827788726986
19.205848231873084
19.353231313801494
19.500420048546623
19.647407383094865
19.794186301372058
19.94074982965028
20.087091041912284
20.23320306516899
20.379079084725557
20.52471234939153
20.670096176630604
20.815223957645653
20.96008916239455
21.10468534453224
21.249006146274578
21.393045303179345
21.536796648839925
21.680254119487273
21.82341175849575
21.966263720788533
22.108804277138574
22.251027818361138
22.392928859393862
22.534502043260517
22.67574214491441
22.816644074957765
22.957202883233467
23.0974137622857
23.237272050686503
23.376773236225294
23.515912958958612
23.65468701411749
23.79309135486989
23.931122094936175
24.068775511055723
24.20604804530291
24.34293630725057
24.47943707597907
24.615547301929134
24.75126410859705
24.886584794071133
25.021506832408484
25.15602787485114
25.29014575088116
25.423858469114215
25.557164218031694
25.6900613665512
25.822548464435368
25.95462424253888
26.08628761289351
26.21753766863129
26.348373683745972
26.47879511269336
26.608801589831057
26.738392928698357
26.867569121137233
26.99633033625572
27.124676919235053
27.252609389982
27.38012844162826
27.507234938879108
27.633929916213546
27.76021457593835
27.88609028609845
28.011558578246124
28.136621145071345
28.261279837895884
28.385536664033523
28.50939378401911
28.632853508709346
28.75591829625846
28.878590748972204
29.000873610044057
29.122769760177977
29.24428221410192
29.365414116976485
29.48616874070301
29.60654948013526
29.72655984919898
29.84620347692338
29.965484103388736
30.084405575594463
30.20297184325226
30.32118695450898
30.439055051603752
30.556580366463855
30.673767216243895
30.790619998812666
30.907143188192087
31.02334132995258
31.139219036568953
31.254780982740662
31.37003190068034
31.48497657537458
31.599619839821052
31.713966570245837
31.82802168130524
31.941790121276338
32.0552768672407
32.16848692026564
32.281425300587465
32.39409704280106
32.50650719105997
32.618660794290776
32.730562901425884
32.84221855665882
32.95363279472619
33.06481063622002
33.1757570829341
33.286477113247855
33.396975677551495
33.507257693716326
33.617328042614645
33.72719156369379
33.83685305060885
33.946317246918284
34.05558884184666
34.16467246611825
34.27357268786466
34.38229400860911
34.49084085933043
34.59921759660972
34.70742849886233
34.81547776265796
34.923369499131525
35.03110773048704
35.138696386596706
35.24613930169707
35.35344021118411
35.460602748509615
35.567630442181525
35.674526712870865
35.7812948706276
35.88793811220737
35.994459518510986
36.10086205213842
36.20714855505933
36.31332174640139
36.419384220357394
36.52533844421175
36.63118675648719
36.736931365212065
36.84257434630883
36.94811764210454
37.05356305996441
37.158912271049424
37.26416680919892
37.36932806993912
37.47439730961856
37.5793756446708
37.68426405100508
37.789063363525266
37.89377427577734
37.99839733972596
38.10293296566022
38.207381422228714
38.31174283660426
38.41601719477814
38.520204341983295
38.624303983245916
38.728315684064526
38.83223887121581
38.93607283368705
39.039816723735
39.14346955807055
39.24703021916925
39.350497456707345
39.45386988912266
39.55714600529923
39.660324166374735
39.76340260766911
39.866379440732786
39.96925265551239
40.072020122631514
40.17467959578438
40.277228714239826
40.37966500545288
40.48198588778179
40.58418867330819
40.68627057075845
40.78822868852406
40.89006003777867
40.99176153568904
41.09333000871665
41.194762196007176
41.29605475286526
41.39720425431166
41.498207198719356
41.599060011525026
41.699759049012094
41.80030060216122
41.9006809005643
42.00089611639773
42.100942368450795
42.200815726204915
42.30051221395981
42.40002781500257
42.49935847581573
42.59850011032031
42.69744860414962
42.79619981895015
42.8947495967055
42.99309376407964
43.09122813677552
43.18914852390511
43.28685073236701
43.38433057122804
43.481583856104486
43.57860641353769
43.6753940853587
43.77194273303669
43.868248242006096
43.96430652596708
44.060113531154194
44.15566524056836
44.25095767816722
44.34598691300928
44.44074906334688
44.535240300663155
44.62945685364886
44.72339501211539
44.81705113084044
44.910421633343304
45.003503015586745
45.09629184960167
45.18878478703081
45.28097856258822
45.37286999743131
45.46445600244235
45.555733581416604
45.64669983415487
45.73735195945798
45.82768725802126
45.917703135227185
46.007397103834904
46.096766786565496
46.18580991858167
46.27452434986034
46.36290804745644
46.45095909765601
46.53867570801705
46.62605620929631
46.71309905726022
46.79980283437894
46.8861662514021
46.972188148815604
47.0578674981783
47.14320340333822
47.228195101528485
47.31284196434345
47.3971434985954
47.48109934705147
47.56470928905052
47.64797324099957
47.73089125674981
47.81346352785253
47.89569038369567
47.977572291521575
48.05910985632634
48.140303820641556
48.22115506419917
48.301664603479686
48.38183359114411
48.46166331535026
48.54115519895348
48.620310798591994
48.69913180365743
48.77762003515151
48.8557774444295
48.933606111831615
49.01110824520365
49.08828617830827
49.16514236912858
49.24167939806572
49.31789996603235
49.393806892443685
49.4694031131073
49.54469167801293
49.61967574902409
49.694358597473276
49.76874360166219
49.84283424426818
49.91663410965831
49.99014688111223
50.063376337955425
50.136326352603625
50.20900088751902
50.2814039920788
50.35353979935693
50.42541252281959
50.497026452934655
50.568385953695305
50.63949545905812
50.710359469295874
50.7809825472659
50.85136931459463
50.9215244477791
50.99145267420668
51.06115876809393
51.130647546346424
51.1999238643413
51.26899261163531
51.337858707601455
51.40652709699809
51.47500274547467
51.54329063501892
51.61139575935054
51.67932311926681
51.747077717945714
51.81466455621198
51.88208862777189
51.94935491442304
52.01646838124485
52.083433971775705
52.150256603182456
52.21694116142832
52.283492496444964
52.349915417314364
52.41621468746631
52.48239501989751
52.54846107241842
52.61441744293391
52.68026866476377
52.746019202008924
52.81167344496912
52.87723570561717
52.942710213133964
53.00810110950873
53.0734124452088
53.13864817492315
53.20381215338425
53.268908131273335
53.33393975121389
53.39891054385872
53.463823924075356
53.52868318723442
53.5934915056058
53.65825192486726
53.72296736073018
53.78764059568719
53.85227427588613
53.91687090813444
53.981432857037746
54.04596234227647
54.110461436024295
54.17493206051215
54.239375985741376
54.30379482734922
54.36819004462954
54.432562938711655
54.49691465089988
54.561246161175845
54.625558286865314
54.689851681471154
54.754126833673794
54.818384066500684
54.88262353666669
54.94684523408733
55.011048981566255
55.07523443465839
55.13940108170947
55.20354824407263
55.267675076502194
55.3317805677243
55.39586354118375
55.45992265596691
55.52395640790029
55.5879631308241
55.651940998040224
55.715888023934376
55.77980206577234
55.84368082566993
55.90752185273606
55.97132254538797
56.03508015383749
56.09879178274661
56.16245439405025
56.22606480994386
56.28961971603257
56.35311566463849
56.41654907826187
56.47991625319241
56.54321336326682
56.60643646376888
56.669581495467405
56.732644288787576
56.79562056811016
56.858505956193305
56.921295978711775
56.983986068908216
57.04657157235072
57.10904775179056
57.1714097921133
57.233652805376146
57.29577183592499
57.3577618655841
57.41961781891148
57.481334568513084
57.54290694040895
57.604329719444756
57.66559765474249
57.72670546518366
57.78764784491869
57.84841946889605
57.90901499840526
57.96942908662759
58.029656384187824
58.08969154470088
58.14952923030727
58.209164117192124
58.26859090108251
58.32780430271804
58.38679907328986
58.44556999984359
58.504111910641875
58.562419680482094
58.620488235965354
58.678312560712584
58.735887700523676
58.79320876847572
58.85027094995638
58.90706950762865
58.96359978632336
59.01985721785542
59.07583732575978
59.13153572994287
59.18694815124536
59.24207041591245
59.29689845996779
59.351428333486524
59.40565620476275
59.45957836436651
59.513191229085294
59.56649134574502
59.61947539490592
59.672140194429005
59.72448270290931
59.7765000229727
59.828189404433374
59.8795482473094
59.93057410469356
59.9812646854769
60.03161785692214
60.08163164708435
60.131304247076855
60.18063401318034
60.2296194687932
60.27825930622146
60.32655238830665
60.37449774989108
60.422094599120044
60.46934231858131
60.51624046628143
60.56278877645832
60.60898716022916
60.654835706072674
60.700334680144636
60.745484526425344
60.790285866698014
60.83473950035716
60.87884640404599
60.92260773112207
60.96602481095107
61.00909914802787
61.05183242092471
61.094226481065846
61.136283351328245
61.1780052244672
61.219394461365766
61.26045358910693
61.30118529886778
61.34159244363559
61.381678035745836
61.42144524424265
61.46089739206241
61.50003795304099
61.538870548745706
61.57739894513344
61.61562704903605
61.65355890447444
61.69119868880256
61.72855070868286
61.76561939589487
61.80240930297947
61.838925098721575
61.875171563474396
61.9111535843287
61.94687615013066
61.982344346352136
62.01756334981786
62.05253842329438
62.08727490994568
62.12177822766125
62.1560538632628
62.19010736659601
62.22394434451485
62.257570454765755
62.29099139977973
62.32421292038049
62.357240789417176
62.39008080532989
62.42273878565652
62.45522056048941
62.48753196589047
62.51967883727389
62.55166700276504
62.58350227654438
62.61519045218512
62.64673729599372
62.6781485403618
62.70942987713818
62.740586951029286
62.77162535303643
62.8025506139378
62.83336819782318
62.864083495689044
62.89470181910184
62.9252283939374
62.955668354204306
62.986026735958774
63.01630847131935
63.046518382589284
63.07666117649484
63.106741438547374
63.13676362753711
63.16673207016703
63.196650955835366
63.22652433157458
63.25635609715431
63.28615000035518
63.31590963241996
63.34563842368823
63.37533963942036
63.405016375816786
63.43467155623762
63.464307927627715
63.49392805715195
63.52353432904499
63.55312894167986
63.58271390485879
63.61229103732995
63.64186196453363
63.67142811658175
63.700990726473776
63.73055082855154
63.76010925719521
63.789666645762566
63.81922342577349
63.848779826341286
63.87833587385296
63.90789139189991
63.9374460014601
63.96699912133306
63.99654996882816
64.02609756070603
64.05564071437198
64.0851780493195
64.11470798882141
64.1442287618662
64.17373840533708
64.20323476643063
64.232715505312
64.26217809800346
64.29161983950297
64.32103784712905
64.35042906408745
64.37979026325502
64.40911805117543
64.4384088722611
64.46765901319537
64.49686460752804
64.52602164045692
64.5551259537877
64.58417325106444
64.61315910286248
64.6420789522349
64.6709281203033
64.69970181198323
64.7283951218343
64.75700304002476
64.78552045840075
64.81394217665024
64.84226290855327
64.87047728831016
64.89857987693995
64.92656516874126
64.95442759780843
64.98216154459658
65.00976134252988
65.03722128464693
65.06453563027753
65.09169861174496
65.11870444108729
65.14554731679198
65.17222143053777
65.19872097393767
65.22504014527635
65.25117315623532
65.2771142385991
65.3028576509355
65.32839768524332
65.35372867356074
65.3788449945286
65.40374107990334
65.42841142101446
65.45285057516327
65.4770531719592
65.5010139195901
65.52472761102291
65.54818913013065
65.57139345774152
65.59433567760658
65.61701098228258
65.63941467892681
65.6615421950001
65.68338908387403
65.70495103033937
65.72622385601113
65.74720352462629
65.76788614723017
65.78826798724793
65.80834546543707
65.8281151647173
65.84757383487414
65.86671839713205
65.88554594859323
65.90405376653808
65.92223931258258
65.94010023668767
65.95763438101545
65.97483978362658
65.99171468201297
66.00825751646022
66.02446693323378
66.04034178758303
66.05588114655728
66.07108429162867
66.08595072111729
66.10048015241438
66.11467252399933
66.12852799724664
66.14204695801851
66.15523001803939
66.16807801604847
66.18059201872637
66.19277332139171
66.20462344846368
66.21614415368737
66.22733742011889
66.2382054598674
66.24875071359162
66.25897584974877
66.26888376359449
66.27847757593332
66.28776063161905
66.29673649780449
66.30540896194105
66.31378202952845
66.32185992161561
66.329647072054
66.33714812450472
66.34436792920138
66.35131153947094
66.35798420801433
66.36439138294901
66.37053870361677
66.37643199616099
66.3820772688776
66.38748070734431
66.39264866933269
66.39758767950872
66.402304423928
66.40680574433117
66.41109863224614
66.41519022290373
66.41908778897306
66.4227987341232
66.42633058641758
66.42969099154726
66.43288770591045
66.43592858954486
66.43882159891967
66.44157477959419
66.44419625875099
66.4466942376119
66.44907698374556
66.45135282327539
66.45353013299604
66.45561733240703
66.45762287567158
66.4595552435091
66.4614229350305
66.46323445952481
66.46499832820626
66.46672304592977
66.46841710288294
66.47008896626181
66.47174707193807
66.47339981612498
66.47505554704895
66.47672255663309
66.47840907219955
66.4801232481974
66.48187315796304
66.48366678552009
66.48551201742646
66.48741663467695
66.48938830467
66.49143457324726
66.49356285681483
66.4957804345554
66.49809444073992
66.50051185714665
66.50303950559487
66.5056840406005
66.50845194216004
66.51134950866924
66.51438284998221
66.51755788061666
66.52088031311075
66.5243556515369
66.52798918517828
66.53178598237355
66.5357508845351
66.5398885003467
66.54420320014583
66.54869911049695
66.55338010896196
66.55824981907415
66.56331160552133
66.56856856954312
66.57402354454791
66.57967909195531
66.58553749726946
66.59160076638955
66.59787062216367
66.60434850119191
66.61103555088482
66.61793262678339
66.62504029014656
66.63235880581226
66.63988814033746
66.64762796042226
66.65557763162269
66.66373621735727
66.67210247821163
66.68067487154633
66.68945155141182
66.69843036877432
66.70760887205608
66.71698430799279
66.72655362281046
66.7363134637236
66.74626018075571
66.75638982888222
66.76669817049515
66.77718067818853
66.787832537864
66.79864865215552
66.80962364417087
66.82075186154782
66.83202738082196
66.84344401210251
66.85499530405218
66.86667454916687
66.87847478935078
66.89038882178261
66.90240920506835
66.91452826567513
66.92673810464044
66.93903060454966
66.95139743677441
66.96383006896372
66.97631977277956
66.98885763186797
67.00143455005684
67.01404125977172
67.02666833066019
67.03930617841604
67.05194507379429
67.06457515180819
67.0771864210991
67.08976877347015
67.10231199357474
67.11480576875022
67.12723969898684
67.13960330702128
67.15188604854325
67.16407732250445
67.1761664815192
67.18814284234622
67.1999956964413
67.2117143205702
67.22328798747026
67.23470597654921
67.2459575846093
67.25703213658528
67.26791899628381
67.27860757711221
67.28908735278446
67.29934786799288
67.30937874903339
67.31916971437215
67.32871058514093
67.3379912955495
67.34700190320348
67.35573259931607
67.36417371880327
67.3723157502518
67.38014934574892
67.3876653305631
67.39485471266471
67.401708692076
67.40821867003933
67.41437625799358
67.42017328634904
67.42560181305134
67.43065413192505
67.4353227807884
67.43960054933041
67.44348048674146
67.44695590908839
67.45002040642498
67.45266784962894
67.45489239695723
67.45668850031223
67.45805091121076
67.45897468644944
67.45945519345935
67.45948811534458
67.45906945559841
67.45819554249192
67.45686303313073
67.45506891717571
67.45281052022449
67.45008550685088
67.4468918832996
67.44322799983433
67.43909255273729
67.43448458595901
67.42940349241769
67.42384901494688
67.41782124689087
67.41132063234772
67.40434796605996
67.39690439295339
67.38899140732588
67.38061085168744
67.37176491525275
67.36245613208752
67.3526873789096
67.34246187254729
67.33178316705727
67.32065515050527
67.30908204141264
67.2970683848717
67.28461904833313
67.27173921706714
67.25843438930059
67.24471037103223
67.23057327052851
67.2160294925032
67.20108573198348
67.18574896786623
67.17002645616873
67.1539257229785
67.13745455710699
67.12062100245242
67.10343335007764
67.08590013000838
67.06803010275843
67.04983225058851
67.031315768507
67.01249005502103
66.99336470264683
66.9739494881888
66.95425436279714
66.93428944181466
66.9140649944232
66.89359143310179
66.87287930290864
66.85193927059976
66.83078211359685
66.80941870881787
66.78786002138423
66.7661170932193
66.74420103155347
66.72212299735104
66.6998941936735
66.6775258539946
66.65502923048113
66.63241558225461
66.6096961636487
66.58688221247785
66.56398493833221
66.54101551091439
66.51798504843275
66.49490460606653
66.47178516451793
66.44863761866604
66.42547276633836
66.40230129721526
66.37913378188243
66.35598066104608
66.3328522349256
66.30975865283794
66.28670990298808
66.26371580247955
66.24078598755789
66.21792990409931
66.19515679835733
66.17247570797979
66.14989545330859
66.12742462897329
66.10507159578883
66.08284447296789
66.06075113065667
66.03879918280249
66.01699598036036
65.99534860484486
65.97386386223324
65.95254827722447
65.9314080878576
65.91044924049264
65.88967738515554
65.86909787124999
65.84871574363716
65.82853573908459
65.80856228308538
65.78879948704797
65.76925114585673
65.749920735803
65.73081141288559
65.71192601147878
65.6932670433656
65.67483669713327
65.65663683792819
65.63866900756669
65.62093442499803
65.60343398711505
65.58616826990873
65.5691375299616
65.55234170627533
65.53578042242678
65.51945298904671
65.50335840661477
65.48749536856381
65.47186226468578
65.45645718483114
65.44127792289338
65.42632198106956
65.41158657438824
65.39706863549632
65.38276481969625
65.36867151022396
65.35478482375753
65.34110061614568
65.32761448834616
65.31432179256375
65.30121763857805
65.2882969002511
65.27555422220506
65.26298402666059
65.25058052042645
65.23833770203133
65.22624936898943
65.2143091251924
65.20251038842058
65.19084639796607
65.17931022236023
65.16789476719855
65.15659278305593
65.14539687348547
65.13429950309443
65.12329300569085
65.11236959249423
65.10152136040408
65.09074030032097
65.08001830551414
65.0693471800294
65.05871864713053
65.04812435776726
65.03755589906261
65.02700480281281
65.01646255399281
65.0059205992603
64.99537035545164
64.98480321806305
64.97421056971136
64.96358378856836
64.95291425676236
64.94219336874032
64.93141253958423
64.92056321327554
64.90963687090156
64.89862503879787
64.8875192966202
64.87631128533859
64.86499271514656
64.85355537327773
64.84199113172325
64.83029195484345
64.81844990686726
64.80645715927231
64.79430599803838
64.78198883076668
64.76949819365801
64.75682675834274
64.74396733855609
64.73091289665284
64.71765654995595
64.70419157693418
64.69051142320426
64.67660970735282
64.66248022657355
64.64811696211528
64.6335140845378
64.61866595877198
64.60356714898141
64.58821242322209
64.5725967578981
64.55671534201069
64.54056358119873
64.52413710156814
64.5074317533087
64.49044361409584
64.4731689922758
64.45560442983144
64.43774670512703
64.41959283543075
64.40114007921373
64.38238593822398
64.3633281593337
64.34396473615821
64.32429391044353
64.30431417321988
64.28402426571795
64.26342318004502
64.24251015961873
64.22128469935687
64.19974654562279
64.17789569592512
64.15573239837138
64.13325715087583
64.11047070012185
64.0873740402802
64.06396841148396
64.040255298061
64.01623642652427
63.991913763319964
63.967289512333686
63.942366112155334
63.91714623310336
63.891632774009544
63.86582885876616
63.839737832637674
63.81336325834
63.786708911890834
63.75977877823508
63.73257704665023
63.70510810593712
63.67737653940154
63.649387119632685
63.621144803085805
63.59265472447672
63.56392219099602
63.5349526763512
63.50575181464527
63.47632539410021
63.446679350633566
63.4168197612971
63.38675283758599
63.35648491862705
63.326022464253896
63.295372047977054
63.264540349856674
63.23353414928587
63.20236031769306
63.171025811171916
63.139537663047435
63.10790297638684
63.07612891646366
63.044222703183976
63.01219160348373
62.98004292370561
62.947784001965005
62.91542220051414
62.882964898113386
62.850419482418516
62.81779334239323
62.785093860755325
62.752328406465296
62.71950432726615
62.68662894228285
62.65370953468991
62.62075334445578
62.58776756117291
62.554759316981944
62.521735679597754
62.488703645444986
62.455670132910114
62.42264197571669
62.38962591642954
62.356628600094126
62.323656568016844
62.29071625169203
62.257813966880775
62.22495590784658
62.19214814175277
62.1593966032257
62.12670708908789
62.09408525326498
62.0615366018707
62.02906648847372
61.99668010955068
61.96438250012923
61.93217852962462
61.90007289787346
61.86807013136789
61.83617457969339
61.80439041217292
61.77272161471993
61.741171986902685
61.709745139221724
61.678444490602004
61.647273266101166
61.61623449483491
61.58533100811965
61.55456543783205
61.52394021498512
61.493457568520085
61.4631195243135
61.432927904398326
61.40288432639838
61.37299020317479
61.3432467426825
61.313654948035
61.28421561777477
61.25492934634715
61.22579652477551
61.19681734153587
61.16799178362836
61.13931963784315
61.110800492218594
61.08243373768973
61.05421856992543
61.02615399135234
60.99823881336365
60.970471658710515
60.94285096407409
60.915374982815784
60.88804178790317
60.86084927500897
60.83379516578028
60.80687701127524
60.780092195564656
60.75343793949647
60.72691130462075
60.70050919727279
60.67422837281148
60.648065440009724
60.62201686559407
60.596078978929675
60.57024797684644
60.5445199286012
60.518890780970786
60.49335636347032
60.46791239369022
60.44255448274574
60.417278140832046
60.392078782877626
60.3669517342885
60.3418922367758
60.31689545425936
60.2919564788398
60.26707033683149
60.24223199484842
60.21743636593512
60.19267831573452
60.16795266868464
60.143254214236286
60.1185777130835
60.09391790339824
60.069269507060845
60.04462723587826
60.019985797782134
59.995339902999284
59.97068427018697
59.946013632525386
59.921322743760264
59.896606384188225
59.871859366577176
59.84707654201414
59.82225280567311
59.79738310249612
59.77246243278122
59.74748585767136
59.72244850453867
59.69734557225885
59.672172336371055
59.64692415411897
59.62159646936882
59.59618481740065
59.57068482956887
59.545092237828115
59.51940287912062
59.493612699621465
59.467717758837594
59.441714233556766
59.415598421642486
59.389366745671126
59.36301575640688
59.33654213611074
59.30994270167999
59.283214407615404
59.25635434881356
59.22935976318213
59.20222803407633
59.17495669255449
59.14754341945094
59.11998604726422
59.09228256185851
59.06443110397602
59.036429970558245
59.00827761587449
58.97997265245682
58.951513851840744
58.922900145111456
58.89413062325549
58.86520453731818
58.836121298367814
58.80688047726831
58.77748180426262
58.74792516836966
58.7182106165978
58.68833835297836
58.65830873742273
58.628122284406984
58.597779661487905
58.56728168765433
58.536629331518114
58.5058237093494
58.47486608296096
58.44375785744673
58.412500578779444
58.3810959312719
58.34954573490678
58.31785194253992
58.286016636981415
58.25404202795848
58.22193044896308
58.18968435398786
58.15730631415353
58.12479901423116
58.092165249062546
58.059407919882474
58.02653003054628
57.99353468366651
57.96042507666233
57.92720449772584
57.89387632170924
57.86044400593717
57.826911085948566
57.79328117117269
57.75955794054364
57.72574513805785
57.69184656827884
57.657866091793444
57.62380762062407
57.58967511360198
57.555472571706964
57.52120403337933
57.48687356981004
57.452485280214724
57.41804328709646
57.38355173150229
57.34901476827816
57.31443656132627
57.27982127886839
57.24517308871868
57.21049615356896
57.17579462628971
57.14107264525018
57.106334329661486
57.071583774946824
57.03682504814322
57.00206218333893
56.96729917715118
56.932539984249054
56.897788512926645
56.86304862073212
56.82832411015807
56.79361872439939
56.75893614318523
56.72427997869119
56.689653771537856
56.655060986882184
56.620505010607765
56.58598914561953
56.551516608248
56.5170905247681
56.48271392803725
56.44838975425768
56.41412083986689
56.37990991856015
56.345759618448604
56.311672459355925
56.277650850256755
56.24369708685959
56.209813349336635
56.17600170020268
56.142264082345214
56.10860231720722
56.075018103124144
56.04151301381609
56.008088497036006
55.97474587337388
55.94148633521712
55.90831094586656
55.87522063880715
55.84221621713249
55.80929835312253
55.77646758797346
55.74372433167895
55.71106886306217
55.678501329957726
55.64602174954234
55.613630008812834
55.581325865210204
55.549108947388675
55.51697875612814
55.484934665388096
55.45297592350079
55.421101654500774
55.389310859588136
55.35760241872276
55.325975092346994
55.294427523233765
55.26295823845737
55.23156565148355
55.20024806437584
55.16900367011493
55.13783055502728
55.106726701319474
55.075689989714476
55.04471820218572
55.013809024784564
54.98296005055653
54.952168782541946
54.92143263685654
54.89074894584792
54.860114961323575
54.82952785784602
54.79898473609046
54.76848262626038
54.73801849155666
54.707589231696886
54.677191686481876
54.646822639406196
54.6164788213095
54.586156914065725
54.55585355430651
54.52556533717484
54.495288820105145
54.46502052662595
54.43475695018162
54.404494557970054
54.374229794793166
54.34395908691744
54.3136788459413
54.2833854726665
54.25307536096977
54.2227449016704
54.19239048638939
54.162008511395236
54.131595381432184
54.10114751352648
54.07066134076597
54.04013331604789
54.00955991578933
53.978937643595025
53.94826303387679
53.91753265541899
53.88674311488466
53.8558910602577
53.82497318421638
53.79398622743383
53.762926981801336
53.731792293570884
53.700579066413574
53.669284264391415
53.63790491484013
53.60643811116102
53.57488101551967
53.543230861449324
53.511484956356746
53.47964068392866
53.447695506436666
53.41564696693887
53.38349269137671
53.35123039056554
53.31885786207777
53.28637299201716
53.25377375668341
53.22105822412646
53.18822455558972
53.15527100684192
53.12219592939737
53.088997771625195
53.055675079748305
53.022226498733055
52.98865077307055
52.954946747450485
52.92111336732858
52.88714967938886
52.85305483190188
52.81882807498021
52.78446876073263
52.749976343318444
52.71535037890407
52.680590525524046
52.645696542848775
52.61066829186125
52.57550573444558
52.54020893289026
52.50477804930943
52.469213344985114
52.43351517963395
52.397684010601886
52.361720391990325
52.32562497371662
52.28939850051113
52.25304181085248
52.21655583584253
52.17994159802201
52.143200210127745
52.106332873792084
52.06934087818557
52.032225598603915
51.99498849500036
51.95763111046459
51.920155069649454
51.882562077146346
51.844853915810845
51.80703244504018
51.769099599004434
51.731057384833136
51.692907880758966
51.65465323422028
51.61629565992375
51.57783743786858
51.53928091133331
51.50062848482638
51.461882622001994
51.42304584354302
51.38412072501329
51.34510989468161
51.30601603131946
51.26684186197433
51.22759015972058
51.18826374138955
51.148865465280366
51.109398228852726
51.06986496640296
51.03026864672448
50.99061227075343
50.950898869200316
50.91113150016842
50.871313246760266
50.83144721467367
50.79153652978896
50.75158433574897
50.71159379153356
50.67156806902993
50.63151035060075
50.591423826651734
50.55131169320099
50.511177149451996
50.47102339537217
50.43085362927887
50.39067104543459
50.35047883165292
50.31028016691742
50.27007821901525
50.229876142187706
50.18967707479992
50.14948413703188
50.10930042859347
50.06912902646626
50.02897298267446
49.988835322087525
49.94871904025665
49.90862710128713
49.86856243574832
49.82852793862268
49.78852646729511
49.748560839583924
49.7086338318147
49.66874817693864
49.62890656269699
49.58911162983251
49.54936597034888
49.509672125818874
49.47003258574208
49.43044978595274
49.39092610707835
49.351463873049546
49.31206534966177
49.272732743189216
49.23346819905132
49.194273800532166
49.1551515675528
49.116103455496706
49.07713135408856
49.03823708632601
48.9994224074645
48.96068900405502
48.92203849303528
48.88347242087472
48.84499226277402
48.80659942192009
48.768295228797946
48.7300809405613
48.69195774046322
48.65392673734775
48.61598896520341
48.578145382779304
48.540396873264946
48.50274424403447
48.465188226456554
48.42772947577132
48.390368571035516
48.35310601513758
48.31594223488421
48.2788775811595
48.24191232915738
48.20504667868787
48.168280754556896
48.13161460701972
48.09504821230761
48.05858147322662
48.02221421982714
47.98594621014272
47.94977713099659
47.913706598874946
47.877734160865636
47.841859295660505
47.80608141461958
47.7703998628949
47.734813920612204
47.69932280410817
47.6639256672207
47.628621602629984
47.59340964324841
47.55828876365737
47.52325788158882
47.48831585944956
47.45346150588679
47.418693577393384
47.38401077995215
47.34941177071855
47.314895159741326
47.280459511720466
47.24610334780115
47.211825147402266
47.17762335007771
47.14349635740862
47.10944253492474
47.07546021405287
47.041547694090326
47.007703244200485
46.973925105427355
46.94021149272592
46.906560597004585
46.8729705871759
46.83943961221169
46.80596580319863
46.772547275390224
46.73918213025141
46.70586845749247
46.67260433708881
46.639387841283025
46.60621703656628
46.573089985636585
46.54000474933176
46.50695938853514
46.473951966052795
46.44098054846066
46.40804320792003
46.37513802395992
46.34226308522463
46.30941649118526
46.27659635381352
46.24380079921659
46.21102796923199
46.178276022981635
46.14554313838423
46.112827513625376
46.08012736858487
46.0474409462208
46.01476651391013
45.98210236474554
45.94944681878863
45.916798224279574
45.88415495880341
45.85151543041317
45.818878078710355
45.786241375883066
45.753603827701994
45.72096397447396
45.68832039195249
45.65567169220449
45.62301652443264
45.59035357575257
45.55768157192452
45.524999278039076
45.49230549915691
45.45959908090251
45.42687891001154
45.394143914832426
45.361393065782266
45.32862537575735
45.295839900498684
45.2630357389128
45.23021203334829
45.19736796982888
45.16450277824335
45.13161573249308
45.09870615059841
45.065773394764925
45.03281687141085
44.99983603115694
44.96683036878064
44.933799423136314
44.900742777042886
44.86766005714045
44.83455093371693
44.801415120505986
44.7682523744568
44.735062495477074
44.70184532615004
44.66860075142662
44.635328698293414
44.602029135417375
44.56870207276804
44.53534756121817
44.501965692123484
44.4685565968821
44.43512044647368
44.40165745097831
44.368167859074525
44.33465195751588
44.30111007058539
44.26754255952701
44.23394982195381
44.20033229123228
44.166690435842575
44.13302475871412
44.099335796535875
44.06562411904033
44.03189032826028
43.99813505775787
43.964358971825355
43.93056276465753
43.896747159495554
43.862912907742576
43.829060788052026
43.795191605389014
43.7613061900657
43.727405396752
43.693490103463056
43.65956121052502
43.625619639520174
43.591666332212945
43.55770224945834
43.52372837009411
43.4897456898179
43.45575522005074
43.42175798678888
43.38775502944579
43.35374739968621
43.31973616025415
43.28572238379566
43.25170715167674
43.21769155279709
43.18367668240025
43.14966364088072
43.11565353258847
43.08164746463122
43.04764654567482
43.01365188474172
42.979664590007886
42.94568576759873
42.91171652038402
42.87775794677215
42.84381113950435
42.809877184448865
42.7759571593955
42.74205213285104
42.7081631628359
42.67429129568292
42.64043756483905
42.60660298967095
42.57278857427606
42.53899530630129
42.505224155771046
42.471476073927036
42.43775199208234
42.40405282049268
42.37037944724729
42.33673273718155
42.303113530813405
42.269522643305564
42.235960863455105
42.2024289527122
42.16892764422984
42.135457641946644
42.10201961970456
42.06861422040335
42.03524205519365
42.001903702710436
41.96859970834744
41.93533058357322
41.90209680528939
41.86889881523162
41.83573701941374
41.802611787615334
41.769523452913134
41.73647231125689
41.703458621090036
41.67048260301608
41.637544439511274
41.60464427468402
41.57178221408181
41.538958324546584
41.506172634119494
41.47342513199562
41.44071576852895
41.40804445528773
41.37541106516006
41.3428154325099
41.31025735338324
41.277736585763826
41.24525284987744
41.21280582854309
41.180395167568925
41.148020476190375
41.11568132754804
41.083377259202514
41.05110777368356
41.018872339070874
40.98667038960418
40.9545013263205
40.92236451771641
40.89025930043312
40.85818497996258
40.82614083137225
40.79412610004642
40.76214000244148
40.730181726852784
40.69825043419116
40.6663452587668
40.634465309078685
40.60260966860756
40.570777396611
40.53896752891877
40.50717907872701
40.47541103739031
40.44366237521081
40.41193204222379
40.38021896897914
40.34852206731825
40.31684023114577
40.28517233719618
40.253517245794576
40.22187380161109
40.19024083440821
40.1586171597802
