1.8827631714098255e-13
3.1705328641874233e-12
2.6759519233989007e-11
1.5196311241703916e-10
6.574134580445004e-10
2.324042039231666e-09
7.025741233884477e-09
1.874894440200708e-08
4.5205478918016095e-08
1.0021900650506122e-07
2.0707636153927513e-07
4.030416016435177e-07
7.452330400933831e-07
1.318062354767878e-06
2.2424304573636213e-06
3.6868675295847183e-06
5.88079483771575e-06
9.130073949347075e-06
1.383499510107217e-05
2.0510840988685106e-05
2.9811145437550535e-05
4.255374850771772e-05
5.974973082564278e-05
8.263529052497388e-05
0.00011270660631978381
0.0001517577101066974
0.00020192137226472212
0.0002657129826465959
0.0003460773902733776
0.00044643864508249703
0.0005707525658541961
0.0007235620397565493
0.0009100549408987358
0.0011361245379493928
0.0014084322443353838
0.0017344725488506153
0.002122639949730509
0.002582297701433081
0.0031238481705522605
0.003758804585505743
0.004499863953914245
0.0053609809119408375
0.006357442261301509
0.007505941942199159
0.008824656184075672
0.010333318570818406
0.012053294752891807
0.014007656535780745
0.01622125507211521
0.018720792883877856
0.021534894441155042
0.024694175024954097
0.028231307603647
0.03218108745558427
0.03658049427432024
0.04146875149766889
0.04688738260743175
0.05288026415306964
0.059493675259789956
0.0667763433894509
0.07477948613130285
0.08355684880885433
0.09316473769902295
0.10366204867016933
0.1151102910565712
0.1275736065983315
0.14111878328758753
0.1558152639741527
0.17173514959633965
0.18895319691563867
0.20754681064711517
0.22759602989080582
0.24918350878299564
0.2723944913000037
0.29731678016095686
0.3240406997899482
0.35265905331192565
0.3832670735705969
0.41596236817053694
0.4508448585595075
0.4880167131807146
0.5275822747383041
0.5696479816327974
0.6143222836363744
0.6617155518908866
0.7119399833241927
0.7651094995928389
0.8213396406712229
0.8807474532191801
0.9434513738713711
1.0095711076029112
1.079227501336362
1.1525424129654656
1.2296385759808448
1.3106394598922713
1.3956691266510355
1.4848520832844225
1.5783131309622838
1.6761772107231765
1.7785692460945413
1.8856139828479002
1.9974358261360339
2.11415867526457
2.2359057563553653
2.362799453163492
2.4949611363134983
2.6325109912240086
2.775567844992543
2.9242489925147614
3.078670022114103
3.2389446409590614
3.405184500546063
3.577499022526119
3.7559952251531676
3.9407775506312603
4.131947693636533
4.329604431288132
4.533843454840068
4.7447572033633145
4.96243469968432
5.186961388842573
5.4184189793258755
5.656885287337542
5.9024340843449945
6.15513494815397
6.4150531177469485
6.682249352118459
6.9567797933335935
7.238695834029398
7.528043989571862
7.824865775073937
8.129197587472552
8.441070592854786
8.760510619215282
9.087538054818538
9.422167752331177
9.764408938880656
10.114265132187946
10.471734062912681
10.836807603339913
11.20947170252807
11.589706328028235
11.977485414275243
12.372776817741306
12.775542278933154
13.185737391303826
13.603311577140312
14.028208070478309
14.460363907085418
14.899709921544053
15.346170751455341
15.79966484877536
16.260104498285184
16.727395843186283
17.201438917802957
17.682127687363884
18.1693500948253
18.66298811468901
19.16291781375919
19.669009418772685
20.181127390828532
20.699130506533532
21.22287194577184
21.75219938599785
22.286955102943306
22.826976077621378
23.372094109502864
23.922135935731983
24.47692335624181
25.036273364622286
25.599998284587045
26.167905911878293
26.739799661442717
27.315478719705126
27.894738201760518
28.477369313299803
29.06315951707866
29.65189270373382
30.243349366746898
30.83730678135116
31.433539187172798
32.03181797439434
32.631911873224354
33.23358714645424
33.83660778488046
34.440735705367885
35.04573095132774
35.65135189538135
36.257355443979904
36.86349724374848
37.469531889321544
38.07521313243579
38.68029409204614
39.28452746522986
39.88766573864386
40.489461400300726
41.08966715142911
41.68803611818497
42.284322062980706
42.878279595200965
43.46966438107556
44.05823335248236
44.64374491445493
45.225959151172546
45.80463803021296
46.37954560485132
46.9504482141923
47.51711468092639
48.07931650650493
48.63682806353233
49.18942678517845
49.73689335141835
50.27901187191133
50.81557006533608
51.34635943500427
51.87117544057951
52.38981766573442
52.902089981583394
53.407800705734694
53.906762756810615
54.398793804290555
54.883716413537506
55.36135818587439
55.83155189358245
56.29413560970061
56.748952832510945
57.19585260460257
57.63468962641297
58.06532436415238
58.48762315202344
58.901458288655014
59.306708127676124
59.70325716236277
60.090996104297055
60.46982195598468
60.839638077383476
61.200354246302474
61.551886712637774
61.894158246418264
62.22709817964073
62.550642441880306
62.864733589668894
63.1693208296412
63.464360035455165
63.749813758500174
64.02565123241328
64.29184837143004
64.54838776260334
64.79525865192937
65.03245692442596
65.25998507821498
65.4778521926662
65.68607389066545
65.8846722950762
66.07367597946876
66.25311991319717
66.42304540090942
66.58350001658215
66.73453753217672
66.8762178410189
67.00860687600988
67.1317765227804
67.24580452790474
67.35077440229622
67.44677531991044
67.53390201188586
67.61225465625591
67.68193876337034
67.74306505716709
67.7957493524392
67.8401124282442
67.8762798976062
67.90438207366492
67.92455383242816
67.93693447228645
67.94166757045025
67.93890083647193
67.92878596301625
67.91147847404466
67.88713757058099
67.85592597422726
67.81800976859847
67.77355823884625
67.72274370944149
67.66574138038663
67.60272916202791
67.53388750863746
67.45939925093501
67.37944942771787
67.29422511676785
67.20391526520211
67.10871051943525
67.00880305491751
66.90438640581317
66.7956552947818
66.68280546302367
66.56603350074931
66.44553667823084
66.32151277758999
66.19415992547613
66.06367642678504
65.93026059956696
65.7941106112703
65.65542431646384
65.51439909617773
65.3712316990003
65.22611808406509
65.07925326605908
64.9308311623804
64.78104444256985
64.63008438013657
64.47814070689401
64.32540146991857
64.17205289123973
64.01827923036751
63.86426264975961
63.71018308332668
63.556218108070766
63.40254281894829
63.249329707045604
63.09674854115133
62.944966252806644
62.794146824910236
62.64445118395066
62.49603709593402
62.349059066071
62.20366824228348
62.06001232258695
61.91823546640098
61.7784782098363
61.64087738500309
61.505566043380334
61.372673383281956
61.2423246814513
61.1146412288116
60.989740270395494
60.86773494947267
60.74873425589062
60.63284297863954
60.52016166264844
60.41078656981535
60.30480964427017
60.20231848186405
60.10339630387427
60.00812193490987
59.91656978499885
59.82880983583437
59.74490763115302
59.66492427121489
59.588916411352166
59.516936264548754
59.44903160801051
59.3852457936817
59.32561776266028
59.270182063461
59.21896887407235
59.172004027749615
59.12930904248271
59.09090115407458
59.0567933527633
59.02699442331846
59.001508988539804
58.980337556083505
58.96347656853897
58.950918456676455
58.94265169578359
58.93866086500686
58.938926709611685
58.943426206072395
58.95213262990138
58.96501562612486
58.98204128231112
59.003172204055836
59.02836759282787
59.05758332607781
59.09077203950961
59.12788321141449
59.16886324896519
59.21365557636745
59.26220072476537
59.31443642379623
59.37029769469019
59.42971694480884
59.49262406351637
59.55894651927668
59.6286094578701
59.70153580162339
59.77764634954691
59.85685987827283
59.939093243689186
60.02426148316523
60.11227791826447
60.20305425784274
60.296500701429764
60.392526042793364
60.491037773586314
60.591942186976965
60.69514448116571
60.800548862691144
60.908058649431055
61.017576373204875
61.12900388188531
61.24224244092893
61.35719283423772
61.47375546426515
61.59183045128181
61.71131773171733
61.83211715549761
61.95412858229743
62.077251976630706
62.201387501702825
62.3264356119512
62.45229714420266
62.57887340737791
62.70606627067487
62.8337782501646
62.961912593735306
63.09037336432176
63.219065521360065
63.347895000410304
63.47676879089285
63.60559501188591
63.734282985934456
63.86274331082326
63.99088792927007
64.11863019649748
64.24588494564439
64.37256855098032
64.49859898888765
64.6238958965791
64.74838062852008
64.87197631052835
64.99460789152569
65.1162021929186
65.23668795558741
65.35599588446503
65.47405869068918
65.59081113131425
65.70619004657227
65.82013439467507
65.93258528415289
66.04348600372704
66.15278204971595
66.26042115097711
66.36635329138927
66.47053072988162
66.57290801801868
66.67344201515336
66.77209190116197
66.86881918677786
66.96358772154191
67.05636369939101
67.1471156619075
67.23581449925491
67.32243344882643
67.40694809163502
67.48933634647581
67.56957846189319
67.64765700598646
67.72355685409009
67.79726517436536
67.86877141134194
67.93806726744943
68.00514668258081
68.07000581173084
68.13264300075373
68.1930587602862
68.25125573788314
68.30723868841456
68.36101444277354
68.41259187494627
68.46198186749639
68.50919727551668
68.55425288910176
68.59716539439599
68.63795333327182
68.67663706169454
68.7132387068295
68.74778212294866
68.78029284619329
68.81079804825079
68.83932648900414
68.86590846821191
68.89057577627666
68.91336164415902
68.9343006924956
68.95342887997931
68.97078345106043
68.98640288302597
69.0003268325158
69.01259608153278
69.0232524830047
69.03233890595523
69.03989918034183
69.04597804161877
69.05062107508316
69.05387466006228
69.05578591399951
69.05640263649555
69.05577325336056
69.05394676073247
69.05097266931507
69.04690094878886
69.04178197244683
69.03566646210706
69.02860543335325
69.02065014115291
69.0118520259027
69.00226265994897
68.99193369463055
68.9809168078892
68.96926365249269
68.95702580491351
68.94425471490601
68.93100165582345
68.91731767571557
68.90325354924514
68.88885973046146
68.87418630646752
68.85928295201549
68.84419888506395
68.82898282332846
68.8136829418564
68.79834683165527
68.78302145940276
68.76775312826541
68.75258743985111
68.73756925731968
68.72274266967483
68.70815095725968
68.6938365584767
68.67984103775186
68.66620505476075
68.65296833493412
68.64016964125832
68.62784674738552
68.616036412066
68.60477435491438
68.59409523351971
68.58403262190743
68.57461899036
68.56588568660138
68.55786291834917
68.55057973723657
68.54406402410459
68.53834247566314
68.53344059251876
68.52938266856458
68.52619178172725
68.52388978606328
68.52249730519648
68.52203372708678
68.52251720011876
68.52396463049743
68.52639168093722
68.52981277062875
68.53424107646734
68.53968853552547
68.54616584875023
68.55368248586538
68.56224669145595
68.57186549221208
68.58254470530792
68.59428894789076
68.6071016476549
68.62098505447469
68.63594025307023
68.65196717667882
68.66906462170473
68.68723026331898
68.70646067198052
68.72675133084923
68.74809665406022
68.77049000582875
68.79392372035434
68.81838912249341
68.8438765491691
68.8703753714872
68.89787401752702
68.92635999577536
68.9558199191712
68.9862395297279
69.01760372369941
69.0498965772571
69.08310137264348
69.11720062476925
69.15217610822017
69.18800888464116
69.22467933046542
69.26216716495779
69.3004514785413
69.33951076137626
69.37932293216207
69.41986536713287
69.46111492921867
69.50304799734457
69.54564049584056
69.58886792393415
69.63270538529846
69.67712761763008
69.72210902223142
69.76762369357382
69.81364544881765
69.86014785726573
69.9071042697258
69.95448784775775
70.00227159278123
70.05042837502052
70.09893096226315
70.14775204840979
70.19686428179276
70.24624029324153
70.29585272387342
70.34567425258822
70.39567762324535
70.44583567150269
70.4961213512959
70.54650776093709
70.59696816881277
70.64747603866104
70.69800505440836
70.74852914454587
70.79902250602638
70.84945962766275
70.89981531300916
70.95006470270661
71.00018329627548
71.05014697333772
71.0999320142532
71.14951512015543
71.198873432373
71.24798455122377
71.2968265541692
71.34537801331791
71.39361801226661
71.44152616226799
71.4890826177145
71.53626809092802
71.58306386624528
71.6294518133893
71.6754144001172
71.72093470413628
71.76599642428059
71.8105838909415
71.85468207574624
71.89827660047976
71.94135374524669
71.98390045587027
72.02590435052704
72.06735372561658
72.1082375608664
72.14854552367294
72.18826797268125
72.22739596060589
72.26592123629538
72.30383624604346
72.34113413415125
72.37780874274628
72.41385461086551
72.44926697281025
72.48404175578193
72.51817557680849
72.55166573897165
72.58451022694553
72.61670770185728
72.64825749548116
72.67915960377773
72.70941467979036
72.73902402591158
72.76798958553285
72.79631393409146
72.82400026952915
72.85105240217682
72.87747474408103
72.90327229778948
72.92845064461379
72.95301593238831
72.97697486274431
73.0003346779191
73.0231031471203
73.04528855246632
73.0668996745246
73.08794577746936
73.10843659388057
73.1283823092068
73.14779354591461
73.16668134734776
73.18505716131857
73.20293282345368
73.22032054031739
73.23723287233632
73.25368271654985
73.26968328921065
73.28524810825967
73.30039097569919
73.31512595988771
73.32946737778046
73.34342977713867
73.35702791873017
73.37027675854402
73.38319143004081
73.39578722646011
73.408079583206
73.42008406033038
73.43181632513345
73.44329213490003
73.45452731979002
73.4655377659003
73.47633939851447
73.48694816555665
73.49738002126445
73.5076509100952
73.51777675087804
73.52777342122407
73.53765674220573
73.54744246331596
73.55714624771666
73.56678365778497
73.57637014096598
73.58592101594
73.59545145911174
73.60497649142796
73.61451096552973
73.6240695532454
73.63366673343084
73.6433167801628
73.65303375129047
73.66283147734946
73.67272355084258
73.68272331589041
73.6928438582551
73.70309799574026
73.7134982689693
73.72405693254375
73.73478594658313
73.745696968648
73.75680134604754
73.76811010853287
73.77963396137675
73.79138327883963
73.80336809802218
73.81559811310369
73.8280826699651
73.84083076119468
73.85385102147465
73.86715172334702
73.88074077335652
73.89462570856874
73.90881369346111
73.92331151718433
73.93812559119071
73.95326194722524
73.96872623567451
73.98452372426804
74.00065929712655
74.01713745415161
74.03396231075128
74.05113759789565
74.068666662496
74.08655246810115
74.10479759590457
74.1234042460565
74.1423742392755
74.16170901875505
74.18140965236095
74.20147683511622
74.22191089197035
74.24271178085012
74.26387909598934
74.28541207153437
74.30730958542135
74.32957016352115
74.35219198404802
74.37517288222766
74.39851035522024
74.42220156729347
74.44624335524092
74.47063223404079
74.49536440274964
74.52043575062525
74.54584186347226
74.57157803020509
74.59763924962253
74.62402023738802
74.65071543320907
74.6777190082094
74.70502487248636
74.73262668284615
74.76051785070824
74.78869155017075
74.81714072622724
74.84585810312562
74.87483619286017
74.9040673037877
74.93354354935938
74.96325685695994
74.99319897684556
75.02336149117188
75.05373582310317
75.08431324599341
75.1150848926299
75.14604176452956
75.17717474127896
75.20847458990856
75.23993197429188
75.27153746455956
75.30328154651879
75.33515463106862
75.3671470636014
75.39924913338136
75.43145108289154
75.46374311714037
75.49611541291965
75.52855812800685
75.56106141030561
75.59361540691934
75.62621027315213
75.65883618143157
75.69148333014782
75.72414195240258
75.75680232466179
75.78945477530583
75.82208969307094
75.85469753537602
75.88726883652832
75.91979421580145
75.95226438537843
75.98467015815247
76.01700245537772
76.04925231416307
76.08141089480243
76.113469487936
76.14541952153643
76.17725256771409
76.20896034933621
76.24053474645443
76.27196780253614
76.30325173049486
76.33437891851501
76.3653419356662
76.39613353730287
76.4267466702451
76.45717447773545
76.487410304168
76.51744769958582
76.54728042394429
76.57690245113785
76.6063079727882
76.6354914017923
76.6644473756301
76.69317075943256
76.72165664880997
76.74990037244054
76.77789749441915
76.80564381636707
76.83313537930296
76.86036846527638
76.88733959876474
76.91404554783462
76.94048332506843
76.96665018825733
76.99254364086111
77.01816143223543
77.04350155762738
77.0685622579404
77.0933420192694
77.11783957220693
77.14205389092085
77.16598419200379
77.1896299330953
77.21299081127772
77.23606676124761
77.2588579532649
77.28136479088145
77.30358790845109
77.32552816842274
77.34718665841983
77.36856468810895
77.38966378586137
77.4104856952113
77.43103237111454
77.45130597601194
77.47130887570192
77.49104363502617
77.5105130133732
77.52971996000456
77.54866760920793
77.56735927528216
77.5857984473593
77.60398878406845
77.62193410804723
77.63963840030571
77.65710579444878
77.67434057076302
77.69134715017462
77.70813008808379
77.72469406808106
77.74104389555184
77.75718449117566
77.77312088432659
77.78885820638077
77.804401683938
77.81975663196435
77.83492844686286
77.84992259947948
77.86474462805249
77.87940013111374
77.89389476035028
77.90823421343411
77.92242422682777
77.93647056857337
77.95037903107213
77.9641554238613
77.97780556639513
77.99133528083603
78.00475038486051
78.01805668448553
78.03125996691988
78.04436599344517
78.05738049232995
78.07030915178113
78.08315761293663
78.09593146290369
78.10863622784704
78.12127736613074
78.133860261518
78.14639021643409
78.15887244529783
78.17131206792742
78.1837141030267
78.19608346175816
78.20842494140952
78.22074321916072
78.2330428459591
78.24532824051043
78.25760368339438
78.2698733113131
78.28214111148161
78.2944109161679
78.3066863973908
78.31897106178205
78.331268245619
78.34358111003432
78.35591263640826
78.36826562194999
78.38064267547422
78.39304621337867
78.40547845582698
78.41794142314238
78.43043693241582
78.4429665943325
78.45553181021994
78.46813376931975
78.4807734462858
78.49345159891065
78.50616876608198
78.51892526597003
78.531721194447
78.54455642373925
78.5574306013123
78.57034314898867
78.583293262298
78.5962799100593
78.60930183419502
78.62235754977694
78.63544534530256
78.64856328320188
78.66170920057395
78.67488071015309
78.68807520150465
78.70128984245018
78.71452158072195
78.72776714584647
78.7410230512575
78.7542855966381
78.76755087049132
78.78081475293884
78.79407291874672
78.8073208405779
78.82055379247008
78.83376685353771
78.84695491189602
78.860112668805
78.8732346430309
78.8863151754221
78.89934843369649
78.91232841743731
78.92524896329478
78.93810375039077
78.95088630592345
78.96359001096839
78.97620810647258
78.98873369943776
79.00115976928934
79.01347917442722
79.02568465895312
79.03776885956863
79.0497243126362
79.06154346139503
79.07321866332317
79.08474219763768
79.09610627292345
79.10730303488144
79.11832457418647
79.12916293444441
79.13981012023797
79.15025810524972
79.1604988404504
79.17052426233991
79.1803263012279
79.18989688954017
79.19922797013717
79.20831150463076
79.21713948168534
79.22570392528863
79.23399690297734
79.2420105340025
79.24973699741898
79.25716854008331
79.26429748454407
79.27111623680972
79.27761729398028
79.28379325172958
79.28963681162477
79.29514078827165
79.30029811627358
79.30510185699362
79.30954520510969
79.31362149495376
79.31732420662709
79.32064697188414
79.32358357977878
79.32612798206665
79.32827429835882
79.3300168210217
79.3313500198183
79.33226854628654
79.33276723785085
79.33284112166339
79.33248541817184
79.33169554441125
79.33046711701778
79.32879595496198
79.32667808199872
79.32410972883159
79.32108733498924
79.31760755041185
79.31366723674617
79.30926346834795
79.30439353299076
79.29905493228094
79.29324538177926
79.2869628108314
79.28020536211037
79.27297139087469
79.26525946394682
79.25706835841666
79.24839706007506
79.23924476158257
79.22961086037915
79.21949495634148
79.2088968491944
79.19781653568351
79.18625420651462
79.17421024306647
79.16168521388364
79.14867987095603
79.13519514579072
79.12123214528255
79.1067921473897
79.09187659662099
79.0764870993411
79.06062541889982
79.04429347059228
79.02749331645715
79.01022715991986
78.99249734028685
78.97430632709712
78.95565671433907
78.93655121454039
78.91699265273964
78.8969839603475
78.87652816890649
78.85562840375759
78.83428787762206
78.81250988410717
78.79029779114536
78.76765503437584
78.74458511047727
78.72109157046022
78.69717801292747
78.67284807731029
78.64810543708849
78.62295379300225
78.59739686626337
78.5714383917731
78.54508211135398
78.51833176700224
78.49119109416837
78.46366381507302
78.43575363206516
78.40746422102838
78.37879922484116
78.34976224689638
78.32035684468553
78.29058652345327
78.2604547299278
78.22996484613293
78.19912018328739
78.16792397579798
78.13637937535361
78.10448944512746
78.07225715409379
78.03968537146659
78.00677686126653
77.97353427702262
77.93996015661492
77.90605691726478
77.87182685067876
77.8372721183515
77.80239474703376
77.76719662437165
77.73167949472338
77.69584495515858
77.65969445164501
77.62322927542687
77.5864505595988
77.54935927588042
77.51195623159617
77.47424206686571
77.43621725200978
77.39788208517632
77.35923669019246
77.32028101464823
77.28101482821819
77.2414377212267
77.20154910346105
77.16134820323543
77.12083406670797
77.08000555745195
77.03886135628248
76.99739996133916
76.95561968842411
76.91351867159436
76.87109486400753
76.82834603901982
76.78526979153536
76.74186353960555
76.69812452627683
76.6540498216849
76.60963632539323
76.56488076897334
76.51977971882353
76.4743295792225
76.42852659561366
76.38236685811522
76.33584630525034
76.28896072789188
76.24170577341646
76.19407695006326
76.14606963149207
76.09767906153466
76.0489003591333
75.99972852346
75.95015843921088
75.90018488206805
75.84980252432159
75.79900594064382
75.74778961400874
75.69614794175014
75.64407524175179
75.5915657587618
75.5386136708224
75.48521309580494
75.43135809803991
75.37704269503158
75.32226086424654
75.26700654996554
75.2112736701882
75.1550561235799
75.09834779644993
75.04114256975012
74.98343432608269
74.92521695670641
74.86648436853088
74.80723049108937
74.74744928348136
74.68713474127591
74.62628090336736
74.56488185877433
74.50293175337421
74.44042479656534
74.37735526784886
74.31371752332265
74.24950600207919
74.18471523249983
74.11933983843826
74.05337454528572
73.98681418591062
73.9196537064652
73.85188817205167
73.78351277224125
73.71452282643942
73.64491378909112
73.57468125471952
73.50382096279226
73.43232880240932
73.36020081680626
73.28743320766695
73.21402233923898
73.13996474224548
73.06525711758805
72.98989633983543
72.91387946049322
72.83720371105035
72.75986650579917
72.68186544442615
72.60319831437126
72.52386309295419
72.44385794926548
72.36318124582006
72.28183153997158
72.19980758508576
72.11710833147141
72.03373292706807
71.94968071789005
71.86495124822682
71.77954426060035
71.69345969548044
71.60669769075923
71.51925858098684
71.4311428963714
71.34235136154706
71.25288489411406
71.16274460295477
71.0719317863298
70.98044792975821
70.88829470368586
70.79547396094512
70.7019877340096
70.60783823204707
70.51302783777413
70.41755910411649
70.32143475067858
70.22465766002699
70.12723087379243
70.02915758859456
69.93044115179485
69.8310850570824
69.73109293989852
69.63046857270557
69.52921586010551
69.42733883381332
69.3248416474916
69.22172857145283
69.11800398723635
69.01367238206664
68.9087383431992
68.80320655216046
68.69708177888815
68.59036887577808
68.48307277164388
68.37519846559603
68.26675102084708
68.15773555844963
68.04815725097431
67.93802131613505
67.8273330103685
67.71609762237355
67.6043204666166
67.49200687680806
67.37916219935525
67.26579178679728
67.15190099122779
67.03749515771133
66.92257961769874
66.80715968244752
66.6912406364535
66.57482773090001
66.45792617713019
66.34054114014762
66.22267773215086
66.104341006108
65.98553594937752
65.86626747738146
65.74654042733684
65.62635955205083
65.50572951378543
65.38465487819765
65.26314010836127
65.14118955887581
65.01880747006852
64.89599796229557
64.77276503034814
64.64911253796903
64.52504421248547
64.40056363956468
64.27567425809868
64.15037935522481
64.02468206148917
63.89858534616014
63.77209201269864
63.64520469439095
63.51792585015006
63.390257760491416
63.262202523688025
63.13376205211046
63.00493806875745
62.87573210398285
62.74614549242506
62.616179370144096
62.48583467197142
62.355112129076474
62.224012266754016
62.09253540243611
61.96068164393307
61.82845088790663
61.695842818578
61.56285690667329
61.4294924086086
61.29574836591734
61.161623604922106
61.027116736653504
60.892226157017596
60.75695004721319
60.621286374399965
60.48523289261856
60.348787143963015
60.21194646000583
60.074707963475575
59.937068570186554
59.79902499121964
59.660573735353566
59.521711111745944
59.382433232862795
59.24273601765542
59.10261519498316
58.962066307280324
58.82108471446496
58.67966559808699
58.53780396571316
58.39549465554578
58.25273234127204
58.109511537140214
57.96582660325877
57.82167175111383
57.67704104930048
57.53192842946354
57.386327692443764
57.24023251462475
57.09363645447567
56.94653295928427
56.7989153720749
56.65077693870634
56.50211081514411
56.352910074901814
56.203167716645936
56.05287667195731
55.90202981324248
55.75061996178752
55.5986398959466
55.4460823594575
55.29294006987654
55.13920572712501
54.98487202213905
54.829931645614714
54.67437729683936
54.51820169260096
54.36139757616595
54.20395772631556
54.04587496643036
53.8871421736127
53.72775228783634
53.5676983211127
53.40697336666342
53.24557060808861
53.08348332852019
52.92070491974938
52.75722889131744
52.593048879558474
52.428158656583214
52.26255213919223
52.096223397707725
51.9291666647132
51.76137634369031
51.59284701754206
51.423573456991285
51.25355062884348
51.08277370410377
50.911238065937766
50.73893931746596
50.56587328938184
50.3920360473839
50.21742389941187
50.04203340267742
49.86586137047965
49.68890487879611
49.51116127263975
49.332628172172
49.15330347856246
48.97318537958579
48.79227235494715
48.61056318132761
48.428056937141825
48.244753007000206
48.060651085867896
47.87575118291345
47.690053625040704
47.50355906009763
47.31626845975602
47.1281831220566
46.939304673614615
46.74963507148185
46.55917660466143
46.367931895271724
46.17590389935581
45.983095907334
45.78951154409666
45.59515476873495
45.40002987390776
45.20414148484347
45.007494557975384
44.810094379210604
44.611946561832525
44.41305704403712
44.213432086103836
44.01307826720253
43.81200248183879
43.610211935940214
43.4077141425868
43.20451691738887
43.0006283735166
42.796056916384735
42.590811237997194
42.384900310956674
42.17833338214475
41.9711199660783
41.763269837947995
41.55479302634509
41.3456998056828
41.13600068831933
40.92570641639027
40.71482795335858
40.503376475291205
40.291363361871916
40.078800187159985
39.86569871010438
39.65207086482321
39.43792875065811
39.22328462201376
39.00815087799288
38.7925400518376
38.57646480018787
38.35993789216861
38.14297219831702
37.925580679362156
37.70777637486907
37.48957239176002
37.27098189272533
37.0520180845366
36.83269420627522
36.61302351748941
36.39301928629325
36.172694777421576
35.95206324025454
35.73113789682562
35.509931929826955
35.28845847062603
35.066730587307966
34.844761272757005
34.6225634327913
34.400149874365205
34.17753329385347
33.95472626543183
33.731741229568016
33.508590481637256
33.285286160675795
33.06184023828614
32.83826450770776
32.614570573066786
32.390769838817626
32.166873499389375
31.942892529049494
31.71883767199717
31.49471943269797
31.27054806647113
31.04633357034044
30.822085674159585
30.597813832022357
30.37352721396798
30.149234697991517
29.924944862369216
29.700665978307995
29.476406002928087
29.252172572587426
29.027972996556084
28.803814251048518
28.579702973620922
28.355645457940735
28.131647648935022
27.907715138323816
27.68385316054431
27.46006658907097
27.23635993313623
27.01273733485569
26.789202566761038
26.565759029743635
26.342409751411044
26.11915738485827
25.896004207854773
25.672952122447654
25.450002654981077
25.22715695653174
25.00441580375978
24.781779600173746
24.55924837780766
24.33682179930782
24.11449916042651
23.892279392919313
23.670161067842294
23.448142399244638
23.22622124825168
23.004395127532835
22.782661206148564
22.561016314769976
22.33945695126434
22.117979286639212
21.896579171337436
21.675252141874893
21.453993427812573
21.232797959053837
21.011660373457513
20.790575024757256
20.56953599077735
20.3485370819352
20.12757185002041
19.906633597239953
19.685715385518726
19.464810046044807
19.24391018904858
19.02300821380452
18.802096318844224
18.581166512369027
18.36021062285019
18.139220309804415
17.918187074732188
17.697102272206635
17.475957121100517
17.254742715938644
17.033450038362826
16.812069968696402
16.59059329759534
16.369010737772776
16.147312935783695
15.925490483856343
15.703533931756999
15.481433798674791
15.25918058511336
15.036764784776143
14.81417689643209
14.591407435748723
14.36844694707959
14.145286015193193
13.921915276930633
13.69832543277934
13.474507258350341
13.250451615746623
13.026149464810313
12.801591874236545
12.576770032542067
12.351675258876845
12.126299013667001
11.900632909077606
11.674668719284162
11.448398390541673
11.221814051040514
10.994908020538563
10.767672819759357
10.540101179546413
10.312186049764335
10.083920607937642
9.855298267618634
9.626312686475798
9.396957774094627
9.167227699483117
8.937116898274619
8.706620079621034
8.475732232769595
8.244448633316807
8.012764849133509
7.780676745955423
7.548180492633972
7.315272566042456
7.081949755633178
6.8482091676415155
6.614048228933322
6.379464690492377
6.14445663054495
5.909022457318889
5.673160911435002
5.4368710679289585
5.200152337902221
4.963004469801059
4.725427550323035
4.48742200495071
4.248988598112728
4.0101284329728655
3.770842950848037
3.5311339302567264
3.291003485599692
3.0504540654752175
2.8094884506316493
2.5681097515603755
2.326321405732827
2.0841271744854835
1.8415311395572707
1.5985376992841396
1.3551515644559926
1.111377753841482
0.8672215893865582
0.6226886910929974
0.37778497158347446
0.13251663036008202
-0.11310985223648769
-0.3590877213595744
-0.6054099542731831
-0.852069267244529
-1.0990581227041376
-1.3463687366648889
-1.5939930863911547
-1.841922918308957
-2.090149756147866
-2.3386649093051486
-2.58745948142249
-2.836524379165422
-3.085850321195417
-3.335427847324452
-3.585247327841731
-3.8352989730021148
-4.085572842665703
-4.336058856077897
-4.5867468017791495
-4.837626347633553
-5.088687050965325
-5.3399183687921825
-5.59130966814454
-5.842850236459442
-6.094529292038226
-6.346335994556855
-6.598259455617853
-6.850288749332781
-7.1024129229242146
-7.354621007336262
-7.606902027842672
-7.8592450146416235
-8.1116390134263
-8.364073095920448
-8.616536370368092
-8.86901799196669
-9.121507173233054
-9.373993194291605
-9.626465413074683
-9.878913275424765
-10.131326325088638
-10.383694213593644
-10.636006709996114
-10.888253710492211
-11.140425247881387
-11.39251150087289
-11.644502803226025
-11.896389652714866
-12.148162719908306
-12.399812856756435
-12.65133110497464
-12.902708704217115
-13.15393710003168
-13.405007951587931
-13.655913139171018
-13.906644771433605
-14.15719519239883
-14.407556988207206
-14.657722993600617
-14.907686298136912
-15.15744025212884
-15.406978472301196
-15.656294847160401
-15.905383542071057
-16.1542390040344
-16.40285596616389
-16.65122945185339
-16.899354778633903
-17.147227561715066
-17.394843717207973
-17.642199465026348
-17.88929133146364
-18.136116151443858
-18.382671070444587
-18.628953546090827
-18.8749613494188
-19.120692565809097
-19.366145595588822
-19.611319154302723
-19.85621227265353
-20.100824296112172
-20.345154884198912
-20.58920400943675
-20.832971955978742
-21.07645931791104
-21.319666997233963
-21.562596201523615
-21.805248441276955
-22.04762552694352
-22.289729565647704
-22.531562957605914
-22.77312839224315
-23.014428844013924
-23.255467567932886
-23.496248094821272
-23.736774226275646
-23.977050029365802
-24.21707983106898
-24.45686821244768
-24.69642000257854
-24.935740272239904
-25.174834327365968
-25.41370770227547
-25.652366152683268
-25.89081564850323
-26.129062366451194
-26.367112682456792
-26.60497316389325
-26.8426505616342
-27.080151801947068
-27.31748397823242
-27.554654342618935
-27.791670297423597
-28.028539386487044
-28.265269286393966
-28.501867797588524
-28.73834283539481
-28.974702420952532
-29.210954672078067
-29.447107794061093
-29.68317007040677
-29.919149853533366
-30.155055555434796
-30.390895638317726
-30.626678605222693
-30.86241299063856
-31.09810735111951
-31.333770255913876
-31.569410277614356
-31.80503598283899
-32.0406559229523
-32.27627862483569
-32.51191258171627
-32.747566244062675
-32.98324801055653
-33.21896621914791
-33.45472913820307
-33.69054495775216
-33.926421780844485
-34.162367615018916
-34.39839036389685
-34.634497818905004
-34.870697651134776
-35.10699740334502
-35.34340448211455
-35.57992615015084
-35.81656951876127
-36.053341540493165
-36.290249001948666
-36.52729851678026
-36.76449651887243
-37.001849255714724
-37.23936278197153
-37.477042953253296
-37.714895420094116
-37.95292562214011
-38.19113878255289
-38.429539902632236
-38.668133756661724
-38.90692488698128
-39.14591759929003
-39.38511595818265
-39.62452378292237
-39.864144643453514
-40.10398185665626
-40.34403848284511
-40.58431732251255
-40.82482091331944
-41.06555152733317
-41.3065111685143
-41.54770157045254
-41.78912419435289
-42.030780227272594
-42.27267058060948
-42.51479588884222
-42.75715650852299
-42.999752517521976
-43.24258371452361
-43.485649618774175
-43.728949470080636
-43.972482229060745
-44.21624657764397
-44.460240919822525
-44.70446338265208
-44.948911817501255
-45.1935838015487
-45.43847663952613
-45.683587365705534
-45.92891274612857
-46.17444928107626
-46.42019320777718
-46.66614050335165
-46.912286887989076
-47.15862782835547
-47.405158541228
-47.65187399735334
-47.89876892552633
-48.14583781688505
-48.39307492941818
-48.640474292680906
-48.88802971271521
-49.13573477717047
-49.383582860620336
-49.63156713007119
-49.879680550657795
-50.127915891521596
-50.37626573186704
-50.624722467191496
-50.87327831568458
-51.12192532479249
-51.370655377942136
-51.61946020141996
-51.86833137140072
-52.11726032112099
-52.36623834819247
-52.615256622050055
-52.86430619152904
-53.11337799256549
-53.36246285601388
-53.61155151557537
-53.86063461583004
-54.10970272036636
-54.358746320000904
-54.60775584108066
-54.8567216538601
-55.10563408094553
-55.35448340579914
-55.60325988129464
-55.851953738316446
-56.100555194394
-56.34905446236261
-56.59744175904198
-56.84570731392339
-57.093841377856606
-57.34183423172759
-57.589676195118315
-57.83735763493921
-58.08486897402524
-58.332200699686254
-58.57934337220193
-58.82628763325174
-59.073024214270035
-59.31954394471653
-59.565837760252286
-59.81189671081187
-60.057711968562266
-60.30327483573921
-60.5485767523516
-60.79360930374457
-61.03836422801242
-61.28283342325317
-61.52700895465642
-61.77088306141638
-62.01444816346179
-62.257696867994525
-62.500621975829176
-62.74321648752658
-62.985473609314
-63.22738675878492
-63.46894957037176
-63.71015590058522
-63.95099983301395
-64.19147568307903
-64.43157800253778
-64.67130158373118
-64.91064146356928
-65.1495929272483
-65.38815151169399
-65.62631300872619
-65.8640734679405
-66.10142919930304
-66.33837677545439
-66.57491303371962
-66.81103507782207
-67.04674027929885
-67.28202627861681
-67.5168909859877
-67.75133258188124
-67.98534951723504
-68.2189405133603
-68.45210456154247
-68.68484092233588
-68.9171491245519
-69.1490289639403
-69.38048050156375
-69.61150406186688
-69.84210023044137
-70.0722698514901
-70.30201402499291
-70.53133410357721
-70.76023168909633
-70.98870862891825
-71.2167670119273
-71.44440916424203
-71.67163764465201
-71.89845523977837
-72.12486495896357
-72.3508700288962
-72.57647388797793
-72.80168018044012
-73.02649275021813
-73.25091563459173
-73.4749530575996
-73.69860942323615
-73.92188930843875
-74.14479745587326
-74.36733876652548
-74.58951829210653
-74.81134122728102
-75.03281290172711
-75.25393877203808
-75.4747244134758
-75.69517551158688
-75.91529785369269
-76.13509732026446
-76.35457987619478
-76.57375156197557
-76.79261848479317
-77.0111868095511
-77.22946274983182
-77.44745255880791
-77.66516252011381
-77.88259893868955
-78.09976813160772
-78.31667641889526
-78.53333011436216
-78.74973551644841
-78.96589889910108
-79.18182650269254
-79.39752452499117
-79.61299911219616
-79.82825635004887
-80.04330225503274
-80.25814276567387
-80.47278373395413
-80.68723091684835
-80.90148996799648
-81.11556642952182
-81.3294657240056
-81.54319314662898
-81.75675385749405
-81.9701528741354
-82.18339506423325
-82.39648513853837
-82.60942764401938
-82.82222695724334
-83.03488727799942
-83.24741262317542
-83.45980682089629
-83.67207350493237
-83.88421610938639
-84.096237863667
-84.30814178775682
-84.51993068778319
-84.73160715189937
-84.94317354648348
-85.15463201266238
-85.36598446316754
-85.57723257952858
-85.78837780960833
-85.99942136548128
-86.21036422165668
-86.42120711364709
-86.6319505368819
-86.84259474596564
-87.05313975428163
-87.26358533394108
-87.47393101607595
-87.6841760914735
-87.8943196115493
-88.10436038965493
-88.31429700271538
-88.52412779319168
-88.73385087136383
-88.94346411792897
-89.15296518690896
-89.36235150886041
-89.57162029437923
-89.78076853789112
-89.9897930217199
-90.19869032042386
-90.40745680539017
-90.61608864967646
-90.82458183308752
-91.03293214747517
-91.24113520224985
-91.44918643009323
-91.65708109286045
-91.86481428766088
-92.07238095310613
-92.27977587571327
-92.48699369645142
-92.69402891742091
-92.90087590865308
-93.10752891501905
-93.31398206323577
-93.52022936895784
-93.72626474394391
-93.9320820032867
-94.13767487269533
-94.34303699581957
-94.54816194160568
-94.75304321167513
-94.95767424771779
-95.16204843889133
-95.3661591292175
-95.56999962496647
-95.77356320202111
-95.9768431132122
-96.17983259561603
-96.38252487780514
-96.5849131870427
-96.7869907564104
-96.9887508318595
-97.19018667917553
-97.39129159084743
-97.592058892832
-97.79248195120405
-97.9925541786831
-98.19226904102808
-98.39162006329215
-98.59060083592917
-98.78920502074456
-98.98742635668324
-99.1852586654488
-99.3826958569484
-99.57973193455788
-99.77636100020206
-99.97257725924541
-100.1683750251884
-100.36374872416444
-100.5586928992336
-100.75320221446928
-100.94727145883563
-101.14089554985445
-101.33406953706013
-101.5267886052411
-101.71904807746704
-101.9108434179028
-102.1021702344094
-102.29302428093307
-102.48340145968255
-102.67329782309444
-102.86270957558575
-103.0516330750937
-103.2400648344029
-103.4280015222606
-103.61543996428178
-103.80237714364578
-103.9888102015867
-104.17473643768027
-104.36015330993017
-104.5450584346555
-104.72944958618164
-104.91332469633754
-105.09668185376209
-105.27951930302332
-105.46183544355436
-105.6436288284102
-105.82489816284952
-106.00564230274584
-106.18586025283183
-106.36555116478063
-106.54471433512889
-106.72334920304682
-106.90145534796066
-107.07903248703383
-107.2560804725141
-107.43259928895509
-107.60858905032114
-107.78404999698387
-107.9589824926195
-108.13338702101657
-108.30726418280267
-108.48061469209802
-108.65343937310331
-108.82573915662908
-108.99751507657277
-109.16876826634916
-109.3394999552794
-109.50971146494305
-109.6794042054986
-109.84857967197718
-110.0172394405555
-110.1853851648134
-110.3530185719818
-110.52014145918668
-110.68675568969388
-110.85286318915985
-111.01846594189203
-111.18356598712353
-111.34816541530506
-111.51226636441754
-111.67587101630784
-111.83898159304931
-112.0016003533284
-112.16372958885768
-112.32537162081599
-112.48652879631595
-112.64720348489982
-112.80739807506438
-112.96711497081492
-113.12635658824718
-113.28512535215737
-113.4434236926802
-113.60125404195526
-113.75861883082143
-113.91552048554001
-114.07196142454757
-114.2279440552403
-114.38347077079118
-114.53854394700102
-114.69316593918563
-114.84733907910186
-115.00106567191553
-115.15434799321544
-115.3071882860785
-115.45958875819055
-115.61155157902671
-115.76307887709403
-115.91417273723893
-116.06483519802238
-116.21506824916516
-116.3648738290657
-116.51425382239303
-116.66321005775707
-116.81174430545879
-116.95985827532299
-117.10755361461567
-117.25483190604656
-117.40169466585691
-117.54814334199274
-117.69417931236275
-117.83980388318027
-117.98501828738883
-118.12982368317104
-118.2742211525407
-118.41821170001892
-118.56179625139465
-118.70497565257052
-118.8477506684933
-118.99012198216919
-119.13209019376337
-119.27365581978383
-119.41481929234989
-119.55558095854691
-119.69594107986815
-119.83589983174444
-119.97545730316303
-120.11461349637672
-120.25336832670418
-120.39172162242211
-120.5296731247504
-120.66722248793157
-120.80436927940572
-120.94111298008274
-121.07745298471288
-121.21338860235575
-121.34891905694714
-121.48404348796272
-121.61876095117726
-121.75307041951773
-121.88697078400868
-122.02046085480721
-122.1535393623242
-122.28620495842894
-122.41845621773292
-122.55029163894837
-122.6817096463168
-122.81270859110215
-122.94328675314206
-123.07344234245228
-123.2031735008784
-123.33247830378947
-123.46135476180781
-123.58980082257018
-123.7178143725156
-123.84539323869502
-123.97253519059849
-124.0992379419961
-124.22549915278832
-124.35131643086142
-124.47668733394279
-124.60160937145169
-124.72608000634047
-124.85009665692213
-124.97365669868056
-125.09675746606037
-125.21939625423455
-125.34157032084762
-125.46327688773262
-125.58451314260073
-125.70527624070179
-125.82556330645276
-125.94537143503227
-126.0646976939404
-126.18353912452325
-126.30189274346255
-126.41975554423097
-126.5371244985139
-126.65399655759883
-126.77036865373374
-126.88623770145627
-127.00160059889448
-127.11645422904134
-127.23079546100327
-127.34462115122246
-127.45792814467235
-127.57071327602706
-127.68297337080584
-127.79470524649209
-127.90590571362635
-128.01657157687308
-128.12669963605939
-128.2362866871837
-128.34532952339103
-128.45382493591197
-128.56176971496396
-128.66916065061335
-128.77599453359736
-128.88226815610383
-128.98797831250798
-129.09312180006626
-129.1976954195683
-129.30169597594764
-129.4051202788527
-129.50796514318054
-129.6102273895755
-129.7119038448955
-129.8129913426475
-129.91348672339566
-130.01338683514385
-130.11268853369657
-130.21138868300082
-130.30948415547155
-130.40697183230319
-130.50384860376883
-130.60011136950746
-130.69575703879983
-130.79078253083472
-130.88518477496623
-130.97896071096184
-131.07210728924102
-131.16462147110465
-131.2565002289563
-131.34774054651544
-131.43833941902395
-131.52829385344708
-131.61760086867153
-131.70625749570345
-131.79426077786812
-131.88160777101362
-131.96829554372144
-132.05432117752812
-132.13968176716176
-132.22437442079573
-132.30839626032108
-132.39174442163895
-132.47441605497366
-132.55640832520717
-132.63771841223584
-132.71834351134967
-132.79828083363364
-132.87752760639106
-132.95608107359013
-133.03393849633417
-133.11109715335706
-133.1875543415462
-133.2633073764961
-133.33835359309742
-133.41269034616485
-133.48631501110768
-133.5592249846458
-133.63141768557344
-133.70289055557365
-133.77364106008568
-133.84366668922613
-133.9129649587659
-133.9815334111651
-134.0493696166665
-134.11647117444969
-134.18283571384714
-134.24846089562485
-134.3133444133288
-134.37748399469925
-134.44087740315388
-134.50352243933992
-134.56541694275563
-134.62655879344027
-134.68694591373207
-134.74657627009412
-134.80544787500787
-134.86355878893426
-134.9209071223421
-134.97749103780268
-135.03330875214886
-135.08835853869584
-135.14263872951904
-135.1961477177839
-135.24888396012204
-135.30084597904818
-135.3520323654144
-135.402441780897
-135.45207296051024
-135.5009247151421
-135.54899593410698
-135.59628558771135
-135.64279272982856
-135.68851650047748
-135.73345612840092
-135.77761093364063
-135.82098033010436
-135.86356382812085
-135.90536103697775
-135.94637166743826
-135.98659553423238
-136.0260325585192
-136.0646827703157
-136.1025463108889
-136.1396234351074
-136.1759145137479
-136.21142003575358
-136.2461406104427
-136.2800769696654
-136.31322996990764
-136.34560059434023
-136.37718995481134
-136.4079992937801
-136.43802998618742
-136.4672835412615
-136.4957616042567
-136.52346595812253
-136.5503985251015
-136.57656136825256
-136.60195669289703
-136.62658684798487
-136.6504543273794
-136.67356177105864
-136.69591196623003
-136.71750784835638
-136.73835250208947
-136.75844916210542
-136.7778012138341
-136.7964121940737
-136.81428579148098
-136.83142584692723
-136.8478363537106
-136.86352145761498
-136.87848545680686
-136.89273280156226
-136.9062680938166
-136.91909608652986
-136.93122168285845
-136.94264993512593
-136.95338604358562
-136.96343535496908
-136.9728033608128
-136.98149569555676
-136.9895181344084
-136.9968765909673
-137.00357711460651
-137.0096258876074
-137.01502922204645
-137.01979355643311
-137.02392545209773
-137.02743158932935
-137.03031876326372
-137.03259387952312
-137.0342639496116
-137.03533608607017
-137.03581749739624
-137.03571548273248
-137.0350374263312
-137.0337907917999
-137.03198311613414
-137.02962200354364
-137.02671511908034
-137.02327018207757
-137.01929495941022
-137.01479725858735
-137.00978492068862
-137.0042658131565
-136.9982478224565
-136.99173884661786
-136.98474678766775
-136.97727954397283
-136.9693450025036
-136.96095103103767
-136.95210547032025
-136.9428161261983
-136.9330907617457
-136.92293708939656
-136.91236276310474
-136.90137537054716
-136.8899824253897
-136.878191359634
-136.86600951606306
-136.85344414080237
-136.84050237601468
-136.8271912527439
-136.8135176839221
-136.79948845755325
-136.78511023008605
-136.77038951998975
-136.75533270154574
-136.7399459988676
-136.7242354801631
-136.7082070522489
-136.69186645532693
-136.67521925802896
-136.65827085273474
-136.64102645116998
-136.62349108028923
-136.60566957844674
-136.587566591856
-136.56918657133804
-136.5505337693586
-136.531612237353
-136.5124258233376
-136.49297816980527
-136.4732727119018
-136.45331267587983
-136.43310107782497
-136.4126407226487
-136.3919342033406
-136.37098390047493
-136.34979198196504
-136.3283604030604
-136.3066909065784
-136.28478502336372
-136.26264407296696
-136.24026916453533
-136.2176611979083
-136.19482086491152
-136.17174865084198
-136.14844483613737
-136.12490949822185
-136.101142513521
-136.07714355963967
-136.0529121176963
-136.02844747480898
-136.0037487267285
-135.9788147806165
-135.95364435796645
-135.92823599766743
-135.90258805920948
-135.87669872602973
-135.85056600899824
-135.82418775004416
-135.7975616259233
-135.77068515212827
-135.74355568694304
-135.71617043564433
-135.6885264548517
-135.66062065702758
-135.63244981512761
-135.60401056740042
-135.57529942233404
-135.54631276374604
-135.517046856012
-135.48749784942626
-135.4576617856885
-135.42753460350897
-135.3971121443246
-135.3663901581178
-135.33536430933142
-135.30403018287208
-135.2723832901947
-135.2404190754605
-135.20813292175941
-135.17552015738963
-135.1425760621855
-135.10929587388497
-135.07567479452652
-135.04170799686537
-135.00739063079888
-134.9727178297903
-134.93768471728023
-134.9022864130745
-134.8665180396974
-134.8303747286984
-134.79385162690093
-134.75694390258352
-134.7196467515839
-134.68195540331882
-134.64386512671192
-134.60537123602282
-134.5664690965709
-134.5271541303459
-134.4874218214986
-134.4472677217038
-134.40668745539003
-134.36567672483008
-134.32423131508924
-134.2823470988271
-134.24002004094834
-134.19724620309736
-134.1540217479937
-134.11034294360272
-134.06620616713755
-134.0216079088893
-133.97654477588284
-133.93101349535536
-133.88501091805605
-133.8385340213666
-133.79157991224164
-133.7441458299687
-133.69622914874716
-133.6478273800877
-133.59893817503084
-133.54955932618495
-133.49968876958437
-133.449324586369
-133.39846500428743
-133.34710839902718
-133.29525329537577
-133.2428983682183
-133.1900424433762
-133.13668449829092
-133.08282366255398
-133.02845921828438
-132.97359060035419
-132.91821739646147
-132.86233934704893
-132.80595634506545
-132.74906843556874
-132.691675815167
-132.6337788312988
-132.5753779813511
-132.51647391161674
-132.45706741609325
-132.39715943512448
-132.33675105388699
-132.2758435007243
-132.21443814533342
-132.15253649680818
-132.09014020154456
-132.02725104101165
-131.96387092939273
-131.90000191110045
-131.8356461581687
-131.7708059675238
-131.7054837581382
-131.6396820680689
-131.57340355138473
-131.50665097498523
-131.43942721531704
-131.37173525499287
-131.30357817932003
-131.2349591727438
-131.16588151521267
-131.09634857847294
-131.02636382229906
-130.9559307906672
-130.8850531078803
-130.8137344746546
-130.74197866417757
-130.6697895181473
-130.5971709428033
-130.52412690495925
-130.4506614280479
-130.37677858818626
-130.30248251026836
-130.22777736409336
-130.152667360536
-130.07715674776824
-130.00124980754066
-129.92495085153308
-129.84826421778513
-129.77119426721555
-129.69374538024027
-129.61592195349937
-129.53772839670324
-129.45916912960655
-129.38024857911665
-129.30097117654287
-129.2213413549918
-129.1413635469135
-129.06104218180207
-128.98038168405213
-128.89938647097023
-128.8180609509397
-128.7364095217361
-128.65443656898805
-128.57214646477672
-128.48954356636767
-128.40663221506833
-128.32341673520506
-128.23990143321333
-128.15609059683442
-128.07198849441357
-127.98759937429321
-127.9029274642939
-127.81797697127631
-127.73275208077546
-127.64725695669897
-127.56149574108183
-127.47547255389092
-127.3891914928743
-127.30265663345033
-127.2158720286332
-127.12884170899228
-127.0415696826439
-126.95405993527508
-126.86631643019841
-126.77834310843598
-126.69014388883265
-126.60172266819886
-126.5130833214835
-126.42422970197826
-126.33516564155461
-126.24589495093441
-126.15642141999403
-126.06674881810095
-125.97688089448233
-125.88682137862536
-125.79657398070849
-125.70614239206377
-125.61553028567032
-125.52474131667911
-125.43377912296937
-125.34264732573745
-125.251349530117
-125.15988932582904
-125.06827028785987
-124.97649597716445
-124.88456994139237
-124.79249571563427
-124.70027682318623
-124.60791677632908
-124.5154190771206
-124.42278721819837
-124.33002468359045
-124.23713494953113
-124.14412148527781
-124.05098775392598
-123.95773721321807
-123.86437331634265
-123.77089951272062
-123.67731924877504
-123.5836359686804
-123.48985311508571
-123.39597412980484
-123.30200245446761
-123.20794153112493
-123.11379480280178
-123.01956571399197
-122.92525771108924
-122.83087424274973
-122.73641876018226
-122.64189471736407
-122.54730557117969
-122.45265478148056
-122.35794581106305
-122.26318212556342
-122.16836719326832
-122.07350448483945
-121.97859747295243
-121.88364963185066
-121.78866443681434
-121.69364536354615
-121.59859588747489
-121.5035194829791
-121.40841962253276
-121.31329977577516
-121.21816340850742
-121.12301398161813
-121.02785494994058
-120.93268976104369
-120.83752185396023
-120.74235465785594
-120.6471915906433
-120.55203605754289
-120.4568914495957
-120.36176114213006
-120.26664849318641
-120.1715568419028
-120.0764895068643
-119.98144978441908
-119.88644094696443
-119.79146624120645
-119.69652888639635
-119.60163207254632
-119.50677895862785
-119.41197267075555
-119.3172163003608
-119.22251290235923
-119.12786549331567
-119.03327704961079
-118.93875050561304
-118.84428875185928
-118.74989463324768
-118.65557094724694
-118.56132044212497
-118.46714581519963
-118.37304971111475
-118.27903472014408
-118.18510337652494
-118.09125815682138
-117.99750147831732
-117.90383569743882
-117.81026310820609
-117.71678594071592
-117.62340635965622
-117.53012646285426
-117.43694827986123
-117.34387377057546
-117.25090482390739
-117.1580432564888
-117.06529081142868
-116.97264915711754
-116.88011988608095
-116.78770451388404
-116.69540447808926
-116.60322113726956
-116.5111557700799
-116.41920957439017
-116.32738366648267
-116.23567908031704
-116.14409676686525
-116.05263759351841
-115.96130234356725
-115.87009171575768
-115.77900632392222
-115.68804669668795
-115.59721327726164
-115.5065064232921
-115.41592640681007
-115.32547341424676
-115.23514754653253
-115.14494881927807
-115.0548771630397
-114.96493242367048
-114.87511436275794
-114.7854226581493
-114.6958569045637
-114.60641661429133
-114.51710121797862
-114.42791006549987
-114.33884242691579
-114.24989749351789
-114.16107437895846
-114.07237212046493
-113.98378968013742
-113.89532594632726
-113.80697973509393
-113.71874979173685
-113.63063479239861
-113.54263334573614
-113.45474399465627
-113.36696521811166
-113.27929543295215
-113.19173299582644
-113.10427620512928
-113.01692330299
-112.92967247729791
-112.84252186376114
-112.75546954799506
-112.66851356763823
-112.5816519144928
-112.49488253668733
-112.4082033408605
-112.32161219436352
-112.23510692747948
-112.14868533565618
-112.06234518175029
-111.976084198281
-111.8899000896912
-111.80379053461354
-111.717753188139
-111.63178568408546
-111.54588563726384
-111.46005064573967
-111.37427829308842
-111.2885661506441
-111.20291177974104
-111.11731273394957
-111.03176656130574
-110.94627080653527
-110.86082301327122
-110.77542072626511
-110.69006149359097
-110.60474286884119
-110.51946241331278
-110.43421769818234
-110.34900630666742
-110.26382583617179
-110.17867390041168
-110.093548131519
-110.00844618211794
-109.92336572737064
-109.83830446698765
-109.75326012719937
-109.66823046268449
-109.58321325845166
-109.4982063316704
-109.41320753344813
-109.32821475055117
-109.24322590706832
-109.1582389660159
-109.07325193088364
-108.98826284712048
-108.90326980355836
-108.81827093377136
-108.73326441736752
-108.64824848121098
-108.56322140057169
-108.47818150020076
-108.3931271553298
-108.30805679259264
-108.22296889086759
-108.13786198203785
-108.0527346516685
-107.96758553959909
-107.88241334045198
-107.79721680405804
-107.71199473579996
-107.62674599687305
-107.54146950446282
-107.45616423183922
-107.37082920836791
-107.28546351943952
-107.2000663063178
-107.11463676590789
-107.02917415044747
-106.94367776712396
-106.85814697762065
-106.77258119759458
-106.68697989608788
-106.60134259487458
-106.51566886774398
-106.42995833972086
-106.34421068622314
-106.25842563215824
-106.17260295095909
-106.08674246356244
-106.00084403733169
-105.91490758492714
-105.82893306312675
-105.74292047160063
-105.65686985164163
-105.57078128485497
-105.48465489180873
-105.39849083064811
-105.31228929567621
-105.22605051590435
-105.13977475357521
-105.05346230266227
-104.9671134873499
-104.88072866049865
-104.79430820210038
-104.70785251772836
-104.62136203698523
-104.53483721195252
-104.448278515645
-104.36168644047402
-104.27506149672408
-104.18840421104798
-104.10171512498536
-104.01499479350875
-103.92824378360089
-103.84146267286641
-103.75465204818099
-103.66781250438132
-103.58094464300015
-103.49404907105085
-103.40712639986677
-103.3201772440004
-103.23320222018762
-103.14620194638039
-103.0591770408507
-102.9721281213684
-102.88505580445528
-102.79796070471761
-102.71084343425898
-102.62370460217514
-102.53654481413295
-102.4493646720343
-102.36216477376635
-102.2749457130395
-102.18770807931352
-102.10045245781143
-102.01317942961961
-101.92588957187158
-101.83858345801282
-101.75126165814443
-101.66392473944354
-101.57657326665817
-101.48920780267265
-101.40182890914066
-101.31443714718212
-101.22703307813988
-101.13961726439148
-101.0521902702106
-100.96475266267232
-100.87730501259644
-100.78984789552335
-100.70238189271704
-100.61490759219005
-100.52742558974576
-100.43993649003387
-100.35244090761371
-100.26493946802005
-100.17743280882628
-100.0899215807005
-100.00240644845094
-99.9148880920579
-99.82736720768919
-99.73984450869587
-99.65232072658462
-99.5647966119645
-99.47727293546514
-99.38975048862353
-99.30223008473656
-99.21471255967761
-99.12719877267655
-99.03968960706216
-98.95218597096637
-98.86468879799038
-98.77719904783312
-98.68971770688252
-98.60224578876951
-98.51478433488462
-98.4273344148565
-98.33989712699106
-98.25247359867042
-98.1650649867101
-98.0776724776725
-97.99029728813362
-97.90294066490067
-97.81560388517762
-97.72828825667666
-97.6409951176732
-97.55372583700269
-97.46648181399809
-97.37926447836725
-97.29207529000911
-97.20491573876808
-97.1177873441265
-97.03069165483595
-96.94363024848832
-96.85660473102774
-96.7696167362048
-96.68266792497496
-96.59575998484314
-96.50889462915444
-96.42207359633079
-96.3352986490525
-96.24857157338346
-96.16189417783829
-96.0752682923897
-95.98869576741384
-95.90217847257219
-95.81571829562796
-95.72931714119619
-95.64297692942631
-95.55669959461665
-95.47048708376013
-95.38434135502149
-95.29826437614537
-95.21225812279528
-95.12632457682349
-95.04046572447231
-94.95468355450731
-94.86898005628353
-94.78335721774573
-94.69781702336462
-94.61236145201161
-94.5269924747758
-94.4417120527267
-94.35652213462646
-94.2714246545948
-94.18642152972888
-94.1015146576803
-94.01670591419162
-93.93199715059421
-93.84739019126829
-93.76288683106594
-93.67848883269919
-93.5941979240951
-93.51001579572021
-93.42594409787596
-93.34198443796747
-93.25813837774903
-93.1744074305498
-93.09079305848279
-93.00729666963973
-92.92391961527419
-92.84066318697573
-92.7575286138388
-92.67451705963155
-92.5916296199711
-92.50886731951122
-92.42623110914887
-92.34372186325554
-92.26134037693991
-92.17908736334827
-92.0969634510099
-92.01496918123443
-91.93310500556724
-91.85137128330796
-91.76976827909714
-91.68829616057637
-91.60695499612704
-91.52574475269357
-91.44466529369701
-91.36371637704637
-91.28289765325444
-91.2022086636653
-91.12164883879989
-91.04121749682501
-90.9609138421511
-90.8807369641634
-90.80068583609118
-90.72075931401814
-90.64095613603688
-90.56127492155058
-90.48171417072483
-90.40227226409245
-90.32294746231348
-90.24373790609245
-90.16464161625554
-90.08565649399115
-90.00678032125738
-89.9280107613602
-89.84934535970574
-89.77078154473001
-89.69231662900874
-89.61394781054916
-89.5356721742659
-89.45748669364175
-89.37938823257278
-89.30137354739591
-89.22343928909632
-89.14558200569061
-89.06779814478196
-88.99008405628231
-88.91243599529676
-88.83485012516465
-88.75732252065214
-88.6798491712905
-88.60242598485334
-88.5250487909656
-88.4477133448369
-88.37041533111201
-88.29315036783171
-88.21591401049707
-88.13870175623018
-88.06150904802476
-87.98433127908075
-87.90716379721678
-87.83000190935437
-87.75284088606784
-87.67567596619395
-87.59850236149398
-87.52131526136102
-87.44410983756441
-87.36688124902426
-87.28962464660813
-87.21233517794124
-87.13500799222143
-87.05763824503074
-86.98022110313516
-86.90275174926447
-86.82522538686388
-86.74763724481036
-86.66998258208687
-86.59225669240826
-86.51445490879317
-86.43657260807711
-86.35860521536213
-86.28054820839932
-86.20239712190087
-86.12414755177772
-86.04579515929994
-85.96733567517755
-85.88876490355973
-85.81007872595002
-85.7312731050355
-85.65234408842811
-85.5732878123156
-85.49410050501935
-85.41477849045636
-85.335318191502
-85.25571613324952
-85.17596894616226
-85.09607336911337
-85.01602625230773
-84.93582456008131
-84.85546537357415
-84.77494589327218
-84.69426344141415
-84.61341546426026
-84.5323995342193
-84.4512133518315
-84.36985474760333
-84.28832168369128
-84.20661225543155
-84.12472469271258
-84.04265736118863
-83.96040876333372
-83.87797753933525
-83.79536246782801
-83.71256246646944
-83.6295765923568
-83.54640404228725
-83.46304415286137
-83.37949640043145
-83.29576040089604
-83.21183590934221
-83.12772281953757
-83.04342116327486
-82.95893110957174
-82.87425296373011
-82.78938716626011
-82.7043342916735
-82.61909504715108
-82.53367027108733
-82.44806093151534
-82.36226812441441
-82.2762930719025
-82.1901371203154
-82.10380173817487
-82.01728851404755
-81.93059915429762
-81.84373548073688
-81.75669942817626
-81.66949304188415
-81.58211847495681
-81.49457798560695
-81.40687393437634
-81.31900878127885
-81.23098508288012
-81.14280548931879
-81.0544727412738
-80.96598966688191
-80.87735917860834
-80.78858427007344
-80.69966801283704
-80.610613553142
-80.52142410861836
-80.43210296494931
-80.34265347250061
-80.25307904291492
-80.16338314567224
-80.07356930461845
-79.98364109446311
-79.89360213724854
-79.80345609879237
-79.71320668510668
-79.62285763879606
-79.53241273543733
-79.44187577994376
-79.35125060291739
-79.26054105699393
-79.16975101318485
-79.07888435722248
-78.98794498591405
-78.89693680350967
-78.80586371808852
-78.71472963796748
-78.6235384681363
-78.53229410672304
-78.44100044149297
-78.34966134638364
-78.25828067807902
-78.16686227262619
-78.07540994209808
-77.98392747130684
-77.89241861457138
-77.80088709254208
-77.70933658908574
-77.61777074823361
-77.52619317119523
-77.43460741344028
-77.34301698185094
-77.25142533194808
-77.15983586519438
-77.06825192637858
-76.9766768010861
-76.8851137132608
-76.79356582286208
-76.70203622362077
-76.61052794089686
-76.5190439296424
-76.42758707247206
-76.33616017784367
-76.24476597835006
-76.15340712912415
-76.06208620635776
-75.97080570593492
-75.87956804217991
-75.78837554671985
-75.69723046746161
-75.60613496768268
-75.51509112523523
-75.42410093186241
-75.33316629262639
-75.2422890254479
-75.15147086075761
-75.0607134412595
-74.9700183218067
-74.8793869693901
-74.7888207632402
-74.69832099504298
-74.60788886927047
-74.51752550362731
-74.42723192961363
-74.33700909320332
-74.24685785563672
-74.1567789943255
-74.06677320386784
-73.97684109717083
-73.88698320667793
-73.79719998569855
-73.70749180983778
-73.61785897852387
-73.52830171663224
-73.43882017620358
-73.34941443825396
-73.26008451467376
-73.17083035021224
-73.08165182454346
-72.99254875440866
-72.90352089582953
-72.8145679463868
-72.72568954755857
-72.63688528711285
-72.54815470154895
-72.45949727858206
-72.37091245966442
-72.28239964253706
-72.19395818380488
-72.1055874015278
-72.0172865778205
-71.92905496145451
-71.84089177045607
-71.75279619469333
-71.66476739844742
-71.57680452296299
-71.48890668897397
-71.4010729992012
-71.31330254081828
-71.22559438788309
-71.13794760373216
-71.0503612433358
-70.9628343556129
-70.87536598570497
-70.78795517720809
-70.7006009743611
-70.61330242418782
-70.5260585785903
-70.43886849638974
-70.35173124531204
-70.26464590391421
-70.17761156344895
-70.09062732966444
-70.00369232453701
-69.91680568793348
-69.82996657920003
-69.7431741786742
-69.65642768911667
-69.56972633706042
-69.48306937407463
-69.39645607794196
-69.30988575374798
-69.22335773488251
-69.13687138395315
-69.05042609361149
-68.96402128729372
-68.87765641987723
-68.7913309782556
-68.70504448183443
-68.61879648294986
-68.53258656721131
-68.44641435377004
-68.36027949551386
-68.27418167918792
-68.18812062544079
-68.1020960887953
-68.0161078575435
-67.93015575356618
-67.84423963207708
-67.75835938129087
-67.67251492201451
-67.58670620716221
-67.50093322119456
-67.41519597948248
-67.32949452759722
-67.24382894052822
-67.15819932183179
-67.07260580271436
-66.98704854105411
-66.90152772036465
-66.81604354870497
-66.73059625753986
-66.64518610055548
-66.559813352434
-66.47447830759116
-66.38918127888014
-66.30392259626554
-66.21870260547048
-66.13352166659986
-66.04838015274125
-65.96327844854552
-65.87821694878899
-65.79319605691855
-65.70821618358151
-65.623277745142
-65.53838116218562
-65.45352685801471
-65.36871525713606
-65.28394678374276
-65.19922186019308
-65.11454090548848
-65.02990433375363
-64.94531255272047
-64.8607659622188
-64.77626495267629
-64.69180990362952
-64.60740118224874
-64.52303914187814
-64.43872412059386
-64.35445643978164
-64.27023640273688
-64.18606429328975
-64.10194037445854
-64.01786488713356
-63.93383804879415
-63.84986005226211
-63.76593106449462
-63.68205122541997
-63.59822064681845
-63.51443941125132
-63.430707571040045
-63.34702514729747
-63.263392129012516
-63.179808472189904
-63.09627409904658
-63.01278889726632
-62.92935271931384
-62.84596538180904
-62.76262666496109
-62.679336312062844
-62.59609402904613
-62.51289948409868
-62.42975230734322
-62.34665209057914
-62.26359838708726
-62.180590711498326
-62.097628539725804
-62.01471130896351
-61.93183841774851
-61.84900922608978
-61.76622305566332
-61.683479190074415
-61.60077687518724
-61.518115319521705
-61.435493694716676
-61.35291113605876
-61.27036674307538
-61.1878595801906
-61.10538867744162
-61.022953031254524
-60.94055160527761
-60.85818333127025
-60.7758471100451
-60.693541812461824
-60.61126628046991
-60.52901932819781
-60.44679974308553
-60.36460628705827
-60.28243769773865
-60.200292689695395
-60.11816995572729
-60.03606816818051
-59.953985980297595
-59.87192202759666
-59.78987492927984
-59.707843289669874
-59.625825699674394
-59.54382073827706
-59.461826974054176
-59.37984296671526
-59.297867268666195
-59.215898426593284
-59.13393498306617
-59.051975478157644
-58.970018451077564
-58.888062441818406
-58.80610599281003
-58.72414765058129
-58.64218596742579
-58.560219503069604
-58.47824682633846
-58.39626651682259
-58.31427716653688
-58.23227738157367
-58.15026578374544
-58.06824101221518
-57.986201725112025
-57.90414660112991
-57.82207434110698
-57.73998366958408
-57.65787333634039
-57.57574211790471
-57.493588819040475
-57.411412274202895
-57.329211348966375
-57.246984941420614
-57.16473198353399
-57.0824514424829
-57.00014232194619
-56.917803663363635
-56.835434547157526
-56.75303409391663
-56.67060146554136
-56.58813586634873
-56.50563654413552
-56.42310279119793
-56.340533945305744
-56.25792939062908
-56.17528855861563
-56.09261092881659
-56.00989602965971
-55.92714343916831
-55.8443527856251
-55.761523748178924
-55.67865605739329
-55.595749495734914
-55.512803898000904
-55.42981915168358
-55.34679519727198
-55.26373202848927
-55.180629692464976
-55.0974882898407
-55.014307974808474
-54.93108895508149
-54.84783149179745
-54.76453589935491
-54.68120254518331
-54.59783184944709
-54.514424284684566
-54.430980375382404
-54.34750069748705
-54.263985877854765
-54.18043659364187
-54.09685357163707
-54.0132375875381
-53.92958946517538
-53.84591007568517
-53.76220033663466
-53.67846121110145
-53.59469370670942
-53.51089887462334
-53.42707780850404
-53.34323164342638
-53.25936155476123
-53.17546875702314
-53.091554502685284
-53.007620080963214
-52.923666816569
-52.83969606843717
-52.75570922842362
-52.67170771997862
-52.587692996794566
-52.503666541429446
-52.41962986390708
-52.33558450029536
-52.25153201126417
-52.167473980624855
-52.08341201385311
-51.99934773659728
-51.915282793174036
-51.8312188450541
-51.74715756934088
-51.66310065724465
-51.57904981255475
-51.49500675011236
-51.410973194287145
-51.326950877460966
-51.242941538521926
-51.15894692137143
-51.07496877344678
-50.99100884426169
-50.90706888396712
-50.8231506419344
-50.73925586536321
-50.655386297916856
-50.571543678387364
-50.487729739392954
-50.40394620611047
-50.32019479504534
-50.23647721284148
-50.15279515513369
-50.06915030544441
-49.98554433412603
-49.90197889734965
-49.81845563614105
-49.734976175464354
-49.651542123353536
-49.56815507009226
-49.484816587442154
-49.401528227919826
-49.31829152412236
-49.235107988100836
-49.151979110782136
-49.06890636143932
-48.98589118721067
-48.902935012667015
-48.820039239427174
-48.73720524582053
-48.65443438659527
-48.57172799267006
-48.489087370927464
-48.40651380404735
-48.324008550378906
-48.24157284384951
-48.159207893908686
-48.07691488550587
-47.994694979101
-47.91254931070683
-47.83047899196192
-47.74848511023328
-47.66656872874774
-47.584730886750556
-47.50297259968995
-47.421294859425764
-47.33969863446038
-47.25818487018979
-47.17675448917294
-47.095408391417386
-47.01414745467884
-46.93297253477238
-46.85188446589297
-46.77088406094311
-46.68997211186588
-46.60914938998179
-46.528416646328374
-46.4477746120017
-46.36722399849868
-46.28676549805858
-46.20639978400158
-46.12612751106219
-46.04594931571524
-45.965865816492574
-45.8858776142883
-45.80598529265064
-45.726189418058084
-45.646490540177695
-45.56688919210376
-45.4873858905749
-45.40798113616847
-45.3286754134715
-45.249469191228116
-45.17036292246377
-45.09135704458606
-45.0124519794619
-44.93364813347091
-44.854945897535174
-44.7763456471252
-44.697847742241834
-44.61945252737377
-44.54116033142975
-44.46297146764522
-44.38488623346285
-44.30690491038672
-44.22902776380977
-44.15125504281525
-44.07358697995295
-43.99602379099139
-43.91856567464731
-43.84121281229301
-43.76396536764179
-43.686823486411974
-43.609787295969674
-43.532856904950556
-43.45603240286095
-43.37931385965884
-43.30270132531563
-43.22619482935897
-43.14979438039767
-43.0734999656297
-42.997311550334295
-42.92122907734943
-42.84525246653555
-42.76938161422657
-42.69361639266895
-42.61795664944986
-42.54240220691542
-42.46695286158023
-42.39160838352904
-42.31636851581191
-42.24123297383414
-42.16620144474199
-42.09127358680558
-42.01644902879968
-41.94172736938354
-41.8671081764807
-41.79259098665959
-41.7181753045155
-41.643860602054176
-41.569646318077716
-41.495531857573084
-41.42151659110429
-41.347599854209236
-41.27378094680175
-41.2000591325792
-41.126433638435955
-41.05290365388383
-40.9794683304808
-40.90612678126955
-40.83287808022776
-40.75972126173177
-40.68665532003523
-40.61367920876425
-40.54079184043091
-40.46799208596683
-40.39527877427831
-40.322650691824705
-40.25010658222139
-40.177645145869164
-40.10526503961141
-40.032964876420564
-39.960743225115586
-39.88859861011239
-39.816529511209616
-39.74453436341171
-39.672611556791175
-39.60075943639195
-39.528976302175785
-39.45726040901386
-39.38560996672508
-39.31402314016251
-39.24249804934957
-39.171032769667285
-39.0996253320943
-39.02827372350121
-38.95697588700083
-38.88572972235645
-38.814533086450275
-38.743383793814395
-38.67227961722646
-38.60121828837166
-38.530197498571944
-38.45921489958247
-38.3882681044552
-38.31735468846896
-38.24647219012511
-38.17561811220745
-38.10478992290493
-38.03398505699582
-37.96320091709211
-37.89243487494261
-37.82168427279325
-37.75094642480306
-37.68021861851409
-37.609498116373715
-37.53878215730762
-37.46806795834155
-37.39735271626981
-37.326633609368315
-37.25590779914964
-37.18517243215783
-37.114424641800525
-37.04366155021589
-36.972880270171714
-36.90207790699449
-36.831251560526226
-36.7603983271072
-36.68951530158273
-36.61859957933211
-36.54764825831745
-36.47665844115011
-36.40562723717255
-36.334551764553105
-36.26342915239069
-36.192256542826776
-36.12103109316171
-36.04974997797279
-35.97841039123147
-35.90700954841724
-35.83554468862521
-35.76401307666466
-35.69241200514582
-35.62073879655227
-35.54899080529608
-35.477165419752474
-35.405260064270884
-35.333272201159296
-35.26119933263876
-35.189039002764694
-35.11678879931181
-35.04444635561949
-34.972009352394615
-34.89947551946903
-34.82684263750888
-34.75410853967343
-34.681271113220866
-34.608328301058854
-34.53527810323776
-34.46211857838465
-34.388847845076086
-34.3154640831476
-34.24196553493782
-34.16835050646573
-34.09461736853994
-34.02076455779847
-33.9467905776779
-33.872693999311096
-33.79847346235273
-33.72412767573225
-33.64965541833415
-33.57505553960591
-33.50032696009431
-33.42546867191096
-33.350479739128005
-33.27535929810473
-33.200106557746
-33.12472079969338
-33.04920137845012
-32.97354772144082
-32.897759329007286
-32.82183577434206
-32.74577670336164
-32.66958183452134
-32.59325095857382
-32.516783938273605
-32.44018070802993
-32.36344127351056
-32.286565711199486
-32.209554167911605
-32.13240686026774
-32.05512407413304
-31.977706164021992
-31.90015355247341
-31.822466729398638
-31.744646251406333
-31.666692741106925
-31.588606886399713
-31.510389439745563
-31.432041217427816
-31.353563098803996
-31.274956025550786
-31.19622100090468
-31.117359088900407
-31.038371413609248
-30.95925915837922
-30.88002356507915
-30.80066593334849
-30.721187619854682
-30.6415900375601
-30.561874655000402
-30.482042995575917
-30.40209663685767
-30.322037209909446
-30.241866398627003
-30.16158593909524
-30.081197618963877
-30.00070327684222
-29.92010480171317
-29.839404132366585
-29.758603256851817
-29.677704211949024
-29.59670908265878
-29.51562000170924
-29.43443914908011
-29.35316875154223
-29.271811082211688
-29.190368460117245
-29.108843249779884
-29.027237860803186
-28.94555474747347
-28.863796408368504
-28.781965385973567
-28.700064266303517
-28.618095678529528
-28.536062294608826
-28.453966828915867
-28.371812037873383
-28.28960071958167
-28.207335713444735
-28.125019899792107
-28.0426561994949
-27.96024757357449
-27.877797022802156
-27.795307587287596
-27.71278234605427
-27.630224416599447
-27.547636954437166
-27.465023152622194
-27.382386241253442
-27.299729486955357
-27.217056192335974
-27.134369695420357
-27.051673369058076
-26.968970620303505
-26.88626488976777
-26.803559650941306
-26.720858409486166
-26.638164702497303
-26.555482097732234
-26.472814192808553
-26.390164614368754
-26.30753701721184
-26.2249350833911
-26.142362521277303
-26.059823064586535
-25.97732047137188
-25.894858522978264
-25.81244102295994
-25.730071795960153
-25.647754686552837
-25.56549355804625
-25.48329229124831
-25.401154783193498
-25.31908494583123
-25.237086704675868
-25.155163997418406
-25.07332077250006
-24.991560987648107
-24.909888608374352
-24.828307606436844
-24.746821958265734
-24.66543564335432
-24.584152642616367
-24.502976936710574
-24.421912504332873
-24.340963320476895
-24.260133354663072
-24.179426569137224
-24.098846917039612
-24.018398340545605
-23.938084768978843
-23.857910116897518
-23.777878282154365
-23.69799314393096
-23.618258560747268
-23.53867836844741
-23.45925637816301
-23.379996374255416
-23.300902112238408
-23.221977316682672
-23.143225679103455
-23.06465085583271
-22.986256465877105
-22.9080460887633
-22.830023262371654
-22.75219148075969
-22.67455419197684
-22.597114795872145
-22.519876641896488
-22.44284302690089
-22.366017192932432
-22.289402325029315
-22.213001549016596
-22.136817929304257
-22.060854466689293
-21.985114096163453
-21.90959968472829
-21.83431402921904
-21.759259854138985
-21.684439809505772
-21.60985646871144
-21.53551232639789
-21.461409796349653
-21.38755120940574
-21.3139388113925
-21.240574761079284
-21.167461128158845
-21.09459989125453
-21.021992935956074
-20.949642052886055
-20.877548935798934
-20.805715179714788
-20.73414227908959
-20.662831626023753
-20.59178450851082
-20.521002108728148
-20.450485501371624
-20.380235652036653
-20.310253415647715
-20.240539534938684
-20.1710946389859
-20.101919241796118
-20.033013740951482
-19.964378416313654
-19.89601342878925
-19.827918819158644
-19.760094506970123
-19.6925402895011
-19.62525584078813
-19.558240710727436
-19.491494324247757
-19.425015980557195
-19.358804852465486
-19.292859985783398
-19.22718029880085
-19.161764581845322
-19.096611496922126
-19.031719577437997
-18.967087228009547
-18.902712724358025
-18.838594213291714
-18.774729712777173
-18.71111711210031
-18.64775417211814
-18.584638525601974
-18.521767677672784
-18.459139006329423
-18.396749763070346
-18.334597073609487
-18.27267793868687
-18.21098923497452
-18.149527716077966
-18.088290013633394
-18.027272638500573
-17.9664719820514
-17.905884317553937
-17.84550580165185
-17.785332475939125
-17.72536026863011
-17.665584996324636
-17.606002365867905
-17.546607976304298
-17.48739732092417
-17.428365789402317
-17.36950867002677
-17.31082115201671
-17.252298327928408
-17.19393519614821
-17.135726663471424
-17.077667547765635
-17.01975258071719
-16.961976410659354
-16.904333605480723
-16.84681865561236
-16.78942597709203
-16.732149914703847
-16.674984745191658
-16.61792468054417
-16.56096387134965
-16.50409641021796
-16.44731633526755
-16.3906176336748
-16.333994245283154
-16.277440066269467
-16.220948952865047
-16.164514725128814
-16.108131170769884
-16.051792049016928
-15.995491094531605
-15.93922202136331
-15.882978526942484
-15.826754296109787
-15.770543005178528
-15.714338326027633
-15.658133930222307
-15.60192349315925
-15.54570069823322
-15.489459241021523
-15.433192833483021
-15.376895208168152
-15.320560122436364
-15.264181362677334
-15.207752748532215
-15.151268137111103
-15.094721427202884
-15.038106563473477
-14.981417540648522
-14.924648407676628
-14.867793271869246
-14.810846303013205
-14.753801737451807
-14.696653882130446
-14.639397118602615
-14.582025906992113
