6.57803643111797e-13
1.1076306738988834e-11
9.347575085136554e-11
5.307777897336318e-10
2.2959547842081642e-09
8.115505531533085e-09
2.453057505788453e-08
6.545365971185764e-08
1.5779297347627773e-07
3.497714977405297e-07
7.226052649773417e-07
1.4062272075293464e-06
2.5997505110313714e-06
4.5973603309559615e-06
7.820306355202362e-06
1.2855642335638981e-05
2.050232359577654e-05
3.1825230800981714e-05
4.821763902775942e-05
7.147259639394752e-05
0.00010386361714802075
0.00014823503103359733
0.00020810226475284377
0.0002877622631983539
0.00039241418849884257
0.000528290464466845
0.0007027981633317864
0.0009246706612249231
0.0012041294192423303
0.0015530556784923433
0.0019851717907363752
0.0025162318414182526
0.003164221159370246
0.003949564247570752
0.0048953406122619605
0.006027507913736312
0.007375131811357988
0.00897062182806118
0.010849972515794714
0.013053009163271581
0.015623637251016788
0.018610094826149635
0.022065206940628423
0.026046641271848386
0.030617164023521045
0.03584489518766143
0.04180356223523974
0.04857275129357256
0.05623815486277834
0.06489181512153329
0.07463236187385765
0.08556524419364857
0.09780295483205366
0.11146524646443999
0.12667933886854132
0.14358011614324032
0.16231031309823246
0.18302068996839313
0.20587019463289014
0.2310261115478133
0.25866419663218093
0.2889687973804837
0.3221329575102936
0.35835850549074677
0.3978561263367551
0.44084541609446
0.48755491848556554
0.5382221432216253
0.5930935655439556
0.65242460659046
0.7164795942371343
0.7855317041092347
0.8598628805048736
0.9397637370220346
1.0255334367285411
1.1174795517632088
1.2159179023051612
1.3211723748969482
1.4335747201555689
1.5534643299536228
1.6811879942004857
1.8170996374005368
1.9615600352119313
2.1149365112750966
2.277602614624981
2.4499377780449785
2.632326957763297
2.8251602549342887
3.028832519387783
3.2437429361686996
3.470294595427104
3.708894046255368
3.9599508351040997
4.223877029441994
4.50108672735664
4.791995553823603
5.097020144399699
5.416577617123307
5.751085033429716
6.100958848912858
6.466614354786384
6.848465110916788
7.246922371319233
7.662394503022827
8.095286399226397
8.545998887678204
9.014928135223629
9.502465049473672
10.008994678553833
10.534895609897902
11.080539369054392
11.646289819474802
12.232502564252568
12.839524350779511
13.46769247928266
14.117334216198769
14.78876621333664
15.482293933768329
16.198211085379892
16.936799063000105
17.698326400012018
18.48304823033703
19.291205761664592
20.12302576078273
20.97872005184525
21.85848502839105
22.762501179909073
23.690932633719633
24.643926712918848
25.62161351110749
26.62410548459943
27.651497062777512
28.70386427723682
29.78126441032646
30.883735663671306
32.011296847224884
33.16394708937324
34.34166556857798
35.544411267014226
36.77212274662625
38.024717947990354
39.30209401234012
40.60412712707537
41.93067239504197
43.28156372783499
44.656613763343245
46.055613807718174
47.478333801915795
48.92452231292478
50.3939065497594
51.88619240426126
53.40106451671888
54.93818636627983
56.49720038609612
58.0777281031097
59.67937030235063
61.30170721558786
62.9442987341396
64.60668464561788
66.28838489435005
67.98889986518903
69.70771069039274
71.44427957922399
73.1980501698924
74.96844790343205
76.75488041907995
78.55673797069313
80.37339386371583
82.2042049121833
84.04851191522461
85.90564015250312
87.7748998980111
89.65558695161384
91.5469831877182
93.44835712041937
95.35896448446285
97.27804883134162
99.20484213983276
101.13856544026159
103.0784294517671
105.02363523182773
106.97337483729338
108.92683199615887
110.88318278930366
112.84159634141407
114.80123552029569
116.76125764377674
118.72081519339726
120.67905653407446
122.6351266389313
124.58816781847065
126.53732045327638
128.4817237294203
130.4205163757557
132.3528374022775
134.27782683873158
136.19462647265766
138.10238058605285
140.00023668984943
141.887346255406
143.7628654422184
145.62595582106462
147.47578509180528
149.31152779507408
151.13236601710094
152.93749008692305
154.72609926525217
156.49740242427958
158.25061871771447
159.98497824036588
161.69972267659648
163.39410593699301
165.06739478261568
166.7188694362061
168.34782417975123
169.95356793782014
171.5354248461109
173.09273480466607
174.62485401523384
176.13115550227337
177.61102961712038
179.0638845248492
180.48914667338966
181.88626124447717
183.2546925860389
184.5939246256413
185.90346126464613
187.1828267527443
188.43156604255853
189.6492451240291
190.83545133831797
191.98979367099003
193.11190302425518
194.20143246807982
195.25805747000038
196.28147610349504
197.2714092347934
198.22760068802938
199.14981738866607
200.037849485146
200.89151044874674
201.7106371516439
202.49508992320952
203.24475258459674
203.95953246168582
204.63936037648918
205.28419061713575
205.8940008865753
206.4687922301642
207.00858894231496
207.5134384524125
207.98341119022152
208.41860043102778
208.81912212077586
209.1851146814839
209.51673879723566
209.81417718106954
210.07763432310057
210.30733622022998
210.50353008781335
210.66648405367354
210.7964868348607
210.89384739757529
210.9588946006871
210.991976823297
210.9934615768021
210.9637351019381
210.90320195128365
210.81228455772484
210.6914227893893
210.54107349156934
210.36171001616376
210.153821739177
209.91791356682174
209.65450543077904
209.36413177317954
209.04734102187544
208.70469505657988
208.33676866645564
207.9441489997417
207.52743500600795
207.08723687162828
206.6241754490628
206.13888168054072
205.63199601673554
205.10416783102332
204.55605482991413
203.98832246024548
203.40164331372475
202.79669652940638
202.1741671946862
201.53474574539322
200.87912736555913
200.20801138744181
199.52210069237444
198.82210111300637
198.1087208374964
197.38266981621072
196.64465917147126
195.89540061089073
195.1356058448242
194.3659860084584
193.58725108905114
192.80010935882328
192.00526681399523
191.20342662044945
190.39528856648948
189.58154852315565
188.76289791254345
187.94002318455938
187.11360530253393
186.28431923809995
185.45283347572973
184.61980952730966
183.78590145711502
182.95175541753434
182.11800919587841
181.28529177259367
180.4542228911858
179.62541264014527
178.79946104715287
177.97695768582872
177.15848129527518
176.34459941264737
175.5358680189716
174.73283119841864
173.93602081122464
173.1459561804366
172.3631437926445
171.58807701284815
170.82123581359207
170.0630865184865
169.3140815602174
168.5746592531337
167.84524358048617
167.12624399637917
166.4180552424828
165.72105717953883
165.03561463367924
164.36207725756282
163.7007794063191
163.05204002827628
162.41616257043376
161.79343489862578
161.18412923230954
160.58850209389567
160.00679427252436
159.43923080217706
158.8860209540008
158.34735824270894
157.82342044691023
157.31436964320648
156.82035225388842
156.3414991080486
155.87792551591957
155.42973135623703
154.99700117641675
154.57980430532513
154.17819497841452
153.7922124749851
153.42188126732623
153.06721118148204
152.72819756937707
152.40482149203063
152.09704991357995
151.804835905826
151.52811886300793
151.26682472650492
151.02086621915674
150.79014308888924
150.57454236132577
150.37393860106187
150.18819418127606
150.01715956134427
149.86067357212102
149.71856370854587
149.5906464292282
149.4767274626603
149.3766021197063
149.29005561201043
149.21686337596648
149.15679140188664
149.10959656800733
149.07502697896862
149.05282230840263
149.04271414526616
149.04442634355328
149.05767537502325
149.08217068458035
149.11761504794313
149.16370493124273
149.22013085219274
149.2865777424751
149.3627253109876
149.44824840760296
149.54281738709304
149.6460984728756
149.75775412024407
149.87744337874486
150.0048222533717
150.13954406425276
150.28125980451026
150.42961849597717
150.58426754246082
150.74485308025058
150.91102032557095
151.08241391868867
151.25867826438824
151.439457868539
151.62439767048502
151.81314337099596
152.0053417555237
152.20064101251685
152.39869104655352
152.59914378606098
152.80165348539938
153.00587702109263
153.21147418199715
153.41810795320728
153.62544479350439
153.8331549061659
154.04091250295986
154.24839606115805
154.4552885734088
154.66127779031697
154.86605645558782
155.0693225336004
155.2707794292842
155.47013620018268
155.66710776059588
155.86141507770347
156.05278535957885
156.24095223501425
156.4256559250853
156.6066434063928
156.7836685659286
156.9564923475198
157.12488288981356
157.28861565576997
157.44747355363987
157.60124704941202
157.7497342707218
157.89274110222325
158.03008127243518
158.16157643208
158.2870562239407
158.40635834427056
158.51932859579665
158.62582093236574
158.72569749528816
158.81882864144404
158.9050929632217
158.9843773003654
159.05657674381678
159.1215946316413
159.17934253713656
159.22974024922792
159.27271574526412
159.30820515633218
159.33615272521615
159.35651075712963
159.36923956335704
159.37430739794422
159.37169038758475
159.36137245485497
159.34334523495454
159.31760798611435
159.28416749383723
159.24303796914205
159.19424094098326
159.1378051430197
159.0737663949094
159.00216747831018
158.92305800776762
158.8364942966732
158.742539218478
158.64126206334777
158.5327383904489
158.41704987605658
158.2942841576787
158.16453467438942
158.02790050356748
157.88448619423616
157.73440159720303
157.5777616921996
157.41468641222173
157.24530046527207
157.06973315370578
156.88811819138164
156.700593518819
156.5073011165614
156.3083868169458
156.1040001144779
155.89429397501135
155.679424643929
155.45955145352264
155.2348366297672
155.00544509868314
154.7715442924814
154.53330395568287
154.29089595140567
154.04449406800973
153.79427382628614
153.5404122873756
153.28308786159664
153.02248011836377
152.75876959737093
152.49213762121144
152.2227661096008
151.95083739536472
151.6765340423501
151.40003866541133
151.12153375261914
150.84120148983538
150.5592235877923
150.27578111181037
149.99105431428416
149.70522247006102
149.41846371483393
149.13095488666443
148.84287137074818
148.55438694753104
148.2656736442792
147.97690159020098
147.6882388752136
147.3998514124422
147.1119028045351
146.82455421387644
146.53796423677122
146.25228878167636
145.96768095154593
145.68429093035374
145.40226587385095
145.12174980461222
144.84288351142013
144.56580445303356
144.2906466663804
144.01754067921192
143.74661342725184
143.47798817586758
143.21178444628592
142.9481179463696
142.68710050596516
142.42884001682748
142.17344037712107
141.92100144049502
141.67161896972422
141.42538459490558
141.18238577619488
140.94270577106315
140.70642360604572
140.4736140529512
140.24434760949268
140.01869048429896
139.79670458626012
139.5784475181583
139.3639725745322
139.15332874372027
138.94656071402457
138.7437088839358
138.54480937635637
138.3498940567549
138.15899055518295
137.9721222920834
137.78930850781737
137.61056429583547
137.43590063941608
137.2653244518908
137.09883862027593
136.93644205222492
136.77812972621447
136.62389274487552
136.47371839137801
136.32759018877627
136.18548796221953
136.04738790393057
135.91326264085464
135.78308130488116
135.65680960553968
135.53440990507133
135.4158412957764
135.30105967953736
135.19001784941528
135.08266557321676
134.97894967892861
134.87881414191733
134.78220017378894
134.68904631280483
134.5992885157476
134.51286025113183
134.4296925936547
134.34971431977993
134.27285200435023
134.19903011812295
134.12817112612498
134.0601955867233
133.99502225130942
133.93256816449735
133.87274876473322
133.8154779852169
133.76066835503713
133.7082311004213
133.65807624600126
133.61011271599824
133.56424843522979
133.5203904298417
133.47844492766768
133.4383174581199
133.39991295151623
133.36313583775149
133.32789014422355
133.2940795929266
133.26160769662619
133.23037785403238
133.20029344389144
133.1712579179179
133.1431748924942
133.11594823906688
133.08948217317032
133.0636813420121
133.03845091055877
133.01369664606176
132.98932500096652
132.96524319414806
132.9413592904197
132.9175822782633
132.893822145731
132.86998995447283
132.84599791184468
132.82175944105455
132.7971892493062
132.77220339390277
132.74671934627526
132.7206560539036
132.69393400010125
132.66647526163496
132.63820356415494
132.60904433541072
132.57892475623015
132.5477738092397
132.5155223253052
132.48210302767478
132.4474505738071
132.41150159487046
132.37419473290055
132.33547067560716
132.29527218882134
132.25354414657698
132.21023355882284
132.16528959676333
132.11866361582867
132.0703091762776
132.0201820614389
131.9682402936008
131.91444414755898
131.85875616183813
131.80114114760323
131.741566195281
131.68000067891177
131.61641625825547
131.55078687867677
131.48308876883772
131.41330043622912
131.34140266057494
131.26737848514682
131.19121320602818
131.11289435936902
131.03241170667349
130.94975721816428
130.8649250542706
130.77791154528683
130.68871516925086
130.59733652809135
130.50377832209395
130.4080453227365
130.31014434394345
130.2100842118098
130.1078757328444
130.0035316607804
129.8970666620012
129.78849727963237
129.67784189634884
129.5651206959475
129.45035562373212
129.333570345759
129.21479020699203
129.09404218841544
128.9713548631527
128.84675835164003
128.72028427590388
128.59196571299165
128.4618371476055
128.32993442398927
128.1962946971196
128.0609563832518
127.9239591098706
127.78534366509669
127.64515194659865
127.503426910061
127.36021251726052
127.21555368380328
127.06949622657456
126.9220868109534
126.77337289784444
126.62340269057918
126.47222508173937
126.31988959995434
126.16644635672438
126.01194599332067
125.8564396278122
125.69997880226893
125.5426154301895
125.38440174420171
125.22539024408346
125.0656336451514
124.90518482706435
124.74409678308783
124.58242256986537
124.42021525774172
124.25752788168066
124.09441339281923
123.93092461069708
123.76711417619813
123.60303450524091
123.43873774325269
123.27427572046147
123.10969990803838
122.94506137512192
122.78041074675437
122.6157981627587
122.45127323758234
122.28688502113303
122.12268196062988
121.958711863491
121.79502186127732
121.6316583747113
121.46866707978793
121.30609287499409
121.14397984965127
120.982371253397
120.82130946681879
120.66083597325361
120.50099133176538
120.3418151513106
120.18334606610223
120.02562171217973
119.86867870519144
119.71255261939304
119.55727796786358
119.40288818393869
119.24941560385948
119.09689145063602
118.94534581912252
118.79480766230019
118.6453047787627
118.49686380139885
118.34951018726635
118.20326820865058
118.05816094530032
117.91421027783169
117.77143688229138
117.6298602258694
117.48949856375113
117.35036893709845
117.21248717214873
117.07586788042023
116.94052446001184
116.8064690979834
116.67371277380211
116.54226526383901
116.4121351468989
116.2833298107662
116.15585545974831
116.0297171231971
115.90491866498839
115.78146279393822
115.65935107513407
115.53858394215843
115.4191607101809
115.30107958989379
115.18433770226511
115.06893109408293
114.95485475426437
114.84210263090336
114.73066764903069
114.62054172906062
114.51171580589664
114.40417984867054
114.2979228810874
114.19293300234995
114.08919740863428
113.9867024150883
113.88543347832353
113.78537521937062
113.68651144706962
113.58882518186681
113.49229867999054
113.39691345797951
113.30265031753697
113.20948937068499
113.11741006519264
113.02639121025265
112.93641100238142
112.84744705151718
112.75947640729203
112.67247558545421
112.58642059441786
112.50128696191825
112.41704976175072
112.33368364057196
112.25116284474291
112.16946124719266
112.0885523742844
112.00840943266451
111.92900533607553
111.85031273211382
111.77230402891144
111.69495142172298
111.61822691939767
111.54210237071732
111.46654949058063
111.39153988601446
111.31704508199276
111.24303654704407
111.16948571862882
111.09636402826855
111.02364292640742
110.95129390698649
110.87928853171137
110.80759845399426
110.73619544255233
110.6650514046439
110.59413840892567
110.5234287079138
110.45289476003289
110.38250925123678
110.3122451161854
110.24207555896213
110.17197407331729
110.10191446242492
110.031870858141
109.96181773975137
109.8917299521987
109.82158272377886
109.75135168329665
109.68101287667172
109.61054278298569
109.53991832996233
109.4691169088728
109.39811638885884
109.3268951306669
109.2554319997872
109.18370637899237
109.11169818027098
109.03938785615206
108.96675641041735
108.89378540819949
108.82045698546538
108.74675385788554
108.67265932909116
108.59815729832029
108.52323226745453
108.44786934744933
108.37205426416118
108.29577336357544
108.21901361643869
108.1417626223001
108.06400861296616
107.98574045537279
107.90694765387966
107.82762035199173
107.74774933351384
107.66732602314354
107.58634248650785
107.50479142965045
107.4226661979761
107.33996077465812
107.25666977851651
107.17278846137398
107.08831270489767
107.00323901693386
106.91756452734305
106.83128698334369
106.74440474437242
106.6569167764687
106.56882264619239
106.48012251408292
106.39081712766935
106.3009078140411
106.21039647199004
106.11928556373456
106.02757810623538
105.93527766211352
105.84238833018102
105.74891473559452
105.65486201964254
105.56023582917757
105.46504230570471
105.36928807413935
105.27298023124703
105.17612633377868
105.07873438631404
104.98081282882649
104.88237052398219
104.78341674418638
104.683961158389
104.58401381866312
104.48358514657045
104.38268591932771
104.28132725578891
104.1795206022575
104.07727771814288
103.9746106614758
103.87153177429806
103.76805366794265
103.66418920822066
103.55995150053225
103.45535387491891
103.35040987107489
103.24513322333503
103.13953784565588
103.03363781660615
102.92744736438313
102.8209808518712
102.71425276175815
102.60727768172576
102.50007028973114
102.39264533939418
102.28501764550647
102.1772020696754
102.06921350611692
101.96106686760898
101.85277707161568
101.74435902659134
101.63582761847347
101.52719769737367
101.41848406447464
101.30970145914098
101.2008645462508
101.09198790375645
100.98308601048195
100.87417323416487
100.76526381975027
100.65637187794341
100.54751137402691
100.43869611694727
100.3299397486755
100.2212557338457
100.11265734967476
100.0041576761658
99.89576958659786
99.78750573830514
99.67937856374859
99.57140026188138
99.46358278980877
99.35593785474322
99.24847690625512
99.14121112881907
99.03415143465617
98.92730845687294
98.8206925428986
98.71431374822356
98.60818183044233
98.50230624360387
98.39669613287214
98.29136032950015
98.18630734611992
98.0815453723497
97.97708227071888
97.87292557290988
97.76908247631565
97.66555984091104
97.56236418643556
97.45950168988503
97.35697818331022
97.25479915191937
97.1529697324824
97.05149471203418
96.95037852687477
96.84962526186456
96.74923865001148
96.6492220723473
96.54957855809022
96.45031078509197
96.35142108056851
96.25291142211364
96.15478343899457
96.0570384137273
95.95967728392901
95.86270064444449
95.76610874974364
95.66990151658632
95.57407852694922
95.47863903120918
95.38358195157781
95.28890588578173
95.19460911098162
95.10068958792357
95.00714496531663
94.91397258443173
94.82116948391722
94.72873240482538
94.63665779584487
94.54494181873308
94.45358035394297
94.36256900643848
94.27190311169242
94.18157774186083
94.09158771212701
94.00192758720804
93.91259168801678
93.82357409847184
93.73486867244917
93.64646904086855
93.55836861890866
93.47056061334449
93.3830380300008
93.29579368131435
93.20882019399816
93.12211001680127
93.0356554283566
92.9494485451102
92.86348132932419
92.77774559714594
92.69223302673588
92.60693516644646
92.52184344304571
92.43694916997872
92.35224355566042
92.26771771179214
92.1833626616946
92.09916934864968
92.01512864424335
91.93123135670162
91.84746823921198
91.76382999822322
91.68030730171658
91.59689078744093
91.51357107110475
91.43033875451879
91.34718443368403
91.26409870682168
91.18107218234199
91.09809548674927
91.01515927248049
90.9322542256753
90.84937107387569
90.76650059365343
90.68363361816219
90.60076104461089
90.51787384165394
90.43496305669262
90.352019823083
90.2690353672447
90.18600101566588
90.10290820179901
90.01974847284194
89.93651349639893
89.85319506701572
89.76978511258258
89.68627570059883
89.60265904429221
89.51892750858772
89.43507361592029
89.35109005188613
89.26696967072806
89.18270550064975
89.09829074895427
89.01371880700324
88.92898325499371
88.84407786655098
88.75899661313682
88.67373366827306
88.58828341158087
88.50264043263579
88.41679953463714
88.33075573789088
88.24450428310391
88.15804063448834
88.0713604826748
87.98445974743302
87.89733458019853
87.80998136640429
87.72239672761671
87.63457752347554
87.54652085343699
87.45822405832033
87.36968472165725
87.2809006708433
87.19186997809007
87.10259096117628
87.01306218399625
86.92328245690695
86.83325083687444
86.7429666274218
86.65242937837971
86.56163888544191
86.47059518952746
86.37929857595283
86.28774957341604
86.19594895279478
86.10389772576038
86.01159714320956
85.9190486935171
85.82625410061088
85.73321532187096
85.63993454585388
85.54641418984399
85.45265689723307
85.35866553472967
85.26444318939981
85.1699931655403
85.07531898138576
84.98042436565119
84.8853132539116
84.78998978482038
84.6944582961686
84.59872332078784
84.50278958229968
84.4066619907152
84.31034563788741
84.21384579282041
84.11716789683796
84.02031755861493
83.9233005490761
83.82612279616696
83.72879037950192
83.63130952489577
83.53368659878414
83.43592810253917
83.33804066668678
83.24003104503221
83.14190610869959
83.0436728400913
82.94533832677202
82.8469097552818
82.74839440488348
82.6497996412502
82.55113291009901
82.45240173077697
82.35361368980627
82.25477643439548
82.15589766592383
82.05698513340623
81.95804662694583
81.85908997118078
81.7601230187304
81.66115364364612
81.56218973487239
81.46323918972314
81.36430990737847
81.26540978240678
81.16654669831746
81.06772852114898
80.96896309309682
80.87025822618591
80.77162169599183
80.67306123541448
80.57458452850858
80.47619920437512
80.37791283111687
80.27973290986029
80.1816668688449
80.0837220575828
79.98590574109028
79.8882250941939
79.79068719591305
79.69329902392019
79.59606744908069
79.49899923007479
79.40210100810395
79.30537930168418
79.20884050152927
79.11249086552743
79.01633651381474
78.92038342394903
78.8246374261895
78.7291041988866
78.63378926398775
78.53869798266385
78.44383555106253
78.3492069961942
78.25481717195726
78.16067075530896
78.06677224258829
77.97312594599714
77.87973599024599
77.7866063093694
77.69374064371516
77.60114253710981
77.50881533420352
77.41676217799625
77.32498600754695
77.23348955586675
77.14227534799761
77.05134569927814
76.96070271379777
76.87034828304012
76.78028408471594
76.69051158178557
76.60103202167078
76.5118464356559
76.42295563847857
76.33436022811041
76.24606058572861
76.15805687587986
76.0703490468379
75.98293683115638
75.89581974641804
75.80899709618016
75.72246797111573
75.63623125034961
75.55028560298818
75.46462948984127
75.37926116533514
75.294178679615
75.20937988083448
75.12486241762882
75.0406237417685
74.95666111099
74.87297159200055
74.78955206365355
74.70639922029066
74.62350957524698
74.54087946451499
74.4585050505634
74.37638232630762
74.29450711922753
74.21287509562909
74.13148176504579
74.05032248477663
73.96939246455757
73.8886867713636
73.80820033433768
73.72792794984262
73.64786428663068
73.56800389112611
73.48834119281587
73.40887050974361
73.32958605410197
73.25048193791865
73.17155217883196
73.09279070595089
73.01419136579436
72.93574792830445
72.85745409292853
72.77930349476564
72.70128971077172
72.6234062660183
72.54564663999841
72.46800427297345
72.39047257235487
72.31304491911399
72.23571467421303
72.15847518504987
72.0813197919089
72.00424183440967
71.92723465794543
71.85029162010315
71.77340609705598
71.69657148991908
71.6197812310601
71.54302879035586
71.46630768138701
71.38961146756273
71.31293376816845
71.23626826433028
71.1596087048907
71.08294891218995
71.00628278774761
70.92960431783908
70.85290757896243
70.77618674319157
70.69943608341222
70.62264997843758
70.54582291800065
70.46894950762018
70.39202447333739
70.3150426663212
70.23799906733947
70.16088879109302
70.0837070904083
70.00644936028502
69.92911114179523
69.85168812583001
69.77417615668978
69.6965712355138
69.61886952354413
69.54106734521949
69.46316119109449
69.38514772057962
69.30702376449742
69.22878632745065
69.15043258999904
69.07195991064069
68.99336582759443
68.91464806037973
68.83580451119124
68.75683326606568
68.67773259583979
68.59850095689868
68.51913699171533
68.43963952918207
68.36000758473622
68.28024036028208
68.20033724391261
68.12029780943398
68.04012181569637
67.95980920573528
67.87936010572732
67.79877482376516
67.7180538484562
67.63719784734816
67.55620766518531
67.47508432199812
67.39382901102921
67.31244309649732
67.23092811120115
67.14928575396483
67.06751788692692
66.98562653267585
66.90361387123512
66.82148223690258
66.73923411494816
66.65687213817382
66.57439908334034
66.4918178674654
66.40913154399807
66.32634329887499
66.24345644646424
66.16047442540317
66.07740079433707
65.9942392275653
65.9109935106023
65.82766753566041
65.74426529706223
65.66079088658985
65.57724848877861
65.49364237616153
65.4099769044711
65.32625650780479
65.24248569376012
65.15866903854449
65.07481118206563
64.99091682300845
64.9069907139042
64.82303765619766
64.73906249531719
64.65507011575171
64.5710654361384
64.48705340436489
64.40303899268919
64.31902719287969
64.23502301137792
64.15103146448702
64.06705757358903
63.98310636039418
63.899182842225464
63.81529202734118
63.73143891029844
63.64762846736074
63.563865651952604
63.48015539016411
63.39650257630786
63.312912068531155
63.22938868448575
63.14593719705852
63.06256233016689
62.979268754623156
62.89606108407242
62.81294387100929
62.72992160287851
62.64699869826422
62.56417950317212
62.481468287409434
62.39886924106674
62.316386471105666
62.23402399805571
62.15178575282335
62.06967557361663
61.9876972029881
61.90585428499793
61.824150362498756
61.74258887454363
61.66117315391841
61.57990642480047
61.49879180054478
61.417832281598464
61.33703075354458
61.25638998527563
61.175912627296725
61.09560121015846
61.01545814301903
60.93548571233487
60.85568608067888
60.776061285685046
60.69661323911896
60.617343726073955
60.538254404292275
60.459346803610856
60.38062232553142
60.30208224291465
60.2237276997987
60.145559711342685
60.06757916389586
59.98978681519293
59.91218329467608
59.83476910394438
59.75754461733055
59.68051008260511
59.60366562180678
59.52701123219827
59.45054678734595
59.374272038321685
59.298186615024626
59.22229002762065
59.14658166809658
59.07106081192642
58.9957266198462
58.92057813973366
58.84561430858894
58.77083395461295
58.69623579938001
58.62181846010241
58.5475804519836
58.47352019065726
58.399635994709506
58.325926088281896
58.252388603752586
58.179021584492425
58.10582298769253
58.03279068725936
57.959922476773436
57.88721607250795
57.81466911650357
57.74227917969602
57.67004376509282
57.59796031099568
57.52602619426482
57.45423873362238
57.38259519299225
57.31109278487383
57.2397286737472
57.168499979507196
57.09740378092362
57.026437119124964
56.95559700110276
56.88488040323345
56.8142842748146
56.74380554161188
56.673441109413474
56.603187867588005
56.53304269264184
56.46300245177166
56.393064006408096
56.32322421574655
56.25347994026127
56.183828045198524
56.11426540404436
56.04478890196263
55.975395439198834
55.906081934445396
55.83684532816413
55.767682585862005
55.69859070131689
55.6295666997501
55.56060764094285
55.49171062229304
55.42287278180872
55.354091301034245
55.285363407905365
55.216686379529094
55.14805754488434
55.07947428743937
55.01093404768248
54.94243432556293
54.873972682839266
54.805546745332364
54.7371542050805
54.66879282239442
54.600460427810425
54.53215492393972
54.46387428721258
54.39561656951626
54.32737989972592
54.25916248512838
54.19096261273834
54.122778650507065
54.05460904842315
53.9864523395053
53.91830714068747
53.850172153597136
53.78204616522792
53.71392804850738
53.64581676276075
53.57771135407106
53.509610955535926
53.44151478742166
53.37342215721507
53.30533245957313
53.237245176170894
53.16915987544824
53.101076212256466
53.03299392740568
52.964912847114114
52.89683288236072
52.82875402814225
52.76067636263654
52.69260004627311
52.62452532071271
52.55645250773771
52.488382008055375
52.42031430001661
52.35224993825248
52.284189552231254
52.21613384473895
52.14808359028618
52.08003963344433
52.01200288711405
51.943974330729446
51.87595500840135
51.80794602700328
51.73994855420344
51.67196381644541
51.6039930968802
51.53603773325224
51.46809911574255
51.400178684771475
51.33227792876389
51.26439838187932
51.19654162171034
51.12870926695214
51.06090297504605
50.993124439799004
50.92537538898134
50.857657581904874
50.789972806983855
50.72232287928145
50.65470963804515
50.58713494423458
50.51960067804541
50.452108736432336
50.38466103063385
50.31725948370112
50.249906028033564
50.182602602923644
50.11535115211344
50.048153621365564
49.981011956050814
49.913928098754205
49.84690398690045
49.77994155039985
49.71304270931582
49.646209371555436
49.57944343058434
49.51274676316748
49.446121227136494
49.37956865918479
49.31309087269076
49.24668965556983
49.18036676815611
49.11412394111411
49.04796287338083
48.98188523013831
48.91589264081599
48.849986697122766
48.78416895110845
48.71844091325513
48.65280405059925
48.58725978488578
48.52180949075616
48.456454493971435
48.39119606967138
48.32603544067088
48.26097377579477
48.19601218825211
48.13115173405096
48.06639341045452
48.00173815447995
47.93718684144058
47.87274028353251
47.80839922846663
47.74416435814716
47.68003628739736
47.61601556273355
47.55210266118867
47.48829798918622
47.42460188146528
47.36101460005598
47.297536333304905
47.23416719494925
47.170907223239126
47.10775638010763
47.04471455038835
46.9817815410798
46.91895708065603
46.856240818422705
46.79363232391826
46.731131086359774
46.66873651413335
46.6064479343292
46.5442645923219
46.48218565139599
46.42021019241731
46.35833721355011
46.29656563002067
46.23489427392884
46.17332189410883
46.111847156041115
46.05046864181765
45.98918485016288
45.92799419651261
45.86689501315369
45.80588554942694
45.744963971995396
45.68412836518008
45.62337673136518
45.56270699147479
45.50211698552335
45.44160447324186
45.381167134782125
45.320802571500515
45.26050830682295
45.20028178719253
45.14012038310131
45.080021390207555
45.01998203053939
44.959999453786175
44.90007073867856
44.84019289445781
44.78036286243441
44.72057751763549
44.660833670540626
44.601128068905496
44.54145739967271
44.48181829096916
44.422207314188654
44.36262098615856
44.30305577138898
44.24350808440272
44.183974292144626
44.12445071646914
44.064933636703984
44.005419292287286
43.94590388547573
43.88638358412112
43.82685452451261
43.767312814281865
43.70775453536862
43.648175747043695
43.58857248898596
43.528940784410224
43.46927664324261
43.40957606533999
43.3498350437506
43.290049568013046
43.23021562749119
43.17032921474237
43.110386328916775
43.05038297918645
42.990315188202146
42.930178995576455
42.86997046139135
42.80968566972837
42.749320732219644
42.688871791617714
42.62833502538177
42.56770664927757
42.506982920987525
42.44616014372696
42.38523466986191
42.32420290452398
42.2630613092175
42.20180640541479
42.140434778135436
42.078943079505216
42.0173280322906
41.95558643340444
41.89371515737843
41.83171115979825
41.76957148069703
41.707293247902776
41.644873680335984
41.58231009125358
41.51959989143517
41.45674059230759
41.39372980900401
41.3305652633536
41.26724478679727
41.20376632322466
41.140127931727925
41.076327789268184
41.01236419325067
40.948235564004385
40.88394044716238
40.81947751593895
40.754845573300365
40.69004355402596
40.625070526656245
40.55992569532434
40.494608401467346
40.42911812541347
40.36345448784077
40.29761725110323
40.23160632041963
40.165421744920636
40.099063718549914
40.03253258081496
39.96582881738372
39.89895306052317
39.83190608937575
39.76468883007031
39.697302355663666
39.62974788590962
39.56202678685274
39.494140570243744
39.42609089277373
39.357879555124875
39.2895085008357
39.220979814979366
39.152295722653925
39.083458587283396
39.01447090872845
38.945335321205825
38.8760545910154
38.806631614074185
38.73706941325705
38.66737113554431
38.59754004897716
38.5275795394222
38.45749310714607
38.38728436320131
38.31695702562477
38.24651491545033
38.17596195253813
38.10530215122279
38.03453961578364
37.96367853574034
37.892723180977356
37.82167789670123
37.750547098234364
37.67933526564954
37.60804693824977
37.53668670889763
37.465259218198895
37.393769148545374
37.322221218022236
37.2506201741852
37.17897078771358
37.10727784594525
37.03554614629956
36.96378048959394
36.89198567326002
36.82016648446574
36.74832769315051
36.676474044980544
36.604610254231794
36.532740996608446
36.46087090200469
36.38900454721746
36.31714644861787
36.245301054789216
36.17347273913969
36.1016657924984
36.02988441570385
35.958132712193944
35.88641468060682
35.81473420740177
35.74309505950974
35.671500877022496
35.59995516592956
35.52846129091212
35.45702246820282
35.38564175852055
35.31432206008897
35.24306610174743
35.17187643616312
35.10075543315348
35.029705273127696
34.958727940656196
34.88782521817755
34.81699867985183
34.7462496855693
34.67557937512266
34.60498866255069
34.53447823066143
34.46404852574285
34.39369975246894
34.32343186900912
34.25324458234801
34.18313734382221
34.11310934488043
34.043159513073334
33.97328650827953
33.903488719173595
33.833764259941745
33.76411096725019
33.69452639747061
33.62500782416714
33.55555223584912
33.48615633399331
33.416816531338924
33.34752895045843
33.27828942260643
33.20909348684906
33.13993638947621
33.070813083697765
33.00171822962499
32.932646194537476
32.86359105343586
32.79454658988009
32.72550629711238
32.65646337946415
32.587410754045564
32.518341052716195
32.449246624334975
32.38011953728706
32.31095158228486
32.241734275440436
32.172458861606415
32.103116317982156
32.03369735798155
31.96419243535855
31.894591748586162
31.824885245484477
31.755062628093224
31.68511335778394
31.615026660606482
31.544791532864146
31.474396746911005
31.403830857165055
31.333082206330662
31.26213893182359
31.190988972391384
31.119620074921617
31.048019801430286
30.976175536222513
30.904074493217422
30.831703723429143
30.75905012259551
30.686100438946024
30.612841281100454
30.53925912608946
30.465340327488658
30.391071123657493
30.31643764607434
30.241425927759273
30.16602191177582
30.090211459803093
30.013980360769626
29.937314339540098
29.860199065646004
29.78262016205146
29.704563213945296
29.626013777550455
29.54695738894189
29.467379572864203
29.387265851540135
29.30660175346092
29.225372822149733
29.143564624889546
29.061162761406887
28.978152872503255
28.89452064862585
28.810251838369545
28.725332256902
28.639747794303936
28.5534844238168
28.46652820999046
28.378865316723736
28.290482015190694
28.201364691645807
28.111499855101272
28.02087414487002
27.929474337968315
27.83728735637194
27.744300274120146
27.65050032426134
27.555874905634592
27.460411589481332
27.36409812588203
27.266922450012963
27.168872688218208
27.06993716389228
26.97010440316875
26.8693631404107
26.767702323499226
26.6651111189163
26.5615789166187
26.457095334699645
26.35165022383522
26.245233671512874
26.137836006039446
26.02944780032625
25.92005987544901
25.809663303980933
25.698249413097393
25.58580978745082
25.472336271814644
25.357820973495283
25.24225626451147
25.12563478354051
25.00794943763134
24.889193403684686
24.769360129700544
24.64844333579336
24.526437014975354
24.403335433708573
24.27913313222643
24.153824924625773
24.02740589873067
23.899871415729272
23.7712171095853
23.641438886226002
23.510532922508634
23.378495664967677
23.245323828345093
23.111014393906558
22.975564607546474
22.838971977684977
22.70123427296043
22.56234951972102
22.422315999319277
22.28113224521355
22.13879703988028
21.995309411541207
21.85066863070978
21.704874206561247
21.557925883130824
21.40982363534471
21.260567664889066
21.110158395922326
20.95859647063608
20.805882744669812
20.652018282385082
20.497004352004605
20.34084242062172
20.183534149085908
20.025081386770232
19.86548616622652
19.70475069773433
19.542877363749728
19.37986871326017
19.215727456051795
19.05045645689576
18.88405872966017
18.716537431354208
18.547895856111136
18.378137429116702
18.20726570048972
18.035284339121482
17.862197126480574
17.688007950389608
17.512720798780368
17.336339753433865
17.158868983711514
16.98031274028365
16.800675348861546
16.61996120393898
16.438174762549476
16.25532053804542
16.07140309390524
15.886427037574585
15.700397014347509
15.513317701293422
15.325193801235574
15.13603003678671
14.94583114444744
14.75460186877281
14.56234695661247
14.369071151429663
14.174779187704043
13.979475785423299
13.783165644668282
13.585853440296269
13.38754381672671
13.188241382833587
12.987950706948443
12.78667631197803
12.584422670640338
12.381194200822534
12.176995261064105
11.97183014616827
11.765703082944636
11.55861822608585
11.350579654180756
11.141591365866581
10.931657276122513
10.720781212706928
10.508966912740407
10.296218019436383
10.082538078981187
9.867930537565057
9.652398738565436
9.435945919883604
9.218575211435558
9.000289632797994
8.78109209100991
8.560985378530132
8.33997217135084
8.118055027267006
7.895236384301435
7.67151855928487
7.446903746590477
7.221394017021855
6.994991316853632
6.767697467023561
6.539514162474881
6.3104429716475385
6.080485336116707
5.84964257037689
5.6179158617697835
5.385306270553969
5.151814730114373
4.917442047309242
4.6821889029522445
4.446055852427238
4.209043326433091
3.9711516318559
3.732380952765871
3.49273135153602
3.2522027700798435
3.0107950312049687
2.768507840079735
2.525340785809585
2.2812933431201126
2.0363648741435862
1.7905546303057278
1.5438617543095146
1.2962852822127262
1.0478241455959652
0.7984771738178729
0.5482430963542397
0.29712054521768366
0.045108057454572664
-0.20779592228413726
-0.4615930391014758
-0.7162850251457625
-0.9718736968379471
-1.228360952038275
-1.4857487671555527
-1.744039194202264
-2.0032343577987652
-2.263336452129768
-2.5243477378563086
-2.7862705389863813
-3.0491072397073715
-3.312860281183395
-3.5775321583206425
-3.843125416503807
-4.109642648306638
-4.377086490179636
-4.645459619117878
-4.914764749311909
-5.185004628784612
-5.456182036016879
-5.7282997765649775
-6.00136067967245
-6.2753675948794685
-6.550323388632486
-6.826230940896987
-7.10309314177611
-7.380912888137869
-7.659693080253653
-7.939436618450679
-8.220146399781047
-8.501825314710057
-8.784476243826417
-9.068102054576933
-9.352705598028246
-9.638289705658249
-9.924857186179876
-10.212410822399887
-10.500953368115091
-10.790487545048395
-11.081016039826938
-11.372541501004525
-11.665066536130517
-11.958593708867205
-12.253125536157564
-12.548664485445226
-12.845212971948525
-13.142773355990457
-13.441347940386466
-13.740938967891939
-14.041548618711193
-14.343179008069674
-14.645832183851049
-14.949510124300781
-15.254214735797756
-15.55994785069545
-15.86671122523417
-16.174506537525815
-16.483335385612538
-16.793199285600767
-17.104099669872163
-17.416037885372937
-17.72901519198299
-18.043032760966167
-18.358091673502823
-18.674192919305725
-18.991337395320244
-19.3095259045098
-19.628759154727167
-19.949037757672137
-20.270362227936012
-20.592732982133224
-20.91615033812074
-21.24061451430573
-21.566125629041906
-21.89268370011486
-22.2202886443168
-22.548940277111104
-22.87863831238709
-23.209382362305256
-23.541171937233027
-23.874006445770842
-24.20788519486848
-24.542807390031584
-24.87877213561822
-25.215778435225193
-25.55382519216352
-25.892911210022483
-26.23303519332152
-26.574195748248922
-26.916391383486324
-27.259620511117802
-27.6038814476225
-27.949172414949903
-28.295491541677013
-28.642836864246213
-28.99120632828265
-29.340597789989882
-29.691009017622488
-30.042437693034145
-30.39488141329946
-30.74833769240803
-31.102803963029064
-31.458277578344454
-31.814755813948246
-32.1722358698103
-32.530714872302134
-32.890189876283
-33.25065786724427
-33.612115763510204
-33.97456041849297
-34.33798862299965
-34.702397107588915
-35.06778254497518
-35.43414155247827
-35.80147069451647
-36.169766485140315
-36.53902539060451
-36.90924383197509
-37.280418187769335
-37.652544796625655
-38.025619960001144
-38.399639944894524
-38.77460098659212
-39.15049929143457
-39.52733103960189
-39.90509238791445
-40.283779472647375
-40.66338841235579
-41.043915310708535
-41.42535625932788
-41.8077073406327
-42.19096463068212
-42.57512420201721
-42.96018212649852
-43.346134478137124
-43.73297733591716
-44.12070678660803
-44.50931892756376
-44.8988098695075
-45.28917573929864
-45.680412682680085
-46.07251686700336
-46.465484483929195
-46.8593117521016
-47.25399491979342
-47.649530267521605
-48.04591411062992
-48.44314280183684
-48.8412127337464
-49.240120341319965
-49.63986210430674
-50.040434549631506
-50.441834253737944
-50.84405784488579
-51.247102005399526
-51.6509634738661
-52.05563904727954
-52.46112558313011
-52.867420001434645
-53.27451928670501
-53.682420489851886
-54.09112073002171
-54.50061719636477
-54.910907149732964
-55.32198792430546
-55.73385692914116
-56.146511649656254
-56.559949649025505
-56.97416856950611
-57.38916613368333
-57.80494014563722
-58.22148849202951
-58.638809143110066
-59.056900153641855
-59.47575966374327
-59.89538589964669
-60.31577717437235
-60.736931888316775
-61.15884852975492
-61.581525675254824
-62.00496199000318
-62.4291562280408
-62.854107232406854
-63.27981393519119
-63.706275357494725
-64.13349060929805
-64.56145888923912
-64.99017948430024
-65.4196517694039
-65.84987520691679
-66.28084934606238
-66.71257382224292
-67.14504835627122
-67.57827275351264
-68.0122469029373
-68.44697077608345
-68.8824444259323
-69.31866798569513
-69.75564166751282
-70.1933657610689
-70.63184063211567
-71.0710667209133
-71.51104454058209
-71.95177467536844
-72.3932577788258
-72.83549457191295
-73.27848584101142
-73.72223243586453
-74.16673526744094
-74.61199530572591
-75.05801357744221
-75.50479116370272
-75.9523291975963
-76.4006288617088
-76.84969138558118
-77.29951804310609
-77.75011014986352
-78.2014690603962
-78.65359616542604
-79.10649288901276
-79.56016068565701
-80.01460103734973
-80.46981545057042
-80.92580545323631
-81.3825725916048
-81.84011842713107
-82.2984445332828
-82.75755249231361
-83.21744389199661
-83.67812032231986
-84.1395833721448
-84.60183462582917
-85.06487565981492
-85.52870803918246
-85.99333331417246
-86.45875301667674
-86.92496865670037
-87.39198171879744
-87.85979365848371
-88.32840589863034
-88.79781982584191
-89.26803678682282
-89.7390580847364
-90.21088497556222
-90.68351866445782
-91.15696030213182
-91.63121098123501
-92.10627173277537
-92.58214352256259
-93.058827247687
-93.53632373303748
-94.01463372786299
-94.49375790238327
-94.9736968444534
-95.45445105628727
-95.93602095124464
-96.41840685068695
-96.90160898090625
-97.38562747013118
-97.87046234561485
-98.35611353081022
-98.84258084263872
-99.32986398885767
-99.81796256553146
-100.30687605461101
-100.79660382162498
-101.28714511348662
-101.7784990564206
-102.27066465401478
-102.76364078540084
-103.25742620356797
-103.75201953381267
-104.24741927232718
-104.74362378492923
-105.24063130593434
-105.73843993717126
-106.23704764714113
-106.73645227032044
-107.23665150660803
-107.73764292091573
-108.23942394290282
-108.7419918668536
-109.24534385169738
-109.74947692116928
-110.25438796411152
-110.76007373491609
-111.2665308541093
-111.77375580907803
-112.28174495493728
-112.79049451553853
-113.30000058461714
-113.810259127078
-114.32126598041806
-114.83301685628443
-115.34550734216637
-115.85873290321925
-116.37268888421832
-116.88737051163994
-117.40277289586814
-117.91889103352392
-118.4357198099149
-118.95325400160179
-119.47148827907817
-119.99041720955977
-120.51003525987953
-121.03033679948491
-121.55131610353389
-122.07296735608581
-122.59528465338389
-123.11826200722606
-123.64189334842087
-124.1661725303249
-124.69109333245848
-125.21664946419611
-125.74283456852976
-126.26964222590205
-126.7970659581061
-127.32509923224787
-127.85373546476644
-128.38296802550698
-128.91279024184118
-129.44319540282967
-129.97417676342192
-130.5057275486898
-131.03784095809144
-131.57051016976092
-132.1037283448214
-132.63748863171904
-133.17178417057525
-133.70660809755472
-134.24195354924674
-134.77781366705787
-135.31418160161252
-135.85105051715777
-136.38841359596836
-136.9262640427471
-137.4645950890166
-138.003399997497
-138.5426720664658
-139.08240463409413
-139.6225910827551
-140.16322484329737
-140.70429939927942
-141.24580829115803
-141.78774512042583
-142.3301035536922
-142.87287732670373
-143.41606024830006
-143.95964620430053
-144.50362916131647
-145.04800317048412
-145.592762371114
-146.13790099425356
-146.68341336616086
-147.22929391168728
-147.77553715756758
-148.32213773561526
-148.869090385821
-149.41638995935253
-149.96403142145306
-150.51200985423537
-151.06032045936712
-151.60895856064366
-152.15791960644577
-152.70719917208015
-153.25679296200127
-153.8066968119128
-154.3569066907475
-154.90741870252322
-155.4582290880723
-156.00933422664315
-156.56073063737216
-157.11241498062572
-157.66438405921073
-158.21663481945163
-158.76916435213226
-159.3219698933021
-159.8750488249477
-160.42839867553195
-160.98201712040438
-161.53590198208346
-162.0900512304115
-162.64446298258028
-163.19913550302746
-163.75406720320345
-164.30925664121034
-164.86470252131355
-165.42040369332744
-165.97635915187584
-166.5325680355295
-167.0890296258233
-167.645743346156
-168.20270876057498
-168.7599255724465
-169.31739362301096
-169.87511288982296
-170.4330834850773
-170.99130565382166
-171.54977977205772
-172.10850634473286
-172.66748600362348
-173.22671950511156
-173.78620772785646
-174.34595167036517
-174.9059524484633
-175.46621129267126
-176.02672954548828
-176.58750865858636
-177.14855018991628
-177.70985580072673
-178.2714272524984
-178.83326640379212
-179.39537520700904
-179.95775570506092
-180.52041002794934
-181.0833403892521
-181.64654908251583
-182.21003847755543
-182.77381101666225
-183.33786921072243
-183.90221563524466
-184.46685292629883
-185.03178377636715
-185.59701093011
-186.1625371800488
-186.72836536217034
-187.29449835145675
-187.86093905734316
-188.42769041910657
-188.99475540118928
-189.5621369884603
-190.12983818141797
-190.69786199133895
-191.26621143538054
-191.83488953164223
-192.40389929419402
-192.9732437280787
-193.54292582429716
-194.11294855478477
-194.68331486738438
-195.2540276808223
-195.82508987969513
-196.39650430947458
-196.96827377153784
-197.54040101823182
-198.11288874797845
-198.6857396004276
-199.25895615166257
-199.83254090946104
-200.40649630861446
-200.98082470630845
-201.55552837756625
-202.13060951075602
-202.70607020316436
-203.2819124566371
-203.85813817328847
-204.4347491512791
-205.01174708066117
-205.58913353929088
-206.1669099888101
-206.7450777706987
-207.32363810239977
-207.90259207351997
-208.48194064210875
-209.06168463101736
-209.64182472433973
-210.2223614639369
-210.8032952460466
-211.38462631798066
-211.9663547749125
-212.5484805567568
-213.13100344514365
-213.71392306048978
-214.2972388591731
-214.880950130818
-215.46505599569872
-216.04955540226587
-216.63444712480322
-217.219729761221
-217.80540173099433
-218.39146127325415
-218.9779064450367
-219.5647351196962
-220.15194498548584
-220.73953354431063
-221.3274981106535
-221.91583581067533
-222.5045435814911
-223.09361817062538
-223.6830561356496
-224.27285384400167
-224.8630074729874
-225.4535130099625
-226.0443662526943
-226.63556280990085
-227.22709810196736
-227.81896736183873
-228.4111656360876
-229.00368778615504
-229.59652848976313
-230.18968224249667
-230.78314335955247
-231.37690597765322
-231.97096405712523
-232.56531138413948
-233.15994157311457
-233.75484806927898
-234.35002415138797
-234.94546293458916
-235.5411573734291
-236.13710026499461
-236.73328425218324
-237.3297018270962
-237.9263453345502
-238.52320697570326
-239.12027881179029
-239.71755276796378
-240.3150206372343
-240.91267408450702
-241.51050465070878
-242.108503757004
-242.70666270909786
-243.3049727016278
-243.90342482264148
-244.50201005815828
-245.10071929681183
-245.69954333457147
-246.29847287953933
-246.89749855682183
-247.49661091347278
-248.09580042350402
-248.6950574929577
-249.2943724650334
-249.893735625263
-250.49313720672654
-251.09256739530252
-251.6920163349451
-252.29147413298261
-252.89093086543227
-253.4903765823272
-254.0898013130514
-254.68919507167726
-255.2885478623012
-255.88784968437136
-256.48709053800263
-257.0862604292723
-257.68534937548867
-258.2843474104282
-258.8832445895346
-259.48203099507447
-260.0806967412423
-260.67923197921283
-261.2776269021368
-261.8758717500828
-262.473956814929
-263.0718724452082
-263.6696090509141
-264.2671571082743
-264.86450716449656
-265.4616498424922
-266.0585758455792
-266.6552759621651
-267.25174107041187
-267.84796214287906
-268.4439302511413
-269.039636570379
-269.63507238394175
-270.2302290878837
-270.82509819546874
-271.4196713416403
-272.0139402874478
-272.6078969244221
-273.20153327889136
-273.7948415162299
-274.38781394503474
-274.9804430212256
-275.57272135206483
-276.16464170009465
-276.75619698698495
-277.3473802972868
-277.9381848820882
-278.52860416256874
-279.1186317334483
-279.70826136632525
-280.2974870128993
-280.886302808072
-281.47470307291786
-282.06268231751864
-282.65023524365296
-283.23735674733024
-283.8240419211617
-284.4102860565592
-284.9960846457531
-285.58143338362396
-286.1663281693454
-286.7507651078358
-287.3347405110166
-287.91825089887647
-288.50129300034035
-289.08386375394406
-289.66596030831255
-290.24758002243874
-290.8287204657585
-291.40937941801934
-291.9895548689382
-292.56924501764564
-293.1484482719097
-293.7271632471356
-294.3053887651376
-294.88312385268335
-295.46036773981604
-296.0371198579616
-296.61337983782795
-297.18914750710127
-297.7644228879478
-298.33920619432973
-298.9134978291438
-299.4872983811922
-300.06060862199615
-300.6334295024608
-301.2057621493991
-301.77760786192266
-302.3489681077044
-302.9198445191214
-303.49023888928286
-304.06015316794856
-304.6295894573427
-305.1985500078704
-305.76703721374406
-306.33505360852814
-306.9026018606064
-307.469684768575
-308.0363052565608
-308.6024663694675
-309.16817126815295
-309.7334232245371
-310.2982256166383
-310.862581923539
-311.4264957202845
-311.98997067272285
-312.5530105322896
-313.11561913074274
-313.67780037484954
-314.2395582410295
-314.80089676995976
-315.36182006114905
-315.92233226748476
-316.48243758975923
-317.0421402711813
-317.6014445918768
-318.16035486338075
-318.7188754231261
-319.27701062893726
-319.8347648535351
-320.39214247906153
-320.9491478916298
-321.5057854759103
-322.06205960976246
-322.6179746589251
-323.1735349717756
-323.72874487417045
-324.28360866437794
-324.8381306081083
-325.3923149336452
-325.94616582708346
-326.49968742767675
-327.0528838232968
-327.6057590460105
-328.1583170677764
-328.7105617962612
-329.262497070778
-329.8141266583453
-330.3654542498653
-330.91648345642176
-331.46721780569084
-332.01766073846426
-332.56781560528094
-333.11768566316465
-333.6672740724603
-334.2165838937622
-334.7656180849295
-335.31437949818206
-335.86287087726765
-336.4110948546941
-336.95905394902604
-337.5067505622475
-338.0541869771929
-338.6013653550491
-339.14828773293186
-339.6949560215404
-340.24137200289226
-340.7875373281382
-341.33345351545915
-341.87912194804505
-342.42454387215787
-342.96972039527975
-343.51465248434727
-344.059340964072
-344.60378651534495
-345.14798967371655
-345.6919508279435
-346.2356702185899
-346.77914793667617
-347.32238392237025
-347.86537796372033
-348.4081296954274
-348.9506385976616
-349.49290399492895
-350.0349250550004
-350.5767007879141
-351.1182300450615
-351.65951151836646
-352.20054373956475
-352.7413250795918
-353.2818537480822
-353.8221277929857
-354.3621451003029
-354.90190339394496
-355.441400235719
-355.98063302543744
-356.51959900114946
-357.058295239489
-357.59671865613217
-358.1348660063597
-358.6727338857183
-359.21031873078
-359.7476168199966
-360.28462427464564
-360.8213370598639
-361.35775098576613
-361.893861708648
-362.42966473227096
-362.9651554092308
-363.50032894241093
-364.035180386523
-364.5697046497368
-365.1038964954002
-365.63775054384786
-366.17126127429736
-366.7044230268313
-367.23723000446597
-367.7696762753041
-368.30175577476956
-368.8334623079242
-369.3647895518672
-369.8957310582147
-370.4262802556561
-370.95643045258583
-371.48617483980905
-372.01550649331574
-372.5444183771148
-373.07290334611906
-373.60095414907636
-374.12856343154425
-374.65572373890853
-375.18242751944916
-375.70866712745527
-376.23443482639294
-376.7597227921289
-377.2845231162143
-377.8088278092329
-378.33262880422143
-378.8559179601668
-379.378687065586
-379.90092784219195
-380.4226319486472
-380.9437909844057
-381.4643964936388
-381.9844399692413
-382.50391285691444
-383.0228065593253
-383.54111244034243
-384.0588218293449
-384.5759260256011
-385.0924163027114
-385.60828391310656
-386.1235200926001
-386.6381160649878
-387.1520630466928
-387.6653522514532
-388.17797489505415
-388.6899222001032
-389.201185400849
-389.7117557480426
-390.2216245138395
-390.7307829967383
-391.23922252655007
-391.7469344693925
-392.25391023269935
-392.7601412702345
-393.2656190870973
-393.7703352447045
-394.2742813657321
-394.77744913900483
-395.27983032431735
-395.7814167571744
-396.2822003534336
-396.7821731138372
-397.2813271284174
-397.7796545807603
-398.2771477521153
-398.7737990253361
-399.26960088863893
-399.76454593916446
-400.2586268863258
-400.7518365549274
-401.2441678880434
-401.73561394964986
-402.2261679270116
-402.7158231328274
-403.2045730071352
-403.69241111897986
-404.1793311678455
-404.6653269848596
-405.15039253377813
-405.63452191175406
-406.11770934989164
-406.59994921359095
-407.0812360026869
-407.5615643513882
-408.04092902802114
-408.5193249345851
-408.9967471061262
-409.4731907099393
-409.9486510446084
-410.42312353889685
-410.8966037504936
-411.3690873646254
-411.84057019253925
-412.3110481698648
-412.78051735486116
-413.2489739265496
-413.71641418272867
-414.1828345378697
-414.6482315208894
-415.1126017727964
-415.5759420442112
-416.0382491927574
-416.4995201803243
-416.95975207020393
-417.4189420241012
-417.8770872990188
-418.33418524401833
-418.79023329686135
-419.24522898053175
-419.6991698996406
-420.15205373671444
-420.6038782483682
-421.0546412613642
-421.5043406685584
-421.9529744247291
-422.4005405422907
-422.8470370868943
-423.29246217292194
-423.73681395887917
-424.1800906426968
-424.6222904569507
-425.06341166401336
-425.5034525511499
-425.9424114255656
-426.38028660941865
-426.81707643481406
-427.2527792387903
-427.68739335831407
-428.1209171252993
-428.5533488616705
-428.9846868744842
-429.4149294511224
-429.84407485456705
-430.2721213187636
-430.69906704407987
-431.12491019286773
-431.54964888513206
-431.97328119431023
-432.3958051431685
-432.8172186998234
-433.2375197738955
-433.6567062128036
-434.0747757982056
-434.49172624259046
-434.9075551860249
-435.32226019305955
-435.73583874979687
-436.14828826112654
-436.55960604813373
-436.96978934568943
-437.3788353002295
-437.7867409677277
-438.1935033118665
-438.59911920240927
-439.003585413774
-439.406898623812
-439.80905541279424
-440.21005226260775
-440.60988555616666
-441.0085515770387
-441.4060465092906
-441.80236643755677
-442.19750734733714
-442.5914651255297
-442.98423556120395
-443.37581434662013
-443.76619707849466
-444.15537925951355
-444.5433563000928
-444.9301235203833
-445.3156761525164
-445.70000934308644
-446.08311815586455
-446.4649975747369
-446.84564250685787
-447.2250477860092
-447.60320817615354
-447.9801183751691
-448.3557730187516
-448.7301666844736
-449.10329389599417
-449.4751491274063
-449.8457268077058
-450.21502132536705
-450.5830270330101
-450.9497382521389
-451.315149277931
-451.6792543840605
-452.0420478275372
-452.40352385354606
-452.7636767002699
-453.12250060368103
-453.47998980228965
-453.8361385418342
-454.1909410798993
-454.54439169044633
-454.89648466824326
-455.2472143331805
-455.5965750344616
-455.94456115465607
-456.29116711360837
-456.63638737219924
-456.9802164359611
-457.32264885855227
-457.66367924509757
-458.00330225540336
-458.34151260705664
-458.67830507842325
-459.0136745115627
-459.3476158150796
-459.68012396693064
-460.0111940172036
-460.3408210908809
-460.6690003905991
-460.9957271994116
-461.32099688356345
-461.64480489528285
-461.967146775601
-462.2880181572108
-462.60741476737246
-462.9253324308746
-463.2417670730555
-463.55671472288884
-463.87017151613907
-464.1821336985889
-464.49259762934423
-464.8015597842158
-465.1090167591773
-465.41496527389506
-465.71940217532654
-466.02232444138633
-466.32372918467934
-466.62361365629874
-466.92197524968503
-467.2188115045409
-467.5141201107948
-467.8078989126046
-468.10014591238985
-468.39085927487656
-468.68003733113744
-468.9676785826085
-469.25378170506735
-469.53834555256196
-469.8213691612808
-470.102851753354
-470.38279274057675
-470.6611917280469
-470.9380485177061
-471.2133631117712
-471.4871357160472
-471.7593667431132
-472.03005681537286
-472.29920676795825
-472.5668176514795
-472.83289073460753
-473.0974275064817
-473.3604296789307
-473.62189918849606
-473.8818381982477
-474.1402490993795
-474.39713451257364
-474.652497289116
-474.906340511748
-475.1586674952372
-475.40948178664837
-475.65878716529494
-475.9065876423555
-476.1528874601448
-476.3976910910327
-476.64100323600167
-476.8828288228382
-477.1231730039507
-477.3620411538103
-477.5994388660091
-477.8353719499331
-478.0698464270466
-478.3028685267876
-478.5344446820794
-478.76458152446446
-478.9932858788669
-479.2205647579957
-479.4464253563955
-479.67087504415383
-479.8939213602765
-480.1155720057444
-480.3358348362698
-480.5547178547689
-480.7722292035663
-480.9883771563485
-481.2031701098871
-481.41661657554675
-481.62872517059566
-481.8395046093359
-482.04896369407095
-482.25711130593015
-482.46395639556783
-482.6695079737541
-482.8737751018756
-483.07676688236404
-483.27849244906827
-483.4789609575836
-483.6781815755529
-483.8761634729516
-484.0729158123703
-484.2684477393094
-484.46276837249604
-484.6558867942348
-484.8478120408066
-485.03855309292874
-485.2281188662881
-485.416518202161
-485.6037598581328
-485.78985249893356
-485.9748046874014
-486.15862487558513
-486.3413213959992
-486.52290245304255
-486.7033761145907
-486.8827503037718
-487.06103279093793
-487.2382311858436
-487.41435293004076
-487.5894052894977
-487.76339534745046
-487.9363299974997
-488.108215936962
-488.27905966048945
-488.4488674539683
-488.61764538870773
-488.7853993159314
-488.9521348615825
-489.11785742145537
-489.2825721566654
-489.4462839894644
-489.6089975994072
-489.770717419878
-489.9314476349822
-490.0911921768096
-490.2499547230726
-490.4077386951243
-490.56454725636047
-490.72038331100646
-490.8752495032894
-491.0291482170004
-491.182081575448
-491.33405144180585
-491.485059419855
-491.635106855122
-491.78419483640926
-491.9323241977153
-492.07949552053867
-492.22570913655943
-492.3709651306866
-492.5152633444585
-492.6586033797797
-492.8009846029785
-492.9424061491617
-493.08286692684794
-493.22236562286105
-493.3609007074682
-493.49847043974785
-493.63507287317395
-493.77070586140223
-493.9053670642428
-494.0390539538024
-494.17176382078003
-494.30349378090057
-494.4342407814705
-494.5640016080382
-494.6927728911422
-494.8205511131308
-494.94733261503404
-495.07311360346773
-495.1978901575511
-495.3216582358208
-495.4444136831256
-495.56615223748383
-495.68686953688564
-495.80656112602617
-495.92522246295346
-496.04284892561634
-496.15943581829913
-496.2749783779308
-496.38947178026217
-496.50291114590516
-496.615291546227
-496.72660800909614
-496.8368555244796
-496.9460290498904
-497.05412351568646
-497.1611338302249
-497.26705488487494
-497.3718815588876
-497.47560872412566
-497.5782312496557
-497.6797440062036
-497.78014187047427
-497.8794197293331
-497.97757248384585
-498.0745950531758
-498.17048237833603
-498.2652294257931
-498.35883119091875
-498.45128270128396
-498.5425790197954
-498.63271524767777
-498.7216865273034
-498.8094880448724
-498.89611503294907
-498.9815627728634
-499.0658265969872
-499.148901890895
-499.23078409541756
-499.31146870859345
-499.39095128752285
-499.46922745012614
-499.5462928768105
-499.62214331205166
-499.6967745658998
-499.7701825154212
-499.8423631060872
-499.9133123531245
-499.9830263428406
-500.051501233935
-500.11873325880913
-500.1847187248867
-500.2494540159604
-500.3129355935797
-500.3751599984961
-500.43612385217955
-500.4958238584185
-500.55425680501173
-500.611419565564
-500.66730910138983
-500.72192246353086
-500.77525679489315
-500.82730933250957
-500.8780774099299
-500.92755845974295
-500.97575001623443
-501.0226497181824
-501.068255311793
-501.1125646537797
-501.15557571458965
-501.1972865817787
-501.2376954635341
-501.2768006923392
-501.3146007287745
-501.3510941654507
-501.38627973106475
-501.4201562945708
-501.45272286945954
-501.483978618135
-501.5139228563793
-501.5425550578965
-501.569874858926
-501.5958820629111
-501.62057664520114
-501.6439587577669
-501.66602873390536
-501.68678709290896
-501.70623454466875
-501.724371994182
-501.7412005459363
-501.75672150814205
-501.7709363967823
-501.7838469394504
-501.7954550789476
-501.8057629766121
-501.8147730153531
-501.82248780236284
-501.82891017147756
-501.83404318516466
-501.8378901361092
-501.8404545483735
-501.8417401781056
-501.84175101377093
-501.84049127588685
-501.83796541624713
-501.8341781166222
-501.82913428693143
-501.822839062885
-501.815297803097
-501.80651608567166
-501.7964997042694
-501.7852546636626
-501.7727871747974
-501.75910364938125
-501.7442106940156
-501.72811510389545
-501.71082385609805
-501.69234410247816
-501.67268316218895
-501.6518485138512
-501.6298477873969
-501.60668875561885
-501.58237932545705
-501.5569275290553
-501.5303415146226
-501.5026295371348
-501.47379994891105
-501.4438611900981
-501.4128217790998
-501.38069030298936
-501.3474754079415
-501.31318578971724
-501.2778301842325
-501.2414173582368
-501.2039561001282
-501.1654552109297
-501.12592349544803
-501.0853697536343
-501.043802772161
-501.0012313162313
-500.95766412163886
-500.9131098870865
-500.8675772667746
-500.8210748632617
-500.773611220601
-500.72519481775663
-500.6758340622976
-500.6255372843696
-500.574312730935
-500.52216856027354
-500.4691128367347
-500.41515352573043
-500.36029848895924
-500.30455547985486
-500.2479321392523
-500.19043599126763
-500.1320744393832
-500.0728547627371
-500.01278411261075
-499.95186950911176
-499.89011783804636
-499.8275358479735
-499.7641301474385
-499.6999072023871
-499.634873333758
-499.5690347152502
-499.5023973712658
-499.4349671750272
-499.3667498468747
-499.2977509527453
-499.2279759028341
-499.1574299504403
-499.0861181909989
-499.0140455613003
-498.9412168388988
-498.8676366417106
-498.79330942780354
-498.71823949537867
-498.64243098293974
-498.5658878696475
-498.4886139758526
-498.41061296380195
-498.3318883385103
-498.25244344878666
-498.17228148840815
-498.0914054974358
-498.00981836367356
-497.9275228242662
-497.844521467431
-497.7608167343199
-497.67641092101013
-497.59130618062073
-497.50550452555746
-497.41900782988506
-497.3318178318289
-497.2439361364084
-497.1553642182046
-497.06610342426603
-496.9761549771518
-496.88551997810947
-496.7941994103815
-496.7021941426322
-496.60950493248794
-496.51613243018284
-496.4220771823023
-496.32733963561515
-496.2319201409858
-496.1358189573601
-496.0390362558181
-495.941572123689
-495.8434265687227
-495.7445995233132
-495.645090848768
-495.54490033961594
-495.44402772794575
-495.34247268776636
-495.2402348393792
-495.1373137537524
-495.03370895688687
-494.929419934166
-494.82444613468107
-494.71878697552694
-494.6124418460584
-494.5054101120989
-494.3976911200928
-494.2892842011918
-494.180188675263
-494.070403854809
-493.9599290487911
-493.84876356635255
-493.7369067204397
-493.6243578313172
-493.511116229972
-493.3971812614029
-493.2825522877945
-493.16722869158116
-493.05120987840996
-492.9344952800086
-492.8170843569653
-492.6989766014292
-492.5801715397431
-492.4606687350208
-492.34046778967627
-492.21956834791376
-492.0979700981886
-491.97567277564735
-491.852676164556
-491.7289801007248
-491.6045844739358
-491.4794892303778
-491.35369437509166
-491.2271999744255
-491.1000061584989
-490.97211312367494
-490.84352113503587
-490.71423052885734
-490.5842417150782
-490.45355517976463
-490.32217148756786
-490.1900912841759
-490.05731529876516
-489.92384434645487
-489.78967933076524
-489.6548212460805
-489.5192711801117
-489.38303031635473
-489.24609993653553
-489.1084814230355
-488.97017626128604
-488.83118604212063
-488.69151246407296
-488.5511573356073
-488.4101225772672
-488.26841022372605
-488.1260224257255
-487.9829614518919
-487.8392296904178
-487.69482965059865
-487.5497639642174
-487.4040353867706
-487.25764679852796
-487.11060120541947
-486.9629017397467
-486.8145516607203
-486.66555435482474
-486.5159133360137
-486.3656322457389
-486.2147148528136
-486.06316505311656
-485.9109868691446
-485.75818444942456
-485.6047620677948
-485.4507241225681
-485.2960751355829
-485.1408197511457
-484.9849627348656
-484.8285089723752
-484.6714634679281
-484.5138313428572
-484.3556178338738
-484.19682829118733
-484.0374681764231
-483.87754306031707
-483.7170586201689
-483.5560206370366
-483.3944349926575
-483.2323076660843
-483.06964473002625
-482.90645234689026
-482.74273676451975
-482.5785043116313
-482.41376139294624
-482.2485144840177
-482.0827701257587
-481.9165349186771
-481.74981551682384
-481.5826186214692
-481.41495097451906
-481.2468193516867
-481.0782305554314
-480.9091914076727
-480.7397087422939
-480.5697893974495
-480.3994402077007
-480.2286679960063
-480.0574795655986
-479.88588169177336
-479.71388111362484
-479.5414845257571
-479.36869857000255
-479.1955298271766
-479.0219848088961
-478.8480699494864
-478.67379159799765
-478.49915601034826
-478.3241693416132
-478.14883763847064
-477.9731668318179
-477.7971627295639
-477.62083100960325
-477.44417721297094
-477.2672067371797
-477.08992482974253
-476.91233658188474
-476.73444692244965
-476.55626061200263
-476.37778223714275
-476.1990162050335
-476.0199667381632
-475.84063786934547
-475.66103343697085
-475.48115708052154
-475.3010122363632
-475.12060213382864
-474.9399297916081
-474.7589980144605
-474.5778093902597
-474.3963662873877
-474.2146708524835
-474.0327250085567
-473.85053045347075
-473.6680886587989
-473.4854008690542
-473.3024681012941
-473.1192911451014
-472.9358705629472
-472.75220669093886
-472.5682996399566
-472.3841492971798
-472.19975532800726
-472.0151171783693
-471.83023407743366
-471.6451050407033
-471.459728873506
-471.27410417487334
-471.0882293418028
-470.90210257389725
-470.7157218783797
-470.52908507547835
-470.34218980417853
-470.1550335283361
-469.96761354314293
-469.7799269819344
-469.5919708233256
-469.403741898661
-469.2152368997596
-469.02645238693515
-468.83738479727356
-468.64803045314613
-468.45838557093987
-468.2684462699841
-468.07820858165053
-467.8876684586031
-467.69682178417963
-467.50566438188764
-467.3141920249951
-467.1224004461943
-466.9302853473174
-466.7378424090799
-466.5450673008264
-466.35195569025484
-466.15850325309987
-465.96470568275856
-465.7705586998437
-465.5760580616535
-465.38119957154834
-465.18597908822096
-464.9903925348473
-464.79443590810763
-464.59810528706896
-464.4013968419173
-464.20430684252744
-464.0068316668577
-463.808967809157
-463.61071188797234
-463.412060653946
-463.21301099739287
-463.01355995564666
-462.81370472016727
-462.61344264339925
-462.4127712453743
-462.2116882200545
-462.01019144141276
-461.80827896925086
-461.6059490547551
-461.4032001457882
-461.2000308919161
-460.9964401491735
-460.7924269845722
-460.58799068035034
-460.3831307379643
-460.1778468818221
-459.9721390627584
-459.76600746124825
-459.55945249035733
-459.35247479842303
-459.1450752714637
-458.9372550353147
-458.72901545748766
-458.52035814875364
-458.3112849644473
-458.1017980054895
-457.89189961912746
-457.6815923993905
-457.4708791872614
-457.25976307056146
-457.0482473835515
-456.83633570624954
-456.6240318634706
-456.41133992359266
-456.1982641970559
-455.9848092346007
-455.7709798252532
-455.5567809940618
-455.3422179995847
-455.1272963311318
-454.9120217057631
-454.69640006504926
-454.4804375715977
-454.26414060534773
-454.0475157596376
-453.8305698370456
-453.61330984500876
-453.3957429912217
-453.1778766788194
-452.9597185013509
-452.74127623755027
-452.5225578459127
-452.3035714590861
-452.08432537809045
-451.86482806637656
-451.6450881437382
-451.4251143800912
-451.2049156891372
-450.98450112192774
-450.76387986034666
-450.5430612105229
-450.3220545961845
-450.1008695519586
-449.87951571662376
-449.65800282631614
-449.43634070768854
-449.2145392710177
-448.9926085032544
-448.77055846100944
-448.54839926346546
-448.32614108520744
-448.10379414896676
-447.8813687182738
-447.658875090016
-447.4363235868978
-447.2137245497957
-446.9910883300045
-446.76842528137246
-446.54574575232624
-446.3230600777875
-446.10037857098456
-445.87771151516205
-445.6550691551934
-445.4324616891068
-445.20989925953387
-444.98739194509704
-444.76494975175143
-444.5425826041006
-444.3203003367094
-444.0981126854377
-443.8760292788225
-443.6540596295359
-443.4322131259419
-443.21049902377587
-442.9889264379704
-442.76750433465673
-442.5462415233674
-442.3251466494722
-442.10422818687545
-441.88349443100293
-441.6629534921049
-441.4426132889076
-441.2224815426412
-441.0025657714728
-440.7828732853646
-440.56341118137794
-440.3441863394374
-440.12520541856617
-439.906474853603
-439.6880008524045
-439.46978939353863
-439.25184622446574
-439.0341768602007
-438.81678658244624
-438.59968043918394
-438.3828632447049
-438.1663395800602
-437.95011379391104
-437.7341900037546
-437.51857209750375
-437.3032637354018
-437.0882683522528
-436.87358915994633
-436.65922915025936
-436.4451910979188
-436.23147756391296
-436.0180908990415
-435.80503324769103
-435.5923065518237
-435.37991255516914
-435.1678528076091
-434.9561286697436
-434.7447413176224
-434.53369174762526
-434.3229807814715
-434.11260907134147
-433.9025771050892
-433.692885211527
-433.483533565764
-433.2745221945829
-433.06585098183905
-432.8575196738652
-432.64952788486517
-432.44187510228267
-432.2345606921349
-432.0275839042997
-431.82094387774623
-431.614639645697
-431.40867014071137
-431.2030341996797
-430.99773056871754
-430.792757907946
-430.5881147961445
-430.38379973526526
-430.1798111547937
-429.97614741594043
-429.77280681564935
-429.5697875904066
-429.3670879198362
-429.16470593006943
-428.96263969687607
-428.76088724854617
-428.55944656851716
-428.35831559774215
-428.1574922368013
-427.95697434775775
-427.7567597557577
-427.55684625037566
-427.35723158670453
-427.1579134861954
-426.958889637252
-426.760157695589
-426.5617152843665
-426.363559994114
-426.16568938245337
-425.96810097363687
-425.77079225791203
-425.57376069072734
-425.3770036917899
-425.1805186439915
-424.98430289222097
-424.788353742083
-424.59266845854063
-424.3972442644963
-424.2020783393273
-424.0071678173899
-423.8125097865086
-423.61810128646675
-423.4239393075213
-423.2300207889589
-423.03634261771185
-422.84290162705383
-422.64969459539316
-422.45671824518104
-422.2639692419493
-422.0714441934929
-421.8791396492147
-421.6870520996504
-421.4951779761859
-421.3035136509843
-421.11205543713595
-420.9207995890488
-420.72974230309137
-420.538879718496
-420.3482079185251
-420.15772293190275
-419.96742073451287
-419.77729725136214
-419.5873483588075
-419.3975698870504
-419.20795762289845
-419.0185073127891
-418.8292146660665
-418.6400753585053
-418.4510850360721
-418.26223931891536
-418.0735338055774
-417.88496407741695
-417.6965257032339
-417.5082142440833
-417.32002525827056
-417.1319543065165
-416.94399695728407
-416.7561487922544
-416.5684054119397
-416.3807624414235
-416.1932155362206
-416.0057603882483
-415.8183927318996
-415.6311083502028
-415.4439030810476
-415.25677282345663
-415.0697135438763
-414.88272128246166
-414.69579215932885
-414.5089223807526
-414.32210824528596
-414.13534614977965
-413.94863259528296
-413.76196419280626
-413.57533766892806
-413.3887498712274
-413.2021977735239
-413.01567848090684
-412.8291892345373
-412.6427274162101
-412.45629055266494
-412.26987631963624
-412.08348254563447
-411.89710721545265
-411.7107484733942
-411.5244046262173
-411.33807414579263
-411.15175567146974
-410.96544801214753
-410.77915014804734
-410.5928612321872
-410.4065805915638
-410.22030772805186
-410.03404231902954
-409.8477842177344
-409.66153345335573
-409.47529023087003
-409.28905493062524
-409.1028281076778
-408.91661049088765
-408.7304029817787
-408.5442066531745
-408.3580227476204
-408.17185267560166
-407.98569801356774
-407.799560501769
-407.6134420419107
-407.42734469463034
-407.24127067680314
-407.05522235867915
-406.8692022608597
-406.68321305111334
-406.4972575410333
-406.31133868254113
-406.12545956424077
-405.9396234076266
-405.75383356314563
-405.56809350611314
-405.38240683248017
-405.19677725444893
-405.0112085959335
-404.8257047878605
-404.6402698633032
-404.45490795244217
-404.26962327734594
-404.08442014656924
-403.8993029495686
-403.71427615093666
-403.5293442844599
-403.3445119470038
-403.15978379222764
-402.97516452413396
-402.79065889045927
-402.60627167591423
-402.422007695281
-402.23787178637616
-402.0538688028932
-401.87000360714177
-401.68628106270256
-401.5027060270158
-401.3192833439238
-401.13601783619237
-400.9529142980377
-400.76997748768866
-400.5872121200136
-400.404622859241
-400.2222143118028
-400.0399910193309
-399.8579574518357
-399.67611800109484
-399.4944769742751
-399.3130385878089
-399.13180696154353
-398.95078611318235
-398.7699799530332
-398.58939227907916
-398.4090267723804
-398.22888699281424
-398.04897637515336
-397.86929822547785
-397.68985571791285
-397.51065189168224
-397.3316896484647
-397.15297175003695
-396.97450081619024
-396.7962793229043
-396.61830960076384
-396.44059383360434
-396.2631340573697
-396.08593215916505
-395.9089898764877
-395.7323087966191
-395.5558903561599
-395.379735840689
-395.20384638452913
-395.02822297059936
-394.85286643033794
-394.6777774436781
-394.5029565390604
-394.3284040934676
-394.1541203324749
-393.98010533031027
-393.806359009924
-393.6328811430675
-393.45967135038325
-393.2867291015076
-393.11405371518765
-392.941644359414
-392.7695000515731
-392.59761965862424
-392.42600189730854
-392.2546453343997
-392.0835483870104
-391.91270932297346
-391.74212626131555
-391.5717971728362
-391.40171988080454
-391.2318920617844
-391.0623112466027
-390.8929748214763
-390.72388002930836
-390.55502397116277
-390.3864036079225
-390.21801576213863
-390.0498571200759
-389.88192423395947
-389.7142135244284
-389.54672128319896
-389.37944367594343
-389.2123767453844
-389.04551641460273
-388.87885849055726
-388.7123986678133
-388.54613253247715
-388.3800555663355
-388.2141631511953
-388.04845057342106
-387.88291302866844
-387.71754562680906
-387.5523433970378
-387.38730129315434
-387.2224141990081
-387.0576769340936
-386.89308425928346
-386.7286308826864
-386.5643114656158
-386.40012062865196
-386.2360529577826
-386.0721030106073
-385.9082653225886
-385.7445344133347
-385.5809047929009
-385.41737096809663
-385.25392744878525
-385.0905687541689
-384.9272894190516
-384.7640840000753
-384.60094708192344
-384.43787328348833
-384.2748572639979
-384.11189372909746
-383.94897743688114
-383.7861032038621
-383.6232659108763
-383.46046050891107
-383.29768202485263
-383.1349255671438
-382.97218633134787
-382.8094596056111
-382.6467407760159
-382.4840253318206
-382.3213088705796
-382.1585871031433
-381.99585585853254
-381.83311108868645
-381.67034887308034
-381.5075654232145
-381.3447570869697
-381.18192035282743
-381.0190518539497
-380.85614837211676
-380.69320684152024
-380.5302243524096
-380.3671981545889
-380.204125660763
-380.0410044497338
-379.877832269446
-379.7146070398802
-379.55132685579235
-379.38798998929803
-379.2245948923013
-379.0611401987661
