3.7691498934179422e-06
5.592745859914644e-06
8.135808555985618e-06
1.1623673360390398e-05
1.63353333451221e-05
2.2612414327377345e-05
3.086902027407915e-05
4.1602461857321396e-05
5.540487560666723e-05
7.297573572394939e-05
9.513525525526857e-05
0.00012283866798728856
0.00015719137718188297
0.00019946495211339588
0.000251113948352446
0.00031379352287290614
0.0003893778103654189
0.0004799790226402476
0.0005879672287109872
0.0007159907690832055
0.0008669972539409582
0.0010442550913399812
0.0012513754881881883
0.0014923348637293507
0.0017714976124504874
0.002093639150812053
0.0024639691799556176
0.00288815509457822
0.0033723454664764604
0.0039231935298559215
0.004547880594370724
0.005254139311001109
0.006050276715290158
0.0069451969721397635
0.007948423746305644
0.009070122122925418
0.010321120002855977
0.011712928898279198
0.01325776405495081
0.014968563828607402
0.01685900824440284
0.018943536669808844
0.021237364533175956
0.023756499022100742
0.026517753697872983
0.029538761964572696
0.03283798933384097
0.036434744428951026
0.0403491886745456
0.044602344621272966
0.04921610285753737
0.05421322746366907
0.05961735996700503
0.0654530217596429
0.07174561494397882
0.0785214215745537
0.0858076012682036
0.09363218715802803
0.10202408017024597
0.11101304160659335
0.12062968401852013
0.13090546036305908
0.14187265143385583
0.15356435156446016
0.16601445260457623
0.17925762617354524
0.1933293041988792
0.20826565775117506
0.22410357419020263
0.24088063264037396
0.25863507781715667
0.2774057922292869
0.29723226678486087
0.3181545698325307
0.3402133146720961
0.36344962557176447
0.3879051023322449
0.413621783440635
0.4406421078597636
0.4690088755012473
0.49876520643300953
0.5299544988743999
0.5626203860343211
0.5968066918499267
0.6325573856855029
0.6699165360530691
0.7089282634180372
0.7496366921549424
0.7920859017198215
0.8363198771072489
0.8823824586613475
0.9303172913112672
0.9801677733026727
1.031977004497718
1.085787734316785
1.141642309395936
1.199582621034576
1.2596500525082484
1.3218854263217934
1.3863289514782762
1.4530201708391586
1.5219979086511342
1.5933002183148774
1.6669643304706636
1.7430266014753995
1.8215224623450919
1.9024863682361421
1.9859517485381015
2.0719509576496824
2.160515226508847
2.2516746149467473
2.3454579649341274
2.441892854787556
2.541005554401523
2.642820981570997
2.747362659467557
2.8546526753305823
2.964711640433292
3.077558651381632
3.1932112528021537
3.31168540147307
3.4329954319506903
3.557154023741387
3.684172170067094
3.8140591482701445
3.9468224919010146
4.08246796453024
4.220999535323395
4.36241935641567
4.506727742120158
4.653923150001507
4.804002163844075
4.956959478541183
5.112787886929465
5.2714782685896795
5.433019580632757
5.597398850487258
5.7646011707018285
5.934609695773601
6.107405641010877
6.282968283435756
6.461274964729711
6.642301096222489
6.826020165922167
7.012403747581616
7.201421511794039
7.39304123910769
7.587228835147366
7.783948347727825
7.983161985941908
8.184830141203722
8.38891141022486
8.595362619899365
8.80413885407076
9.015193482152283
9.228478189569357
9.443943009991228
9.661536359316463
9.881205071375012
10.102894435307569
10.326548234581047
10.552108787597199
10.779516989849576
11.008712357582475
11.239633072903766
11.472216030301789
11.706396884515124
11.942110099702669
12.179288999860187
12.4178658204283
12.657771761035573
12.89893703931919
13.141290945764807
13.384761899506143
13.629277505024062
13.874764609684119
14.121149362050884
14.368357270916746
14.616313264982324
14.864941753125152
15.114166685192927
15.36391161325726
15.614099753263519
15.864654047012126
16.11549722440653
16.36655186590311
16.61774046509814
16.86898549138677
17.120209452628917
17.371334957757075
17.62228477926134
17.87298191548766
18.12334965268582
18.37331162674409
18.62279188454813
18.87171494490267
19.12000585895526
19.367590270061918
19.614394473035496
19.860345472718386
20.105371041822416
20.349399777979777
20.592361159949686
20.834185602926706
21.074804512897767
21.3141503399961
21.552156630801388
21.788758079536986
22.023890578116262
22.257491264991724
22.489498572762013
22.71985227449352
22.948493528715176
23.17536492304643
23.400410516419925
23.6235758798623
23.84480813579819
24.06405599584417
24.281269797061327
24.49640153663677
24.709404904966394
24.92023531711286
25.12884994261478
25.33520773362503
25.539269451357914
25.74099769082685
25.94035690385596
26.137313420351266
26.33183546781877
26.52389318911873
26.713458658447202
26.90050589553764
27.085010878076993
27.26695155233245
27.44630784198666
27.623061655181154
27.79719688976989
27.968699436786363
28.13755718212992
28.303760006478495
28.467299783436754
28.62817037593042
28.786367630859313
28.941889372023535
29.09473539133874
29.244907438358112
29.39240920812027
29.537246327343993
29.67942633899183
29.818958685226377
29.955854688784697
30.09012753279795
30.221792239084508
30.350865644946385
30.477366378500125
30.60131483257449
30.72273313720861
30.8416451307851
30.958076329833734
31.072053897542435
31.183606611013335
31.29276482730278
31.399560448285392
31.504026884383187
31.606199017201355
31.706113161112732
31.803807023833535
31.899319666033414
31.9926914600235
32.0839640475668
32.17318029685571
32.26038425870217
32.34562112198653
32.428937168412
32.51037972661174
32.5899971256562
32.6678386480078
32.7439544819708
32.81839567368391
32.89121407870337
32.96246231322402
33.03219370498579
33.1004622439134
33.167322532537014
33.23282973624151
33.29703953339185
33.360008065381464
33.42179188665028
33.48244791471859
33.54203338028256
33.60060577741669
33.65822281392806
33.71494236190725
33.77082240852017
33.825921007084766
33.880296228475665
33.934006112899375
33.9871086220816
34.03966159190737
34.0917226855537
34.143349347153624
34.1945987560298
34.24552778153487
34.29619293853478
34.34665034357045
34.396955671732606
34.4471641142838
34.49733033706068
34.54750843968831
34.59775191563714
34.64811361315195
34.69864569708095
34.749399611632654
34.800426044086734
34.851774889484304
34.9034952163223
34.955635233275544
35.008242256968586
35.06136268081805
35.11504194496469
35.16932450731282
35.224253815693615
35.2798722811673
35.33622125247861
35.39334099167833
35.45127065092292
35.5100482504627
35.56971065782777
35.63029356821998
35.69183148611801
35.75435770810156
35.81790430689943
35.88250211666462
35.94818071947849
36.014968433085066
36.08289229985515
36.1519780769789
36.2222502278839
36.29373191487493
36.36644499298992
36.44041000506504
36.51564617800121
36.59217142022262
36.67000232031713
36.74915414684741
36.82964084932069
36.91147506030455
36.9946680986751
37.079229973983495
37.1651693919257
37.25249376090005
37.341209199635784
37.43132054587517
37.522831366090315
37.61574396621515
37.710059403372355
37.805777498574884
37.902896850381154
38.001414849482245
38.10132769419849
38.2026304068618
38.305316851059246
38.409379749713224
38.5148107039731
38.621600212892446
38.729737693865246
38.83921150379385
38.95000896096113
39.06211636757868
39.17551903298286
39.29020129745013
39.40614655660344
39.52333728638079
39.64175506853699
39.76138061664907
39.88219380259611
40.00417368348415
40.12729852898659
40.25154584907009
40.376892422075606
40.50331432312496
40.63078695282312
40.75928506622669
40.888782802049526
41.01925371207651
41.150670790756045
41.28300650494206
41.416232823756765
41.55032124854555
41.68524284289558
41.82096826268967
41.95746778616704
42.094711343963105
42.23266854910035
42.371308726902825
42.51060094480725
42.650514042044435
42.79101665916504
42.932077267384145
43.07366419771982
43.21574566990118
43.3582898210219
43.501264733915534
43.644638465229534
43.78837907317528
43.932454644931724
44.07683332368087
44.22148333525364
44.36637301436552
44.51147083042285
44.65674541288074
44.802165576134584
44.94770034392728
45.09331897325539
45.238990977758064
45.384686150573074
45.530374586645266
45.67602670447336
45.821613267281734
45.96710540360407
46.1124746272668
46.25769285676119
46.4027324339936
46.54756614240397
46.692167224444056
46.83650939840742
46.98056687460393
47.124314370872064
47.26772712742325
47.41078092101332
47.553452078436685
47.69571748933935
47.837554618347205
47.97894151650632
48.11985683203249
48.260279820367934
48.400190353543785
48.53956892884758
48.67839667679612
48.81665536841523
48.95432742182884
49.09139590816027
49.22784455674962
49.36365775969153
49.49882057569823
49.63331873329366
49.767138633344814
49.900267350937156
50.03269263660087
50.164402916895654
50.2953872943628
50.42563554685404
50.55513812624736
50.68388615656039
50.81187143147275
50.939086411269045
51.06552421921475
51.191178637378016
51.316044101910336
51.44011569779991
51.563389153111245
51.6858608327247
51.807527731589516
51.928387467504194
52.04843827343825
52.16767898940958
52.286109053931746
52.40372849504565
52.5205379209503
52.636538510247654
52.75173200181673
52.86612068433232
52.979707385443994
53.092495460630865
53.20448878174796
53.31569172528021
53.42610916032056
53.53574643628952
53.64460937041344
53.75270423497859
53.86003774437871
53.966617041973
54.072449686771286
54.17754363996273
54.28190725130418
54.38554924538432
54.48847870777923
54.59070507111495
54.69223810105144
54.79308788220215
54.89326480400321
54.992779546546004
55.09164306638725
55.18986658235072
55.28746156133447
55.38443970413705
55.48081293131595
55.57659336909127
55.67179333530784
55.76642532546846
55.860501998850864
55.95403616472068
56.04704076865211
56.13952887896728
56.2315136733048
56.32300842532807
56.41402649158313
56.50458129851491
56.594686329649974
56.684355112953554
56.773601208368135
56.86243819554092
56.95087966174738
57.0389391900177
57.126630347472215
57.21396667387167
57.30096167038779
57.387628788599116
57.473981419716054
57.56003288403936
57.6457964206552
57.73128517736975
57.81651220088579
57.9014904272233
57.986232672385505
58.07075162327137
58.15505982883533
58.23916969149487
58.32309345878675
58.40684321527291
58.49043087469729
58.573868172394576
58.65716665795164
58.74033768812276
58.823392419998946
58.90634180443109
58.98919657970654
59.071967265478996
59.15466415695126
59.23729731930981
59.31987658241027
59.402411535712325
59.484911523462095
59.567385640119674
59.64984272602944
59.73229136333091
59.814739872108156
59.897196306775776
59.97966845269942
60.062163823048955
60.14468965588181
60.22725291145459
60.30986026976043
60.39251812829027
60.47523260001602
60.558009511593774
60.640854401785724
60.72377252009888
60.80676882563906
60.88984798617857
60.97301437743582
61.05627208256456
61.1396248918509
61.22307630261619
61.30662951932422
61.39028745389052
61.4740527261915
61.55792766477114
61.641914307743235
61.72601440388664
61.81022941393147
61.894560512033905
61.97900858743728
62.06357424631702
62.148257813807135
62.233059336206026
62.317978583359576
62.4030150512194
62.488167964574444
62.57343627995479
62.65881868870642
62.74431362023594
62.82991924542435
62.91563348020847
63.001453989328894
63.087378190243356
63.1734032572044
63.259526125499775
63.34574349585395
63.43205183898878
63.51844740034151
63.60492620493827
63.691484062420535
63.77811657222177
63.8648191288917
63.95158692756551
64.03841496957531
64.12529806820137
64.21223085456009
64.29920778362603
64.386223140385
64.47327104611529
64.56034546479404
64.64744020962551
64.73454894968766
64.82166521669272
64.90878241185713
64.99589381287568
65.08299258099503
65.17007176818218
65.25712432438296
65.34414310486527
65.4311208776429
65.51805033097502
65.60492408093636
65.69173467905328
65.77847461999998
65.86513634934873
65.95171227136687
66.03819475685371
66.12457615100958
66.21084878132892
66.29700496550929
66.3830370193679
66.46893726475723
66.55469803747035
66.64031169512718
66.72577062503255
66.81106725199702
66.8961940461118
66.9811435304686
67.06590828881512
67.150480973137
67.23485431115573
67.31902111373249
67.40297428216779
67.48670681538822
67.57021181701047
67.65348250227309
67.73651220482627
67.81929438337072
67.90182262813669
67.98409066719402
68.06609237258503
68.14782176627288
68.22927302589919
68.31044049034453
68.39131866508642
68.47190222734939
68.55218603104201
68.6321651114752
68.71183468985627
68.79119017755288
68.87022718012149
68.94894150109637
69.02732914553523
69.10538632331854
69.18310945220053
69.26049516061066
69.33754029020501
69.41424189816762
69.49059725926263
69.56660386763802
69.64225943838197
69.71756190883364
69.79250943964983
69.86710041562866
69.94133344629232
70.01520736623114
70.08872123521154
70.16187433805065
70.23466618426094
70.30709650746802
70.3791652646048
70.45087263488527
70.52221901856102
70.59320503546347
70.66383152333468
70.73409953594897
70.8040103410285
70.87356541795577
70.94276645528726
71.01161534807238
71.08011419498223
71.14826529525271
71.21607114544736
71.28353443604476
71.35065804785552
71.41744504827318
71.48389868736342
71.55002239379587
71.61581977062224
71.6812945909046
71.74645079319828
71.81129247689398
71.87582389742454
71.94004946134169
72.00397372126872
72.06760137073519
72.13093723890034
72.193986285172
72.25675359372775
72.31924436794492
72.38146392474624
72.44341768886824
72.50511118705975
72.56655004221767
72.62773996746733
72.6886867601965
72.749396296052
72.80987452290805
72.87012745481542
72.93016116594043
72.98998178450307
73.04959548672372
73.10900849078809
73.16822705083968
73.22725745100803
73.2861059994811
73.34477902262961
73.4032828591919
73.46162385452703
73.5198083549435
73.57784270211198
73.635733227571
73.6934862473347
73.75110805661097
73.8086049246383
73.86598308965007
73.92324875397425
73.98040807927715
74.03746718196011
74.09443212871737
74.1513089322632
74.20810354723518
74.26482186627983
74.3214697163262
74.37805285505182
74.43457696754554
74.49104766317153
74.54747047263739
74.60385084526952
74.66019414649868
74.71650565555781
74.77279056339485
74.82905397080317
74.88530088677165
74.94153622705547
74.99776481296892
75.05399137040077
75.1102205290526
75.1664568218991
75.22270468486813
75.27896845673884
75.33525237925546
75.39156059745387
75.44789716019689
75.50426602091382
75.56067103853816
75.61711597863719
75.67360451472685
75.73014022976481
75.78672661781418
75.84336708586996
75.90006495584073
75.9568234666777
76.01364577664272
76.07053496570673
76.12749403807
76.18452592479441
76.24163348653856
76.29881951638556
76.35608674275393
76.4134378323807
76.4708753933664
76.5284019782717
76.58602008725491
76.64373217124019
76.70154063510638
76.75944784088706
76.81745611097286
76.87556773130684
76.93378495456416
76.99211000330737
77.05054507310874
77.10909233563004
77.16775394165117
77.22653202403873
77.28542870064527
77.34444607712905
77.40358624968425
77.46285130767123
77.52224333613614
77.58176441820964
77.64141663737493
77.70120207959653
77.76112283530207
77.8211810012086
77.88137868198575
77.94171799174862
78.00220105537332
78.06283000962898
78.12360700411963
78.18453420202977
78.24561378066673
78.3068479317943
78.36823886175202
78.42978879135657
78.4914999555817
78.55337460301425
78.61541499508357
78.67762340506303
78.74000211684219
78.80255342346877
78.86527962545958
78.92818302888006
78.99126594319236
79.05453067887285
79.11797954480002
79.18161484541426
79.24543887765103
79.30945392764974
79.37366226724166
79.43806615022069
79.50266780840192
79.56746944747258
79.63247324264054
79.6976813340867
79.76309582222788
79.82871876279782
79.89455216175313
79.96059797001246
80.0268580780374
80.09333431026423
80.16002841939562
80.22694208056177
80.29407688535966
80.36143433577988
80.42901583803038
80.49682269626666
80.56485610623801
80.63311714886046
80.70160678372699
80.77032584256537
80.83927502265507
80.90845488021475
80.97786582377236
81.04750810752918
81.11738182472911
81.18748690104539
81.25782308799646
81.32838995640347
81.399186889903
81.47021307852842
81.54146751237406
81.6129489753558
81.68465603908155
81.75658705684529
81.82874015775846
81.90111324103154
81.97370397041934
82.04650976884349
82.11952781320596
82.19275502940647
82.26618808757675
82.33982339754388
82.41365710453348
82.48768508512305
82.56190294345535
82.6363060077218
82.71088932692496
82.78564766792996
82.86057551281382
82.93566705652083
83.01091620483132
83.0863165726507
83.16186148262565
83.23754396409365
83.31335675237116
83.38929228838535
83.46534271865286
83.54149989560786
83.61775537828062
83.69410043332785
83.770526036415
83.84702287395096
83.92358134517504
84.00019156459685
84.0768433647889
84.15352629953118
84.23022964730576
84.30694241513864
84.38365334278383
84.46035090724418
84.53702332762221
84.61365857029405
84.69024435439879
84.76676815763479
84.84321722235332
84.91957856193967
84.99583896747261
85.07198501465287
85.1480030709916
85.22387930324892
85.29959968511248
85.37515000510628
85.45051587471944
85.52568273674463
85.6006358738152
85.67536041713102
85.74984135536256
85.8240635437215
85.89801171318602
85.97167047986905
86.0450243545176
86.11805775213163
86.19075500169102
86.2631003559788
86.33507800149069
86.40667206842143
86.47786664071857
86.54864576619339
86.6189934666789
86.68889374822534
86.75833061132342
86.82728806114672
86.89575011780433
86.963700826594
87.03112426824744
87.09800456915873
87.16432591158726
87.23007254382613
87.29522879032818
87.35977906178125
87.42370786512454
87.48699981349792
87.54963963611654
87.61161218806338
87.67290245999307
87.73349558774073
87.7933768618304
87.8525317368779
87.91094584088326
87.96860498440783
88.02549516963263
88.0816025992943
88.1369136854964
88.19141505839328
88.24509357474342
88.29793632632943
88.34993064824194
88.40106412702455
88.4513246086769
88.50070020651306
88.5491793088731
88.59675058668434
88.64340300086867
88.6891258095928
88.73390857535885
88.77774117193174
88.8206137910981
88.86251694925188
88.90344149380196
88.94337860939727
88.98231982396437
89.02025701455257
89.05718241298082
89.09308861128063
89.12796856692849
89.1618156078625
89.19462343727805
89.22638613819659
89.25709817780132
89.28675441153412
89.31535008694796
89.34288084730913
89.36934273494315
89.39473219431848
89.41904607486215
89.4422816335021
89.46443653693218
89.48550886359472
89.50549710537605
89.52440016900944
89.54221737718008
89.55894846932729
89.57459360213973
89.58915334974036
89.60262870355854
89.6150210718875
89.62633227912562
89.63656456470045
89.64572058167465
89.653803395034
89.66081647965808
89.66676371797547
89.67164939730566
89.67547820688952
89.67825523460971
89.67998596340254
89.68067626736394
89.6803324075509
89.67896102747994
89.67656914832236
89.67316416379703
89.66875383476162
89.66334628350427
89.6569499877375
89.64957377429488
89.64122681253099
89.63191860742592
89.62165899239477
89.61045812180276
89.59832646318608
89.58527478918023
89.57131416915792
89.55645596057997
89.54071180006355
89.5240935941734
89.50661350994352
89.48828396513767
89.4691176182584
89.44912735831537
89.42832629436299
89.40672774481794
89.38434522656695
89.36119244387584
89.33728327711066
89.31263177128193
89.28725212442299
89.2611586758133
89.23436589405793
89.20688836503342
89.17874077971152
89.14993792187153
89.12049465571312
89.09042591338124
89.05974668241555
89.02847199313686
88.99661690598367
88.96419649881277
88.9312258541783
88.89772004660249
88.86369412985191
88.82916312423258
88.79414200391788
88.7586456843225
88.72268900953661
88.68628673983407
88.6494535392681
88.6122039633671
88.57455244694442
88.53651329203517
88.49810065597335
88.45932853962204
88.42021077576923
88.38076101770359
88.3409927279843
88.30091916741962
88.26055338426777
88.21990820367425
88.1789962173605
88.13782977357782
88.0964209673405
88.05478163095283
88.01292332484381
87.97085732872351
87.92859463307359
87.8861459309832
87.84352161034069
87.80073174639078
87.75778609466731
87.7146940843101
87.67146481177444
87.62810703494033
87.58462916762873
87.54103927453188
87.49734506656368
87.4535538966375
87.40967275587859
87.3657082702769
87.32166669778523
87.27755392586634
87.23337546949146
87.18913646959133
87.14484169196082
87.10049552661728
87.05610198761194
87.01166471329286
86.96718696701707
86.92267163830938
86.87812124446513
86.83353793259305
86.78892348209426
86.74427930757308
86.69960646217412
86.65490564134033
86.61017718698626
86.5654210920806
86.52063700563228
86.47582423807414
86.43098176703715
86.38610824350853
86.3412019983662
86.29626104928222
86.25128310798691
86.20626558788528
86.16120561201721
86.11610002135335
86.0709453834193
86.02573800123973
85.98047392259348
85.93514894957063
85.88975864842182
85.84429835968926
85.7987632086088
85.75314811577225
85.70744780803857
85.6616568296826
85.61576955376931
85.56978019374223
85.52368281521346
85.47747134794228
85.43113959798931
85.38468126003129
85.33808992982158
85.29135911678081
85.24448225670237
85.19745272455718
85.15026384738148
85.10290891723177
85.05538120419048
85.00767396940469
84.95978047814052
84.91169401283483
84.86340788612509
84.81491545383713
84.76621012791034
84.71728538924029
84.6681348004187
84.61875201835088
84.56913080673135
84.51926504835811
84.46914875726625
84.41877609066299
84.36814136064575
84.31723904568585
84.26606380186016
84.21461047381379
84.16287410543717
84.11084995024149
84.05853348141753
84.00592040156303
83.95300665206506
83.89978842212398
83.84626215740607
83.79242456831244
83.73827263785316
83.68380362911662
83.62901509232498
83.57390487146816
83.51847111050952
83.46271225915623
83.40662707818822
83.35021464433967
83.29347435472826
83.23640593082771
83.17900942198051
83.121285208449
83.06323400400484
83.00485685805748
82.94615515732315
82.88713062703644
82.82778533170679
82.76812167542212
82.70814240170242
82.6478505929056
82.58724966918865
82.52634338702595
82.46513583728736
82.40363144287849
82.34183495594542
82.2797514546476
82.21738633950261
82.15474532930673
82.09183445663533
82.02866006292757
81.96522879316038
81.90154759011719
81.83762368825856
81.77346460720278
81.70907814482555
81.64447236998868
81.57965561490781
81.51463646717005
81.44942376141299
81.38402657067698
81.31845419744369
81.25271616437388
81.1868222047581
81.12078225269491
81.05460643301174
80.9883050509442
80.92188858159037
80.85536765915552
80.78875306600244
80.72205572152326
80.65528667084824
80.5884570734063
80.52157819135222
80.45466137787504
80.38771806540286
80.32075975371903
80.25379799800466
80.18684439682205
80.11991058005232
80.0530081968002
79.98614890327873
79.91934435068607
79.85260617308735
79.78594597531357
79.71937532088977
79.65290572000482
79.5865486175352
79.52031538113455
79.45421728939995
79.38826552012576
79.3224711386563
79.25684508634892
79.19139816915869
79.12614104635624
79.06108421938895
78.99623802089629
78.9316126038898
78.86721793110861
78.80306376456168
78.73915965526841
78.67551493320867
78.61213869749362
78.5490398067674
78.48622686985028
78.42370823663329
78.36149198923432
78.29958593342543
78.23799759033956
78.17673418846529
78.11580265593751
78.05520961313108
77.99496136556458
77.93506389712094
77.87552286359097
77.81634358654561
77.75753104754166
77.69908988266549
77.64102437741862
77.58333846194888
77.52603570663054
77.46911931799617
77.41259213502327
77.35645662577782
77.30071488441719
77.24536862855395
77.19041919698202
77.13586754776622
77.08171425669536
77.02795951609926
76.97460313403019
76.92164453380826
76.86908275393012
76.81691644834041
76.7651438870655
76.71376295720859
76.66277116430547
76.61216563403957
76.56194311431466
76.51209997768456
76.46263222413916
76.41353548424445
76.3648050226343
76.31643574185136
76.26842218653371
76.22075854794218
76.1734386688222
76.12645604859392
76.07980384886412
76.03347489925272
75.9874617035266
75.94175644603308
75.89635099842542
75.85123692667207
75.80640549834186
75.76184769015663
75.71755419580245
75.67351543399081
75.62972155676164
75.58616245801943
75.5428277822939
75.49970693371552
75.45678908519665
75.41406318780844
75.37151798034392
75.32914199905815
75.28692358757667
75.24485090696362
75.2029119459404
75.16109453124648
75.11938633813395
75.0777749009876
75.0362476240615
74.99479179232196
74.95339458238584
74.91204307354303
74.87072425885162
74.82942505629399
74.78813231998157
74.74683285139582
74.7055134106526
74.66416072777821
74.6227615139848
74.58130247293268
74.53977031196705
74.49815175331712
74.45643354524536
74.41460247313539
74.37264537050662
74.33054912994434
74.28830071393479
74.24588716559451
74.20329561928388
74.16051331109445
74.11752758920186
74.07432592407626
74.03089591854318
73.98722531768799
73.94330201859684
73.89911407992689
73.8546497312983
73.80989738250138
73.76484563251209
73.71948327830874
73.67379932348295
73.62778298663862
73.58142370957226
73.53471116522836
73.48763526542369
73.44018616833522
73.3923542857468
73.34413029005007
73.29550512099489
73.24646999218474
73.19701639731203
73.1471361161292
73.09682122015293
73.04606407809852
72.99485736104269
72.94319404731333
72.89106742710531
72.83847110682153
72.78539901313864
72.73184539679777
72.67780483612056
72.62327224025192
72.56824285213064
72.51271225118931
72.45667635578421
72.40013142535598
72.34307406232254
72.28550121370522
72.22741017248931
72.16879857872009
72.10966442033502
72.05000603373405
71.98982210408967
71.92911166539834
71.86787410027436
71.80610913948776
71.74381686124791
71.68099769023483
71.61765239637991
71.55378209339737
71.48938823706821
71.42447262327828
71.35903738581206
71.2930849939037
71.22661824954733
71.15964028456918
71.09215455746428
71.02416484999983
70.95567526358744
70.88669021542628
70.81721443441953
70.74725295686599
70.67681112192875
70.60589456688231
70.53450922214077
70.46266130606969
70.39035731958396
70.31760404053401
70.2444085178835
70.17077806568201
70.09672025683673
70.02224291668651
69.94735411638246
69.87206216608044
69.79637560795081
69.7203032090118
69.64385395379335
69.56703703683885
69.48986185505223
69.4123379998982
69.33447524946482
69.25628356039735
69.17777305971319
69.0989540365068
69.01983693355405
68.94043233882584
68.86075097692057
68.78080370042514
68.70060148121419
68.62015540169656
68.53947664601762
68.45857649122578
68.37746629841124
68.29615750382479
68.21466160998384
68.1329901767717
68.05115481253696
67.96916716519976
67.88703891337192
67.80478175749724
67.72240741101811
67.63992759157426
67.55735401223873
67.47469837279667
67.39197235107261
67.30918759431225
67.22635571062497
67.14348826049482
67.06059674836743
66.97769261432032
66.89478722582422
66.81189186960367
66.72901774360494
66.64617594907955
66.56337748279171
66.4806332293588
66.39795395373406
66.31535029384
66.23283275336067
66.15041169470045
66.06809733211732
65.9858997250383
65.90382877156425
65.82189420217072
65.7401055736109
65.65847226302596
65.5770034622674
65.4957081724349
65.41459519863191
65.33367314494105
65.25295040962057
65.17243518052221
65.09213543072993
65.0120589144196
64.93221316293933
64.85260548111013
64.77324294374644
64.69413239239647
64.61528043230159
64.53669342957359
64.4583775085879
64.38033854959043
64.30258218651603
64.22511380501687
64.14793854069906
64.07106127756573
63.99448664666501
63.91821902494134
63.84226253428871
63.76662104080482
63.69129815424522
63.61629722767613
63.541621357324985
63.467273382627425
63.39325588646939
63.319571195623624
63.24622138138007
63.17320826036958
63.10053339558023
63.028198097565124
62.956203425840854
62.88455019047554
62.813238953864825
62.742270032694265
62.67164350008524
62.601359187920835
62.53141668934684
62.46181536144316
62.392554328060854
62.32363248282042
62.25504849226639
62.18680079917352
62.11888762600007
62.051306978484156
61.984056649379404
61.91713422232602
61.850537075853374
61.78426238750985
61.718307138114945
61.6526681161285
61.58734192213172
61.52232497341442
61.457613508662924
61.393203592742516
61.32909112156853
61.26527182706031
61.201741282172414
61.138494905997796
61.07552796893777
61.01283559793405
60.950412781758764
60.888254376358255
60.826355110246716
60.764709589946456
60.70331230547152
60.64215763585185
60.58123985469519
60.52055313578399
60.46009155870451
60.39984911450552
60.33981971138429
60.279997180396954
60.22037528119035
60.16094770775232
60.10170809417759
60.0426500204456
59.98376701820661
59.925052576572575
59.86650014790934
59.80810315362749
59.749854989969215
59.69174903378832
59.6337786483199
59.57593718893634
59.51821800888615
59.46061446501193
59.403119923443796
59.34572776526494
59.28843139214587
59.23122423194411
59.17409974426596
59.1170514259868
59.06007281672686
59.003157504279045
58.94629912998579
58.889491394061565
58.83272806085802
58.7760029640682
58.719310011866526
58.66264319198058
58.605996576690984
58.54936432775526
58.492740701251535
58.436120052338595
58.379496839928436
58.32286563126769
58.26622110642427
58.20955806267591
58.15287141879696
58.096156219240015
58.0394076382093
57.98262098362278
57.925791700959564
57.86891537698898
57.81198774337838
57.75500468017634
57.697962219168005
57.640856547099645
57.58368400876992
57.52644110998574
57.46912452038015
57.411731076089666
57.354257782288244
57.296701815575204
57.239060526214246
57.18133144022056
57.123512261293456
57.06560087259197
57.00759533835122
56.949493905337356
56.891295004139344
56.83299725029615
56.77459944525753
56.716100577176285
56.657499821529704
56.598796541568156
56.53999028858856
56.481080802030924
56.422068009396234
56.362952025984605
56.303733154452395
56.24441188418745
56.18498889050232
56.125465033645405
56.065841357630624
56.00611908888629
55.94629963472408
55.886384581629436
55.82637569337435
55.76627490895367
55.70608434034562
55.64580627009763
55.585443148738754
55.52499759202009
55.46447237798457
55.40387044386784
55.343194882831874
55.28244894053352
55.22163601153061
55.16075963552918
55.09982349347529
55.03883140349574
54.977787316692506
54.916695312796314
54.855559595685
54.79438448877294
54.73317443027826
54.67193396837421
54.610667756231166
54.54938054695508
54.488077188428164
54.42676261805711
54.36544185743439
54.30412000691801
54.242802240134765
54.18149379841229
54.120199985145504
54.0589261601027
53.997677733676696
53.93646016108589
53.87527893653025
53.814139587307395
53.753047667894336
53.692008754000526
53.63102843659816
53.5701123159357
53.509265995540474
53.44849507621585
53.38780515003832
53.32720179435965
53.266690565819246
53.20627699437203
53.145966577337376
53.08576477347445
53.02567699709009
52.96570861218548
52.905864926648505
52.84615118649832
52.786572570189136
52.727134182979896
52.66784105137616
52.608698117650974
52.5497102344513
52.49088215949648
52.432218550374714
52.37372395944327
52.3154028288386
52.25725948560288
52.19929813693282
52.141522865556375
52.08393762524256
52.02654623644984
51.969352382118
51.91235960360783
51.85557129679271
51.798990708306555
51.742620931952594
51.68646490527707
51.63052540631268
51.574805050496174
51.51930628776379
51.46403139982787
51.40898249763766
51.35416151902641
51.29957022654637
51.245210205493414
51.19108286212268
51.1371894220562
51.08353092888385
51.03010824295857
50.976922040387
50.92397281221603
50.87126086381543
50.81878631445725
50.76654909709206
50.71454895832151
50.66278545856634
50.61125797242895
50.55996568924915
50.508907613851285
50.458082567480155
50.40748918892283
50.357125935813464
50.306991086117684
50.25708273979333
50.20739882062392
50.157937078221465
50.10869509019565
50.059670264486414
50.01085984185673
49.96226089854272
49.91387034905844
49.86568494915289
49.8177012989166
49.76991584603442
49.722324889181124
49.67492458155536
49.62771093454731
49.58067982153531
49.5338269818059
49.4871480245919
49.4406384332232
49.39429356938419
49.348108677472254
49.3020788890515
49.256199227396024
49.21046461211702
49.16486986386795
49.11940970912221
49.0740787850182
49.028871644266616
48.98378276011468
48.938806531361564
48.89393728741882
48.84916929340969
48.804496755301074
48.75991382506177
48.71541460584037
48.67099315715679
48.62664350010126
48.58235962253459
48.53813548428362
48.49396502232522
48.449842155952204
48.40576079191438
48.36171482952809
48.317698165748105
48.27370470019641
48.22972834014242
48.18576300542943
48.14180263334227
48.09784118341147
48.05387264214928
48.009891027713046
47.96589039449079
47.92186483760488
47.87780849732987
47.833715563420775
47.78958027934757
47.74539694643217
47.70115992788359
47.65686365272742
47.61250261962615
47.56807140058671
47.52356464455189
47.47897708087262
47.434303522658716
47.38953887000613
47.34467811309902
47.29971633518575
47.25464871542728
47.209470531617356
47.16417716277347
47.11876409159807
47.07322690680941
47.027561305341194
46.981763094409715
46.935828193448074
46.889752635907044
46.843532570922676
46.79716426485102
46.75064410267022
46.70396858925052
46.65713435049254
46.610138134334605
46.56297681162961
46.515647376891664
46.46814694891289
46.420472771251085
46.37262221258909
46.324592766966944
46.27638205388787
46.227987818298985
46.179407930447624
46.13064038561488
46.081683303727985
46.03253492885371
45.98319362857576
45.933657893259415
45.883926335206816
45.83399768770625
45.783870803978296
45.73354465602177
45.68301833336228
45.632291041705805
45.58136210149991
45.53023094640509
45.478897121679445
45.427360282479704
45.37562019208156
45.323676720022554
45.27152984017085
45.219179628723744
45.166626262140035
45.11387001501016
45.06091125786788
45.00775045494772
44.95438816189205
44.900825023411706
44.84706177090357
44.793099220028644
44.7389382682539
44.684579892361235
44.63002514592694
44.575275156774985
44.520331124407626
44.465194317416376
44.40986607087609
44.354347783724734
44.29864091613109
44.242746986853035
44.18666757058895
44.13040429532492
44.0739588396803
44.01733293025404
43.96052833897369
43.90354688044857
43.84639040932865
43.789060817670304
43.73156003231037
43.6738900122491
43.61605274604301
43.55805024920858
43.499884561638055
43.441557745028774
43.38307188032769
43.324429065193215
43.26563141147636
43.20668104272403
43.14758009170703
43.08833069797498
43.02893500543934
42.9693951599852
42.90971330711323
42.84989158961303
42.789932145269454
42.72983710460385
42.669608588652174
42.60924870678189
42.54875955454991
42.48814321160375
42.42740173962823
42.36653718033977
42.30555155352976
42.24444685515851
42.18322505550014
42.12188809733873
42.060437894215674
41.998876328728095
41.937205250878314
41.875426476473756
41.81354178557688
41.75155292100464
41.68946158687702
41.627269447214125
41.564978124581266
41.502589198782054
41.44010420559924
41.37752463558273
41.314851932884366
41.25208749413899
41.18923266739135
41.1262887510682
41.063256992995136
41.000138589457364
40.93693468430352
40.87364636809194
40.81027467727931
40.746820593451716
40.683285042598456
40.61966889442924
40.55597296173572
40.492197999798336
40.42834470583885
40.36441371851866
40.30040561748244
40.23632092294683
40.17216009533449
40.10792353495394
40.04361158172604
39.979224514958084
39.91476255316716
39.850225853954534
39.78561451393271
39.72092856870629
39.65616799290783
39.59133270028921
39.52642254386857
39.461437316132084
39.39637674928961
39.33124051558324
39.266028227647645
39.2007394389211
39.135373644106416
39.06993027968159
39.00440872445987
38.93880830019899
38.8731282722595
38.80736785031187
38.741526189092134
38.67560238920553
38.609595497977786
38.543504510353756
38.47732836984332
38.41106596951434
38.34471615303201
38.278277715743485
38.2117494058069
38.14512992536376
38.07841793175348
38.01161203876862
37.94471081794936
37.87771279991526
37.81061647573253
37.7434202983147
37.6761226838544
37.608722013283824
37.54121663376131
37.47360486018172
37.40588497670845
37.33805523832507
37.27011387240498
37.202059080297204
37.133889038926725
37.06560190240764
36.997195803667516
36.92866885608134
36.860019155113825
36.791244779968785
36.722343795243994
36.65331425258986
36.584154192370384
36.51486164532516
36.44543463423084
36.375871175560086
36.30616928113559
36.23632695977684
36.16634221893721
36.09621306632905
36.02593751153446
35.95551356759935
35.884939252608426
35.81421259123862
35.74333161628885
35.67229437018437
35.60109890645434
35.52974329118062
35.45822560441603
35.38654394157042
35.314696414763134
35.242681154140584
35.17049630915825
35.098140049826455
35.02561056791974
34.95290607814981
34.88002481930205
34.806965055336335
34.73372507645253
34.660303200121135
34.58669777207912
34.51290716729126
34.438929790877424
34.36476407900635
34.290408499756026
34.215861553941
34.14112177590691
34.06618773429248
33.99105803275902
33.91573131068814
33.840206243847696
33.764481545026605
33.68855596463849
33.61242829129436
33.536097352344264
33.45956201438765
33.382821183751965
33.305873806939765
33.228718871044414
33.15135540413474
33.073782475609
32.99599919651872
32.91800471986324
32.839798240856005
32.761378997163526
32.68274626911833
32.60389937990656
32.52483769573096
32.44556062595029
32.36606762319582
32.28635818346592
32.20643184619959
32.12628819432976
32.04592685431771
31.96534749616984
31.88454983343749
31.803533623200565
31.72229866603567
31.640844805969436
31.559171930417733
31.477279970111226
31.395168899007643
31.312838734191075
31.23028953575894
31.14752140669722
31.064534492744652
30.981328982246335
30.89790510599695
30.814263137073535
30.730403390657667
30.64632622384698
30.562032035455754
30.477521265804395
30.392794396497713
30.307851950191825
30.222694490349475
30.137322620983774
30.05173698639043
29.965938270868342
29.879927198428355
29.793704532490004
29.707271075566005
29.620627668934326
29.53377519229746
29.446714563428305
29.359446737802063
29.271972708213514
29.184293504379202
29.096410192523894
29.008323874950595
28.920035689593323
28.83154680955234
28.74285844261151
28.653971830737632
28.564888249561633
28.475609007841754
28.38613544690888
28.2964689400943
28.206610892140205
28.116562738593544
28.026325945183643
27.935902007183685
27.845292448756297
27.754498822283534
27.663522707681732
27.57236571170152
27.48102946721313
27.38951563247711
27.297825890400656
27.20596194777978
27.113925534527464
27.02171840288774
26.929342326635503
26.836799100261892
26.744090538144924
26.651218473705264
26.558184758546993
26.46499126158333
26.371639868147362
26.278132479088022
26.18447100985143
26.09065738954809
25.996693560006324
25.90258147481217
25.808323098335965
25.713920404745497
25.619375377005728
25.524690005865356
25.429866288830798
25.334906229128084
25.23981183465347
25.144585116913508
25.049228089955363
24.953742769288226
24.85813117079678
24.762395309647417
24.6665371991881
24.570558849842882
24.4744622680021
24.37824945490948
24.281922405547505
24.185483107522543
24.088933539951594
23.992275672352516
23.895511463539346
23.798642860524208
23.70167179742705
23.604600194394433
23.507429956528707
23.410162972828882
23.312801115144477
23.215346237143645
23.117800173297006
23.020164737878666
22.92244172398599
22.824632902579445
22.72674002154357
22.628764804770206
22.530708951265005
22.432574134278205
22.33436200046082
22.236074169047548
22.13771223106757
22.039277748584585
21.94077225396713
21.842197249190082
21.743554205167744
21.64484456111909
21.546069723965918
21.447231067764722
21.348329933173222
21.249367626952154
21.150345421502905
21.05126455444166
20.952126228210503
20.852931609725815
20.753681830064195
20.654377984185928
20.55502113069592
20.455612291642254
20.356152452352475
20.25664256130771
20.157083530054518
20.057476233154357
19.957821508170706
19.858120155693722
19.758372939402317
19.658580586163577
19.558743786169412
19.458863193110073
19.3589394243841
19.258973061344257
19.15896464957897
19.058914699228758
18.958823685337002
18.85869204823417
18.758520193954617
18.658308494685265
18.55805728924532
18.45776688359617
18.35743755138056
18.25706953449019
18.156663043661116
18.056218259096045
17.955735331112525
17.855214380815855
17.754655500795653
17.654058755844975
17.553424183700788
17.452751795804392
17.35204157808029
17.251293491731943
17.15050747405293
17.049683439251908
16.94882127929003
16.84792086472916
16.746982045589306
16.646004652213605
16.544988496139226
16.443933370972456
16.342839053266697
16.24170530340184
16.1405318664637
16.039318473122375
15.938064840508499
15.83677067308643
15.735435663523216
15.634059493552138
15.532641834829784
15.431182349785454
15.32968069246193
15.228136509346577
15.12654944019193
15.02491911882499
14.923245173944572
14.821527229906046
14.71976490749278
14.617957824673672
14.51610559734616
14.414207840064071
14.312264166749932
14.210274191391395
14.108237528721535
14.006153794882838
13.904022608074772
13.801843589184987
13.699616362404145
13.597340555824461
13.495015802022012
13.392641738622915
13.290218008853502
13.187744262074773
13.08522015430141
12.982645348705574
12.880019516105818
12.777342335441531
12.67461349423324
12.571832689029206
12.46899962583876
12.366114020552756
12.263175599351397
12.160184099099848
12.057139267731909
11.954040864622026
11.850888660945866
11.747682440029688
11.644421997688733
11.541107142554816
11.43773769639328
11.334313494409466
11.230834385544805
11.127300232762657
11.023710913324159
10.92006631905425
10.816366356598216
10.712610947668985
10.608800029285424
10.504933554001857
10.40101149012897
10.297033821946277
10.193000549906293
10.088911690830532
9.984767278097426
9.88056736182229
9.776312009029443
9.672001303816518
9.567635347511017
9.46321425881908
9.358738173966573
9.254207246832538
9.149621649075174
9.044981570250407
8.940287217923078
8.83553881777074
8.730736613679994
8.625880867835335
8.520971860800378
8.41600989159142
8.31099527774323
8.205928355367076
8.10080947920103
7.995639022652445
7.890417377832453
7.785144955582322
7.6798221854915205
7.574449515907449
7.469027413936682
7.363556365437583
7.258036875004118
7.152469465940721
7.046854680228152
6.941193078480183
6.835485239890929
6.729731762172555
6.6239332614830815
6.518090372344019
6.412203747547628
6.30627405805353
6.200301992874385
6.094288258950369
5.988233581012243
5.88213870143282
5.776004380066691
5.669831394078056
5.563620537756481
5.45737262232048
5.351088475708781
5.2447689423591815
5.138414882974937
5.032027174278641
4.925606708753606
4.819154394372725
4.712671154314848
4.606157926668722
4.499615664124484
4.393045333652803
4.2864479161717055
4.179824406201177
4.073175811505616
3.96650315272427
3.8598074629898504
3.7530897875355906
3.6463511832910034
3.5395927184666154
3.4328154721279667
3.326020533759173
3.2192090028164015
3.112381988271642
3.0055406081471774
2.8986859890411925
2.791819265644983
2.6849415802522865
2.578054082261251
2.4711579276695734
2.364254278563333
2.2573443026000457
2.150429172486452
2.0435100654515788
1.936588162715625
1.8296646489552109
1.7227407117655493
1.615817541120085
1.5088963288281496
1.4019782679911956
1.2950645524581772
1.1881563762806377
1.081254933168061
0.9743614159440358
0.8674770160037963
0.7606029227736965
0.6537403231731815
0.5468904010798262
0.4400543367980066
0.3332333065317838
0.22642848186258308
0.11964102923225578
0.012872109432109546
-0.0938771229015061
-0.20060551978447352
-0.3073119403744573
-0.41399525145215
-0.5206543278936353
-0.6272880531332946
-0.7338953196166871
-0.8404750292428408
-0.9470260937953934
-1.0535474353620342
-1.160037986741709
-1.2664966918390568
-1.3729225060455592
-1.4793143966069018
-1.5856713429760612
-1.6919923371516603
-1.7982763840011577
-1.9045225015684657
-2.010729721365606
-2.116897088648036
-2.223023662673299
-2.3291085169426875
-2.435150739425629
-2.5411494327665034
-2.6471037144736522
-2.7530127170903653
-2.858875588347628
-2.964691491298441
-3.070459604433554
-3.1761791217784703
-3.2818492529716248
-3.3874692233236483
-3.4930382738576498
-3.5985556613304834
-3.704020658235017
-3.8094325527834423
-3.9147906488717132
-4.020094266025241
-4.125342739325996
-4.230535419321213
-4.335671671913917
-4.440750878235469
-4.545772434500364
-4.650735751843566
-4.755640256140666
-4.860485387811168
-4.965270601605256
-5.069995366374401
-5.174659164826226
-5.279261493264025
-5.383801861311335
-5.488279791621987
-5.5926948195760415
-5.697046492962076
-5.801334371646281
-5.905558027228889
-6.009717042688482
-6.113811012014726
-6.217839539830114
-6.321802241001376
-6.425698740241257
-6.529528671701383
-6.63329167855697
-6.7369874125840346
-6.840615533729838
-6.944175709677345
-7.047667615404464
-7.1510909327388745
-7.25444534990924
-7.35773056109359
-7.460946265965618
-7.564092169239651
-7.66716798021505
-7.770173412320739
-7.873108182660575
-7.975972011560226
-8.07876462211625
-8.181485739747988
-8.284135091752933
-8.386712406866234
-8.489217414825017
-8.591649845938232
-8.694009430662694
-8.796295899185912
-8.898508981016283
-9.000648404581126
-9.102713896832979
-9.204705182864556
-9.306621985532793
-9.408464025092435
-9.510231018839505
-9.611922680765005
-9.713538721219166
-9.815078846586488
-9.916542758971802
-10.01793015589759
-10.11924073001275
-10.220474168812943
-10.321630154372615
-10.422708363088946
-10.523708465438036
-10.624630125743725
-10.725473001959475
-10.826236745463678
-10.926921000868692
-11.027525405843964
-11.128049590953385
-11.228493179506975
-11.328855787426795
-11.429137023127032
-11.52933648740815
-11.629453773365091
-11.72948846630941
-11.829440143705135
-11.929308375118147
-12.029092722178952
-12.128792738558523
-12.228407969957026
-12.327937954105245
-12.427382220778647
-12.526740291823865
-12.626011681197364
-12.725195895016052
-12.824292431619734
-12.923300781645347
-13.022220428112854
-13.121050846522788
-13.219791504965425
-13.318441864241532
-13.417001377994577
-13.515469492854375
-13.613845648592072
-13.712129278286252
-13.810319808499981
-13.90841665946847
-14.006419245297094
-14.104326974169537
-14.20213924856577
-14.299855465489669
-14.397475016705938
-14.49499728898597
-14.592421664362277
-14.689747520391066
-14.7869742304227
-14.884101163879677
-14.981127686541669
-15.078053160837158
-15.174876946141184
-15.271598399078643
-15.368216873832397
-15.464731722455626
-15.561142295187866
-15.657447940774192
-15.753648006786978
-15.84974183994952
-15.945728786460908
-16.041608192321494
-16.137379403658375
-16.233041767050455
-16.328594629852606
-16.424037340518556
-16.519369248922263
-16.61458970667758
-16.709698067455836
-16.804693687300905
-16.899575924941196
-16.994344142097965
-17.088997703789353
-17.183535978629713
-17.277958339123863
-17.372264161955734
-17.466452828270853
-17.560523723952024
-17.65447623988762
-17.748309772232226
-17.842023722659384
-17.93561749860647
-18.0290905135114
-18.12244218704104
-18.215671945310913
-18.308779221095943
-18.401763454032174
-18.49462409080925
-18.587360585353675
-18.67997239900296
-18.772459000670604
-18.86481986700181
-18.957054482519762
-19.0491623397624
-19.14114293940963
-19.23299579040113
-19.324720410044986
-19.416316324117304
-19.507783066953152
-19.599120181529116
-19.690327219537778
-19.78140374145451
-19.87234931659691
-19.963163523177258
-20.05384594834851
-20.14439618824443
-20.234813848014312
-20.325098541852782
-20.41524989302502
-20.50526753388786
-20.595151105907036
-20.684900259670684
-20.774514654899182
-20.86399396045167
-20.953337854329423
-21.042546023676213
-21.13161816477552
-21.220553983044685
-21.30935319302583
-21.39801551837343
-21.486540691838176
-21.574928455247008
-21.663178559479153
-21.751290764438327
-21.83926483902093
-21.927100561080128
-22.014797717385907
-22.10235610358129
-22.189775524134866
-22.277055792289993
-22.364196730011123
-22.451198167927522
-22.538059945274604
-22.624781909833366
-22.711363917868574
-22.797805834066146
-22.884107531470256
-22.97026889142075
-23.056289803491417
-23.14217016542967
-23.2279098830984
-23.313508870420698
-23.3989670493279
-23.484284349711384
-23.5694607093785
-23.654496074012865
-23.73939039713896
-23.82414364009109
-23.908755771986687
-23.993226769703693
-24.077556617861813
-24.16174530880708
-24.24579284259907
-24.32969922700023
-24.413464477466857
-24.497088617141355
-24.58057167684542
-24.663913695073727
-24.74711471798771
-24.830174799408933
-24.913094000811707
-24.99587239131445
-25.078510047669184
-25.161007054248486
-25.243363503029357
-25.325579493573528
-25.4076551330037
-25.489590535975296
-25.57138582464323
-25.653041128623144
-25.734556584946446
-25.81593233800841
-25.897168539508826
-25.97826534838468
-26.059222930734435
-26.140041459733382
-26.220721115539547
-26.301262085189407
-26.38166456248244
-26.46192874785355
-26.54205484823247
-26.622043076889515
-26.701893653266968
-26.78160680279557
-26.86118275669516
-26.940621751758602
-27.01992403011805
-27.099089838992757
-27.178119430417258
-27.257013060948925
-27.335770991354355
-27.414393486274395
-27.492880813867448
-27.57123324543075
-27.649451054999208
-27.72753451892162
-27.805483915414317
-27.88329952409224
-27.96098162547749
-28.038530500485553
-28.115946429889554
-28.193229693763122
-28.27038057090254
-28.34739933822913
-28.42428627017312
-28.5010416380401
-28.577665709361234
-28.65415874722833
-28.730521009615067
-28.80675274868593
-28.882854210094443
-28.95882563227223
-29.034667245710118
-29.1103792722325
-29.1859619242663
-29.26141540410591
-29.33673990317549
-29.411935601290047
-29.48700266591677
-29.561941251438206
-29.63675149841867
-29.71143353287547
-29.785987465556868
-29.860413391228658
-29.934711387971273
-30.00888151648905
-30.0829238194332
-30.156838320740004
-30.230625024986093
-30.30428391676261
-30.37781496006991
-30.45121809773445
-30.524493250849613
-30.59764031824187
-30.670659175963547
-30.743549676813327
-30.816311649885275
-30.888944900147376
-30.961449208050393
-31.033824329167853
-31.106069993867774
-31.178185907016765
-31.25017174771702
-31.322027169076648
-31.393751798013795
-31.465345235094844
-31.536807054406978
-31.608136803465214
-31.67933400315431
-31.750398147705965
-31.82132870471176
-31.89212511517215
-31.962786793581785
-32.033313128051674
-32.10370348046882
-32.17395718669428
-32.244073556800174
-32.314051875346166
-32.38389140169585
-32.453591370373715
-32.523150991463154
-32.59256945104548
-32.66184591167976
-32.73097951292297
-32.79996937188943
-32.86881458384849
-32.937514222858766
-33.006067342437404
-33.07447297626277
-33.14273013890886
-33.210837826609804
-33.27879501805285
-33.3466006751986
-33.414253744127336
-33.48175315591021
-33.54909782750491
-33.61628666267518
-33.68331855293371
-33.75019237850762
-33.8169070093258
-33.88346130602782
-33.94985412099374
-34.01608429939444
-34.08215068026164
-34.148052097576745
-34.21378738137731
-34.27935535888009
-34.34475485561928
-34.409984696598606
-34.47504370745555
-34.539930715635826
-34.60464455157598
-34.66918404989139
-34.733548050567045
-34.797735400148504
-34.86174495293077
-34.92557557214261
-34.98922613112408
-35.05269551449462
-35.11598261930951
-35.17908635620197
-35.242005650508794
-35.304739443377095
-35.367286692850236
-35.42964637493149
-35.49181748462431
-35.553799036948114
-35.615590067928544
-35.67718963556141
-35.73859682074929
-35.7998107282098
-35.86083048735478
-35.9216552531394
-35.98228420688029
-36.04271655704182
-36.10295153998974
-36.162988420711805
-36.22282649350516
-36.28246508262985
-36.34190354292807
-36.40114126040849
-36.460177652794904
-36.519012170038515
-36.577644294792925
-36.636073542851115
-36.69429946354354
-36.75232164009606
-36.81013968994683
-36.867753265021015
-36.92516205196268
-36.98236577232314
-37.03936418270565
-37.09615707486609
-37.15274427576953
-37.20912564760227
-37.265301087739324
-37.321270528666965
-37.377033937860524
-37.432591317617785
-37.48794270484894
-37.54308817082459
-37.598027820883416
-37.652761794101295
-37.70729026292382
-37.76161343276435
-37.81573154156966
-37.869644859355205
-37.923353687712094
-37.97685835928773
-38.03015923724159
-38.083256714677574
-38.136151214054664
-38.18884318657773
-38.241333111570086
-38.29362149582953
-38.345708872969496
-38.39759580274715
-38.44928287037958
-38.50077068584942
-38.552059883201125
-38.603151119829406
-38.65404507576106
-38.70474245293137
-38.755243974456434
-38.80555038390274
-38.85566244455474
-38.90558093868093
-38.955306666798876
-39.00484044693921
-39.05418311390888
-39.10333551855409
-39.15229852702349
-39.2010730200319
-39.249659892124996
-39.29806005094569
-39.34627441650285
-39.39430392044328
-39.44214950532772
-39.489812123911335
-39.53729273842923
-39.58459231988779
-39.63171184736295
-39.67865230730693
-39.72541469286459
-39.77200000320043
-39.81840924283755
-39.864643421009575
-39.91070355102708
-39.95659064965916
-40.00230573653066
-40.04784983353527
-40.09322396426505
-40.1384291534565
-40.183466426453364
-40.228336808686194
-40.27304132516814
-40.317581000006484
-40.36195685592928
-40.40616991382653
-40.45022119230599
-40.4941117072634
-40.5378424714671
-40.58141449415642
-40.62482878065326
-40.66808633198626
-40.7111881445271
-40.75413520963831
-40.79692851333219
-40.83956903594036
-40.882057751793454
-40.92439562891063
-40.96658362869793
-41.008622705654815
-41.05051380708805
-41.09225787283252
-41.13385583497801
-41.17530861760143
-41.21661713650296
-41.25778229894472
-41.2988050033906
-41.33968613924581
-41.38042658659445
-41.42102721593328
-41.461488887899904
-41.50181245299352
-41.541998751285675
-41.58204861211856
-41.62196285378831
-41.66174228321113
-41.70138769557018
-41.74089987394131
-41.78027958889606
-41.81952759808069
-41.858644645770305
-41.897631462397435
-41.936488764054495
-41.97521725196986
-42.0138176119575
-42.05229051384088
-42.09063661085241
-42.12885653900985
-42.166950916471585
-42.20492034287269
-42.24276539864473
-42.28048664432196
-42.31808461983706
-42.35555984380965
-42.392912812831405
-42.43014400075173
-42.46725385796838
-42.50424281072747
-42.54111126043784
-42.57785958300462
-42.614488128186785
-42.6509972189836
-42.687387151054274
-42.72365819217469
-42.75981058173402
-42.79584453027382
-42.831760219071775
-42.86755779977221
-42.90323739406505
-42.93879909341552
-42.97424295884593
-43.00956902077143
-43.04477727889081
-43.079867702133576
-43.1148402286642
-43.149694765944325
-43.184431190853324
-43.21904934986747
-43.25354905929782
-43.28793010558643
-43.32219224566051
-43.356335207343356
-43.39035868982079
-43.42426236416127
-43.45804587388806
-43.49170883560134
-43.52525083964803
-43.558671450837316
-43.591970209200035
-43.625146630790304
-43.658200208527084
-43.69113041307315
-43.72393669374912
-43.75661847948043
-43.78917517977498
-43.82160618572953
-43.853910871063015
-43.88608859317508
-43.91813869422821
-43.95006050225191
-43.981853332267114
-44.013516487428596
-44.04504926018313
-44.07645093344137
-44.10772078176142
-44.13885807254183
-44.169862067221736
-44.200732022486356
-44.23146719147615
-44.26206682499821
-44.29253017273788
-44.32285648446827
-44.35304501125545
-44.38309500665718
-44.41300572791311
-44.44277643712456
-44.47240640242119
-44.50189489911235
-44.53124121082049
-44.56044463059407
-44.58950446199719
-44.61842002017317
-44.647190632879294
-44.675815641490765
-44.7042944019725
-44.73262628581795
-44.76081068095396
-44.78884699261044
-44.81673464415376
-44.84447307788252
-44.87206175578461
-44.89950016025448
-44.92678779476949
-44.953924184524446
-44.980908877023516
-45.00774144262845
-45.03442147506217
-45.06094859186634
-45.087322434811874
-45.11354267026149
-45.139608989484536
-45.165521108924274
-45.19127877041824
-45.216881741372326
-45.242329814889324
-45.26762280985309
-45.292760570968646
-45.31774296875897
-45.342569899518985
-45.36724128522814
-45.391757073423655
-45.41611723703692
-45.44032177419586
-45.464370707996174
-45.48826408624449
-45.51200198117606
-45.53558448914924
-45.559011730319064
-45.5822838482926
-45.60540100976868
-45.62836340416526
-45.65117124323745
-45.67382476068928
-45.69632421178215
-45.71866987294248
-45.74086204137097
-45.76290103465583
-45.78478719039236
-45.80652086581073
-45.82810243741363
-45.84953230062427
-45.870810869445556
-45.89193857613099
-45.91291587086777
-45.93374322147269
-45.95442111310097
-45.97495004796814
-45.995330545084066
-46.015563139998044
-46.03564838455389
-46.05558684665396
-46.07537911003134
-46.0950257740294
-46.11452745338823
-46.133884778037604
-46.15309839289596
-46.17216895767489
-46.191097146688826
-46.209883648669226
-46.22852916658285
-46.24703441745378
-46.26540013218942
-46.283627055410584
-46.30171594528593
-46.31966757337073
-46.33748272445012
-46.355162196386566
-46.37270679997163
-46.390117358781815
-46.40739470903855
-46.42453969947183
-46.441553191186465
-46.458436057529745
-46.47518918395962
-46.49181346791237
-46.50830981866897
-46.52467915721933
-46.540922416123514
-46.55704053936915
-46.57303448222421
-46.58890521108486
-46.60465370331769
-46.6202809470958
-46.63578794122787
-46.651175694979706
-46.66644522788777
-46.681597569563785
-46.696633759489536
-46.7115548468011
-46.72636189006237
-46.74105595702752
-46.7556381243919
-46.770109477530745
-46.78447111022472
-46.798724124371056
-46.81286962967851
-46.82690874334491
-46.84084258971574
-46.854672299922406
-46.868399011498234
-46.88202386797098
-46.89554801843047
-46.908972617070326
-46.92229882270271
-46.93552779824528
-46.9486607101802
-46.96169872798503
-46.97464302353608
-46.98749477048465
-47.00025514360669
-47.012925318126456
-47.02550646901499
-47.037999770264314
-47.05040639413874
-47.062727510405004
-47.07496428554298
-47.08711788193869
-47.09918945706146
-47.111180162627754
-47.123091143753804
-47.134923538099706
-47.1466784750068
-47.15835707463026
-47.16996044706883
-47.181489691493766
-47.19294589527874
-47.20433013313243
-47.21564346623569
-47.22688694138509
-47.23806159014458
-47.24916842800707
-47.260208453567316
-47.271182647707406
-47.282091972795854
-47.29293737190119
-47.30371976802053
-47.3144400633239
-47.32509913841494
-47.3356978516087
-47.346237038227684
-47.35671750991719
-47.36714005398079
-47.37750543273734
-47.387814382900615
-47.39806761498272
-47.40826581272205
-47.41840963253708
-47.428499703007276
-47.438536624382664
-47.448520968123375
-47.45845327647061
-47.46833406205002
-47.478163807508395
-47.487942965184175
-47.49767195681244
-47.50735117326491
-47.51698097432546
-47.52656168850234
-47.53609361287812
-47.54557701299848
-47.555012122800406
-47.564399144580364
-47.573738249002474
-47.58302957514667
-47.592273230597016
-47.60146929157065
-47.61061780308751
-47.61971877918057
-47.628772203146866
-47.637778027839204
-47.64673617599891
-47.655646540629846
-47.66450898541444
-47.67332334517209
-47.68208942636056
-47.690807007621004
-47.6994758403672
-47.708095649419306
-47.716666133682224
-47.72518696686848
-47.7336577982656
-47.74207825354779
-47.75044793563114
-47.75876642557131
-47.76703328350237
-47.77524804961587
-47.7834102451788
-47.79151937358944
-47.79957492146946
-47.80757635979069
-47.81552314503483
-47.823414720383994
-47.83125051693975
-47.83902995496851
-47.846752445171035
-47.85441738997321
-47.86202418483475
-47.8695722195726
-47.87706087969542
-47.8844895477456
-47.89185760464511
-47.89916443104181
-47.90640940865302
-47.91359192160269
-47.920711357748246
-47.92776710999317
-47.93475857758119
-47.94168516736835
-47.94854629506892
-47.95534138647213
-47.96206987862661
-47.96873122099032
-47.97532487654337
-47.981850322861646
-47.988307053149356
-47.9946945772283
-48.001012422482404
-48.007260134755654
-48.013437279201526
-48.01954344108225
-48.02557822651636
-48.03154126317298
-48.037432200911724
-48.04325071236747
-48.04899649347931
-48.054669263963376
-48.06026876772967
-48.065794773243
-48.07124707382832
-48.07662548792035
-48.08192985925757
-48.08716005702041
-48.092315975914346
-48.09739753619817
-48.102404683658676
-48.10733738953246
-48.11219565037635
-48.116979487887704
-48.12168894867631
-48.1263241039897
-48.130885049393555
-48.13537190440894
-48.13978481210842
-48.14412393867292
-48.148389472911504
-48.15258162574571
-48.15670062966046
-48.16074673812341
-48.16472022497453
-48.168621383788036
-48.172450527208696
-48.17620798626473
-48.17989410965947
-48.183509263044186
-48.18705382827466
-48.19052820265438
-48.193932798167054
-48.19726804070092
-48.200534369267416
-48.203732235216584
-48.20686210145134
-48.209924441642436
-48.212919739445844
-48.215848487724024
-48.21871118777272
-48.22150834855534
-48.224240485946204
-48.226908121983676
-48.229511784133926
-48.23205200456601
-48.23452931943876
-48.23694426819974
-48.23929739289684
-48.241589237502915
-48.24382034725482
-48.245991268007224
-48.24810254560253
-48.25015472525825
-48.25214835097329
-48.2540839649543
-48.25596210706271
-48.25778331428352
-48.25954812021654
-48.26125705459088
-48.26291064280303
-48.26450940547891
-48.266053858059756
-48.26754451041199
-48.268981866460926
-48.270366423848195
-48.271698673613166
-48.27297909989897
-48.27420817968305
-48.27538638253264
-48.27651417038566
-48.27759199735754
-48.278620309574414
-48.279599545033186
-48.280530133488746
-48.28141249636871
-48.28224704671617
-48.28303418916135
-48.28377431992282
-48.2844678268388
-48.285115089428295
-48.28571647898172
-48.28627235868037
-48.286783083744346
-48.28724900160801
-48.28767045212208
-48.28804776778116
-48.28838127397545
-48.28867128926537
-48.28891812567809
-48.28912208902499
-48.289283479239025
-48.289402590730894
-48.289479712763345
-48.28951512984235
-48.289509122124564
-48.289461965840125
-48.289373933729784
-48.2892452954951
-48.28907631826029
-48.28886726704422
-48.28861840524092
-48.28832999510734
-48.288002298256735
-48.28763557615661
-48.287230090630025
-48.28678610435929
-48.286303881390545
-48.28578368763754
-48.28522579138245
-48.284630463771684
-48.28399797930495
-48.28332861631616
-48.282622657445295
-48.28188039010063
-48.28110210691073
-48.28028810616541
-48.279438692245144
-48.27855417603836
-48.27763487534633
-48.27668111527526
-48.2756932286158
-48.2746715562099
-48.273616447304384
-48.27252825989074
-48.271407361030576
-48.270254127165565
-48.26906894441117
-48.26785220883328
-48.26660432670666
-48.265325714753594
-48.26401680036127
-48.26267802177647
-48.26130982827629
-48.25991268031333
-48.25848704963436
-48.257033419371275
-48.25555228410348
-48.254044149891165
-48.25250953427922
-48.2509489662716
-48.249362986275905
-48.24775214601828
-48.246117008428534
-48.244458147495315
-48.242776148091245
-48.24107160576772
-48.23934512651925
-48.237597326517225
-48.2358288318133
-48.23404027801205
-48.23223230991271
-48.230405581119264
-48.2285607536184
-48.226698497324314
-48.224819489589144
-48.222924414677884
-48.22101396320658
-48.21908883154321
-48.21714972117069
-48.21519733801147
-48.21323239171311
-48.21125559489473
-48.209267662354186
-48.20726931023653
-48.20526125516414
-48.203244213328894
-48.20121889954719
-48.19918602627859
-48.19714630260915
-48.19510043320053
-48.19304911720604
-48.1909930471549
-48.1889329078059
-48.18686937497204
-48.18480311431784
-48.18273478013037
-48.18066501406508
-48.17859444386749
-48.17652368207262
-48.17445332468355
-48.172383949830525
-48.17031611641186
-48.16825036271802
-48.16618720504072
-48.16412713626902
-48.162070624474204
-48.16001811148532
-48.15797001145739
-48.15592670943419
-48.15388855990806
-48.15185588537974
-48.14982897492177
-48.14780808274883
-48.145793426798825
-48.14378518732797
-48.14178350552282
-48.139788482132126
-48.13780017612191
-48.13581860335665
-48.1338437353101
-48.13187549780911
-48.129913769814316
-48.12795838224172
-48.12600911682926
-48.12406570505231
-48.122127827092065
-48.1201951108602
-48.118267131083535
-48.1163434084525
-48.114423408836835
-48.112506542571275
-48.11059216381465
-48.10867956998543
-48.10676800127708
-48.104856640256564
-48.10294461154887
-48.101030981610215
-48.09911475859257
-48.09719489230206
-48.09527027425343
-48.093339737822696
-48.09140205850024
-48.089455954246084
-48.08750008594887
-48.0855330579896
-48.08355341891046
-48.08155966218907
-48.07955022711888
-48.077523499796364
-48.07547781421578
-48.07341145347231
-48.07132265107423
-48.06920959236452
-48.06707041605181
-48.06490321584999
-48.06270604222521
-48.06047690424878
-48.058213771554044
-48.05591457639547
-48.053577215807586
-48.05119955386106
-48.048779424013155
-48.0463146315489
-48.04380295610928
-48.04124215430192
-48.038629962389386
-48.0359640990502
-48.033242268207054
-48.030462161916255
-48.02762146331184
-48.02471784959817
-48.021748995084856
-48.01871257425807
-48.01560626488173
-48.012427751122054
-48.009174726688336
-48.005844897983586
-48.002435987258245
-47.998945735759996
-47.995371906872656
-47.99171228923705
-47.987964699846984
-47.98412698711347
-47.98019703389029
-47.97617276045371
-47.97205212742948
-47.96783313866074
-47.963513844010535
-47.9590923420934
-47.954566782930485
-47.94993537052305
-47.94519636533913
-47.94034808670851
-47.93538891512121
-47.93031729442491
-47.925131733917496
-47.919830810331106
-47.91441316970433
-47.90887752913987
-47.903222678445545
-47.897447481656556
-47.89155087843697
-47.885531885358304
-47.87938959705359
-47.873123187246094
-47.86673190965182
-47.86021509875518
-47.853572170457525
-47.846802622598645
-47.839906035351746
-47.832882071492506
-47.825730476543114
-47.818451078792734
-47.81104378919632
-47.80350860115452
-47.795845590177905
-47.78805491343881
-47.780136809213886
-47.77209159622019
-47.763919672848075
-47.755621516294
-47.74719768159672
-47.738648800580094
-47.729975580706125
-47.72117880384205
-47.71225932494558
-47.70321807067238
-47.6940560379101
-47.68477429224281
-47.67537396634957
-47.66585625834129
-47.65622243004019
-47.64647380520607
-47.63661176771363
-47.62663775968484
-47.61655327958083
-47.606359880257614
-47.59605916698983
-47.585652795466544
-47.57514246976352
-47.56452994029591
-47.55381700175512
-47.54300549103361
-47.53209728514115
-47.52109429911569
-47.50999848393188
-47.49881182441031
-47.48753633713078
-47.476174068351995
-47.46472709194016
-47.45319750730839
-47.44158743736851
-47.429899026496955
-47.41813443851605
-47.40629585469195
-47.394385471750795
-47.38240549991393
-47.3703581609531
-47.35824568626627
-47.34607031497494
-47.33383429204399
-47.321539866425084
-47.30918928922425
-47.29678481189414
-47.28432868445104
-47.27182315371685
-47.25927046158681
-47.24667284332348
-47.234032525877794
-47.221351726238126
-47.20863264980811
-47.195877488813764
-47.18308842074076
-47.17026760680186
-47.1574171904346
-47.14453929582923
-47.131636026487215
-47.11870946381042
-47.105761665721204
-47.09279466531363
-47.0798104695363
-47.0668110579072
-47.053798381261615
-47.04077436053335
-47.027740885569855
-47.01469981398121
-47.00165297002313
-46.9886021435148
-46.97554908879174
-46.96249552369373
-46.94944312858722
-46.936393545422604
-46.92334837682698
-46.91030918523272
-46.89727749204222
-46.88425477682931
-46.87124247657793
-46.85824198495912
-46.84525465164744
-46.83228178167791
-46.81932463484422
-46.80638442513872
-46.793462320234525
-46.7805594410098
-46.76767686111377
-46.75481560657441
-46.74197665544726
-46.72916093750568
-46.716369333972736
-46.70360267729471
-46.69086175095627
-46.678147289337105
-46.66545997760947
-46.65280045167587
-46.64016929814612
-46.62756705435315
-46.61499420840725
-46.60245119928872
-46.589938416979166
-46.57745620263181
-46.56500484878079
-46.552584599589736
-46.54019565113991
-46.527838151758246
-46.51551220238592
-46.50321785698843
-46.490955123007765
-46.4787239618572
-46.46652428945906
-46.45435597682574
-46.44221885068377
-46.43011269414136
-46.41803724739917
-46.40599220850406
-46.39397723414491
-46.38199194048978
-46.37003590406333
-46.35810866266364
-46.34620971631743
-46.334338528272475
-46.3224945260262
-46.31067710238941
-46.29888561658394
-46.28711939537201
-46.275377734215546
-46.26365989846315
-46.25196512456288
-46.24029262129873
-46.22864157104912
-46.217011131065966
-46.20540043477306
-46.19380859308209
-46.182234695724766
-46.17067781259906
-46.15913699512752
-46.147611277625664
-46.13609967867806
-46.12460120251988
-46.11311484042151
-46.10163957207326
-46.09017436696744
-46.078718185774825
-46.067269981712776
-46.05582870190231
-46.04439328871113
-46.03296268107963
-46.02153581582653
-46.01011162893125
-45.99868905679049
-45.98726703744703
-45.975844511789354
-45.96442042472095
-45.95299372629771
-45.94156337283162
-45.93012832795953
-45.91868756367595
-45.90724006132897
-45.89578481257886
-45.88432082031901
-45.87284709955939
-45.861362678272805
-45.84986659820468
-45.838357915646306
-45.8268357021718
-45.81529904533878
-45.80374704935296
-45.79217883569638
-45.78059354371883
-45.76899033119097
-45.75736837481859
-45.74572687071706
-45.73406503484538
-45.72238210339922
-45.710677333162415
-45.69895000181655
-45.687199408208336
-45.67542487257524
-45.66362573672999
-45.65180136420455
-45.6399511403549
-45.62807447242793
-45.616170789591855
-45.60423954293115
-45.592280205406986
-45.580292271784664
-45.5682752585295
-45.55622870367299
-45.54415216665107
-45.532045228116694
-45.5199074897287
-45.507738573918836
-45.49553812363903
-45.48330580209106
-45.47104129244068
-45.458744297518344
-45.446414539508545
-45.43405175962997
-45.42165571780854
-45.40922619234559
-45.39676297958349
-45.384265893571104
-45.37173476573114
-45.359169444531325
-45.34656979516135
-45.33393569921734
-45.32126705439587
-45.30856377419892
-45.29582578765153
-45.28305303903412
-45.27024548763169
-45.257403107501354
-45.24452588725982
-45.23161382989222
-45.21866695258351
-45.205685286573875
-45.19266887703882
-45.17961778299466
-45.16653207722951
-45.15341184625945
-45.14025719030909
-45.12706822331521
-45.11384507295222
-45.100587880677814
-45.0872968017969
-45.073972005542466
-45.06061367517177
-45.04722200807621
-45.033797215902474
-45.020339524682164
-45.006849174966455
-44.99332642196217
-44.9797715356655
-44.96618480098986
-44.952566517884726
-44.93891700144278
-44.9252365819929
-44.911525605176145
-44.897784432001835
-44.884013438881006
-44.87021301763489
-44.85638357547621
-44.842525534961034
-44.82863933390903
-44.81472542529034
-44.80078427707722
-44.78681637205873
-44.772822207616834
-44.75880229546281
-44.74475716133313
-44.730687344644515
-44.71659339810757
-44.702475887298796
-44.688335390190595
-44.67417249663968
-44.65998780783472
-44.64578193570444
-44.63155550228786
-44.61730913906885
-44.60304348627753
-44.588759192160666
-44.57445691222361
-44.56013730844606
-44.5458010484742
-44.53144880479195
-44.5170812538739
-44.502699075323136
-44.48830295099705
-44.4738935641241
-44.4594715984143
-44.44503773716664
-44.43059266237614
-44.41613705384279
-44.40167158828447
-44.3871969384555
-44.37271377227299
-44.35822275195338
-44.34372453316152
-44.32921976417421
-44.31470908506063
-44.300193126881624
-44.28567251090968
-44.27114784787082
-44.256619737209604
-44.242088766377805
-44.22755551014737
-44.21302052994716
-44.19848437322278
-44.183947572818596
-44.16941064638078
-44.15487409578074
-44.1403384065579
-44.12580404738125
-44.11127146952887
-44.09674110638511
-44.082213372955295
-44.06768866539849
-44.05316736057878
-44.03864981563592
-44.02413636757589
-44.00962733288159
-43.99512300714369
-43.98062366471194
-43.96612955836727
-43.951640919014466
-43.93715795539546
-43.92268085382298
-43.908209777934445
-43.89374486846597
-43.87928624304604
-43.864833996008116
-43.850388198221225
-43.8359488969372
-43.821516115653566
-43.80708985399124
-43.79267008758629
-43.77825676799577
-43.7638498226178
-43.74944915462643
-43.735054642922506
-43.72066614210118
-43.706283482437215
-43.691906469889005
-43.67753488612286
-43.66316848855874
-43.64880701043856
-43.63445016091802
-43.620097625183604
-43.605749064596324
-43.59140411686403
-43.577062396243804
-43.56272349377602
-43.54838697755113
-43.5340523930104
-43.5197192632821
-43.505387089554716
-43.49105535148826
-43.47672350766473
-43.462390996078085
-43.44805723466348
-43.43372162186577
-43.41938353724643
-43.40504234212787
-43.390697380273735
-43.37634797860389
-43.36199344794264
-43.34763308379823
-43.33326616717201
-43.31889196539569
-43.30450973299506
-43.29011871257839
-43.27571813574755
-43.26130722402988
-43.24688518982882
-43.23245123739164
-43.21800456379239
-43.20354435992843
-43.18906981152921
-43.17458010017586
-43.160074404330004
-43.14555190037001
-43.13101176363304
-43.11645316946132
-43.101875294250846
-43.08727731650126
-43.0726584178656
-43.058017784198825
-43.04335460660414
-43.028668082475775
-43.01395741653616
-42.999221821865405
-42.98446052092132
-42.9696727465483
-42.95485774297313
-42.94001476678582
-42.92514308790422
-42.9102419905212
-42.89531077403322
-42.88034875394888
-42.865355262776376
-42.85032965088871
-42.835271287365885
-42.82017956081293
-42.80505388015243
-42.78989367539012
-42.774698398352506
-42.75946752339589
-42.74420054808646
-42.72889699385049
-42.71355640659376
-42.69817835728926
-42.68276244253271
-42.66730828506589
-42.65181553426813
-42.636283866615734
-42.620712986108934
-42.60510262466632
-42.589452542486775
-42.57376252837886
-42.55803240005749
-42.542262004407824
-42.52645121771629
-42.51059994586844
-42.494708124513316
-42.47877571919465
-42.4628027254491
-42.446789168871895
-42.43073510514997
-42.41464062006255
-42.398505829448844
-42.382330879142295
-42.36611594487069
-42.349861232122315
-42.33356697597835
-42.317233440912126
-42.30086092055583
-42.284449737434976
-42.26800024267154
-42.25151281565697
-42.23498786369637
-42.21842582162534
-42.2018271514012
-42.1851923416697
-42.168521907308524
-42.151816388948724
-42.135076352474776
-42.11830238850373
-42.101495111844564
-42.084655160939086
-42.06778319728547
-42.05087990484551
-42.033945989436596
-42.01698217810874
-41.999989218506606
-41.98296787821666
-41.96591894409905
-41.94884322160353
-41.931741534069
-41.914614722005716
-41.89746364235938
-41.88028916775627
-41.86309218572901
-41.84587359792251
-41.82863431928032
-41.81137527721213
-41.794097410743255
-41.77680166964685
-41.759489013559595
-41.74216041108112
-41.72481683885794
-41.707459280652664
-41.69008872639963
-41.67270617124844
-41.65531261459713
-41.63790905911636
-41.620496509766234
-41.6030759728072
-41.58564845480648
-41.56821496164124
-41.55077649749958
-41.53333406388091
-41.51588865859738
-41.49844127477851
-41.480992899880924
-41.463544514705085
-41.446097092420324
-41.42865159759989
-41.4112089852675
-41.39377019995688
-41.376336174785955
-41.358907830547615
-41.341486074818725
-41.32407180108904
-41.306665887912196
-41.28926919808102
-41.27188257782918
-41.25450685606025
-41.237142843605646
-41.219791332512294
-41.20245309536087
-41.185128884615516
-41.16781943200609
-41.15052544794403
-41.133247620972575
-41.11598661725227
-41.09874308008218
-41.081517629457174
-41.06431086166091
-41.04712334889441
-41.02995563894054
-41.01280825486477
-40.99568169475284
-40.978576431485884
-40.961492912553375
-40.94443155990441
-40.927392769838114
-40.91037691293368
-40.893384334020276
-40.876415352187074
-40.8594702608336
-40.84254932776073
-40.82565279530322
-40.80878088050465
-40.791933775335586
