7.002095123289663
7.0805190917863285
7.159920344534058
7.240287515933893
7.321608964959474
7.403872785099289
7.487066814439617
7.571178645877312
7.656195637451505
7.742104922783173
7.828893421611435
7.916547850415373
8.005054733110153
8.094400411806202
8.184571057620122
8.27555268152605
8.36733114523612
8.459892172098824
8.553221358004043
8.647304182283682
8.742126018596792
8.837672145788275
8.933927758710261
9.030877978995413
9.128507865771603
9.226802426307588
9.325746626579475
9.425325401747964
9.525523666536566
9.626326325501205
9.72771828318184
9.829684454126987
9.932209772782155
10.035279203233568
10.138877748798773
10.242990461456044
10.347602451104803
10.452698894649599
10.558265044900592
10.66428623928384
10.770747908354949
10.877635584110067
10.984934908088448
11.092631639261157
11.200711661700739
11.309160992027104
11.417965786625304
11.527112348631208
11.636587134681509
11.746376761424703
11.856468011790046
11.966847841011887
12.077503382407006
12.188421952902905
12.299591058315334
12.410998398373598
12.52263187149257
12.634479579290762
12.74652983085415
12.85877114674566
12.971192262760646
13.083782133429091
13.196529935265696
13.309425069769398
13.422457166174192
13.535616083953297
13.648891915079144
13.762274986042012
13.87575585963047
13.98932533647705
14.102974456372861
14.21669449935517
14.33047698657222
14.444313680929866
14.55819658752469
14.672117953868579
14.786070269909857
14.900046267856228
15.014038921804856
15.12804144718527
15.24204730002083
15.356050176014595
15.470044009465571
15.584022972021476
15.697981471274167
15.811914149203991
15.925815880479353
16.039681770617854
16.153507154015337
16.267287591849403
16.3810188698641
16.494696996042286
16.608318198172135
16.721878921314325
16.835375825176353
16.948805781400434
17.062165870771405
17.17545338035107
17.288665800545385
17.401800822110697
17.514856333105197
17.62783041579189
17.74072134349933
17.853527577446087
17.96624776353478
18.07888072912131
18.191425479764703
18.30388119596296
18.416247229880017
18.528523102068764
18.64070849819456
18.752803265763493
18.864807410859317
18.976721094892913
19.08854463136821
19.200278482668146
19.311923256863757
19.423479704549457
19.534948715707195
19.64633131660195
19.757628666711007
19.868842055689377
19.979972900373607
20.091022741825835
20.201993242420027
20.31288618297179
20.423703459913153
20.534447082513278
20.645119170145787
20.755721949602986
20.866257752457386
20.97672901247057
21.087138263049326
21.197488134748795
21.30778135282236
21.418020734817816
21.528209188219023
21.63834970813196
21.748445375014004
21.85849935244548
21.96851488494224
22.07849529580807
22.188443985025348
22.298364427182353
22.40826016943553
22.518134829504795
22.62799209370008
22.737835714977344
22.84766951102211
22.95749736235829
23.067323210480033
23.177151056004227
23.28698495684115
23.396829026380924
23.506687431693376
23.616564391738972
23.726464175588415
23.83639110064801
23.946349530887925
24.056343875070397
24.166378584974993
24.276458153618123
24.38658711346382
24.496770034622912
24.60701152303777
24.717316218649714
24.827688793546557
24.93813395008768
25.048656419004335
25.159260957473084
25.26995234716036
25.380735392236108
25.49161491735457
25.602595765600245
25.713682796397297
25.824880883380693
25.936194912227386
26.047629778446343
26.159190385126287
26.270881640640077
26.382708456304748
26.49467574399639
26.606788413719293
26.719051371129208
26.831469515010692
26.944047734708672
27.056790907514678
27.169703896008595
27.28279154535684
27.396058680567815
27.50951010370576
27.62315059106419
27.73698489030022
27.851017717531192
27.965253754394922
28.079697645075015
28.194353993292765
28.309227359267425
28.424322256646917
28.539643149411237
28.655194448750795
28.770980509922087
28.887005629083465
29.003274040114068
29.119789911419023
29.236557342724215
29.353580361863923
29.470862921564425
29.58840889622693
29.706222078713218
29.82430617713718
29.942664811665857
30.061301511333717
30.18021971087422
30.299422747572443
30.418913858142854
30.5386961756363
30.658772726380203
30.779146426956213
30.89982008121957
31.02079637736467
31.142077885041328
31.26366705252597
31.385566203952166
31.507777536604593
31.63030311828068
31.753144884723966
31.876304637133146
31.999784039750196
32.12358461753114
32.247707753902816
32.37215468860943
32.496926515652305
32.62202418132638
32.747448482356575
32.87320006413699
32.99927941907543
33.12568688504614
33.25242264395336
33.379486720408
33.50687898052009
33.63459913080904
33.76264671723438
33.8910211243494
34.01972157457984
34.14874712762954
34.27809668001455
34.40776896472695
34.537762551029566
34.66807584438265
34.798707086503946
34.92965435556363
35.06091556651518
35.19248847156314
35.32437066076841
35.4565595627916
35.5890524457742
35.72184641835727
35.854938430837336
35.988325276459506
36.12200359284739
36.25596986356882
36.3902204198362
36.524751442339976
36.65955896321324
36.794638868125105
36.929986898500715
37.06559865386572
37.201469594313046
37.33759504308967
37.47397018930105
37.61059009073083
37.74744967677348
37.884543751476976
38.02186699669253
38.15941397532786
38.29717913470049
38.43515680998721
38.57334122776533
38.7117265096417
38.85030667596525
38.98907564961909
39.12802725988812
39.26715524639835
39.40645326312396
39.54591488245778
39.6855335993411
39.82530283544877
39.965215943425775
40.1052662111715
40.24544686616791
40.385751079848305
40.526171972002814
40.66670261521698
40.80733603933895
40.94806523597104
41.08888316298088
41.229782749028104
41.370756898102954
41.51179849407275
41.65290040523267
41.79405548885698
41.93525659574646
42.07649657476747
42.217768277378404
42.359064562138705
42.50037829919591
42.641702374746664
42.783029695468194
42.924353192917
43.065665827891614
43.20696059475642
43.34823052572363
43.48946869509074
43.63066822343006
43.771822281726706
43.91292409546224
44.053966948641
44.19494418775684
44.33584922569758
44.476675545584435
44.61741670454376
44.75806633740797
44.89861816034255
45.039065974396465
45.17940366897324
45.319625225219795
45.45972471933004
45.599696325760476
45.73953432035546
45.879233083379745
46.01878710245603
46.158190975405546
46.29743941298955
46.436527241549584
46.5754494055447
46.714200969983665
46.8527771227495
46.9911731768139
47.12938457233912
47.267406878665504
47.405235796182986
47.54286715808485
47.680296932002086
47.817521221516536
47.95453626755154
48.091338449638506
48.22792428705811
48.36429043985516
48.5004337097264
48.63635104078049
48.77203952016993
48.90749637859546
49.042718990683404
49.17770487523604
49.31245169535476
49.44695725843594
49.58121951603909
49.715236563626725
49.84900664017528
49.98252812765714
50.11579955039379
50.248819574280574
50.38158700588396
50.514100791412446
50.64636001556205
50.778363900237096
50.91011180314719
51.041603216281274
51.17283776425991
51.30381520256658
51.43453541565914
51.564998414962886
51.6952043367469
51.82515343988537
51.95484610350674
52.0842828245335
52.21346421511619
52.342390999965076
52.47106401358333
52.599484197405346
52.72765259684407
52.85557035825101
52.98323872579274
53.11065903824757
53.2378327257264
53.364761306321746
53.49144638268907
53.61788963856437
53.74409283522257
53.870057807881686
53.99578646205813
54.12128076987815
54.24654276635081
54.371574545607835
54.496378257115815
54.62095610186602
54.74531032854687
54.86944322970387
54.993357137892154
55.117054421827184
55.24053748253899
55.36380874953514
55.48687067697753
55.609725739877746
55.73237643031544
55.854825253684425
55.97707472497072
56.09912736506632
56.220985697122245
56.3426522429439
56.464129519431566
56.58542003506844
56.70652628645851
56.827450754917294
56.948195903118204
57.068764171797596
57.1891579765211
57.30937970451478
57.42943171156466
57.549316318988275
57.669035810682004
57.7885924302478
57.907988378202646
58.02722580927415
58.14630682978569
58.26523349513432
58.38400780736479
58.50263171284289
58.621107100030635
58.739435797365765
58.85761957124763
58.97566012413083
59.093559092727595
59.21131804631964
59.32893848517981
59.44642183910353
59.563769466050225
59.680982650895125
59.79806260429198
59.91501046164709
60.03182728220518
60.148514048247854
60.26507166440545
60.3815009570823
60.49780267399567
60.61397748382749
60.73002597598819
60.845948660491366
60.961745967937404
61.07741824960418
61.192965777642755
61.30838874537595
61.42368726769796
61.53886138157286
61.65391104662932
61.7688361458484
61.88363648634099
61.99831180021111
62.11286174550109
62.22728590721492
62.34158379841578
62.45575486139431
62.569798468903784
62.68371392545889
62.79750046869485
62.91115727078379
63.02468343990522
63.13807802176687
63.251340001171954
63.36446830362881
63.477461796999464
63.59031929318341
63.70303954983392
63.81562127210395
63.92806311441904
64.04036368227456
64.15252153405514
64.26453518287404
64.37640309843111
64.4881237088869
64.59969540275118
64.71111653078457
64.82238540791234
64.93350031514954
65.04445950153665
65.15526118608506
65.26590355973173
65.37638478730253
65.48670300948345
65.59685634479865
65.70684289159385
65.81666073002293
65.92630792403577
66.0357825233657
66.14508256551596
66.25420607774447
66.36315107904579
66.47191558212972
66.58049759539591
66.68889512490472
66.79710617634368
66.90512875698818
67.01296087765576
67.12060055465389
67.22804581172096
67.33529468196019
67.44234520976619
67.54919545274373
67.65584348361841
67.7622873921386
67.8685252869688
67.97455529757514
68.08037557610379
68.18598429925254
68.29137967013463
68.39655992013394
68.50152331074992
68.60626813543172
68.71079272140105
68.81509543146296
68.9191746658039
69.02302886377652
69.12665650567169
69.23005611447866
69.33322625763482
69.436165548766
69.53887264941808
69.64134627078114
69.74358517540726
69.84558817892311
69.94735415173763
70.04888202074575
70.15017077102881
70.25121944755234
70.35202715686201
70.45259306877752
70.55291641808454
70.65299650622406
70.75283270297776
70.85242444814783
70.95177125323058
71.05087270308304
71.14972845758207
71.24833825327546
71.34670190502523
71.44481930764239
71.5426904375126
71.64031535421141
71.73769420210779
71.83482721195396
71.9317147024595
72.02835708184723
72.12475484938825
72.22090859691282
72.31681901029346
72.41248687089582
72.5079130569916
72.60309854512799
72.6980444114488
72.79275183296274
72.88722208875437
72.98145656113333
73.07545673671736
73.16922420744517
73.26276067151551
73.35606793424895
73.44914790886938
73.5420026172026
73.63463419029009
73.7270448689151
73.81923700403925
73.91121305714708
74.00297560049606
74.09452731727018
74.18587100163532
74.27700955869412
74.36794600433777
74.4586834649925
74.54922517725888
74.63957448744245
74.72973485097518
74.81970983172639
74.90950310120238
74.99911843763388
75.08855972495039
75.17783095164086
75.26693620950002
75.35587969225978
75.4446656941054
75.53329860807648
75.62178292435291
75.71012322842668
75.79832419916019
75.88639060673185
75.9743273104701
76.06213925657718
76.14983147574375
76.23740908065551
76.3248772633934
76.4122412927297
76.49950651132244
76.58667833281069
76.67376223881362
76.76076377583624
76.84768855208515
76.93454223419766
77.02133054388774
77.10805925451255
77.1947341875625
77.28136120907674
77.36794622598664
77.45449518238989
77.5410140557576
77.6275088530774
77.71398560693557
77.80045037154171
77.88690921870112
77.97336823373949
78.05983351138592
78.14631115162011
78.23280725548908
78.3193279208982
78.4058792383813
78.49246728685362
78.57909812935144
78.6657778087616
78.75251234354424
78.83930772345137
78.92616990524424
79.01310480841106
79.10011831088671
79.1872162447754
79.2744043920769
79.36168848041744
79.44907417878572
79.53656709327502
79.62417276283212
79.71189665501389
79.79974416175297
79.88772059513472
79.97583118318856
80.06408106569653
80.15247529002339
80.24101880697377
80.32971646668203
80.41857301454057
80.50759308717328
80.59678120846
80.68614178561766
80.77567910534354
80.86539733002643
80.9553004940319
81.04539250006836
81.13567711563984
81.2261579695912
81.31683854875064
81.40772219467351
81.49881210049102
81.59011130786678
81.68162270406458
81.7733490191307
81.86529282319316
81.9574565238803
82.04984236386053
82.14245241850506
82.23528859367548
82.32835262363801
82.42164606910728
82.51517031542357
82.60892657086777
82.7029158651186
82.79713904785626
82.89159678751594
82.9862895701948
83.08121769871548
83.17638129184888
83.27178028369906
83.36741442325228
83.46328327409196
83.55938621427958
83.6557224364019
83.75229094778433
83.84909057086975
83.94611994376089
84.04337752092431
84.14086157405416
84.23857019309423
84.33650128741783
84.43465258716412
84.53302164472973
84.63160583641536
84.7304023642289
84.82940825784544
84.92862037672444
85.0280354123829
85.1276498908244
85.22746017512294
85.32746246816079
85.42765281551887
85.52802710851894
85.6285810874174
85.72931034474915
85.83021032882097
85.93127634735369
86.03250357127207
86.13388703864156
86.23542165874984
86.33710221633102
86.43892337593049
86.5408796864074
86.64296558557193
86.74517540495482
86.84750337470645
86.94994362862373
87.0524902093032
87.15513707341769
87.25787809711507
87.36070708153615
87.46361775844925
87.56660379599874
87.66965880456475
87.77277634273038
87.87594992335347
87.97917301973918
88.08243907190901
88.18574149296002
88.28907367550757
88.39242899820559
88.49580083233857
88.59918254847983
88.70256752321055
88.80594914589508
88.90932082550765
89.01267599750477
89.11600813073679
89.21931073439103
89.32257736495959
89.42580163322444
89.52897721125285
89.63209783939558
89.73515733328034
89.83814959079169
89.94106859902868
90.04390844123228
90.14666330367416
90.24932748249924
90.35189539051365
90.45436156391034
90.55672066892512
90.6589675084156
90.76109702835598
90.86310432424014
90.96498464738491
91.06673341112483
91.1683461968893
91.26981876015341
91.3711470362546
91.47232714606835
91.57335540153602
91.67422831103696
91.77494258459629
91.87549513891898
91.97588310224162
92.07610381899374
92.17615485426009
92.27603399803562
92.37573926926385
92.47526891964915
92.57462143723276
92.67379554972231
92.772790227564
92.8716046867469
92.97023839132831
93.06869105566982
93.16696264637544
93.2650533839233
93.36296374398357
93.46069445841526
93.55824651593439
93.65562116244693
93.75281990104001
93.84984449162509
93.94669695022735
94.04337954791565
94.13989480936861
94.23624551107405
94.33243467915956
94.42846558685225
94.52434175156661
94.62006693162043
94.71564512257855
94.81108055322493
94.90637768116407
95.00154118805374
95.09657597447078
95.1914871544141
95.2862800494476
95.38096018248682
95.47553327123369
95.57000522126297
95.66438211876509
95.75867022295033
95.85287595811978
95.94700590540894
96.04106679420993
96.13506549327887
96.22900900153552
96.32290443856327
96.41675903481898
96.51058012156209
96.6043751205139
96.6981515332581
96.7919169303946
96.88567894045939
96.97944523862331
97.07322353518354
97.16702156386172
97.26084706992428
97.35470779814004
97.44861148059094
97.54256582435214
97.6365784990583
97.73065712437305
97.82480925737836
97.91904237990086
98.01336388579186
98.1077810681782
98.20230110670086
98.2969310547583
98.39167782677116
98.48654818548509
98.58154872932998
98.6766858798532
98.77196586924383
98.8673947279655
98.96297827251492
99.05872209332283
99.15463154281399
99.25071172364271
99.34696747712
99.44340337184762
99.54002369257402
99.63683242928691
99.73383326655748
99.83102957315127
99.92842439191956
100.02602042998528
100.12382004923727
100.2218252571477
100.32003769792634
100.41845864402437
100.51708898799954
100.6159292347542
100.71497949415838
100.81423947407022
100.91370847376531
101.01338537778604
101.11326865022083
101.21335632942287
101.31364602317733
101.41413490432585
101.51481970685545
101.61569672245871
101.71676179757155
101.81801033089418
101.91943727139987
102.02103711683542
102.12280391271547
102.22473125181232
102.32681227414245
102.42903966745125
102.53140566819665
102.63390206303215
102.7365201907882
102.83925094495093
102.94208477663567
103.04501169805103
103.14802128644878
103.2511026885541
103.35424462547103
103.45743539805703
103.56066289276036
103.66391458791365
103.76717756047678
103.87043849322144
103.97368368234883
104.07689904553233
104.18007013037577
104.28318212327683
104.38621985868444
104.48916782873782
104.59201019327433
104.69473079019308
104.79731314616019
104.89974048764081
105.00199575224183
105.10406160035011
105.20592042705145
105.30755437431417
105.40894534342037
105.51007500762812
105.6109248250472
105.71147605171284
105.81170975484183
105.91160682625586
106.01114799595636
106.11031384583605
106.20908482351142
106.30744125626147
106.40536336505731
106.50283127866821
106.59982504782981
106.69632465946101
106.79231005091597
106.88776112425822
106.98265776054396
107.07697983410199
107.1707072267973
107.26381984226524
107.35629762010333
107.44812055000901
107.5392686858518
107.62972215966923
107.71946119557654
107.80846612358087
107.89671739329108
107.98419558751428
108.07088143572926
108.15675582742873
108.24179982532101
108.32599467838364
108.40932183476062
108.49176295449504
108.57329992208807
108.65391485887542
108.73359013521318
108.81230838246441
108.89005250477899
108.96680569065805
109.04255142429557
109.11727349668948
109.19095601651478
109.26358342075153
109.3351404850604
109.40561233389715
109.47498445035743
109.5432426857441
109.6103732688496
109.67636281494563
109.74119833447392
109.80486724143171
109.86735736144581
109.92865693952913
109.98875464751407
110.04763959115772
110.10530131691431
110.16172981837124
110.21691554234499
110.27084939463398
110.32352274542635
110.37492743436135
110.42505577524358
110.47390056040857
110.52145506473883
110.56771304933014
110.61266876480809
110.6563169542948
110.69865285602626
110.73967220562045
110.77937123799634
110.81774668894528
110.85479579635629
110.89051630109637
110.92490644754744
110.95796498380187
110.98969116151753
111.02008473543313
111.04914596254517
111.07687560094806
111.10327490833859
111.12834564018672
111.1520900475754
111.17451087471173
111.19561135611141
111.2153952134577
111.23386665213641
111.25103035744931
111.26689149050779
111.28145568380958
111.29472903650154
111.3067181093318
111.31742991929505
111.32687193397456
111.33505206558507
111.34197866471996
111.347660513806
111.35210682026937
111.35532720941617
111.3573317170316
111.35813078170068
111.35773523685387
111.35615630254077
111.35340557693647
111.3494950275855
111.34443698238923
111.33824412034326
111.33092946203206
111.32250635988751
111.3129884882201
111.3023898330313
111.29072468161556
111.27800761196082
111.26425348195656
111.2494774184204
111.23369480595535
111.21692127564997
111.19917269363374
111.18046514950073
111.16081494461402
111.1402385803042
111.11875274597493
111.09637430712839
111.07312029332424
111.04900788608576
111.02405440676661
110.99827730439178
110.97169414348515
110.94432259189558
110.9161804086316
110.88728543171375
110.85765556605408
110.82730877137216
110.79626305015667
110.76453643568074
110.73214698007975
110.699112742499
110.66545177731884
110.63118212246458
110.59632178780784
110.56088874366493
110.52490090939865
110.48837614212927
110.45133222556105
110.41378685893075
110.37575764608643
110.3372620847057
110.29831755566296
110.2589413125552
110.21915047139557
110.17896200048348
110.13839271046005
110.09745924455844
110.05617806905845
110.01456546395436
109.9726375138447
109.93041009905347
109.88789888699161
109.84511932376758
109.80208662605584
109.75881577323231
109.71532149978658
109.67161828802047
109.62772036104231
109.5836416760658
109.53939591802181
109.4949964934914
109.45045652496721
109.40578884545029
109.36100599338728
109.31612020795241
109.2711434246777
109.22608727143292
109.18096306475526
109.1357818065277
109.09055418100435
109.04529055217974
109.00000096149769
108.95469512589513
108.90938243617553
108.86407195570725
108.81877241944154
108.77349223324576
108.72823947354665
108.68302188727979
108.63784689213959
108.59272157712384
108.54765270336715
108.50264670525725
108.45770969182787
108.41284744842073
108.36806543860916
108.32336880637558
108.27876237853536
108.23425066739992
108.1898378736704
108.1455278895528
108.10132430208478
108.05723039666464
108.0132491607718
107.96938328786791
107.92563518146801
107.88200695937269
107.83850045805173
107.79511723716962
107.75185858424231
107.70872551941477
107.66571880034815
107.62283892720563
107.58008614772677
107.53746046237973
107.49496162958212
107.45258917098124
107.4103423767856
107.36822031114082
107.32622181754311
107.28434552428291
107.24258984991161
107.20095300872504
107.15943301625725
107.11802769477902
107.07673467879476
107.03555142053165
106.99447519541411
106.95350310751826
106.91263209500084
106.87185893549815
106.83118025148929
106.79059251562012
106.75009205598576
106.70967506137015
106.66933758644245
106.62907555690902
106.58888477461915
106.5487609226235
106.5086995701837
106.46869617773154
106.42874610177614
106.3888445997568
106.34898683484028
106.309167880661
106.2693827260025
106.22962627941968
106.18989337380106
106.15017877087108
106.1104771656312
106.0707831907391
106.0310914208254
105.99139637674715
105.95169252977722
105.91197430572696
105.87223608899875
105.83247222656551
105.7926770318745
105.75284478867296
105.71296975475421
105.67304616562318
105.63306823808055
105.5930301737253
105.5529261623751
105.51275038540562
105.47249701900965
105.43216023737749
105.3917342157997
105.35121313369324
105.3105911775525
105.26986254382801
105.22902144173666
105.18806209600767
105.1469787495681
105.10576566617168
105.06441713297396
105.02292746305748
104.98129099790991
104.93950210985825
104.89755520446191
104.85544472286709
104.81316514412548
104.77071098747841
104.72807681460868
104.68525723186222
104.64224689244075
104.59904049856651
104.5556328036199
104.51201861425044
104.46819279246118
104.42415025766728
104.37988598872936
104.33539502596282
104.29067247312524
104.24571349938434
104.200513341269
104.15506730460571
104.10937076644335
104.0634191769693
104.01720806141871
103.97073302197849
103.92398973968658
103.87697397632745
103.82968157632375
103.7821084686237
103.7342506685836
103.68610427984422
103.63766549619922
103.58893060345358
103.53989598127052
103.49055810500553
103.44091354752581
103.39095898101411
103.34069117875558
103.2901070169066
103.23920347624446
103.18797764389669
103.13642671504849
103.0845479946257
103.03233889895031
102.97979695736555
102.92691981382777
102.87370522846217
102.82015107907873
102.76625536264427
102.71201619670737
102.65743182077162
102.60250059761401
102.54722101454374
102.49159168459684
102.43561134766114
102.37927887152588
102.32259325285051
102.26555361804682
102.20815922406857
102.15040945910161
102.09230384314841
102.0338420285012
101.97502380009857
101.91584907576143
101.85631790630518
101.79643047552631
101.73618710006335
101.67558822913244
101.61463444413809
101.55332645815949
101.49166511531436
101.42965139000248
101.36728638603162
101.3045713356291
101.24150759834251
101.17809665983359
101.11434013056927
101.05023974441369
100.98579735712482
100.92101494476034
100.85589460199694
100.79043854036907
100.72464908643242
100.65852867985775
100.59207987145994
100.525305321168
100.45820779594108
100.39079016763476
100.32305541082083
100.2550066005626
100.18664691014858
100.11797960878603
100.04900805925566
99.97973571552821
99.91016612034407
99.84030290275639
99.7701497756395
99.69971053316415
99.6289890482404
99.55798926992811
99.48671522081595
99.41517099436881
99.34336075224435
99.27128872157864
99.19895919224093
99.12637651405846
99.05354509401168
98.98046939340072
98.90715392498437
98.83360325009455
98.75982197573053
98.68581475163644
98.61158626736467
98.53714124932772
98.46248445784154
98.3876206841639
98.31255474753125
98.23729149219794
98.16183578448063
98.08619250980958
98.01036656978859
97.93436287926427
97.85818636340419
97.78184195478248
97.70533459047188
97.62866920914173
97.55185074816218
97.47488414071411
97.39777431290504
97.32052618089138
97.24314464800803
97.16563460190748
97.08800091171106
97.01024842517513
96.93238196587579
96.85440633041623
96.77632628566101
96.69814656600073
96.61987187065137
96.54150686099246
96.46305615794739
96.38452433941012
96.30591593772266
96.22723543720741
96.14848727175814
96.06967582249246
95.99080541546829
95.91188031946666
95.83290474384313
95.75388283644969
95.67481868162889
95.5957162982823
95.51657963801523
95.43741258335905
95.35821894607233
95.27900246552241
95.19976680714757
95.12051556100033
95.04125224037153
94.9619802804952
94.88270303733435
94.8034237864486
94.7241457219431
94.64487195549776
94.56560551547585
94.48634934611204
94.40710630677978
94.32787917133902
94.2486706275651
94.16948327666029
94.09031963284968
94.01118212306329
93.93207308670543
93.85299477551331
93.77394935350725
93.69493889703512
93.6159653949124
93.5370307486591
93.45813677283417
93.37928519546716
93.30047765858689
93.22171571884672
93.14300084824612
93.06433443494717
92.98571778418358
92.90715211925902
92.82863858263198
92.75017823708373
92.67177206696584
92.59342097952305
92.51512580628747
92.43688730454022
92.35870615883692
92.28058298259492
92.20251831973955
92.12451264640622
92.0465663726955
91.96867984447731
91.89085334523956
91.81308709797649
91.73538126711223
91.6577359604559
91.58015123118462
91.50262707985125
91.42516345641268
91.34776026227466
91.27041735234972
91.19313453712464
91.11591158473486
91.03874822304356
90.96164414172294
90.88459899433649
90.80761240042027
90.73068394756221
90.65381319347755
90.5769996680779
90.50024287553076
90.42354229630637
90.3468973892091
90.27030759338975
90.19377233033485
90.11729100583004
90.0408630118939
89.96448772867966
89.88816452634107
89.81189276686045
89.73567180583636
89.65950099422928
89.5833796800636
89.5073072100843
89.43128293136583
89.35530619287117
89.27937634695893
89.2034927508361
89.12765476795464
89.05186176935005
88.97611313492102
88.9004082546491
88.824746529759
88.74912737382014
88.67355021378982
88.59801449099886
88.52251966208046
88.44706519984281
88.37165059408646
88.29627535236652
88.22093900070153
88.14564108423023
88.07038116781784
87.99515883661279
87.91997369655421
87.84482537483055
87.76971352028968
87.69463780380048
87.61959791856569
87.5445935803854
87.469624527869
87.39469052259406
87.31979134921042
87.24492681548853
87.17009675231182
87.09530101361307
87.02053947625475
86.94581203985379
86.87111862655118
86.79645918072666
86.72183366865798
86.64724207812449
86.57268441795432
86.49816071751471
86.42367102614585
86.34921541253928
86.27479396406343
86.20040678603996
86.12605400097382
86.05173574773963
85.9774521807266
85.90320346894524
85.8289897950988
85.75481135462249
85.68066835469213
85.60656101320413
85.53248955772702
85.4584542244252
85.38445525695593
85.31049290534011
85.23656742480628
85.16267907460727
85.0888281168092
85.01501481505252
84.94123943328512
84.86750223446828
84.79380347925704
84.72014342465539
84.64652232264692
84.57294041880246
84.49939795086678
84.42589514732643
84.35243222596242
84.27900939239194
84.20562683860479
84.13228474149983
84.05898326142747
83.9857225407425
83.91250270237221
83.83932384840433
83.76618605869909
83.69308938952862
83.62003387224765
83.54701951199856
83.47404628645428
83.4011141446016
83.3282230055669
83.25537275748663
83.18256325642484
83.10979432533863
83.03706575309162
82.96437729351591
82.89172866452294
82.81911954726503
82.74654958534803
82.67401838409593
82.60152550986813
82.52907048943077
82.45665280938421
82.38427191564871
82.3119272130099
82.23961806472529
82.1673437921935
82.09510367468796
82.02289694915716
81.95072281009358
81.87858040947357
81.8064688567696
81.73438721903621
81.66233452107055
81.59030974564804
81.51831183383287
81.44633968536324
81.37439215911105
81.30246807361529
81.23056620768797
81.15868530109186
81.08682405528829
81.01498113425318
80.94315516535904
80.87134474031963
80.79954841619453
80.72776471645194
80.65599213208715
80.58422912279492
80.51247411819476
80.44072551910678
80.36898169887628
80.2972410047454
80.22550175926905
80.1537622617724
80.08202078984665
80.01027560087948
79.93852493361635
79.86676700974965
79.79500003553301
79.72322220341925
79.65143169372072
79.57962667629056
79.50780531222483
79.4359657555857
79.36410615514558
79.29222465615237
79.22031940211605
79.14838853661718
79.07643020513808
79.0044425569165
78.93242374682109
78.86037193724712
78.7882853000308
78.71616201837946
78.64400028881494
78.57179832312636
78.4995543503295
78.42726661862912
78.35493339738093
78.28255297905037
78.21012368116476
78.13764384825572
78.06511185378861
77.99252610207543
77.9198850301675
77.84718710972368
77.77443084885056
77.70161479391106
77.62873753129816
77.55579768917153
77.48279393915561
77.40972499799784
77.3365896291865
77.26338664452783
77.1901149056821
77.11677332565864
77.04336087026957
76.96987655954194
76.89631946908855
76.82268873143687
76.74898353731533
76.67520313689454
76.60134684098068
76.52741402215781
76.45340411587586
76.37931662148048
76.30515110318163
76.23090719095717
76.15658458138773
76.08218303841943
76.0077023940513
75.93314254894425
75.85850347294796
75.783785205542
75.70898785618861
75.63411160459462
75.55915670088073
75.48412346565657
75.40901228999995
75.33382363533995
75.25855803324394
75.18321608510892
75.10779846175761
75.03230590293991
74.95673921674016
74.88109927889057
74.80538703199134
74.72960348463799
74.65374971045672
74.57782684704931
74.5018360948494
74.4257787158915
74.3496560324944
74.27346942585994
74.19722033458832
74.12091025311132
74.04454073004557
73.96811336646805
73.89162981411572
73.81509177351153
73.73850099201887
73.66185926182662
73.58516841786694
73.50843033566808
73.431646929145
73.35482014833097
73.27795197705335
73.20104443055719
73.12409955308088
73.04711941538743
72.97010611225453
72.89306175992708
72.8159884935357
72.73888846448521
72.66176383781765
72.58461678955364
72.50744950401638
72.43026417114213
72.35306298378173
72.27584813499816
72.1986218153642
72.12138621026443
72.04414349720483
71.96689584313324
71.88964540177372
71.81239431097836
71.73514469010016
71.65789863738999
71.5806582274204
71.50342550853887
71.42620250035307
71.34899119125046
71.27179353595423
71.19461145311723
71.11744682295509
71.0403014849197
70.96317723541503
70.88607582555753
70.80899895898355
70.73194828970676
70.6549254200282
70.57793189850165
70.50096921795702
70.42403881358493
70.34714206108524
70.27028027488277
70.19345470641358
70.11666654248458
70.03991690370864
69.96320684301745
69.8865373442537
69.80990932084339
69.73332361454854
69.6567809943003
69.58028215511169
69.5038277170689
69.42741822440021
69.3510541446208
69.27473586775218
69.19846370561541
69.12223789119778
69.04605857809307
68.96992584001558
68.89383967038853
68.81779998200673
68.7418066067734
68.66585929551105
68.58995771784727
68.5141014621761
68.43829003569648
68.3625228645292
68.2867992939132
68.21111858848089
68.1354799326108
68.05988243085609
67.9843251084459
67.90880691185784
67.83332670945914
67.757883292214
67.68247537445457
67.60710159471348
67.53176051661553
67.45645062982608
67.38117035105343
67.30591802510237
67.23069192597616
67.15549025802461
67.08031115713636
67.00515269197429
66.93001286525346
66.8548896150606
66.77978081621411
66.70468428166403
66.62959776393184
66.55451895658992
66.47944549578001
66.40437496176965
66.32930488054463
66.25423272543561
66.1791559187758
66.10407183358679
66.02897779529043
65.95387108344495
65.87874893350342
65.80360853859317
65.72844705131548
65.65326158556458
65.57804921836522
65.50280699172845
65.42753191452505
65.35222096437622
65.27687108956047
65.20147921093576
65.1260422238758
65.0505570002195
64.97502039023249
64.8994292245797
64.8237803163085
64.74807046284207
64.6722964479822
64.59645504392029
64.52054301325529
64.44455711101762
64.36849408669707
64.29235068627332
64.21612365424727
64.13980973567186
64.06340567818074
63.98690823401279
63.91031416203117
63.833620229735686
63.75682321526665
63.67991990939868
63.60290711752231
63.525781661611404
63.448540382174144
63.37118014018637
63.2936978190063
63.216090326269914
63.13835459576671
63.06048758929591
62.982486298503595
62.90434774670086
62.82606899066263
62.74764712240641
62.66907927094979
62.59036260404525
62.51149432989052
62.43247169881237
62.3532920049223
62.27395258774248
62.19445083379963
62.114784178184316
62.034950106072976
61.95494615421
61.87476991234745
61.79441902464037
61.713891190995746
61.63318416837375
61.55229577204055
61.47122387677216
61.38996641800905
61.308521392960515
61.22688686165826
61.14506094795949
61.06304184049945
60.98082779359366
60.89841712808986
60.81580823216949
60.73299956209881
60.649989642929754
60.56677706915069
60.48336050528728
60.39973868645329
60.315910418850805
60.23187458021941
60.14763012023353
60.063176060847624
59.978511496589064
59.89363559479816
59.80854759581505
59.72324681311367
59.63773263338292
59.55200451655461
59.46606199577773
59.379904677338665
59.29353224052736
59.20694443744967
59.12014109278588
59.033122103494954
58.94588743846473
58.85843713810855
58.770771313909314
58.682890147911884
58.594793892165036
58.50648286811387
58.41795746594321
58.32921814387189
58.24026542739811
58.151099908495866
58.06172224476282
57.97213315851971
57.882333435861796
57.792323925663
57.70210553853374
57.611679245733825
57.52104607804117
57.43020712457749
57.339163531591595
57.247916501201104
57.156467290093616
57.06481720818849
56.97296761726059
56.880919929527494
56.78867560620134
56.69623615600685
56.603603133667065
56.5107781383588
56.417762812139834
56.324558838349695
56.231167939985845
56.137591878056945
56.043832449915236
55.94989148757033
55.85577085598654
55.761472451365954
55.66699819941973
55.57235005363
55.47752999350487
55.3825400228288
55.287382167910344
55.19205847582966
55.096571012688365
55.00092186186364
54.90511312226831
54.809146906618444
54.71302533970978
54.61675055670511
54.520324701434745
54.423749924712425
54.327028382668416
54.23016223510116
54.133153643847905
54.03600477117489
53.938717778187495
53.84129482326104
53.74373806049262
53.64604963817523
53.54823169729583
53.450286370059715
53.35221577844284
53.25402203277373
53.15570723034615
53.05727345406383
52.958722771118815
52.86005723170503
52.761278867768866
52.662389691798595
52.563391695654225
52.46428684943948
52.36507710041747
52.265764371971564
52.16635056261266
52.06683754503394
51.96722716521413
51.86752124157045
51.767721564162635
51.66782989394904
51.5678479620961
51.46777746934254
51.36762008541911
51.267377448525004
51.167051164862194
51.06664280822839
50.96615391966913
50.86558600719014
50.76494054553064
50.664218975998615
50.563422706368556
50.46255311084252
50.36161153007447
50.26059927125806
50.15951760827738
50.058367781920026
49.957151000151725
49.85586843845124
49.75452124020393
49.65311051715224
49.551637349900545
49.45010278847144
49.348507852910586
49.246853533936985
49.14514079363556
49.04337056618937
48.94154375864929
48.83966125173919
48.73772390069456
48.63573253613265
48.53368796495152
48.431590971255666
48.3294423173059
48.2272427444908
48.1249929743169
48.022693709414504
47.92034563455598
47.81794941768367
47.71550571094473
47.61301515172993
47.51047836371378
47.40789595789334
47.30526853362334
47.202596679645005
47.09988097510597
46.997121990569376
46.89432028901046
46.79147642679896
46.68859095466586
46.585664418652804
46.482697361042874
46.37969032127164
46.276643836816945
46.17355844406602
46.070434679158424
45.9672730788037
45.86407418107238
45.76083852615942
45.657566657119034
45.55425912057079
45.450916467376075
45.34753925328492
45.24412803955316
45.14068339353052
45.0372058892202
44.93369610781092
44.83015463818229
44.726582077384236
44.62297903109116
44.51934611403162
44.41568395039387
44.31199317420764
44.208274429702534
44.10452837164335
44.00075566564292
43.89695698845296
43.79313302823349
43.689284484801
43.58541206985522
43.481516507184416
43.37759853284948
43.27365889534716
43.16969835575302
43.0657176878448
42.96171767820696
42.857699126316994
42.753662844613906
42.64960965854838
42.5455404066141
42.4414559403592
42.3373571243765
42.23324483627161
42.12911996660765
42.024983418825826
41.92083610914037
41.81667896640707
41.71251293196522
41.60833895945294
41.50415801459596
41.399971074969386
41.295779129731244
41.19158317932718
41.08738423516618
40.98318331926666
40.87898146387235
40.77477971103812
40.67057911218578
40.566380727630616
40.4621856260799
40.35799488410484
40.25380958558728
40.149630821141635
40.0454596875127
39.94129728694977
39.837144726557845
39.733003117626275
39.62887357493562
39.52475721604318
39.420655160547675
39.31656852933386
39.21249844379755
39.1084460250511
39.0044123931091
38.90039866605425
38.796405959183765
38.69243538413658
38.58848804800177
38.48456505240832
38.38066749259658
38.27679645647188
38.17295302364081
38.06913826443066
37.96535323889226
37.86159899578628
37.75787657155321
37.65418698926722
37.550531257574065
37.44691036961355
37.343325301927294
37.239777013353276
37.13626644390861
37.032794513662694
36.92936212160306
36.82597014449654
36.722619435748314
36.619310824261404
36.51604511329877
36.4128230793505
36.309645471007954
36.20651300784674
36.103426379320105
36.000386243664515
35.89739322681945
35.79444792136403
35.69155088547277
35.588702641892816
35.48590367694516
35.383154439551966
35.280455340291674
35.177806750483406
35.07520900130181
34.97266238292372
34.87016714370822
34.76772348941194
34.665331582441986
34.56299154114874
34.46070343916066
34.35846730476252
34.256283120318564
34.154150821742036
34.05207029801281
33.95004139074493
33.8480638938058
33.7461375529887
33.64426206573981
33.54243708094111
33.44066219875003
33.338936970496434
33.23726089863726
33.13563343676901
33.03405398969801
32.932521913568564
32.83103651604938
32.729597056578314
32.628202746665295
32.52685275025314
32.4255461841359
32.32428211843424
32.223059577127
32.12187753863744
32.020734936473126
31.919630659918337
31.818563554777736
31.71753242416971
31.616536029367886
31.515573090689053
31.414642288425703
31.31374226382163
31.212871620088855
31.112028923464344
31.01121270430496
30.910421458218785
30.809653647231208
30.708907700984117
30.608182017966516
30.507474966774982
30.40678488740271
30.306110092555617
30.205448868993972
30.10479947889802
30.004160161256
29.90352913327327
29.802904591801212
29.70228471478474
29.60166766272725
29.501051580172017
29.400434597198924
29.299814830935517
29.199190387081146
29.098559361442923
28.997919841482073
28.89726990786913
28.796607636046488
28.695931097796784
28.595238362815746
28.494527500287983
28.393796580464407
28.293043676240114
28.192266864731447
28.091464228851247
27.990633858881278
27.88977385404065
27.788882324049165
27.687957390684495
27.586997189332273
27.48599987052811
27.384963601490803
27.283886567646057
27.182766974140016
27.081603047341623
26.980393036332778
26.879135214385236
26.777827880423253
26.676469360471035
26.575058009084078
26.47359221076366
26.37207038135384
26.270490969420084
26.16885245760864
26.067153363985543
25.965392243354106
25.863567688549754
25.761678331711128
25.659722845526176
25.557699944451628
25.455608385904156
25.35344697142176
25.251214547793893
25.14891000815902
25.04653229306814
24.94408039151284
24.84155334191678
24.738950233089525
24.636270205141724
24.533512450360487
24.430676214044095
24.32776079529506
24.224765547770797
24.121689880391212
24.01853325800249
23.915295201996255
23.811975290883392
23.70857316082171
23.605088506096788
23.50152107955534
23.39787069299063
23.294137217479282
23.190320583668857
23.086420782015686
22.98243786297271
22.878371937127092
22.774223175287624
22.669991808521807
22.565678128142558
22.461282485644336
22.35680529258865
22.252247020438876
22.14760820034464
22.04288942287612
21.93809133770863
21.833214653257972
21.728260136267
21.623228611344036
21.51812096045366
21.412938122360647
21.307681092027465
21.202350919965923
21.096948711543646
20.9914756262463
20.885932876896547
20.780321728830742
20.674643499034218
20.568899555236086
20.463091314964643
20.357220244564687
20.251287858177918
20.14529571668775
20.03924542663007
19.93313863907154
19.826977048457433
19.72076239143085
19.614496445625274
19.508181028432556
19.401817995748086
19.29540924069506
19.188956692329565
19.08246231432822
18.975928103660046
18.869356089244242
18.76274833059555
18.656106916458647
18.549433963432968
18.44273161458907
18.336002038077716
18.22924742573273
18.12246999166883
18.015671970875324
17.908855617806573
17.80202320497016
17.69517702151366
17.588319371811014
17.481452574049275
17.37457895881656
17.26770086769199
17.160820651838296
17.053940670597857
16.947063290092817
16.840190881830114
16.73332582131214
16.626470486653787
16.51962725720672
16.412798512191685
16.305986629339642
16.19919398354253
16.092422945514357
15.985675880463475
15.87895514677669
15.772263094716081
15.665602065129347
15.558974388174532
15.452382382060064
15.345828351801073
15.23931458799302
15.13284336560366
15.026416942784405
14.920037559702092
14.813707437392164
14.707428776634242
14.601203756851032
14.495034535031616
14.38892324468018
14.282871994791245
14.176882868852426
14.070957923875577
13.965099189457087
13.859308666868067
13.753588328175205
13.647940115393148
13.542365939669274
13.436867680501742
13.331447184991582
13.226106267129614
13.120846707118877
13.015670250733242
12.91057860871283
12.805573456196774
12.700656432193773
12.59582913909087
12.491093142200814
12.386449969348352
12.281901110495713
12.177448017407361
12.07309210335406
11.968834742856233
11.864677271466421
11.76062098559055
11.65666714234766
11.55281695946782
11.449071615227867
11.345432248424473
11.241899958384153
11.138475805009676
11.035160808862344
10.931955951279505
10.828862174526648
10.725880381983215
10.62301143836133
10.520256169956566
10.4176153649298
10.315089773619134
10.212680108880901
10.110387046458765
10.008211225379934
9.906153248377475
9.8042136823377
9.70239305877173
9.600691874310282
9.499110591220695
9.397649637945117
9.296309409658855
9.195090268847858
9.093992545904337
8.993016539739608
8.892162518413203
8.791430719777338
8.690821352135885
8.59033459491689
8.489970599357697
8.389729489201706
8.289611361405747
8.189616286857058
8.089744311098853
7.989995455063633
7.890369715813447
7.790867067286248
7.69148746104752
7.5922308270462695
7.493097074374586
7.394086092029969
7.295197749679684
7.196431898426422
7.097788371574505
6.999266985395823
6.900867539894672
6.802589819570651
6.704433594178768
6.606398619485875
6.508484638022595
6.410691379829921
6.313018563199628
6.215465895407725
6.1180330734402375
6.0207197847106
5.923525707768007
5.826450512996131
5.729493863301669
5.632655414792138
5.535934817442401
5.439331715749345
5.342845749374176
5.24647655377179
5.1502237608067505
5.0540869993553885
4.958065895893558
4.862160075069642
4.766369160262354
4.670692774122901
4.575130539101198
4.4796820779558315
4.384347014247501
4.289124972815676
4.194015580238245
4.099018465273919
4.004133259287198
3.9093595966557446
3.81469711515997
3.7201454563547216
3.625704265922959
3.5313731940113473
3.4371518955477174
3.3430400305403642
3.2490372643591656
3.1551432679985028
3.0613577183220126
2.96768029828924
2.8741106971642316
2.780648610706156
2.6872937413420823
2.594045798322068
2.5009044978567307
2.4078695632374867
2.314940724939674
2.2221177207087996
2.129400295630183
2.0367882021823105
1.944281200274237
1.8518790572673949
1.759581547982208
1.6673884546899271
1.5752995670901497
1.4833146822745045
1.391433604677
1.2996561460115506
1.2079821251972087
1.1164113682716454
1.024943708293449
0.9335789852338244
0.8423170458582981
0.7511577435990543
0.6601009384185486
0.569146496665039
0.47829429092069287
0.38754419984293587
0.2968961079997103
0.20634990569930806
0.11590548881545286
0.0255627586083055
-0.06467837845792906
-0.1548180109001112
-0.2448562224033072
-0.33479309200927426
-0.4246286943056045
-0.5143630996148425
-0.6039963741828929
-0.6935285803660354
-0.7829597768158691
-0.8722900186615163
-0.9615193576884267
-1.0506478425131358
-1.1396755187533454
-1.2286024291927022
-1.3174286139396643
-1.4061541105798567
-1.4947789543213454
-1.5833031781322653
-1.6717268128702776
-1.7600498874033481
-1.8482724287213506
-1.9363944620380196
-2.0244160108828146
-2.112337097182269
-2.200157741330443
-2.287877962248137
-2.375497777430525
-2.4630172029829063
-2.5504362536442775
-2.6377549427984404
-2.7249732824723796
-2.8120912833217058
-2.899108954603008
-2.9860263041330235
-3.0728433382345526
-3.1595600616690978
-3.246176477556216
-3.332692587279582
-3.419108390379781
-3.5054238844339145
-3.5916390649221004
-3.677753925080969
-3.7637684557442683
-3.8496826451707364
-3.9354964788594584
-4.021209939352906
-4.106823006027905
-4.192335654874767
-4.2777478582648705
-4.36305958470702
-4.4482707985929935
-4.533381459932677
-4.618391524079205
-4.7033009414444935
-4.788109657205632
-4.872817611002582
-4.957424736627681
-5.041930961707459
-5.126336207377273
-5.2106403879492635
-5.29484341057414
-5.378945174897306
-5.462945572709894
-5.546844487595268
-5.630641794571548
-5.7143373597306315
-5.797931039874218
-5.881422682147349
-5.9648121236699545
-6.048099191166994
-6.131283700597838
-6.21436545678547
-6.297344253046146
-6.3802198708201745
-6.462992079304397
-6.545660635086959
-6.6282252817849905
-6.710685749685856
-6.793041755392599
-6.875293001474133
-6.957439176120785
-7.039479952805784
-7.1214149899533075
-7.203243930613708
-7.284966402146495
-7.366582015911732
-7.448090366970547
-7.529491033795459
-7.610783577991299
-7.691967544027464
-7.773042458982268
-7.854007832300099
-7.934863155562007
-8.015607902270327
-8.096241527647878
-8.17676346845226
-8.257173142805806
-8.337469950041745
-8.417653270567124
-8.49772246574314
-8.577676877783349
-8.657515829670192
-8.737238625090402
-8.81684454838987
-8.896332864548508
-8.975702819175634
-9.054953638526396
-9.13408452953976
-9.213094679898514
-9.291983258111788
-9.370749413620507
-9.449392276926117
-9.527910959742824
-9.606304555173578
-9.684572137910036
-9.762712764456692
-9.840725473379278
-9.918609285577544
-9.996363204582506
-10.073986216878266
-10.1514772922485
-10.228835384147715
-10.306059430097235
-10.383148352105891
-10.460101057115367
-10.53691643747024
-10.61359337141279
-10.69013072360255
-10.766527345660407
-10.842782076736995
-10.918893744105008
-10.994861163775072
-11.070683141134767
-11.146358471610187
-11.2218859413494
-11.29726432792714
-11.372492401069865
-11.447568923400285
-11.522492651200425
-11.597262335192356
-11.67187672133568
-11.746334551640889
-11.820634564997807
-11.894775498018323
-11.968756085892625
-12.042575063258159
-12.116231165080425
-12.189723127544728
-12.263049688958052
-12.33620959066032
-12.40920157794432
-12.482024400983537
-12.554676815767044
-12.627157585040441
-12.699465479251904
-12.77159927750231
-12.843557768498533
-12.915339751508958
-12.986944037320148
-13.058369449193725
-13.129614823822328
-13.200679012283407
-13.271560880989616
-13.342259312634589
-13.412773207133021
-13.483101482554012
-13.553243076046606
-13.623196944756451
-13.692962066732342
-13.762537441821543
-13.831922092552752
-13.901115065005548
-13.97011542966522
-14.038922282261886
-14.107534744592748
-14.175951965326385
-14.244173120787986
-14.312197415724379
-14.380024084047756
-14.447652389556916
-14.515081626634847
-14.582311120921526
-14.649340229960922
-14.71616834382129
-14.782794885687887
-14.849219312427275
-14.915441115122357
-14.981459819577406
-15.047274986792413
-15.112886213406167
-15.178293132107552
-15.243495412014578
-15.308492759020734
-15.373284916108158
-15.437871663627174
-15.502252819541663
-15.566428239639702
-15.630397817708964
-15.694161485676556
-15.757719213713013
-15.821071010300228
-15.884216922263233
-15.947157034765892
-16.00989147127059
-16.07242039346202
-16.1347440011354
-16.196862532049323
-16.258776261743733
-16.320485503323297
-16.381990607206646
-16.443291960841762
-16.504389988387757
-16.565285150363408
-16.625977943262782
-16.686468899138447
-16.746758585152946
-16.806847603099357
-16.86673658889174
-16.926426212026485
-16.985917175015487
-17.045210212792085
-17.10430609209058
-17.163205610800247
-17.221909597294854
-17.280418909738813
-17.33873443537101
-17.396857089767224
-17.454787816081918
-17.512527584270046
-17.570077390289654
-17.627438255286265
-17.684611224760133
-17.74159736771735
-17.798397775805842
-17.85501356243724
-17.91144586189562
-17.96769582843415
-18.02376463536068
-18.07965347411336
-18.135363553327227
-18.190896097892566
-18.246252348005815
-18.30143355821389
-18.356440996452708
-18.411275943080685
-18.465939689908257
-18.52043353922443
-18.57475880282161
-18.628916801020015
-18.682908861693026
-18.736736319294696
-18.790400513890777
-18.843902790194452
-18.897244496608014
-18.95042698427162
-19.00345160612014
-19.056319715948863
-19.109032667488723
-19.161591813491704
-19.21399850482701
-19.266254089589047
-19.318359912218348
-19.370317312636622
-19.42212762539706
-19.473792178850864
-19.52531229433101
-19.576689285354213
-19.627924456842415
-19.679019104364762
-19.729974513400954
-19.7807919586268
-19.83147270322298
-19.882017998207807
-19.932429081794773
-19.982707178775435
-20.032853499928514
-20.08286924145603
-20.13275558444736
-20.18251369437204
-20.2321447206023
-20.28164979596611
-20.331030036331505
-20.380286540222677
-20.429420388468294
-20.47843264388252
-20.527324350979097
-20.576096535718687
-20.624750205289285
-20.673286347919355
-20.72170593272345
-20.770009909579965
-20.818199209040937
-20.866274742273742
-20.914237401034125
-20.96208805766987
-21.00982756515428
-21.05745675714864
-21.104976448092696
-21.152387433322286
-21.19969048921352
-21.246886373352947
-21.29397582473295
-21.340959563971563
-21.387838293555983
-21.43461269810872
-21.48128344467504
-21.527851183030645
-21.574316546008287
-21.620680149842297
-21.666942594530024
-21.71310446420905
-21.759166327548865
-21.805128738155656
-21.850992234988933
-21.896757342788884
-21.942424572513442
-21.98799442178422
-22.03346737534015
-22.078843905497635
-22.124124472615918
-22.169309525566618
-22.214399502206064
-22.259394829849313
-22.30429592574474
-22.34910319754779
-22.39381704379265
-22.43843785436026
-22.482966010941297
-22.527401887492815
-22.57174585068718
-22.61599826035207
-22.660159469900364
-22.704229826748914
-22.748209672725366
-22.7920993444623
-22.835899173778003
-22.879609488043187
-22.923230610533196
-22.9667628607652
-23.01020655481976
-23.053562005646043
-23.096829523349797
-23.140009415463183
-23.18310198719543
-23.22610754166324
-23.269026380100073
-23.311858802043375
-23.354605105499004
-23.39726558708226
-23.439840542135144
-23.482330264819424
-23.524735048185207
-23.56705518421508
-23.609290963844003
-23.651442676955455
-23.69351061235419
-23.735495057716196
-23.777396299516415
-23.819214622934812
-23.860950311741693
-23.902603648162984
-23.944174912726215
-23.98566438408766
-24.027072338841055
-24.068399051308337
-24.109644793312544
-24.15080983393337
-24.191894439246074
-24.232898872044405
-24.273823391547797
-24.314668253093135
-24.355433707811603
-24.39612000229103
-24.43672737822418
-24.477256072043208
-24.51770631454072
-24.55807833047793
-24.598372338180685
-24.638588549124297
-24.678727167508345
-24.718788389822794
-24.758772404406603
-24.79867939099991
-24.838509520291087
-24.878262953459956
-24.917939841718482
-24.957540325850136
-24.997064535748923
-25.03651258995912
-25.07588459521681
-25.115180645994304
-25.154400824048555
-25.19354519797442
-25.232613822763586
-25.27160673936992
-25.31052397428191
-25.349365539102866
-25.388131430139357
-25.426821627998425
-25.46543609719389
-25.503974785762342
-25.542437624889505
-25.58082452854764
-25.619135393144706
-25.65737009718619
-25.695528500950267
-25.733610446176804
-25.77161575577076
-25.809544233520533
-25.847395663832053
-25.885169811479464
-25.922866421373094
-25.960485218345575
-25.998025906957075
-26.03548817132033
-26.07287167494615
-26.11017606060988
-26.147400950239437
-26.184545944825537
-26.22161062435486
-26.258594547766926
-26.29549725293534
-26.33231825667402
-26.369057054768966
-26.405713122035955
-26.442285912404536
-26.47877485902847
-26.51517937442258
-26.5514988506257
-26.587732659389182
-26.62388015239042
-26.659940661470664
-26.69591349889631
-26.731797957642748
-26.76759331169972
-26.803298816397067
-26.838913708749878
-26.87443720782226
-26.90986851510899
-26.945206814934686
-26.980451274870084
-27.015601046165152
-27.05065526419883
-27.085613048945213
-27.120473505456026
-27.15523572435921
-27.189898782373454
-27.224461742838564
-27.25892365626131
-27.29328356087617
-27.327540483220297
-27.361693438722362
-27.395741432305094
-27.429683459001147
-27.46351850458199
-27.497245546199615
-27.530863553040653
-27.56437148699242
-27.59776830332057
-27.631052951358264
-27.66422437520702
-27.697281514449223
-27.730223304872105
-27.76304867920296
-27.795756567855328
-27.828345899685665
-27.860815602760077
-27.893164605130515
-27.925391835619557
-27.957496224612633
-27.989476704856706
-28.021332212264632
-28.053061686724497
-28.08466407291328
-28.11613832111436
-28.147483388038577
-28.1786982376484
-28.209781841984576
-28.240733181994326
-28.27155124836028
-28.302235042329098
-28.332783576538585
-28.363195875841964
-28.393470978128047
-28.423607935136285
-28.45360581326582
-28.483463694377487
-28.513180676587748
-28.54275587505344
-28.57218842274636
-28.601477471216636
-28.630622191343715
-28.659621774073965
-28.688475431143953
-28.717182395788537
-28.745741923432885
-28.774153292367597
-28.802415804406134
-28.830528785523594
-28.85849158647616
-28.886303583400288
-28.913964178390668
-28.9414728000562
-28.968828904053364
-28.996031973596526
-29.02308151994495
-29.049977082866004
-29.076718231074008
-29.10330456264401
-29.129735705399806
-29.156011317275752
-29.182131086651705
-29.208094732660665
-29.23390200546876
-29.259552686527254
-29.285046588796458
-29.3103835569413
-29.335563467498385
-29.360586229014526
-29.38545178215656
-29.410160099792417
-29.43471118704323
-29.459105081306458
-29.48334185224962
-29.507421601774464
-29.531344463951452
-29.555110604924632
-29.578720222786924
-29.602173547426016
-29.625470840341134
-29.64861239443098
-29.671598533753436
-29.694429613257594
-29.717106018488632
-29.739628165265795
-29.76199649933366
-29.784211495986707
-29.80627365966725
-29.828183523537117
-29.84994164902383
-29.87154862534231
-29.893005068992974
-29.91431162323715
-29.935468957550935
-29.956477767058455
-29.97733877194568
-29.998052716855877
-30.018620370268135
-30.03904252386013
-30.059319991856423
-30.079453610363313
-30.09944423669131
-30.119292748666393
-30.13900004393113
-30.15856703923657
-30.17799466972593
-30.1972838882111
-30.21643566444305
-30.235450984377277
-30.254330849435572
-30.27307627576553
-30.29168829349916
-30.31016794601197
-30.328516289183707
-30.346734390662018
-30.3648233291303
-30.38278419358087
-30.4006180825946
-30.418326103627916
-30.43590937230803
-30.45336901173732
-30.470706151807686
-30.487921928525562
-30.505017483348208
-30.521993962531692
-30.53885251649106
-30.555594299173432
-30.57222046744459
-30.58873218048944
-30.605130599226637
-30.621416885737514
-30.637592202709325
-30.65365771289245
-30.66961457857121
-30.685463961048068
-30.701207020141023
-30.7168449136941
-30.73237879710069
-30.747809822839198
-30.76313914002034
-30.778367893945553
-30.793497225675875
-30.80852827161038
-30.82346216307334
-30.83830002590926
-30.85304298008509
-30.86769213929912
-30.882248610596175
-30.896713493988667
-30.911087882083333
-30.925372859713317
-30.939569503575196
-30.95367888187067
-30.967702053952618
-30.98164006997541
-30.9954939705494
-31.009264786399708
-31.022953538029494
-31.036561235387747
-31.050088877541636
-31.063537452353724
-31.076907936164186
-31.090201293478312
-31.103418476659837
-31.116560425630578
-31.129628067576757
-31.14262231666217
-31.15554407374836
-31.168394226121762
-31.18117364722795
-31.193883196413168
-31.206523718673026
-31.21909604440833
-31.231600989188024
-31.24403935351907
-31.256411922623442
-31.26871946622211
-31.280962738325854
-31.293142477032518
-31.3052594043304
-31.317314225907694
-31.329307630967918
-31.341240292051282
-31.353112864862027
-31.36492598810193
-31.376680283310094
-31.38837635470921
-31.400014789058446
-31.411596155513166
-31.42312100549165
-31.434589872549054
-31.446003272258565
-31.457361702099917
-31.468665641355273
-31.47991555101285
-31.491111873678733
-31.50225503349742
-31.51334543608155
-31.524383468451305
-31.53536949898418
-31.546303877375948
-31.557186934613384
-31.568018982959416
-31.578800315951383
-31.589531208413007
-31.60021191648042
-31.61084267764241
-31.621423710794915
-31.631955216309905
-31.642437376119034
-31.652870353812347
-31.66325429475225
-31.673589326202915
-31.683875557475485
-31.694113080089178
-31.704301967948222
-31.71444227753457
-31.72453404811625
-31.734577301971253
-31.74457204462652
-31.754518265111468
-31.76441593622567
-31.77426501481997
-31.78406544209042
-31.793817143884464
-31.803520031018987
-31.813173999609685
-31.82277893141139
-31.832334694168647
-31.84184114197583
-31.851298115646042
-31.860705443088218
-31.870062939691845
-31.87937040871844
-31.88862764169914
-31.897834418837586
-31.90699050941711
-31.916095672211352
-31.925149655897396
-31.93415219947033
-31.943103032658453
-31.952001876338638
-31.960848442951455
-31.969642436915958
-31.97838355504393
-31.987071486953365
-31.995705915481064
-32.00428651709444
-32.01281296230292
-32.02128491606908
-32.02970203821957
-32.03806398385541
-32.0463704037617
-32.05462094481635
-32.06281525039748
-32.070952960789015
-32.07903371358398
-32.087057144084525
-32.095022885698
-32.10293057032874
-32.11077982876506
-32.1185702910615
-32.12630158691627
-32.1339733460438
-32.14158519854209
-32.14913677525442
-32.15662770812489
-32.16405763054652
-32.171426177700766
-32.178732986886786
-32.185977697839064
-32.19315995303165
-32.20027939796765
-32.20733568145215
-32.214328455846754
-32.2212573773036
-32.22812210597692
-32.234922306210024
-32.24165764669593
-32.248327800610156
-32.25493244571447
-32.261471264430355
-32.26794394388111
-32.27435017590204
-32.280689657017916
-32.286962088387156
-32.29316717571257
-32.29930462911835
-32.30537416299393
-32.31137549580558
-32.31730834987718
-32.323172451141176
-32.328967528860744
-32.334693315324586
-32.34034954551558
-32.345935956754914
-32.35145228832317
-32.35689828105987
-32.36227367694346
-32.367578218654074
-32.37281164912105
-32.37797371105708
-32.38306414648113
-32.38808269623229
-32.393029099477076
-32.397903093212705
-32.402704411768866
-32.407432786310636
-32.41208794434479
-32.41666960923166
-32.421177499704555
-32.42561132939858
-32.42997080639074
-32.434255632753604
-32.438465504124395
-32.44260010929193
-32.44665912980378
-32.45064223959599
-32.454549104648095
-32.4583793826653
-32.46213272278982
-32.46580876534273
-32.4694071415978
-32.47292747358853
-32.476369373949495
-32.479732445793275
-32.48301628262405
-32.48622046828925
-32.48934457696993
-32.4923881732106
-32.495350811989084
-32.49823203882727
-32.501031389943705
-32.5037483924489
-32.50638256458416
-32.50893341600491
-32.51140044810907
-32.51378315441099
-32.51608102096094
-32.51829352681045
-32.52042014452334
-32.52246034073204
-32.52441357673851
-32.526279309159236
-32.52805699061358
-32.52974607045448
-32.53134599554042
-32.53285621104763
-32.53427616132112
-32.53560529076307
-32.53684304475729
-32.537988870628
-32.53904221863135
-32.54000254297799
-32.540869302885085
-32.541641963656275
-32.542319997787615
-32.54290288609806
-32.54339011888251
-32.54378119708542
-32.544075633493264
-32.544272953943704
-32.54437269854941
-32.5443744229342
-32.54427769947958
-32.54408211857995
-32.543787289904856
-32.543392843666595
-32.542898431891274
-32.54230372969133
-32.5416084365375
-32.54081227752849
-32.53991500465631
-32.53891639806557
-32.53781626730449
-32.53661445256549
-32.535310825912916
-32.533905292495945
-32.53239779174399
-32.530788298542404
-32.52907682438607
-32.52726341850817
-32.52534816898154
-32.52333120378992
-32.52121269186682
-32.51899284409939
-32.51667191429479
-32.51425020010652
-32.51172804391831
-32.50910583368349
-32.50638400371736
-32.50356303544075
-32.50064345807323
-32.49762584927453
-32.49451083573297
-32.491299093699524
-32.48799134946617
-32.48458837978734
-32.48109101224367
-32.47750012554721
-32.47381664978715
-32.47004156661478
-32.466175909366825
-32.462220763126396
-32.4581772647208
-32.454046602655495
-32.44983001698384
-32.44552879911265
-32.44114429154348
-32.43667788754945
-32.432131030787616
-32.427505214847116
-32.42280198273332
-32.41802292628822
-32.4131696855477
-32.408243948036954
-32.403247448005146
-32.398181965601
-32.393049325990745
-32.387851398420025
-32.38259009522105
-32.37726737076653
-32.37188522037181
-32.366445679146864
-32.36095082080007
-32.35540275639528
-32.34980363306386
-32.34415563267322
-32.33846097045313
-32.332721893581265
-32.32694067972949
-32.32111963557216
-32.31526109525848
-32.30936741885057
-32.3034409907292
-32.2974842179689
-32.2914995286844
-32.28548937034998
-32.279456208093706
-32.27340252296821
-32.267330810199695
-32.261243577417076
-32.255143342863164
-32.24903263358968
-32.24291398363789
-32.23678993220656
-32.23066302180919
-32.22453579642277
-32.21841079963036
-32.21229057275988
-32.20617765302126
-32.20007457164439
-32.19398385202078
-32.18790800785152
-32.181849541304615
-32.175810941183954
-32.16979468111245
-32.16380321773198
-32.15783898892229
-32.15190441204072
-32.14600188218412
-32.14013377047485
-32.13430242237237
-32.128510156012084
-32.122759260572735
-32.117051994674085
-32.11139058480629
-32.10577722379247
-32.100214069286096
-32.09470324230489
-32.08924682580306
-32.08384686328321
-32.078505357448876
-32.07322426889837
-32.06800551486046
-32.062850967972
-32.0577624550979
-32.05274175619394
-32.04779060321326
-32.042910679057485
-32.0381036165729
-32.0333709975923
-32.02871435202323
-32.02413515698299
-32.01963483598101
-32.01521475814852
-32.01087623751562
-32.00662053233549
-32.002448844455785
-31.998362318737488
-31.994362042521626
-31.9904490451444
-31.986624297501177
-31.98288871165968
-31.97924314052275
-31.975688377540873
-31.972225156474476
-31.968854151206155
-31.965575975602714
-31.962391183426885
-31.959300268298332
-31.956303663703263
-31.953401743051952
-31.950594819783557
-31.947883147517725
-31.945266920252546
-31.942746272608414
-31.940321280117384
-31.937991959557362
-31.93575826933022
-31.933620109882778
-31.931577324169293
-31.929629698154084
-31.927776961353086
-31.92601878741291
-31.924354794725954
-31.922784547080024
-31.921307554341237
-31.91992327316913
-31.918631107763016
-31.917430410638357
-31.91632048343177
-31.915300577733145
-31.91436989594342
-31.913527592156665
-31.912772773065168
-31.91210449888632
-31.91152178431025
-31.91102359946728
-31.91060887091413
-31.910276482637467
-31.910025277073284
-31.9098540561404
-31.909761582286702
-31.909746579546347
-31.9098077346064
-31.909943697881456
-31.910153084594665
-31.910434475863664
-31.91078641978984
-31.91120743254947
-31.911695999485882
-31.912250576201867
-31.912869589651446
-31.913551439229817
-31.914294497860705
-31.915097113080318
-31.915957608116994
-31.916874282965775
-31.91784541545729
-31.918869262320523
-31.91994406023863
-31.921068026896986
-31.922239362022335
-31.92345624841209
-31.92471685295288
-31.92601932762764
-31.927361810510657
-31.928742426750315
-31.930159289539514
-31.931610501074
-31.933094153498466
-31.93460832984055
-31.936151104932883
-31.93772054632307
-31.93931471517154
-31.940931667137328
-31.942569453252013
-31.94422612078187
-31.94589971407793
-31.947588275413885
-31.949289845811613
-31.951002465854252
-31.952724176486463
-31.954453019801626
-31.95618703981608
-31.957924283230675
-31.959662800179522
-31.961400644966083
-31.963135876786758
-31.96486656044251
-31.966590767038774
-31.96830657467347
-31.970012069113032
-31.97170534445683
-31.97338450379035
-31.97504765982739
-31.9766929355415
-31.978318464786433
-31.97992239290499
-31.98150287732559
-31.983058088145746
-31.98458620870104
-31.986085436118366
-31.987553981852095
-31.988990072201794
-31.990391948810036
-31.991757869139256
-31.99308610692716
-31.994374952620227
-31.995622713785075
-31.996827715497425
-31.99798830070869
-31.99910283058994
-32.00016968485317
-32.00118726204965
-32.00215397984504
-32.003068275271225
-32.00392860495469
-32.0047334453217
-32.00548129278024
-32.00617066387863
-32.006800095441
-32.00736814467998
-32.00787338928685
-32.00831442749972
-32.00868987815016
-32.008998380689
-32.0092385951917
-32.009409202343754
-32.009508903407
-32.00953642016747
-32.00949049486584
-32.00936989011205
-32.009173388785904
-32.008899793925444
-32.00854792860493
-32.008116635804264
-32.00760477827185
-32.00701123838319
-32.006334917997485
-32.005574738314316
-32.00472963973251
-32.00379858171319
-32.00278054264927
-32.00167451974368
-32.00047952889877
-31.999194604619184
-31.997818799930762
-31.99635118631786
-31.99479085368136
-31.993136910319627
-31.99138848293432
-31.989544716662515
-31.98760477513627
-31.98556784057049
-31.98343311387986
-31.981199814825395
-31.978867182190776
-31.976434473988995
-31.973900967699954
-31.97126596053942
-31.96852876975958
-31.96568873298113
-31.96274520855686
-31.959697575966423
-31.95654523624136
-31.953287612419523
-31.949924150027833
-31.946454317592206
-31.942877607173294
-31.93919353492631
-31.935401641683136
-31.931501493554826
-31.92749268255286
-31.9233748272272
-31.919147573319258
-31.914810594427813
-31.910363592686075
-31.90580629944818
-31.901138475983537
-31.896359914177246
-31.89147043723485
-31.88646990038955
-31.881358191610126
-31.876135232307995
-31.870800978042006
-31.86535541921983
-31.859798581794244
-31.854130527952314
-31.84835135679551
-31.842461205008924
-31.836460247517913
-31.830348698130557
-31.824126810164096
-31.81779487705358
-31.811353232941222
-31.804802253245036
-31.798142355205492
-31.791373998408623
-31.784497685284258
-31.777513961578187
-31.770423416797335
-31.763226684626765
-31.755924443317234
-31.748517416042
-31.741006371221594
-31.73339212281561
-31.725675530580524
-31.717857500292403
-31.709938983933306
-31.70192097984019
-31.6938045328155
-31.685590734198733
-31.67728072189842
-31.668875680383643
-31.66037684063459
-31.65178548005172
-31.643102922323088
-31.634330537249376
-31.625469740526334
-31.616521993484348
-31.607488802785006
-31.598371720074645
-31.58917234159519
-31.579892307752704
-31.57053330264417
-31.5610970535429
-31.55158533034326
-31.541999944965045
-31.53234275071775
-31.522615641625
-31.5128205517092
-31.502959454236464
-31.493034360921843
-31.483047321094848
-31.473000420825276
-31.462895782009486
-31.452735561417132
-31.44252194969808
-31.432257170349192
-31.421943478640618
-31.4115831605012
-31.401178531363133
-31.39073193496596
-31.380245742119985
-31.369722349429214
-31.359164177973742
-31.348573671951886
-31.337953297282542
-31.327305540168243
-31.31663290561953
-31.305937915941303
-31.29522310918181
-31.28449103754527
-31.273744265768773
-31.262985369464122
-31.252216933425405
-31.24144154990312
-31.230661816846055
-31.21988033611213
-31.209099711649333
-31.198322547648292
-31.187551446667914
-31.176789007735625
-31.166037824423757
-31.155300482903744
-31.144579559979764
-31.13387762110337
-31.123197218370752
-31.112540888504288
-31.10191115082016
-31.09131050518396
-31.08074142995635
-31.07020637993107
-31.059707784267562
-31.04924804442071
-31.03882953207007
-31.028454587051346
-31.018125515292883
-31.00784458676019
-30.99761403341144
-30.98743604716704
-30.97731277789619
-30.9672463314232
-30.957238767556237
-30.947292098141407
-30.937408285145057
-30.927589238767144
-30.917836815588306
-30.908152816753205
-30.89853898619241
-30.88899700888526
-30.879528509166096
-30.870135049076385
-30.860818126765384
-30.851579174941765
-30.842419559378374
-30.833340577472303
-30.824343456862398
-30.81542935410609
-30.806599353417358
-30.79785446546747
-30.789195626250166
-30.780623696012942
-30.772139458256095
-30.76374361880092
-30.755436804928156
-30.747219564587812
-30.739092365681376
-30.731055595417207
-30.723109559739857
-30.715254482833945
-30.707490506703227
-30.69981769082553
-30.69223601188408
-30.68474536357566
-30.677345556495982
-30.670036318102763
-30.662817292756944
-30.655688041842087
-30.6486480439619
-30.641696695215543
-30.634833309550302
-30.6280571191909
-30.62136727514489
-30.614762847783382
-30.608242827496426
-30.601806125422584
-30.595451574252152
-30.5891779291036
-30.58298386847271
-30.576867995254005
-30.570828837834043
-30.56486485125579
-30.558974418453133
-30.55315585155428
-30.547407393253067
-30.541727218247146
-30.536113434741978
-30.530564086019226
-30.525077152067823
-30.51965055127586
-30.5142821421815
-30.508969725280977
-30.503711044891574
-30.498503791067364
-30.493345601565196
-30.488234063858428
-30.483166717195914
-30.47814105470347
-30.47315452552506
-30.468204537000773
-30.463288456878885
-30.458403615559476
-30.453547308367078
-30.44871679784994
-30.44390931610333
-30.43912206711427
-30.43435222912511
-30.429596957013345
-30.424853384685193
-30.42011862748059
-30.41538978458736
-30.410663941462374
-30.405938172257507
-30.401209542248395
-30.39647511026375
-30.39173193111303
-30.386977058010288
-30.382207544992113
-30.377420449327516
-30.37261283391787
-30.36778176968498
-30.362924337945586
-30.358037632770632
-30.353118763327856
-30.348164856206452
-30.343173057722666
-30.338140536204932
-30.33306448425695
-30.32794212099698
-30.322770694271256
-30.31754748283926
-30.312269798528675
-30.306934988357753
-30.30154043662246
-30.296083566945626
-30.290561844285307
-30.284972776899522
-30.279313918264634
-30.273582868944644
-30.267777278408985
-30.261894846796576
-30.255933326623914
-30.249890524435084
-30.243764302391593
-30.23755257980012
-30.231253334576405
-30.224864604643567
-30.21838448926344
-30.21181115029925
-30.205142813408155
-30.198377769162146
-30.191514374096084
-30.18455105168182
-30.177486293227712
-30.17031865870315
-30.163046777487875
-30.155669349045933
-30.148185143524227
-30.140593002276102
-30.132891838310467
-30.125080636667246
-30.117158454720123
-30.109124422407813
-30.10097774239544
-30.092717690167728
-30.084343614055637
-30.07585493519799
-30.06725114743959
-30.05853181716729
-30.049696583085517
-30.040745155932466
-30.031677318138303
-30.022492923426437
-30.0131918963588
-30.00377423182614
-29.994239994484314
-29.98458931813762
-29.97482240507024
-29.964939525327093
-29.95494101594529
-29.944827280137428
-29.934598786428108
-29.92425606774476
-29.91379972046384
-29.903230403413584
-29.89254883683439
-29.881755801297754
-29.870852136584954
-29.859838740526737
-29.84871656780528
-29.837486628719613
-29.82614998791568
-29.81470776308218
-29.803161123613403
-29.79151128924043
-29.779759528632223
-29.767907157968278
-29.75595553948433
-29.743906079992836
-29.7317602293797
-29.71951947907858
-29.707185360524345
-29.6947594435871
-29.682243334988623
-29.669638676703112
-29.656947144343928
-29.644170445538162
-29.631310318290684
-29.61836852933906
-29.60534687250067
-29.59224716701318
-29.579071255869632
-29.56582100414961
-29.552498297347864
-29.539105039701848
-29.525643152519486
-29.512114572508445
-29.498521250108105
-29.48486514782531
-29.471148238574933
-29.457372504026416
-29.443539932957613
-29.429652519617044
-29.415712262095617
-29.401721160708924
-29.387681216390924
-29.373594429099946
-29.35946279623804
-29.345288311084722
-29.33107296124627
-29.316818727121706
-29.30252758038626
-29.2882014824933
-29.27384238319565
-29.259452219087287
-29.24503291216633
-29.230586368420525
-29.21611447643631
-29.20161910603256
-29.187102106920157
-29.17256530738846
-29.158010513019867
-29.143439505433555
-29.128854041059675
-29.1142558499453
-29.099646634593462
-29.08502806883653
-29.07040179674531
-29.055769431575335
-29.041132554751677
-29.026492714893443
-29.011851426879026
-28.997210170953203
-28.98257039187741
-28.967933498124673
-28.953300861120518
-28.93867381453135
-28.924053653601625
-28.90944163454109
-28.894838973963125
-28.88024684837533
-28.865666393723195
-28.851098704987642
-28.836544835836726
-28.82200579833171
-28.807482562687603
-28.792976057088318
-28.778487167556314
-28.76401673787641
-28.749565569573186
-28.735134421941105
-28.720724012126546
-28.706335015261068
-28.69196806464516
-28.677623751981436
-28.66330262765633
-28.64900520106921
-28.634731941007693
-28.620483276067752
-28.60625959511723
-28.592061247801304
-28.57788854508832
-28.563741759854317
-28.549621127504487
-28.53552684663007
-28.521459079698793
-28.50741795377693
-28.493403561280907
-28.47941596075632
-28.465455177682436
-28.45152120530029
-28.437614005462486
-28.423733509502632
-28.409879619122286
-28.396052207293458
-28.38225111917479
-28.368476173039774
-28.354727161215585
-28.341003851031225
-28.327305985773656
-28.313633285650674
-28.29998544875966
-28.286362152061432
-28.27276305235856
-28.259187787277515
-28.245635976254196
-28.23210722152223
-28.21860110910328
-28.205117209798406
-28.19165508017932
-28.17821426357799
-28.16479429107307
-28.151394682471707
-28.138014947285317
