15.384580485426595
15.456646012219108
15.528786626627307
15.60100163235772
15.67329036728013
15.745652203630625
15.818086548174207
15.890592842326456
15.96317056223377
16.035819218811966
16.108538357743143
16.181327559430926
16.254186438914004
16.32711464573815
16.400111863786833
16.473177811070688
16.546312239476325
16.619514934475152
16.692785714792823
16.76612443204009
16.83953097030592
16.913005245713737
16.986547205941736
17.060156829708223
17.133834126222997
17.20757913460557
17.28139192327132
17.355272589286763
17.42922125769531
17.503238080814903
17.577323237508928
17.651476932431954
17.725699395251773
17.799990879849297
17.874351663497798
17.948782046022664
18.02328234894312
18.097852914597475
18.172494105253442
18.247206302205097
18.321989904858025
18.39684532980412
18.47177300988751
18.546773393263233
18.62184694245016
18.6969941333796
18.772215454440722
18.84751140552373
18.92288249706166
18.99832924907133
19.073852190194028
19.149451856736732
19.225128791714468
19.300883543894827
19.376716666845454
19.452628717985448
19.52862025764159
19.60469184811032
19.680844052726258
19.75707743493814
19.83339255739321
19.909789981031167
19.986270264188395
20.06283396171327
20.13948162409324
20.21621379659459
20.293031018416062
20.36993382185725
20.4469227315025
20.523998263420854
20.601160924382786
20.678411211094673
20.755749609451843
20.833176593811064
20.91069262628327
20.988298156047286
21.065993618685134
21.14377943553948
21.221656013093884
21.29962374237642
21.37768299838678
21.455834139547257
21.534077507177905
21.61241342499654
21.690842198643857
21.769364115234207
21.84797944293275
21.926688430559818
22.005491307223007
22.084388281977606
22.1633795435158
22.242465259885176
22.32164557823692
22.400920624603838
22.4802905037083
22.559755298800138
22.63931507152436
22.71896986181862
22.798719687840403
22.878564545923965
22.958504410566704
23.038539234444627
23.118668948456488
23.198893461796345
23.279212662054206
23.359626415344493
23.44013456646219
23.520736939066282
23.601433335890125
23.682223538978395
23.763107309950204
23.84408439028802
23.925154501651907
24.006317346218555
24.087572607044496
24.1689199484528
24.250359016442548
24.33188943912005
24.41351082715075
24.49522277423059
24.57702485757553
24.658916638427932
24.740897662578668
24.822967460903605
24.90512554991323
24.98737143231414
25.069704597581328
25.152124522540156
25.234630671957284
25.317222499139767
25.39989944654158
25.48266094637682
25.565506421238606
25.648435284722606
25.731446942054358
25.814540790719203
25.897716221093926
25.980972617079114
26.06430935673148
26.147725812895313
26.23122135383198
26.314795343846523
26.398447143910317
26.482176112279035
26.56598160510518
26.649862977044478
26.733819581855556
26.81785077299233
26.90195590418884
26.986134330036293
27.070385406552077
27.154708491740593
27.239102946145664
27.32356813339428
27.40810342073124
27.492708179544397
27.577381785879968
27.662123620947543
27.746933071614283
27.8318095308878
27.91675239838688
28.0017610807993
28.086834992326093
28.17197355511175
28.25717619966003
28.342442365234724
28.42777150024481
28.513163062613167
28.59861652012831
28.684131350778564
28.769707043068344
28.855343096316126
28.941039020933808
29.026794338687274
29.112608582938243
29.19848129886746
29.28441204367935
29.37040038678826
29.456445909986467
29.542548207594034
29.62870688659056
29.714921566729128
29.80119188063291
29.88751747387472
29.973898005039626
30.060333145770823
30.146822580798997
30.23336600795561
30.319963138170934
30.406613695457636
30.493317416880714
30.58007405251429
30.666883365385573
30.75374513140629
30.8406591392921
30.927625190470238
31.01464309897561
31.10171269133541
31.188833806442336
31.276006295416398
31.36323002145541
31.450504859674243
31.537830696932748
31.625207431652473
31.712634973622063
31.800113243790964
31.887642174051013
31.975221707005677
32.06285179572719
32.15053240350198
32.23826350356466
32.326045078820975
32.4138771215596
32.50175963315268
32.58969262374509
32.677676111932776
32.76571012443036
32.85379469572796
32.941929867737194
33.030115689426275
33.118352216443974
33.20663951073228
33.29497764012793
33.38336667795286
33.471806702593966
33.56029779707271
33.648840048605024
33.73743354815227
33.8260783899635
33.914774671109996
34.003522491012575
34.092321950962685
34.18117315363844
34.27007620261679
34.359031201883
34.448038255338645
34.537097466309376
34.626208937053775
34.71537276827462
34.80458905863384
34.893857904272124
34.98317939833444
35.07255363050237
35.161980686534406
35.25146064781572
35.34099359091872
35.43057958717575
35.520218702264835
35.60991099580978
35.6996565209955
35.78945532419974
35.87930744464203
35.96921291405062
36.059171756348015
36.14918398735495
36.23924961451275
36.32936863662378
36.41954104361009
36.50976681629022
36.60004592617407
36.69037833527603
36.780763995946536
36.871202850722376
36.96169483219601
37.052239862903754
37.14283785523234
37.23348871134298
37.324192323112456
37.414948572090836
37.50575732947577
37.596618456102945
37.68753180245257
37.77849720867182
37.869514504613406
37.960583509890185
38.05170403394608
38.14287587614287
38.23409882586243
38.32537266262405
38.41669715621602
38.50807206684108
38.59949714527501
38.6909721330381
38.78249676257907
38.874070757471046
38.96569383261949
39.057365694481874
39.14908604129848
39.24085456333395
39.3326709431287
39.42453485575967
39.51644596910986
39.60840394414688
39.700408435210726
39.79245909031092
39.88455555143283
39.976697454853216
40.06888443146513
40.16111610711268
40.25339210293591
40.34571203572599
40.43807551829061
40.530482159829
40.62293156631565
40.71542334089204
40.80795708426589
40.90053239511817
40.99314887051806
41.08580610634627
41.17850369772711
41.27124123946939
41.364018326516
41.456834554402036
41.549689519721
41.64258282059879
41.73551405717498
41.82848283209117
41.92148875098624
42.01453142299849
42.107610461274106
42.20072548348125
42.293876112329116
42.38706197609176
42.48028270913582
42.573537952450835
42.66682735418081
42.76015057015613
42.85350726442496
42.946897109783635
43.04031978830549
43.13377499186735
43.22726242267212
43.32078179376621
43.414332829550325
43.50791526628215
43.60152885256944
43.695173349852304
43.788848532873125
43.88255419013294
43.976290124333765
44.07005615280608
44.16385210792104
44.25767783748635
44.3515332051247
44.44541809063387
44.53933239032754
44.633276017355776
44.727248902003716
44.821250991966714
44.91528225259996
45.00934266714073
45.10343223690198
45.19755098143638
45.291698938670024
45.38587616500568
45.48008273539595
45.57431874338674
45.668584301131645
45.76287953937798
45.85720460742475
45.951559673052586
46.04594492242511
46.14036055996108
46.23480680817663
46.3292839074969
46.42379211603661
46.518331709348885
46.61290298014244
46.70750623796714
46.80214180886843
46.89681003501078
46.991511274270515
47.086245899798136
47.181014299550775
47.27581687579595
47.37065404458837
47.46552623522091
47.56043388965093
47.655377461902894
47.75035741744846
47.84537423256494
47.94042839367324
48.03552039665629
48.13065074615917
48.225819954871945
48.32102854279673
48.4162770365001
48.511565968352436
48.60689587575592
48.70226730036267
48.79768078728472
48.89313688429735
48.9886361410376
49.08417910819969
49.17976633672913
49.275398377017325
49.371075778097975
49.466799086847004
49.56256884718789
49.6583855993041
49.75424987886004
49.850162216231695
49.94612313574822
50.04213315494616
50.13819278383795
50.234302524196096
50.33046286885423
50.42667430102648
50.52293729364595
50.61925230872356
50.71561979672856
50.812040195992616
50.908513932139165
51.00504141753948
51.1016230507965
51.19825921625705
51.2949502835528
51.391696607169656
51.488498526045085
51.585356363193064
51.68227042535563
51.7792410026807
51.87626836842589
51.973352778688316
52.07049447215986
52.16769366990781
52.2649505751802
52.362265373234614
52.459638231189224
52.557069297894664
52.65455870382602
52.752106560994044
52.84971296287428
52.94737798435308
53.0451016816897
53.14288409249424
53.24072523572137
53.33862511167935
53.43658370205459
53.53460096995157
53.63267685994835
53.730811298167865
53.829004192364906
53.92725543202859
54.025564888500085
54.1239324151053
54.22235784730198
54.32084100284108
54.41938168194169
54.517979667479395
54.616634725188035
54.71534660387495
54.81411503564955
54.91293973616413
55.01182040486528
55.11075672525393
55.209748365151846
55.308794976973466
55.40789619800122
55.50705165066264
55.60626094280794
55.70552366798645
55.80483940572051
55.90420772177557
56.00362816842485
56.103100284706976
56.202623596674776
56.30219761763302
56.40182184836353
56.501495777336196
56.60121888090506
56.7009906234887
56.80081045773428
56.900677824664704
57.00059215380863
57.10055286331354
57.20055936004215
57.30061103965269
57.400707286663504
57.50084747450214
57.601030965539195
57.70125711110663
57.80152525150018
57.90183471596586
58.00218482267067
58.102574878657805
58.20300417978663
58.303472010658055
58.40397764452635
58.50452034319849
58.60509935692241
58.70571392426555
58.80636327198491
58.90704661488965
59.00776315569718
59.10851208488336
59.2092925805284
59.31010380815977
59.41094492059418
59.51181505778025
59.6127133466433
59.71363890093395
59.81459082108214
59.91556819405779
60.01657009323905
60.11759557828865
60.21864369503877
60.31971347538431
60.420803937184566
60.52191408417358
60.62304290587921
60.724189377550864
60.82535246009562
60.92653110002224
61.027724229392824
61.12893076578187
61.23014961224241
61.33137965727898
61.43261977482698
61.53386882423863
61.6351256502758
61.736389083110204
61.83765793833116
61.93893101696101
62.040207105477904
62.14148497584584
62.24276338555124
62.344041077646
62.445316780796745
62.54658920934007
62.647857063343665
62.749119028672894
62.85037377706253
62.95161996619355
63.05285623977487
63.15408122762976
63.25529354578673
63.35649179657433
63.45767456871941
63.5588404374477
63.65998796458523
63.761115698659225
63.8622221749972
63.96330591582277
64.06436543034725
64.16539921485592
64.26640575278832
64.36738351481266
64.46833095889552
64.56924653036752
64.67012866198631
64.7709757739987
64.87178627420302
64.97255855801312
65.07329100852569
65.1739819965923
65.27462988089813
65.3752330080482
65.47578971266249
65.57629831748055
65.6767571334759
65.77716445998111
65.87751858482362
65.97781778447266
66.07806032419717
66.17824445823419
66.27836842996805
66.37843047212016
66.47842880694861
66.57836164645641
66.67822719260641
66.77802363754222
66.87774916381409
66.97740194460823
67.07698014397795
67.17648191707542
67.27590541038376
67.37524876194925
67.47451010161342
67.57368755124412
67.67277922496521
67.77178322938477
67.87069766382234
67.96952062053543
68.0682501849463
68.1668844358698
68.26542144574313
68.36385928085798
68.46219600159708
68.56042966267654
68.65855831339564
68.75657999789456
68.85449275542084
68.95229462060598
69.04998362375369
69.14755779114051
69.24501514533011
69.34235370550249
69.43957148779947
69.53666650568806
69.633636770343
69.73048029104933
69.82719507562575
69.92377913086892
70.020230463019
70.11654707824658
70.21272698316119
70.30876818534131
70.40466869388507
70.50042651998007
70.59603967748996
70.6915061835553
70.78682405920603
70.88199132998267
70.97700602656431
71.07186618540078
71.1665698493465
71.26111506829307
71.35549989979722
71.44972240970128
71.54378067274297
71.63767277315276
71.73139680523707
71.82495087394625
71.9183330954263
72.0115415975531
72.10457452044841
72.19743001697793
72.2901062532319
72.38260140898876
72.47491367816247
72.56704126923353
72.65898240566469
72.75073532630199
72.84229828576235
72.93366955480896
73.02484742071614
73.1158301876252
73.20661617689304
73.2972037274351
73.38759119606506
73.47777695783203
73.56775940635647
73.65753695416505
73.74710803302447
73.83647109427308
73.92562460914884
74.01456706911144
74.10329698615614
74.19181289311713
74.28011334395741
74.36819691404288
74.45606220039816
74.5437078219418
74.6311324196978
74.71833465698093
74.80531321955279
74.89206681574673
74.97859417655941
75.06489405570751
75.15096522964878
75.23680649756666
75.32241668131765
75.40779462534029
75.49293919652514
75.57784928404494
75.66252379914518
75.74696167489522
75.83116186590048
75.91512334797683
75.99884511778926
76.08232619245742
76.16556560913041
76.24856242453457
76.33131571449822
76.41382457345772
76.49608811394906
76.57810546608887
76.65987577704853
76.74139821052525
76.82267194621438
76.90369617928759
76.98447011988101
77.06499299259777
77.14526403602868
77.22528250229432
77.30504765661074
77.38455877687996
77.4638151533065
77.5428160880419
77.62156089485855
77.70004889885395
77.77827943618622
77.85625185384102
77.93396550942971
78.0114197710188
78.08861401698967
78.16554763592758
78.24222002653808
78.31863059758957
78.39477876787994
78.47066396622445
78.54628563146237
78.62164321247992
78.69673616824691
78.77156396786422
78.84612609061897
78.92042202604405
78.9944512739789
79.06821334462809
79.14170775861415
79.21493404702046
79.28789175142022
79.3605804238875
79.43299962698775
79.50514893374528
79.5770279275858
79.64863620225238
79.71997336169325
79.79103901992205
79.86183280085045
79.93235433809384
80.00260327475128
80.07257926316136
80.14228196463621
80.21171104917558
80.28086619516314
80.34974708904743
80.41835342500913
80.48668490461758
80.55474123647873
80.62252213587756
80.69002732441693
80.75725652965532
80.82420948474483
80.89088592807146
80.95728560289906
81.02340825701874
81.08925364240595
81.15482151488739
81.22011163381997
81.2851237617843
81.34985766429584
81.41431310953551
81.47848986810273
81.54238771279263
81.60600641839967
81.66934576154775
81.73240552054821
81.7951854752873
81.8576854071442
81.91990509894126
81.98184433492779
82.04350290079921
82.10488058375299
82.16597717258318
82.226792457816
82.28732623188839
82.34757828937163
82.40754842724195
82.46723644519884
82.526642146032
82.58576533603761
82.64460582548335
82.70316342912221
82.76143796675396
82.81942926383348
82.87713715212496
82.93456147040135
82.99170206518872
83.0485587915542
83.10513151393602
83.16142010701319
83.21742445661332
83.27314446065665
83.32858003013379
83.38373109011431
83.4385975807838
83.4931794585062
83.54747669690752
83.60148928797761
83.65521724318634
83.70866059461068
83.76181939606849
83.81469372425508
83.86728367987811
83.91958938878676
83.97161100309071
84.02334870226477
84.07480269423465
84.12597321644031
84.17686053687348
84.22746495508565
84.27778680316382
84.32782644667063
84.37758428554591
84.42706075496662
84.47625632616266
84.52517150718583
84.57380684362894
84.62216291929153
84.67024035678841
84.71803981809771
84.76556200504544
84.8128076597238
84.85977756484007
84.90647254399263
84.9528934618705
84.99904122437303
85.04491677864823
85.09052111304831
85.13585525700088
85.18092028079488
85.22571729528053
85.27024745148216
85.31451194012229
85.35851199105568
85.40224887261147
85.44572389084121
85.4889383886709
85.53189374495545
85.5745913734348
85.61703272159238
85.65921926941687
85.70115252806906
85.74283403845672
85.78426536971992
85.82544811762872
85.86638390289599
85.90707436940792
85.94752118237543
85.98772602640938
86.02769060352384
86.06741663107275
86.10690583962648
86.14615997079474
86.1851807750015
86.22397000921771
86.26252943465815
86.30086081444867
86.33896591127049
86.37684648498734
86.41450429026074
86.4519410741585
86.48915857376173
86.52615851377593
86.56294260415163
86.59951253771962
86.63586998784623
86.67201660611451
86.70795402003645
86.74368383080204
86.77920761107063
86.8145269028092
86.84964321518257
86.88455802250061
86.91927276222734
86.95378883305679
86.98810759306022
87.02223035790766
87.05615839916683
87.08989294268255
87.12343516703888
87.1567862021063
87.18994712767639
87.22291897218506
87.25570271152432
87.28829926794228
87.32070950903173
87.35293424680728
87.3849742368703
87.41683017766158
87.44850270980052
87.47999241550926
87.51129981811923
87.5424253816569
87.57336951050556
87.60413254914019
87.63471478193205
87.66511643301996
87.69533766624451
87.72537858514121
87.75523923298871
87.78491959290827
87.81441958801085
87.84373908158872
87.87287787734951
87.9018357196912
87.93061229401584
87.95920722708021
87.98762008738137
88.01585038557616
88.0438975749341
88.07176105182324
88.09944015622793
88.12693417229852
88.15424232893221
88.18136380038445
88.20829770691043
88.23504311543579
88.26159904025585
88.28796444376414
88.31413823721093
88.34011928149252
88.3659063879729
88.39149831933841
88.41689379048623
88.44209146944726
88.46708997834432
88.49188789438605
88.51648375089755
88.54087603838943
88.56506320566754
88.58904366098656
88.61281577325016
88.63637787326022
88.65972825501805
88.68286517708029
88.70578686397218
88.72849150766066
88.75097726908936
88.7732422797778
88.79528464348604
88.81710243794473
88.83869371665045
88.86005651072603
88.88118883084425
88.90208866921293
88.92275400161893
88.94318278952946
88.9633729822485
88.98332251912663
89.00302933182215
89.02249134661176
89.04170648674832
89.06067267486341
89.07938783541155
89.09784989715328
89.11605679567387
89.13400647593434
89.15169689485137
89.16912602390275
89.18629185175493
89.20319238690851
89.21982566035749
89.23618972825713
89.2522826745953
89.26810261386228
89.28364769371407
89.29891609762453
89.31390604752173
89.32861580640403
89.34304368093134
89.35718802398796
89.37104723721254
89.38461977349034
89.39790413940302
89.41089889763153
89.42360266930787
89.43601413631195
89.44813204350994
89.45995520093193
89.47148248588617
89.48271284500659
89.49364529623138
89.5042789307109
89.51461291464268
89.52464649103145
89.53437898137288
89.54380978725892
89.55293839190263
89.56176436158053
89.57028734698947
89.57850708451458
89.5864233974058
89.59403619686073
89.60134548301137
89.60835134581278
89.61505396583182
89.62145361493351
89.62755065686265
89.63334554771866
89.63883883632032
89.6440311644571
89.64892326702336
89.65351597203137
89.6578102005006
89.6618069662206
89.66550737538553
89.6689126260987
89.67202400774575
89.67484290023545
89.67737077310672
89.67960918450133
89.68155978000182
89.6832242913351
89.68460453494374
89.68570241042762
89.68651989885866
89.68705906097337
89.68732203524719
89.68731103585533
89.68702835052484
89.68647633828319
89.68565742710787
89.68457411148195
89.68322894986086
89.68162456205546
89.67976362653663
89.67764887766755
89.67528310287055
89.67266913973442
89.66980987306779
89.6667082319038
89.66336718646217
89.65978974507489
89.65597895108233
89.65193787970686
89.64766963491111
89.64317734624804
89.63846416571035
89.63353326458532
89.6283878303213
89.6230310634116
89.61746617430124
89.61169638032068
89.60572490265027
89.59955496331823
89.59318978223378
89.58663257425742
89.57988654631124
89.57295489453107
89.5658408014627
89.55854743330435
89.55107793719681
89.54343543856221
89.53562303849272
89.52764381118978
89.51950080145521
89.51119702223464
89.50273545221485
89.49411903347591
89.48535066919995
89.476433221439
89.4673695089452
89.45816230506678
89.44881433571318
89.43932827739236
89.42970675532304
89.41995234162466
89.41006755358747
89.4000548520241
89.38991663970508
89.37965525987984
89.36927299488384
89.3587720648322
89.34815462639979
89.33742277168786
89.3265785271778
89.31562385277296
89.30456064092819
89.29339071586863
89.2821158328987
89.27073767780207
89.25925786633327
89.24767794380212
89.23599938475293
89.22422359274044
89.21235190020487
89.20038556844845
89.1883257877159
89.17617367738121
89.16393028624414
89.15159659293916
89.13917350646018
89.12666186680356
89.11406244573239
89.1013759476643
89.08860301068349
89.07574420767635
89.06280004758987
89.0497709768119
89.03665738067203
89.02345958506233
89.01017785817744
88.99681241237325
88.98336340614192
88.96983094620039
88.95621508968868
88.94251584647459
88.92873318156087
88.91486701759023
88.90091723744372
88.88688368692779
88.8727661775442
88.85856448933676
88.84427837380811
88.82990755689907
88.81545174202309
88.80091061314813
88.78628383791848
88.77157107080832
88.75677195629937
88.74188613207384
88.72691323221552
88.71185289041053
88.69670474313962
88.68146843285372
88.6661436111229
88.65072994174916
88.63522710383286
88.61963479478307
88.60395273326328
88.58818066206398
88.57231835089426
88.55636559908505
88.54032223819588
88.52418813451807
88.50796319146714
88.49164735185714
88.47524060004874
88.45874296396342
88.44215451695614
88.42547537953926
88.40870572095089
88.39184576056114
88.37489576911157
88.35785606978341
88.34072703909062
88.32350910759506
88.30620276044108
88.2888085377087
88.27132703458342
88.25375890134121
88.23610484314868
88.21836561968003
88.20054204455353
88.18263498459119
88.16464535890562
88.1465741378192
88.12842234162152
88.11019103917141
88.09188134635036
88.07349442437425
88.05503147797066
88.03649375342951
88.01788253653575
87.99919915039317
87.98044495314895
87.96162133562854
87.94272971889046
87.92377155171056
87.90474830800503
87.88566148420142
87.86651259656622
87.8473031784967
87.82803477778413
87.8087089538555
87.7893272750012
87.76989131559532
87.7504026533149
87.7308628663638
87.71127353070682
87.69163621732054
87.67195248946649
87.65222389999127
87.63245198865678
87.61263827950353
87.5927842782499
87.57289146973079
87.55296131537915
87.53299525075255
87.5129946831068
87.49296098901829
87.47289551205591
87.45279956050348
87.43267440513347
87.41252127703257
87.39234136547901
87.3721358158719
87.35190572771211
87.33165215263449
87.311376092491
87.2910784974842
87.27076026435162
87.25042223460281
87.23006519281063
87.20968986495967
87.1892969168535
87.16888695258268
87.14846051305625
87.12801807459749
87.10756004760566
87.08708677528426
87.06659853243701
87.04609552433186
87.02557788563325
87.00504567940237
86.98449889616546
86.96393745305119
86.94336119299732
86.92276988402722
86.90216321859617
86.88154081300814
86.8609022069042
86.84024686282436
86.81957416584504
86.79888342329428
86.77817386454711
86.75744464090354
86.73669482555209
86.71592341362083
86.69512932231913
86.67431139117372
86.65346838236331
86.63259898115615
86.61170179645438
86.59077536144872
86.56981813438568
86.54882849944869
86.52780476775416
86.50674517846363
86.4856479000112
86.46451103144494
86.44333260388026
86.42211058206277
86.40084286603832
86.37952729292823
86.35816163880776
86.33674362068615
86.31527089858713
86.2937410777277
86.27215171079371
86.25050030031042
86.22878430110569
86.20700112286175
86.18514813275198
86.16322265815899
86.14122198946956
86.11914338294167
86.0969840636397
86.07474122843331
86.05241204905604
86.02999367521824
86.00748323776912
85.98487785190292
85.96217462040414
85.93937063692744
85.91646298930681
85.89344876288936
85.87032504388941
85.84708892275893
85.82373749756988
85.80026787740263
85.77667718573461
85.7529625638246
85.72912117408809
85.70515020345901
85.68104686673307
85.65680840988868
85.63243211338072
85.60791529540295
85.58325531511484
85.55844957582842
85.53349552815182
85.5083906730868
85.48313256507724
85.45771881500598
85.43214709313672
85.40641513199823
85.38052072920713
85.35446175022655
85.32823613105772
85.30184188086223
85.27527708451252
85.24853990506794
85.22162858617291
85.19454145437321
85.16727692134616
85.13983348604101
85.11220973672611
85.08440435293862
85.05641610733328
85.02824386742786
84.99988659724322
84.97134335883702
84.94261331373086
84.91369572422961
84.88458995463183
84.85529547233016
84.82581184880091
84.79613876048158
84.76627598953353
84.73622342448645
84.70598106076038
84.67554900106056
84.64492745564091
84.6141167424319
84.58311728702908
84.55192962253925
84.52055438928157
84.48899233434217
84.45724431098022
84.4253112778844
84.39319429828065
84.36089453889251
84.32841326875545
84.29575185788717
84.26291177581645
84.22989458997306
84.19670196394058
84.16333565557493
84.12979751499124
84.09608948242207
84.06221358594966
84.02817193911555
83.99396673841208
83.95960026066045
83.92507486028084
83.8903929664604
83.85555708022393
83.82056977141342
83.78543367558215
83.75015149080893
83.71472597443748
83.6791599397473
83.64345625256162
83.60761782779973
83.57164762598033
83.5355486496831
83.49932393997373
83.46297657279847
83.42650965535329
83.38992632243405
83.35322973277339
83.31642306537053
83.27950951582083
83.24249229265142
83.2053746136692
83.16815970232771
83.13085078411841
83.09345108299173
83.05596381781304
83.01839219885828
82.98073942435512
82.9430086770755
82.90520312098663
82.8673258979665
82.82938012458878
82.79136888898203
82.75329524776673
82.71516222307336
82.67697279964436
82.63872992202315
82.6004364918339
82.56209536515487
82.52370934998751
82.485281203823
82.44681363130704
82.40830928200333
82.36977074825691
82.33120056315798
82.29260119860649
82.2539750634783
82.21532450189275
82.1766517915809
82.13795914235223
82.09924869465877
82.0605225182542
82.0217826109463
81.98303089744164
81.94426922828123
81.90549937886513
81.86672304856418
81.82794185991636
81.78915735790511
81.75037100931789
81.71158420218424
81.67279824529285
81.63401436778727
81.59523371883941
81.5564573674009
81.51768630203313
81.47892143081756
81.44016358134732
81.4014135008006
81.36267185609611
81.32393923413159
81.28521614210686
81.24650300793272
81.20780018072642
81.16910793139382
81.13042645329827
81.09175586301708
81.05309620118604
81.01444743343214
80.97580945139501
80.93718207383725
80.89856504784453
80.85995805011535
80.82136068833975
80.78277250266584
80.7441929672523
80.70562149190428
80.66705742379
80.62850004923476
80.58994859558814
80.5514022331603
80.51286007722209
80.47432119006353
80.43578458310563
80.39724921906034
80.3587140141332
80.32017784026223
80.28163952738706
80.2430978657425
80.20455160817133
80.16599947244995
80.12744014362195
80.08887227633525
80.05029449717907
80.01170540701676
79.97310358331063
79.93448758243485
79.89585594197288
79.85720718299595
79.81853981231998
79.77985232473887
79.74114320523213
79.70241093114512
79.66365397433984
79.62487080331485
79.58605988529271
79.54721968827405
79.50834868305722
79.46944534522291
79.43050815708355
79.39153560959713
79.35252620424629
79.31347845488372
79.27439088954478
79.23526205222893
79.19609050465172
79.15687482796878
79.11761362447353
79.07830551927012
79.03894916192203
78.99954322807665
78.96008642106509
78.920577473476
78.88101514870154
78.84139824245416
78.80172558425285
78.76199603887609
78.72220850777843
78.68236193046813
78.64245528584355
78.60248759348566
78.56245791490393
78.52236535473322
78.48220906187909
78.44198823060823
78.40170210158182
78.36134996282944
78.32093115066074
78.28044505051106
78.23989109771755
78.19926877822208
78.15857762919747
78.11781723959338
78.07698725059812
78.03608735601235
77.99511730253154
77.95407688993431
77.91296597117481
77.87178445237875
77.83053229274198
77.78920950433054
77.74781615178132
77.70635235190379
77.66481827318445
77.6232141351967
77.58154020791984
77.53979681097134
77.4979843127576
77.45610312954888
77.41415372448479
77.37213660651709
77.33005232929692
77.28790149001283
77.24568472818613
77.20340272443015
77.16105619917938
77.11864591139432
77.07617265724697
77.03363726879185
76.9910406126261
76.94838358854237
76.90566712817851
76.86289219366758
76.82005977629241
76.77717089514796
76.73422659581446
76.69122794904332
76.64817604945735
76.60507201426721
76.56191698200634
76.51871211128584
76.47545857957086
76.43215758198086
76.38881033011604
76.3454180509125
76.30198198552831
76.25850338826241
76.21498352550783
76.17142367473981
76.12782512353876
76.08418916864754
76.04051711506237
75.99681027515568
75.95306996782996
75.9092975177007
75.86549425430657
75.82166151134517
75.77780062593196
75.7339129378811
75.6899997890065
75.64606252244131
75.60210248197394
75.55812101139828
75.51411945387487
75.47009915129969
75.42606144367643
75.38200766848855
75.33793916006802
75.29385724895748
75.24976326126263
75.20565851799144
75.16154433437806
75.11742201918959
75.07329287401446
75.02915819253214
74.98501925976417
74.94087735130712
74.89673373254766
74.85258965786022
74.80844636978787
74.76430509820688
74.72016705947584
74.67603345557092
74.63190547320863
74.58778428295847
74.54367103834778
74.499566874962
74.45547290954272
74.41139023908698
74.36731993995096
74.32326306696115
74.27922065253591
74.23519370582022
74.19118321183663
74.14719013065559
74.10321539658815
74.05925991740429
74.01532457358002
73.97141021757665
73.9275176731557
73.88364773473228
73.83980116676997
73.79597870322067
73.75218104701099
73.70840886957711
73.6646628104495
73.62094347688935
73.57725144357778
73.53358725235796
73.48995141202977
73.44634439819549
73.4027666531548
73.35921858584697
73.3157005718383
73.27221295335266
73.22875603934301
73.18533010560168
73.14193539490748
73.09857211720748
73.0552404498311
73.01194053773361
72.96867249376612
72.92543639896905
72.882232302886
72.83906022389488
72.79592014955358
72.75281203695693
72.70973581310238
72.66669137526264
72.62367859136259
72.58069730035879
72.53774731261967
72.49482841030454
72.45194034774102
72.40908285180046
72.36625562227164
72.32345833223314
72.28069062842565
72.23795213162555
72.19524243702233
72.15256111460178
72.10990770953822
72.06728174259888
72.0246827105642
71.98211008666738
71.93956332105586
71.89704184127754
71.85454505279313
71.81207233951648
71.76962306438486
71.72719656996162
71.68479217907384
71.64240919548729
71.60004690462154
71.55770457430765
71.51538145559118
71.47307678358231
71.43078977835546
71.38851964590071
71.34626557912878
71.30402675892975
71.26180235528574
71.21959152843698
71.17739343010106
71.1352072047444
71.09303199090442
71.0508669225598
71.00871113054603
70.96656374401249
70.92442389191723
70.88229070455446
70.84016331511026
70.79804086124187
70.75592248667562
70.71380734281757
70.67169459037069
70.6295834009515
70.58747295870029
70.54536246187837
70.50325112444665
70.46113817762017
70.41902287139413
70.37690447603626
70.33478228354096
70.29265560904143
70.25052379217634
70.20838619840758
70.16624222028535
70.12409127865742
70.08193282382017
70.03976633660925
69.99759132942772
69.9554073472106
69.91321396832522
69.87101080540747
69.82879750613408
69.78657375393122
69.74433926861984
69.70209380699866
69.65983716336568
69.61756916997972
69.57528969746402
69.53299865515378
69.49069599139027
69.44838169376412
69.4060557893104
69.36371834465801
69.32136946613507
69.279009299832
69.23663803162405
69.19425588715528
69.1518631317857
69.1094600705038
69.06704704780587
69.02462444754336
68.98219269273851
68.93975224536835
68.89730360611712
68.85484731409689
68.81238394653597
68.76991411843481
68.72743848218953
68.68495772718391
68.6424725793505
68.59998380069997
68.55749218881816
68.51499857632903
68.47250383032268
68.43000885174648
68.38751457475779
68.34502196603613
68.30253202405389
68.26004577830427
68.21756428848549
68.17508864363934
68.13261996124241
68.09015938624871
68.04770809008231
68.00526726957888
67.96283814587535
67.9204219632479
67.8780199878996
67.83563350669873
67.79326382586883
67.75091226963228
67.70858017880867
67.66626890936946
67.62397983094978
67.58171432532014
67.53947378482142
67.49725961076693
67.45507321181525
67.41291600231783
67.3707894006444
67.32869482748912
67.28663370415971
67.24460745085183
67.20261748491076
67.16066521908202
67.1187520597524
67.07687940518313
67.03504864373768
66.99326115210657
66.95151829353215
66.90982141603563
66.86817185064903
66.82657090965522
66.78501988483895
66.74352004575285
66.7020726380021
66.66067888155196
66.61933996906218
66.57805706425215
66.53683130029997
66.49566377827868
66.45455556563302
66.41350769470027
66.37252116127915
66.33159692324982
66.29073589924865
66.24993896740061
66.20920696411251
66.16854068292984
66.12794087346019
66.08740824036481
66.04694344241948
66.00654709164444
65.96621975250314
65.92596194116929
65.88577412486123
65.84565672124202
65.80561009788383
65.76563457179432
65.72573040900377
65.68589782421171
65.64613698049155
65.6064479890521
65.56683090905508
65.52728574748838
65.48781245909461
65.4484109463547
65.40908105952613
65.36982259673553
65.3306353041244
65.29151887604658
65.25247295531611
65.21349713350386
65.17459095128137
65.13575389881012
65.09698541617504
65.05828489386076
65.01965167326941
64.98108504727836
64.94258426083607
64.90414851159491
64.86577695057943
64.82746868288913
64.78922276843522
64.75103822271095
64.71291401759444
64.67484908218333
64.63684230365996
64.59889252818655
64.56099856182996
64.52315917151671
64.48537308601928
64.4476389969752
64.40995555994081
64.37232139548158
64.33473509030043
64.29719519840492
64.25970024231387
64.2222487143043
64.18483907769914
64.14746976819575
64.11013919523575
64.07284574341705
64.0355877739498
63.99836362615744
63.961171619023816
63.92401005278762
63.88687721058457
63.84977136013745
63.81269075549412
63.77563363881288
63.73859824219389
63.70158278955469
63.66458549854778
63.62760458251674
63.590638252486514
63.55368471918334
63.516742195079104
63.47980889645433
63.44288304547311
63.40596287226313
63.369046616993984
63.33213253194768
63.295218883575075
63.25830395453258
63.22138604569372
63.18446347812997
63.14753459505536
63.11059776373034
63.0736513773206
63.036693856706535
62.999723652239624
62.962739245442066
62.925739150646365
62.88872191657234
62.85168612783846
62.81463040640435
62.77755341294156
62.74045384813073
62.70333045388335
62.66618201448691
62.62900735767212
62.59180535560133
62.55457492577718
62.51731503187133
62.48002468447279
62.44270294175592
62.40534891006816
62.36796174443841
62.33054064900724
62.29308487738026
62.25559373290573
62.21806656887812
62.180502788669365
62.14290184579013
62.10526324388328
62.06758653665204
62.02987132772531
61.992117270462835
61.954324067702906
61.91649147145554
61.87861928254468
61.84070735020324
61.80275557162499
61.76476389147782
61.726732301382604
61.68866083936185
61.65054958926205
61.61239868015334
61.57420828570948
61.53597862357068
61.49770995469154
61.45940258267617
61.42105685310266
61.3826731528388
61.34425190935078
61.30579359000679
61.26729870137668
61.22876778852869
61.1902014343241
61.15160025871037
61.112964918013425
61.074296104229596
61.03559454431697
60.99686099948618
60.9580962644903
60.91930116691369
60.880476566459286
60.84162335423391
60.80274245203142
60.76383481161408
60.72490141399302
60.685943268708364
60.64696141311017
60.60795691164096
60.56893085512129
60.529884360039226
60.49081856784462
60.451734644248994
60.412633778532175
60.373517182856425
60.33438609158858
60.29524176063054
60.256085466758314
60.21691850696944
60.17774219783828
60.13855787487832
60.09936689191132
60.06017062044233
60.02097044903942
59.98176778271626
59.94256404231551
59.903360663891036
59.86415909808723
59.824960809513485
59.78576727611194
59.74657998851718
59.70740044940676
59.668230172841746
59.62907068359705
59.58992351648102
59.55079021564411
59.51167233387635
59.472571431893655
59.433489077612776
59.39442684541446
59.355386315394654
59.31636907260362
59.277376706273245
59.23841080903243
59.19947297611067
59.16056480452956
59.12168789228208
59.082843837499425
59.04403423760523
59.00526068845768
58.96652478347973
58.927828112778016
58.889172262250625
58.85055881268421
58.81198933884174
58.773465408541725
58.734988581730434
58.69656040954892
58.658182433396476
58.61985618399241
58.58158318043799
58.543364929279974
58.50520292357801
58.467098641977955
58.429053547793
58.39106908809448
58.353146692814235
58.31528777386025
58.277493724247236
58.23976591724336
58.20210570553475
58.164514420409276
58.1269933709611
58.08954384331709
58.05216709988555
58.01486437862776
57.97763689235258
57.940485828034824
57.90341234615808
57.866417580082114
57.829502635435134
57.79266858953032
57.75591649080606
57.71924735828914
57.68266218107989
57.64616191785838
57.60974749641095
57.5734198131765
57.537179732811765
57.501028087774856
57.46496567792663
57.4289932701492
57.393111597981324
57.3573213612703
57.32162322583981
57.28601782317333
57.25050575011279
57.21508756857214
57.179763805265914
57.14453495145262
57.10940146269247
57.07436375861926
57.039422222726564
57.004577202168214
56.969829007573374
56.93517791287599
56.90062415515872
56.86616793451112
56.83180941390152
56.79754871906125
56.76338593838046
56.72932112281422
56.69535428579787
56.66148540317108
56.627714413110205
56.59404121606867
56.560465674725386
56.52698761394124
56.49360682072359
56.46032304419942
56.427135995597844
56.39404534824309
56.36105073755932
56.32815176108904
56.29534797852671
56.26263891176928
56.23002404498556
56.19750282470637
56.16507465993755
56.132738922298195
56.100494946186195
56.06834202897296
56.036279431228486
56.00430637697833
55.97242205399346
55.94062561411426
55.90891617360911
55.87729281356821
55.84575458033289
55.81430048596014
55.78292950872265
55.75164059364392
55.720432653067924
55.68930456726242
55.65825518505495
55.627283324500816
55.59638777358186
55.5655672909349
55.53482060660861
55.50414642284773
55.473543414903936
55.44301023187246
55.41254549755382
55.382147811340246
55.351815749125365
55.32154786423621
55.29134268838635
55.261198732648836
55.23111448844713
55.20108842856246
55.17111900815587
55.14120466580374
55.11134382454492
55.081534892937725
55.05177626612482
55.022066326904394
54.99240344680618
54.96278598717083
54.933212300231105
54.903680730192605
54.874189614312115
54.84473728397114
54.81532206574241
54.78594228244759
54.756596254204794
54.72728229946455
54.69799873603313
54.66874388208146
54.63951605713851
54.61031358306809
54.581134785027984
54.551977992410286
54.5228415397616
54.49372376768184
54.46462302370048
54.43553766312931
54.406466049890525
54.37740655731926
54.34835756893983
54.3193174792151
54.29028469426885
54.26125763258102
54.2322347256557
54.203214418661446
54.17419517104429
54.14517545711351
54.116153766600064
54.08712860518767
54.058098495016566
54.02906197516046
54.00001760207755
53.970963950036605
53.941899611519545
53.91282319760171
53.88373333831095
53.854628682966506
53.82550790049879
53.79636967975091
53.76721272976289
53.738035780039525
53.70883758080344
53.67961690323494
53.650372539700406
53.62110330397035
53.591808031427995
53.56248557926909
53.53313482669363
53.503754675089674
53.47434404820881
53.44490189233277
53.41542717642999
53.385918892301326
53.35637605471407
53.32679770152412
53.29718289378564
53.26753071584766
53.23784027543723
53.20811070372837
53.17834115539636
53.148530808656226
53.11867886528528
53.088784550629605
53.05884711359436
53.028865826618464
52.99883998563393
52.968768910010446
52.938651942485585
52.90848844908151
52.87827781900938
52.84801946456235
52.81771282099822
52.787357346412755
52.75695252160522
52.72649784993711
52.69599285718521
52.66543709139011
52.63483012270154
52.604171543221916
52.57346096684875
52.54269802911596
52.51188238703434
52.481013718930846
52.450091724286715
52.41911612357415
52.388086658091986
52.35700308980022
52.32586520115347
52.29467279493331
52.263425694079835
52.232123741522564
52.200766800011245
52.16935475194719
52.137887499215815
52.106364963021285
52.074787083724225
52.043153820683465
52.011465152102794
51.97972107488345
51.947921604483376
51.91606677478472
51.88415663797144
51.852191264419154
51.82017074259942
51.78809517900094
51.75596469806981
51.723779442171285
51.69153957157527
51.65924526446798
51.626896716992114
51.59449414331777
51.562037775746255
51.529527864848994
51.49696467964292
51.464348507804
51.43167965592021
51.398958449785304
51.366185234734125
51.33336037602054
51.30048425923905
51.26755729079081
51.234579898394934
51.201552531645
51.16847566261014
51.13534978647993
51.10217542225188
51.06895311346022
51.03568342894436
51.00236696365527
50.969004339497125
50.93559620620197
50.90214324223472
50.86864615572647
50.83510568543408
50.801522601723995
50.76789770757812
50.73423183961898
50.70052586915164
50.66678070322029
50.63299728567704
50.599176598260776
50.56531966168409
50.53142753672653
50.49750132533227
50.46354217171005
50.42955126343292
50.39552983253537
50.36147915660535
50.327400559868344
50.29329541426119
50.259165140493046
50.22501120909077
50.1908351414255
50.15663851071735
50.122422943015515
50.088190118151026
50.053941770658746
50.01967969066509
49.98540572473768
49.95112177669255
49.916829808354
49.88253184026211
49.84822995232337
49.81392628439948
49.77962303682914
49.74532247087812
49.71102690911293
49.67673873569406
49.642460396584895
49.60819439967291
49.573943314799905
49.539709773697936
49.50549646982749
49.47130615811487
49.43714165458606
49.40300583589469
49.36890163874169
49.334832059184734
49.300800151836185
49.26680902894854
49.23286185938677
49.19896186748717
49.165112331802604
49.13131658373446
49.09757800605222
49.063900031301486
49.03028614010138
48.99673985933218
48.96326476021402
48.929864456278025
48.896542601231815
48.863302886721314
48.83014903999201
48.79708482145291
48.76411402214681
48.73124046113058
48.69846798276943
48.66580045394902
48.633241761209135
48.60079580780267
48.568466510683706
48.53625779742798
48.5041736030888
48.47221786699218
48.440394529474915
48.40870752856959
48.37716079664021
48.34575825697185
48.31450382031794
48.28340138140844
48.25245481542207
48.22166797442587
48.19104468378576
48.16058873855205
48.13030389982383
48.10019389109594
48.07026239459212
48.04051304758774
48.01094943872572
47.98157510432911
47.95239352471343
47.923408120502174
47.89462224894895
47.86603920026964
47.837662193988294
47.80949437530022
47.781538811455945
47.75379848816992
47.726276306057784
47.69897507710566
47.67189752117506
47.64504626254686
47.61842382650716
47.592032635978434
47.565875008199136
47.539953151455315
47.514269161868505
47.48882502024342
47.463622588978446
47.43866360904193
47.413949697017394
47.38948234222037
47.36526290388921
47.3412926084524
47.317572546874864
47.29410367208616
47.27088679649294
47.247922589577776
47.22521157558632
47.20275413130478
47.1805504839293
47.158600709029066
47.13690472860461
47.11546230924311
47.094273060372224
47.073336432614646
47.052651716245556
47.03221803975598
47.01203436852459
46.99209950360095
46.97241208060323
46.95297056873384
46.933773269916664
46.91481831805957
46.89610367844549
46.8776271472556
46.859386351227705
46.84137874745287
46.82360162331319
46.806052096563384
46.788727115558665
46.77162345963044
46.75473773961094
46.73806639850731
46.72160571232579
46.70535179104636
46.689300579748114
46.67344785988602
46.65778925071951
46.64232021089308
46.62703604016881
46.611931881310774
46.59700272212118
46.582243397627714
46.567648592420966
46.553212843140415
46.538930541107476
46.524795935104265
46.51080313429688
46.496946111302265
46.48321870539749
46.469614625869866
46.45612745550673
46.442750654224
46.42947756283192
46.416301406936014
46.40321530097097
46.39021225236533
46.37728516583465
46.3644268478005
46.351630010932325
46.33888727880864
46.32619119069338
46.3135342064227
46.30090871139751
46.28830702167673
46.27572138916591
46.26314400689532
46.250567014381346
46.23798250306518
46.225382521822695
46.21275908253901
46.20010416574101
46.187409726281174
46.17466769906619
46.161870004824294
46.14900855590602
46.13607526211294
46.12306203654887
46.1099608014886
46.09676349425874
46.08346207312562
46.07004852318502
46.05651486224801
46.042853146716396
46.0290554774422
46.01511400556481
46.00102093832007
45.98676854481519
45.972349161763276
45.957755199170975
45.94297914597334
45.928013575609526
45.91285115153309
45.89748463265064
45.88190687868276
45.866110855441455
45.85008964001823
45.833836425877244
45.817344527848114
45.80060738701362
45.783618575487274
45.76637180107601
45.74886091182358
45.73107990043032
45.71302290854569
45.69468423092925
45.67605831947619
45.657139787103254
45.63792341149061
45.61840413867562
45.59857708649397
45.57843754786327
45.557980993904685
45.53720307689806
45.516099633066084
45.49466668518354
45.47290044500797
45.450797315528085
45.428353893026404
45.40556696895347
45.38243353161098
45.35895076764111
45.33511606331947
45.31092700564968
45.286381383258934
45.26147718709395
45.2362126109177
45.21058605160717
45.184596109253356
45.1582415870645
45.1315214910746
45.104435029659
45.076981612858575
45.04916085151383
45.02097255621119
44.99241673604327
44.963493597184836
44.93420354128604
44.90454716368488
44.87452525144137
44.844138781195696
44.81338891685341
44.78227700710052
44.750804582751655
44.718973353935056
44.686785207118376
44.65424220197964
44.62134656812789
44.588100701678925
44.55450716169163
44.5205686664698
44.48628808973383
44.45166845666678
44.41671293983946
44.38142485501943
44.34580765686867
44.30986493453419
44.27360040713599
44.23701791915711
44.20012143574026
44.162915037895644
44.12540291762487
44.0875893729653
44.049478802959534
44.01107570255426
43.97238465743306
43.93341033878796
43.894157498034424
43.85463096147442
43.81483562491196
43.77477644822563
43.73445844990267
43.693886701539164
43.65306632231154
43.61200247342396
43.5707003525368
43.52916518818126
43.48740223416571
43.44541676397905
43.40321406519673
43.36079943389502
43.31817816907961
43.27535556713463
43.23233691629827
43.18912749117141
43.14573254726577
43.102157315597545
43.05840699733205
43.01448675848423
42.97040172467997
42.92615697598331
42.88175754179469
42.83720839582463
42.79251445114761
42.74768055534071
42.70271148571186
42.657611944622204
42.61238655490689
42.567039855398775
42.52157629655932
42.47600023622107
42.430315935445776
42.38452755450186
42.33863914896466
42.29265466594251
42.246577940431905
42.200412691804786
42.154162520430305
42.107830904433456
42.0614211965929
42.01493662138074
41.96838027214682
41.92175510845027
41.87506395354137
41.82830949199678
41.781494267511334
41.734620680849275
41.68769098795667
41.640707298236634
41.593671572988
41.546585624007484
41.49945111235518
41.45226954728286
41.405042285324605
41.35777052954915
41.31045532897354
41.26309757813765
41.21569801683875
41.168257230024885
41.12077564784578
41.07325354586009
41.025691045398325
40.9780881140806
40.930444566488056
40.88276006498676
40.835034120702225
40.78726609464268
40.73945519896909
40.691600498409336
40.64370091181444
40.59575521385414
40.54776203684889
40.49971987273573
40.451627075165895
40.40348186173133
40.355282316317805
40.30702639158203
40.25871191155015
40.210336574335074
40.16189795496983
40.11339350835412
40.064820572310495
40.016176370746265
39.96745801691729
39.91866251678924
39.86978677249208
39.82082758586351
39.77178166207709
39.72264561335071
39.673415962731426
39.62408914795229
39.574661525356746
39.525129373886145
39.47548889912598
39.42573623740621
39.375867459951095
39.32587857707374
39.27576554241061
39.22552425719117
39.17515057453788
39.12464030379247
39.07398921486433
39.02319304259752
38.97224749115268
38.9211482384005
38.86989094032251
38.81847123541517
38.76688474909273
38.71512709808409
38.6631938948186
38.611080751796386
38.558783285938524
38.50629712291241
38.45361790142804
38.40074127750112
38.347662928678496
38.2943785582219
38.240883899245866
38.18717471880539
38.13324682192846
38.079096055588515
38.02471831261236
37.970109535519704
37.915265720290655
37.86018292005767
37.804857248718605
37.749284884467414
37.69346207323915
37.63738513206616
37.581050452342794
37.52445450299612
37.46759383356007
37.41046507715018
37.35306495333637
37.29539027091144
37.23743793055317
37.179204927378095
37.12068835338468
37.06188539978419
37.00279335921758
36.94340962785705
36.883731707391064
36.82375720689163
36.76348384456287
36.70290944936983
36.642031962546525
36.58084943898245
36.51936004848641
36.4575620769271
36.3954539272496
36.333034120367806
36.27030129593265
36.207254212976316
36.14389175043285
36.08021290753552
36.01621680409206
35.9519026806387
35.88726989847364
35.822317939570574
35.757046406372886
35.691455021469174
35.62554362715101
35.559312184853944
35.49276077448291
35.42588959362342
35.35869895664023
35.291189293665404
35.2233611494775
35.15521518227409
35.086752162339266
35.01797297060794
34.94887859712877
34.87947013942754
34.80974880077328
34.73971588834907
34.66937281132972
34.598721078868394
34.527762297994585
34.45649817142642
34.38493049530025
34.31306115682061
34.240892131833064
34.16842548232286
34.095663353842255
34.02260797286969
33.94926164410343
33.87562674769258
33.8017057364086
33.727501132760246
33.653015526055505
33.5782515694144
33.50321197673632
33.427899519625704
33.352317024279564
33.27646736833987
33.200353477713925
33.1239783233657
33.047344918081485
32.97045631321328
32.89331559540347
32.81592588329449
32.73829032422743
32.660412090933086
32.58229437821874
32.50394039965398
32.42535338425851
32.34653657319501
32.26749321646983
32.1882265696444
32.10873989056046
32.02903643608232
31.949119458859514
31.86899220411297
31.788657906447582
31.7081197866938
31.627381048781047
31.546444876645864
31.465314431178143
31.38399284720856
31.30248323054019
31.220788655027008
31.138912159702496
31.056856745961678
30.97462537479981
30.89222096411083
30.809646386048424
30.72690446445267
30.643997972345144
30.560929629495345
30.47770210006126
30.394317990306995
30.31077984640023
30.227090152292185
30.14325132768277
30.059265726073413
29.97513563290982
29.890863263816605
29.8064507629256
29.721900201299427
29.63721357545179
29.55239280596577
29.46743973621138
29.382356131163636
29.297143676322225
29.211803976733467
29.12633855611519
29.040748856084793
28.955036235490656
28.869201969846717
28.783247250869906
28.69717318611994
28.61098079874101
28.524671027304564
28.43824472575234
28.351702663438843
28.265045525272356
28.17827391195341
28.091388340309337
28.004389243723363
27.917276972656463
27.830051795259987
27.742713898076982
27.65526338682987
27.567700287292336
27.48002454624331
27.3922360325008
27.304334538033157
27.216319779145444
27.128191397738654
27.03994896263925
26.951591970996397
26.86311984974413
26.77453195712591
26.68582758427892
26.59700595687554
26.508066236819452
26.419007523993944
26.32982885805993
26.24052922030103
26.15110753551338
26.061562673937832
25.971893453232443
25.882098640482926
25.79217695424885
25.702127066643246
25.611947605443447
25.521637156230582
25.431194264555103
25.34061743812552
25.24990514901768
25.159055835901825
25.068067906284654
24.976939738763832
24.8856696852923
24.79425607345001
24.70269720872093
24.61099137677297
24.519136845738753
24.42713186849488
24.334974684937432
24.242663524251522
24.15019660717277
24.057572148238588
23.964788358027185
23.871843445382176
23.77873561962081
23.685463092723715
23.59202408150417
23.49841680975532
23.40463951037406
23.310690427460194
23.216567818389358
23.122269955858304
23.027795129901126
22.93314164987503
22.83830784641437
22.74329207335173
22.648092709604743
22.55270816102733
22.457136862224093
22.361377278326856
22.26542790673234
22.169287278799956
22.072953961508333
21.976426559069367
21.879703714498433
21.78278411113935
21.68566647414262
21.58834957189562
21.490832217403334
21.39311326961835
21.295191634718588
21.19706626733129
21.098736171702182
21.000200402808826
20.901458067417348
20.802508325081657
20.703350389084484
20.603983527319492
20.504407063113696
20.404620375989175
20.304622902363242
20.204414136186337
20.103993629517227
20.00336099303548
19.902515896491145
19.80145806909184
19.700187299827295
19.59870343773162
19.497006392083538
19.395096132544953
19.292972689238074
19.19063615276139
19.088086674144908
18.985324464745162
18.88234979608052
18.77916299960745
18.675764466438665
18.57215464700394
18.468334050654505
18.364303245211886
18.260062856462213
18.155613567596973
18.050956118601288
17.94609130559068
17.841019980097382
17.73574304830728
17.63026147024871
17.524576258934157
17.41868847945599
17.312599248037213
17.206309731038637
17.099821143923727
16.993134750182243
16.88625186021374
16.77917383017202
16.67190206077162
16.564437996057556
16.456783122139633
16.348938965892703
16.24090709362412
16.132689109709805
16.02428665520046
15.915701406399439
15.806935073413843
15.697989398680308
15.588866155467004
15.479567146353235
15.370094201688007
15.260449178029091
15.150633956564292
15.040650441516576
14.930500558534646
14.820186253070373
14.709709488744435
14.599072245701619
14.488276518957134
14.377324316735379
14.26621765880257
14.15495857479463
14.043549102541657
13.931991286390508
13.820287175526866
13.708438822298186
13.59644828053896
13.484317603899846
13.372048844182196
13.259644049679416
13.147105263526562
13.034434522059561
12.921633853185517
12.808705274765662
12.695650793012524
12.582472400902905
12.469172076608306
12.355751781944196
12.24221346083947
12.128559037827431
12.014790416559594
11.900909478343609
11.786918080706785
11.67281805598661
11.558611209949802
11.444299320441303
11.329884136064749
11.215367374895775
11.100750723229451
10.986035834363191
10.87122432741644
10.75631778618843
10.64131775805522
10.526225752907134
10.411043242127601
10.295771657614463
10.18041239084483
10.064966791984626
9.949436169043986
9.833821787079637
9.718124867445091
9.602346587089478
9.486488077905712
9.370550426128638
9.25453467178375
9.13844180818698
9.022272781495962
8.906028490313068
8.789709785340445
8.67331746908722
8.556852295628932
8.440314970419355
8.323706150154843
8.207026442691353
8.090276407014146
7.9734565532601716
7.856567342793007
7.7396091883302205
7.62258245412302
7.505487456188127
7.388324462591746
7.271093693785522
7.1537953229943465
7.036429476655809
6.918996234911018
6.801495632146459
6.683927657586491
6.566292255935951
6.448589328072361
6.330818731787142
6.21298028257519
6.0950737544720335
5.977098880937697
5.859055355786367
5.7409428341609186
5.6227609335513185
5.504509234855909
5.386187283484545
5.26779459050246
5.14933063381366
5.0307948593826
4.912186682492828
4.793505489041319
4.6747506368671345
4.555921457113032
4.437017255618616
4.31803731434354
4.198980892819266
4.079847229627849
3.960635543906208
3.8413450368742983
3.7219748933856174
3.602524283498432
3.4829923640660914
3.363378280344785
3.2436811676171136
3.1239001528297847
3.0040343562437153
2.884082893094796
2.7640448752635685
2.6439194129520263
2.5237056163657767
2.4034025973997957
2.2830094713260163
2.162525358481005
2.041949385951951
1.921280689259208
1.8005184140336292
1.6796617176869544
1.5587097710735212
1.4376617601415773
1.3165168875724744
1.1952743744060346
1.0739334616503995
0.952493411874693
0.8309535107828387
0.7093130687669058
0.5875714224383849
0.46572793613581187
0.3437820034071769
0.22173304846559033
0.09958052761671185
-0.022676069343518845
-0.14503721776227624
-0.26750335679575604
-0.3900748881089423
-0.5127521746105398
-0.6355355392243364
-0.7584252636982183
-0.8814215874520164
-1.0045247064653204
-1.1277347722063533
-1.2510518906029486
-1.3744761210566272
-1.4980074755007264
-1.6216459175034863
-1.7453913614169523
-1.8692436715725138
-1.9932026615238547
-2.1172680933380392
-2.241439676935417
-2.3657170694789644
-2.490099874813623
-2.6145876429561388
-2.739179869635856
-2.863875995886866
-2.9886754076918525
-3.1135774356779273
-3.238581354864705
-3.3636863844647804
-3.4888916877367318
-3.6141963718907526
-3.7395994880469208
-3.8651000312460697
-3.990696940513151
-4.116389098972919
-4.242175334017686
-4.368054417526838
-4.494025066137751
-4.620085941567709
-4.746235650986375
-4.872472747438338
-4.998795730315181
-5.125203045876469
-5.251693087819016
-5.378264197893701
-5.50491466656901
-5.631642733740409
-5.758446589484638
-5.885324374858026
-6.012274182737902
-6.139294058706075
-6.266382001973359
-6.393535966344073
-6.520753861219388
-6.648033552638352
-6.775372864355368
-6.902769578952849
-7.030221438987695
-7.157726148170235
-7.285281372574311
-7.412884741877101
-7.540533850627236
-7.66822625953983
-7.795959496816965
-7.923731059492222
-8.05153841479775
-8.179379001552423
-8.307250231569693
-8.435149491083788
-8.563074142192937
-8.691021524318321
-8.818988955677481
-8.946973734770962
-9.074973141880967
-9.202984440580757
-9.331004879253534
-9.459031692619618
-9.587062103270625
-9.715093323209375
-9.843122555394162
-9.971146995286135
-10.09916383239859
-10.227170251846859
-10.35516343589747
-10.48314056551516
-10.611098821906399
-10.739035388058017
-10.866947450269583
-10.994832199678205
-11.1226868337745
-11.250508557908452
-11.378294586783815
-11.506042145939738
-11.633748473218311
-11.761410820216817
-11.88902645372351
-12.016592657135854
-12.144106731860115
-12.271565998691267
-12.398967799172235
-12.526309496931384
-12.653588478997303
-12.780802157089862
-12.907947968886798
-13.035023379265109
-13.162025881516623
-13.288952998537097
-13.415802283988354
-13.542571323433007
-13.669257735441304
-13.795859172669665
-13.92237332291046
-14.048797910112569
-14.175130695372232
-14.301369477893672
-14.427512095918887
-14.553556427625937
-14.679500391995107
-14.805341949642356
-14.931079103619512
-15.056709900180739
-15.18223242951473
-15.307644826442232
-15.432945271078413
-15.55813198945963
-15.683203254134176
-15.808157384716685
-15.932992748405914
-16.057707760465824
-16.18230088467009
-16.306770633710137
-16.43111556956675
-16.555334303845434
-16.679425498075837
-16.803387863975637
-16.927220163679202
-17.050921209931314
-17.17448986624623
-17.29792504703229
-17.42122571768233
-17.544390894630407
-17.667419645375485
-17.790311088472702
-17.9130643934929
-18.03567878095114
-18.158153522205197
-18.280487939324928
-18.402681404933276
-18.5247333420197
-18.646643223727054
-18.768410573113
-18.89003496288707
-19.01151601512423
-19.13285340095597
-19.25404684024004
-19.375096101209994
-19.49600100010584
-19.616761400787073
-19.737377214329587
-19.857848398607832
-19.978174957863718
-20.098356942263553
-20.218394447444005
-20.33828761404788
-20.458036627250657
-20.577641716278883
-20.69710315392134
-20.816421256033884
-20.935596381038884
-21.05462892942051
-21.173519343217087
-21.292268105511535
-21.410875739920865
-21.52934281008552
-21.64766991915928
-21.765857709300516
-21.88390686116551
-22.001818093404406
-22.11959216216027
-22.237229860572
-22.35473201828154
-22.47209950094569
-22.589333209752596
-22.706434080942955
-22.823403085336082
-22.940241227861037
-23.056949547092813
-23.17352911479364
-23.28998103545968
-23.4063064458735
-23.522506514662897
-23.63858244186648
-23.75453545850664
-23.87036682617043
-23.9860778365989
-24.101669811285323
-24.21714410108246
-24.332502085818938
-24.447745173924893
-24.56287480206715
-24.67789243479394
-24.792799564189103
-24.90759770953546
-25.022288416987074
-25.13687325925012
-25.251353835271555
-25.36573176993495
-25.480008713762754
-25.594186342624493
-25.708266357450082
-25.82225048394748
-25.93614047232371
-26.049938097008024
-26.163645156376205
-26.27726347247527
-26.39079489074787
-26.504241279755618
-26.617604530900635
-26.73088655814469
-26.84408929772512
-26.957214707866697
-27.070264768488432
-27.183241480904304
-27.296146867516814
-27.408982971502315
-27.52175185648692
-27.63445560621172
-27.747096324186277
-27.859676133329277
-27.972197175595443
-28.08466161158764
-28.197071620153245
-28.309429397963832
-28.421737159077217
-28.533997134481147
-28.646211571617975
-28.758382733889555
-28.87051290014164
-28.982604364127177
-29.094659433948006
-29.206680431474606
-29.318669691743136
-29.430629562329354
-29.54256240269896
-29.65447058353376
-29.766356486033228
-29.878222501190944
-29.99007102904559
-30.101904477906146
-30.21372526355094
-30.32553580840016
-30.437338540661443
-30.549135893448636
-30.66093030387384
-30.77272421211285
-30.884520060444203
-30.996320292261856
-31.108127351061455
-31.219943679399965
-31.331771717828136
-31.443613903795214
-31.555472670525493
-31.667350445866195
-31.779249651106458
-31.891172699767456
-32.00312199636384
-32.11509993513665
-32.227108898758054
-32.33915125700796
-32.45122936542277
-32.56334556391676
-32.675502175376415
-32.78770150422742
-32.89994583497464
-33.01223743071518
-33.12457853162483
-33.236971353418035
-33.3494180857818
-33.46192089078375
-33.574481901255076
-33.6871032191491
-33.79978691387638
-33.912535020616794
-34.025349538609284
-34.13823242941974
-34.25118561518722
-34.36421097684904
-34.47731035234561
-34.59048553480646
-34.703738270719086
-34.81707025808264
-34.93048314454863
-35.043978525550884
-35.15755794242632
-35.2712228805283
-35.38497476733376
-35.49881497054555
-35.61274479619125
-35.72676548672008
-35.84087821909942
-35.95508410291258
-36.06938417845994
-36.183779414865924
-36.29827070819421
-36.412858879573875
-36.52754467333902
-36.642328755184664
-36.75721171034148
-36.872194041772374
-36.987276168393684
-37.10245842332386
-37.21774105216263
-37.333124211304145
-37.448607966287504
-37.56419229018808
-37.679877062053286
-37.79566206538632
-37.91154698668131
-38.027531414013275
-38.14361483568589
-38.259796638940166
-38.376076108727
-38.49245242654657
-38.6089246693576
-38.72549180855881
-38.84215270904493
-38.958906128339514
-39.0757507158066
-39.192685011943546
-39.309707447757226
-39.42681634422595
-39.54400991184931
-39.66128625028827
-39.77864334809786
-39.896079082554564
-40.01359121958038
-40.1311774137649
-40.24883520848712
-40.36656203613839
-40.484355218448144
-40.60221196691393
-40.72012938333731
-40.83810446046695
-40.95613408274963
-41.07421502718975
-41.19234396431787
-41.310517459268425
-41.42873197296686
-41.546983863425936
-41.66526938715063
-41.783584700650664
-41.9019258620593
-42.02028883285729
-42.13866947970101
-42.25706357635412
-42.37546680572226
-42.49387476198965
-42.61228295285603
-42.73068680187223
-42.84908165087277
-42.96746276250358
-43.085825322843654
-43.204164444118796
-43.32247516750565
-43.44075246602396
-43.55899124751458
-43.67718635770101
-43.79533258333155
-43.913424655398934
-44.031457252434826
-44.14942500387614
-44.26732249350008
-44.38514426292469
-44.502884815171946
-44.62053861829012
-44.73810010903177
-44.85556369658347
-44.97292376634281
-45.09017468373837
-45.20731079808807
-45.3243264464911
-45.44121595774827
-45.557973656305975
-45.674593866218785
-45.79107091512587
-45.9073991382367
-46.023572882322114
-46.13958650970703
-46.255434402260946
-46.37111096538273
-46.486610631975665
-46.6019278664085
-46.71705716845803
-46.83199307722872
-46.94673017504543
-47.0612630913153
-47.17558650635475
-47.28969515517774
-47.40358383124128
-47.51724739014456
-47.63068075327844
-47.74387891142179
-47.85683692828063
-47.96954994396576
-48.08201317840473
-48.1942219346838
-48.306171602315935
-48.41785766043102
-48.52927568088506
-48.640421331285204
-48.751290377927766
-48.86187868864641
-48.97218223556768
-49.082197097771136
-49.19191946385154
-49.30134563438076
-49.41047202426699
-49.51929516500967
-49.62781170684877
-49.73601842080688
-49.843912200622746
-49.951490064574436
-50.05874915719095
-50.16568675085096
-50.27230024726793
-50.37858717886103
-50.484545210011326
-50.59017213820294
-50.69546589504903
-50.80042454720216
-50.90504629714854
-51.009329483886056
-51.113272583485916
-51.216874209537536
-51.3201331134768
-51.42304818479829
-51.5256184511523
-51.62784307832794
-51.729721370123855
-51.83125276810739
-51.93243685126316
-52.03327333553193
-52.13376207324103
-52.23390305242748
-52.33369639605496
-52.43314236112559
-52.532241337687594
-52.63099384773989
-52.72940054403426
-52.82746220877618
-52.92517975222506
-53.02255421119503
-53.11958674745699
-53.21627864604301
-53.312631313453664
-53.40864627576917
-53.504325176664906
-53.599669775332245
-53.69468194430567
-53.78936366719711
-53.88371703633874
-53.977744250336
-54.071447611533074
-54.16482952339328
-54.25789248779694
-54.35063910225853
-54.44307205706526
-54.53519413233898
-54.62700819502357
-54.7185171957998
-54.80972416593051
-54.90063221403893
-54.99124452282275
-55.081564345706916
-55.17159500343792
-55.26133988062288
-55.35080242221728
-55.43998612996479
-55.52889455879228
-55.61753131316306
-55.70590004339147
-55.79400444192243
-55.88184823957983
-55.969435201788095
-56.05676912477157
-56.1438538317363
-56.23069316903878
-56.31729100234674
-56.40365121279627
-56.4897776931494
-56.575674343956685
-56.6613450697289
-56.74679377512218
-56.83202436114056
-56.91704072135992
-57.00184673817666
-57.086446279085074
-57.170843192986815
-57.25504130653628
-57.339044420525575
-57.42285630631273
-57.50648070229665
-57.589921310441646
-57.673181792853946
-57.75626576841229
-57.839176809454685
-57.921918438523406
-58.00449412517061
-58.08690728282717
