53.59639969541847
53.56242180722829
53.52810911212019
53.49346125728185
53.4584780629264
53.42315952210548
53.38750580037423
53.35151723530798
53.31519433587037
53.27853778163272
53.24154842184451
53.204227274355034
53.16657552438572
53.128594523153524
53.090285786346314
53.0516509924518
53.012691980941824
52.97341075031362
52.933809455989476
52.893890408076956
52.85365606899198
52.81310905094709
52.772252113307545
52.73108815981833
52.689620235704965
52.6478515246515
52.6057853456587
52.5634251497862
52.520774516782225
52.47783715160459
52.43461688083623
52.391117648998815
52.34734351476815
52.30329864709521
52.258987321236795
52.21441391469987
52.1695829031032
52.12449885596008
52.07916643238659
52.033590376739745
51.987775514190254
51.94172674623477
51.89544904615227
51.848947454409405
51.80222707401979
51.755293065862
51.70815064396081
51.66080507073654
51.613261652226846
51.565525733285746
51.517602692764434
51.469497938678934
51.42121690336953
51.37276503865716
51.32414781100184
51.2753706966681
51.226439176902524
51.17735873312862
51.12813484216347
51.078772971460616
51.02927857438355
50.979657085513374
50.929913915994725
50.88005444892398
50.830084034783546
50.7800079869256
50.72983157710874
50.679560031091086
50.629198524283225
50.57875217746502
50.52822605256992
50.47762514854068
50.42695439726086
50.37621865956592
50.3254227213375
50.274571289683735
50.22366898920896
50.17272035837581
50.12172984596285
50.070701807620566
50.0196405025288
49.968550090158004
49.91743462713717
49.866298064230904
49.815144243427795
49.76397689514275
49.712799635536186
49.66161596395253
49.610429260480004
49.559242783633664
49.508059668163554
49.45688292298976
49.405715429265484
49.354559938569395
49.30341907122814
49.25229531476926
49.20119102250444
49.15010841224309
49.09904956513619
49.04801642465005
48.99701079567014
48.94603434373422
48.89508859439396
48.844174932704355
48.79329460284023
48.74244870783959
48.6916382094736
48.64086392824296
48.590126543500354
48.539426593697975
48.48876447675868
48.43814045056936
48.38755463359481
48.33700700561021
48.286497408549984
48.2360255474704
48.18559099162311
48.13519317563671
48.08483140080349
48.0345048364692
47.984212521523794
47.93395336599141
47.88372615271756
47.83352953915109
47.783362059218476
47.73322212528781
47.683108030219174
47.63301794949747
47.582949943443865
47.532901959502354
47.482871834598555
47.43285729756754
47.382855971647885
47.3328653770392
47.2828829335203
47.23290596312559
47.18293169287729
47.13295725757088
47.082979702610785
47.03299598689314
46.98300298573271
46.93299749383074
46.882976228280214
46.83293583160521
46.782872874831256
46.73278386058338
46.68266522620918
46.63251334692428
46.58232453897785
46.532095062836284
46.48182112638285
46.43149888813128
46.38112446045046
46.33069391279714
46.28020327495347
46.22964854026578
46.179025668880634
46.12833059097432
46.07755920997182
46.02670740575167
45.975771037833006
45.92474594854105
45.87362796614827
45.82241290798857
45.77109658354227
45.719674797489525
45.66814335273052
45.61649805337016
45.56473470766549
45.51284913093435
45.46083714842359
45.40869459813473
45.35641733360484
45.30400122664054
45.25144217000286
45.1987360800415
45.145878899277136
45.0928665989307
45.03969518139837
44.986360682671716
44.932859174701775
44.879186767706074
44.82533961241751
44.7713139022743
44.71710587555026
44.66271181742485
44.60812806199283
44.553350994213076
44.49837705179635
44.44320272703192
44.3878245685525
44.33223918303696
44.276443236849836
44.22043345761664
44.1642066357337
44.107759625811234
44.05108934804854
43.99419278954007
43.937067005512056
43.8797091204895
43.82211632939333
43.76428589856754
43.70621516673622
43.64790154588996
43.5893425221007
43.53053565626339
43.471478584762956
43.41216902006561
43.35260475123402
43.29278364436572
43.23270364295433
43.172362768172825
43.111759119078435
43.050890872739146
42.98975628428205
42.92835368686342
42.866681491560755
42.804738187187795
42.74252234003346
42.68003259352592
42.61726766782304
42.554226359330855
42.49090754015184
42.42731015746499
42.363433232839995
42.29927586148726
42.23483721144537
42.170116522708085
42.10511310629305
42.03982634325426
41.97425568364012
41.90840064539837
41.84226081322957
41.77583583739048
41.70912543244939
41.64212937599556
41.5748475073053
41.50727972596807
41.43942599047566
41.371286316777265
41.30286077680288
41.234149496958004
41.16515265659215
41.09587048644412
41.02630326706717
40.956451327237325
40.88631504234852
40.81589483279809
40.74519116236585
40.67420453658989
40.60293550114179
40.5313846402041
40.4595525748529
40.387439961448116
40.31504749003406
40.24237588275244
40.1694258922702
40.09619830022481
40.02269391568976
39.94891357366251
39.87485813357702
39.80052847784171
39.72592551040415
39.65105015534411
39.575903355496365
39.500486071104916
39.42479927850931
39.348843968864315
39.27262114689441
39.196131829684504
39.11937704550863
39.04235783269783
38.96507523854845
38.887530318272034
38.80972413398725
38.73165775375403
38.653332250649804
38.574748701887664
38.49590818797625
38.41681179192155
38.337460598470976
38.25785569339998
38.177998162841526
38.09788909265787
38.01752956785449
37.936920672035704
37.8560634869016
37.77495909178551
37.69360856323143
37.6120129746101
37.53017339577311
37.44809089274431
37.36576652744846
37.283201357476784
37.20039643588932
37.11735281105369
37.034071526519924
36.950553620930506
36.86680012796519
36.78281207631984
36.69859048971831
36.614136386956275
36.52945078197611
36.444534683971725
36.35938909752157
36.27401502274803
36.188413455501305
36.10258538756584
36.01653180688781
35.93025369782207
35.84375204139637
35.757027815590824
35.670081995630404
35.582915554288924
35.495529462202434
35.40792468818987
35.320102199578976
35.232062962535345
35.14380794239265
35.0553381039818
34.96665441195723
34.87775783111835
34.78864932672514
34.69932986480672
34.609800412462285
34.52006193815331
34.43011541198573
34.339961805980785
34.249602094333085
34.15903725365425
34.068268263200395
33.977296105082445
33.886121764458125
33.79474622970454
33.70317049257028
33.61139554830555
33.51942239576897
33.427252037509504
33.33488547982239
33.24232373277772
33.14956781022079
33.05661872974355
32.96347751262664
32.87014518375159
32.776622771483204
32.682911307522005
32.58901182672647
32.4949253669051
32.40065296857849
32.30619567471151
32.211554530415405
32.11673058261996
32.021724879716395
31.926538471172073
31.83117240711828
31.735627737912516
31.639905513676602
31.544006783812016
31.447932596493835
31.351683998144598
31.255262032889494
31.158667741994396
31.061902163288398
30.964966330572583
30.867861273016917
30.77058801454719
30.673147573224004
30.5755409606157
30.477769181167034
30.379833231565144
30.281734100104742
30.18347276605435
30.085050199025588
29.986467358347383
29.887725192446837
29.788824638238182
29.689766620521382
29.590552051391892
29.491181829663088
29.39165684030284
29.291977953885617
29.192146026061476
29.092161897043194
28.992026391112727
28.89174031614804
28.79130446317135
28.690719605919703
28.589986500438677
28.48910588469949
28.38807847823967
28.28690498182764
28.18558607715199
28.08412242653609
27.982514672678807
27.880763438421898
27.778869326544513
27.67683291958514
27.57465477969126
27.472335448496782
27.3698754470272
27.26727527563256
27.164535413948418
27.06165632088502
26.958638434644854
26.85548217276883
26.752187932211143
26.648756089442657
26.545187000582615
26.44148100155857
26.337638408294367
26.233659516926135
26.12954460404617
26.02529392697431
25.92090772405626
25.816386214988054
25.711729601165697
25.60693806605917
25.502011775609358
25.396950878646372
25.29175550732767
25.186425777594643
25.080961789645947
24.975363628426116
24.86963136412782
24.76376505270644
24.657764736405618
24.551630444292517
24.445362192801714
24.338959986286557
24.232423817576848
24.12575366854175
24.018949510657013
23.912011305575295
23.80493900569839
23.697732554750118
23.59039188834852
23.48291693457581
23.375307614544525
23.267563842958467
23.159685528667396
23.051672575214226
22.943524881373676
22.835242341681617
22.72682484695424
22.618272284796245
22.509584540097432
22.40076149551727
22.291803031957084
22.182709029019957
22.073479365458564
21.96411391961136
21.85461256982766
21.744975194882052
21.635201674378273
21.525291889142586
21.415245721607086
21.305063056183236
21.194743779625988
21.08428778138859
20.973694953967996
20.86296519324097
20.75209839879091
20.641094474225557
20.529953327485718
20.41867487114519
20.307259022702343
20.19570570486366
20.084014845819382
19.97218637951167
19.860220245895647
19.748116391193747
19.63587476814368
19.52349533624053
19.410978061973395
19.298322919056886
19.18552988865761
19.07259895961573
18.95953012866158
18.84632340062731
18.73297878865358
18.61949631439111
18.505876008196847
18.392117909324593
18.278222066109983
18.16418853614963
18.050017386474373
17.935708693716656
17.821262544272166
17.70667903445581
17.59195827065198
17.477100369459073
17.362105457828168
17.246973673195786
17.13170516361078
17.016300087855246
16.900758615559358
16.78508092730984
16.669267214752143
16.553317680686522
16.437232539158174
16.321012015541754
16.204656346620467
16.08816578065992
15.971540577476887
15.85478100850301
15.737887356843528
15.620859917330888
15.503698996573233
15.386404912997445
15.268977996886473
15.151418590410781
15.033727047653752
14.915903734630811
14.797949029301927
14.679863321577196
14.561647013315332
14.443300518314622
14.324824262296055
14.206218682878422
14.087484229545403
13.968621363604518
13.849630558137767
13.730512297943738
13.61126707947101
13.491895410742547
13.372397811270776
13.252774811962983
13.133026955016678
13.01315479380486
12.893158892751133
12.77303982719461
12.652798183244387
12.532434557623546
12.411949557502624
12.29134380032238
12.170617913605737
12.049772534758928
11.92880831086198
11.807725898448693
11.686525963276349
11.565209180085343
11.443776232348963
11.32222781201352
11.200564619229121
11.078787362071404
10.956896756254446
10.834893524835048
10.71277839790853
10.590552112296272
10.46821541122518
10.345769043999177
10.223213765662853
10.10055033665734
9.977779522468373
9.854902093266622
9.731918823540344
9.608830491720415
9.485637879797881
9.362341772934231
9.238942959064632
9.115442228494404
8.991840373489099
8.868138187858584
8.74433646653565
8.620436005149713
8.496437599596177
8.372342045601973
8.248150138287818
8.123862671727649
7.999480438505761
7.875004229272169
7.750434832296708
7.625773033022366
7.501019613618364
7.376175352533538
7.251241024050545
7.126217397841423
7.001105238525086
6.875905305227235
6.7506183511432525
6.6252451231046114
6.499786361149389
6.374242798097475
6.248615159131097
6.12290416138129
5.997110513520977
5.871234915365282
5.745278057479727
5.61924062079694
5.493123276242446
5.366926684370094
5.240651495007677
5.114298346913331
4.987867867443307
4.861360672231726
4.734777364882894
4.60811853667679
4.481384766288285
4.354576619520666
4.227694649054041
4.1007393942091435
3.973711380727036
3.8466111205651643
3.7194391117101904
3.5921958380080445
3.4648817690116354
3.337497359846642
3.2100430510957785
3.0825192687018843
2.9549264238901607
2.8272649131098215
2.6995351179954232
2.5717374053480655
2.443872127136631
2.3159396205191896
2.1879402078846715
2.059874196914873
1.9317418806668272
1.803543537675535
1.6752794320770414
1.546949813751795
1.4185549184881943
1.2900949681661866
1.161570170960755
1.0329807215650786
0.9043268014331343
0.7756085790414792
0.646826210169923
0.517979838200786
0.3890695944364121
0.2600955984345882
0.1310579583614898
0.001956771361753516
-0.12720787605474754
-0.2564359076098672
-0.38572725683835024
-0.5150818666536765
-0.6444996888990813
-0.7739806838842662
-0.9035248199083308
-1.0331320727694624
-1.1628024252619353
-1.2925358666609845
-1.4223323921961335
-1.5521920025135587
-1.682114703128086
-1.8121005038654239
-1.942149418295249
-2.072261463155778
-2.202436657770472
-2.3326750234575355
-2.46297658293286
-2.5933413597070842
-2.7237693774774407
-2.85426065951508
-2.9848152280485674
-3.1154331036442535
-3.2461143045842076
-3.376858846242393
-3.50766674045977
-3.638537994919046
-3.769472612519794
-3.9004705907546393
-4.031531921087235
-4.1626565883327125
-4.293844570041312
-4.425095835885906
-4.5564103470541015
-4.687788055645592
-4.819228904075443
-4.95073282448397
-5.082299738153892
-5.213929554935341
-5.345622172679349
-5.477377476680304
-5.60919533912788
-5.741075618568887
-5.873018159379379
-6.005022791247437
-6.137089328667019
-6.26921757044332
-6.401407299210053
-6.533658280959121
-6.665970264583092
-6.79834298143089
-6.930776144877148
-7.063269449905632
-7.195822572707065
-7.328435170291584
-7.461106880116027
-7.59383731972622
-7.726626086414442
-7.8594727568922185
-7.992376886978564
-8.125338011303784
-8.258355643028995
-8.391429273581561
-8.52455837240662
-8.657742386734942
-8.790980741367362
-8.924272838475984
-9.057618057422337
-9.191015754592675
-9.324465263250545
-9.457965893406765
-9.591516931706956
-9.725117641336702
-9.858767261944417
-9.992465009582
-10.126210076663378
-10.26000163194096
-10.393838820500275
-10.527720763772944
-10.661646559568108
-10.795615282122338
-10.929625982168117
-11.063677687020997
-11.1977694006856
-11.331900103980812
-11.466068754684372
-11.600274287697133
-11.73451561522731
-11.86879162699502
-12.00310119045743
-12.137443151054741
-12.271816332477174
-12.406219536953149
-12.540651545558863
-12.67511111854957
-12.809596995712983
-12.944107896745058
-13.078642521648353
-13.213199551153073
-13.34777764716093
-13.482375453211922
