9.788424413469526
9.844078834063481
9.899864509021597
9.95578027813761
10.011824986706955
10.06799748654798
10.124296637008143
10.180721305954378
10.237270370746772
10.293942719194748
10.350737250495003
10.407652876150538
10.464688520870114
10.521843123447455
10.579115637619553
10.636505032903504
10.694010295411463
10.751630428643342
10.809364454256912
10.867211412815056
10.925170364509828
10.983240389863061
11.041420590403169
11.099710089317773
11.158108032081946
11.216613587061934
11.275225946094272
11.333944325040227
11.392767964315475
11.45169612939491
11.510728111292458
11.569863227015524
11.629100819993774
11.688440260481975
11.747880945936693
11.807422301366595
11.867063779656187
11.926804861862758
11.986645057486294
12.046583904712032
12.106620970625366
12.166755851398843
12.226988172451055
12.287317588577292
12.347743784051968
12.408266472702902
12.468885397957404
12.529600332860166
12.590411080063019
12.65131747178661
12.712319369754125
12.7734166650973
12.834609278235076
12.895897158725075
12.957280285088046
13.018758664605514
13.080332333090823
13.142001354633877
13.20376582131992
13.26562585292271
13.327581596572573
13.38963322639974
13.451780943153297
13.514024973796156
13.57636557107651
13.638803013076357
13.701337602737668
13.763969667366712
13.82669955811706
13.88952764945191
13.95245433858651
14.01548004491126
14.078605209396205
14.141830293977566
14.205155780927091
14.26858217220495
14.33210998879685
14.395739770035965
14.459472072910279
14.523307471356011
14.587246555537753
14.651289931116033
14.715438218502904
14.779692052106178
14.84405207956285
14.90851896096229
14.973093368059729
15.037775983480595
15.102567499916285
15.167468619311913
15.232480052046492
15.297602516105963
15.362836736249443
15.428183443169157
15.493643372644566
15.559217264691181
15.624905862704633
15.690709912600564
15.75663016195099
15.822667359117712
15.88882225238329
15.9550955890802
16.02148811471896
16.088000572116016
16.15463370052207
16.221388234751515
16.288264904313706
16.35526443254662
16.422387535753373
16.489634922342233
16.55700729197075
16.624505334694632
16.69212973012212
16.759881146574514
16.82776024025344
16.895767654415383
16.96390401855422
17.032169947592454
17.10056604108178
17.169092882413526
17.237751038039693
17.30654105670529
17.37546346869259
17.444518785078106
17.513707497002844
17.5830300749565
17.65248696807615
17.722078603459867
17.79180538549557
17.861667695205263
17.931665889604922
18.001800301080586
18.07207123678122
18.14247897802914
18.213023779748617
18.28370586991337
18.35452544901363
18.42548268954362
18.49657773551045
18.567810701965534
18.639181674559875
18.71069070912416
18.782337831274514
18.854123036044708
18.926046287545798
18.998107518654134
19.070306630728734
19.142643493358857
19.215117944142573
19.287729788496957
19.360478799500495
19.43336471776828
19.506387251360394
19.57954607572384
19.65284083366842
19.72627113537669
19.799836558448106
19.87353664797746
19.947370916667722
20.02133884497735
20.0954398813021
20.16967344219131
20.24403891259837
20.31853564616506
20.393162965539265
20.467920162725566
20.54280649946819
20.617821207665916
20.692963489818286
20.768232519502565
20.843627441880987
20.9191473742375
20.994791406543303
21.070558602050202
21.146447997910773
21.222458605824304
21.298589412707603
21.37483938138974
21.451207451329857
21.527692539356913
21.604293540430184
21.681009328419528
21.757838756904313
21.83478065998984
21.91183385314026
21.988997134026825
22.066269283390092
22.14364906591468
22.221135231115348
22.298726514232875
22.376421637138133
22.454219309242813
22.532118228415424
22.610117081901347
22.688214547245547
22.766409293216707
22.8446999807317
22.923085263779154
23.001563790340764
23.08013420330924
23.158795141401537
23.23754524006635
23.31638313238453
23.395307449961322
23.47431682380919
23.553409885220205
23.632585266626748
23.71184160244944
23.791177529931403
23.87059168995789
23.95008272786025
24.029649294203196
24.109290045554403
24.189003645235132
24.26878876405063
24.348644080999083
24.428568283958487
24.508560070350985
24.588618147784377
24.668741234670495
24.74892806081998
24.82917736801274
24.909487910543607
24.989858455743235
25.070287784474193
25.150774691602027
25.23131798644106
25.3119164931746
25.392569051249346
25.47327451574406
25.55403175771297
25.634839664504362
25.715697140054424
25.7966031051564
25.877556497704965
25.95855627291572
26.039601403519775
26.1206908799331
26.20182371040027
26.282998921112487
26.36421555629988
26.445472678298184
26.526769367590017
26.60810472282108
26.689477860792177
26.770887916427792
26.852334042721875
26.933815410661733
27.01533120913066
27.0968806447901
27.178462941942026
27.26007734237231
27.34172310517593
27.423399506565232
27.505105839662292
27.586841414276506
27.668605556668467
27.750397609301103
27.832216930579165
27.914062894578052
27.99593489076301
28.077832323699738
28.15975461275724
28.24170119180397
28.3236715088982
28.40566502597338
28.487681218519047
28.569719575257896
28.651779597819516
28.73386080041141
28.815962709488023
28.898084863418465
28.980226812153408
29.06238811689153
29.1445683497457
29.226767093409254
29.308983940822802
29.391218494842125
29.473470367907517
29.55573918171462
29.638024566886692
29.720326162647986
29.802643616497996
29.884976583886477
29.967324727889128
30.049687718883924
30.132065234228072
30.214456957935546
30.29686258035523
30.37928179784985
30.461714312475728
30.544159831663432
30.62661806789934
30.709088738408166
30.79157156483647
30.87406627293721
30.956572592255224
31.0390902558136
31.121618999801097
31.2041585632608
31.286708687780315
31.369269117183347
31.451839597222783
31.53441987527559
31.6170097000399
31.699608821234918
31.782216989304132
31.864833955122478
31.947459469707965
32.03009328393823
32.11273514827211
32.19538481247632
32.27804202535695
32.36070653449529
32.44337808598762
32.526056424188894
32.60874129146042
32.69143242792184
32.77412957120829
32.856832456233306
32.939540814958335
33.02225437616967
33.10497286526358
33.18769600404047
33.2704235105086
33.35315509869789
33.435890478483735
33.518629355421034
33.60137143058849
33.68411640044331
33.76686395668644
33.849613786138825
33.9323655706288
34.01511898689136
34.09787370647995
34.180629395691135
34.26338571550229
34.34614232152216
34.42889886395397
34.511654987571085
34.59441033170514
34.67716453024692
34.75991721166016
34.84266799900845
34.92541650999524
35.008162357016964
35.09090514722945
35.17364448262768
35.25637996013907
35.33911117172991
35.421837704524904
35.50455914093985
35.5872750588276
35.66998503163748
35.75268862858837
35.83538541485626
35.918074951776816
36.00075679706367
36.083430505043054
36.166095626905076
36.248751710972385
36.33139830298671
36.414034946413835
36.496661182767355
36.57927655195141
36.66188059262208
36.74447284256726
36.827052839104596
36.909620119497305
36.9921742213875
37.07471468324658
37.15724104484272
37.23975284772488
37.322249635722734
37.404730955461595
37.48719635689131
37.56964539382802
37.65207762450775
37.734492612150696
37.816889925534674
37.899269139575956
37.98162983591545
38.06397160350787
38.14629403921169
38.228596748378045
38.31087934543684
38.39314145447833
38.475382709828985
38.55760275662028
38.639801251349304
38.721977862430386
38.80413227073701
38.88626417013342
38.968373267995
39.050459285716165
39.13252195920462
39.2145610393597
39.29657629253297
39.37856750096911
39.46053446322607
39.54247699457353
39.62439492736935
39.70628811141337
39.78815641427805
39.86999972161534
39.95181793743946
40.03361098438485
40.115378803939066
40.19712135664953
40.278838622303525
40.360530600081134
40.44219730868117
40.52383878642003
40.60545509130357
40.6870463010725
40.768612513221356
40.85015384499134
40.931670433337175
41.01316243486845
41.09463002576565
41.176073401671104
41.2574927775549
41.338888387556054
41.420260484798874
41.50160934118494
41.58293524716063
41.66423851146035
41.74551946082587
41.826778439702785
41.90801580991515
41.98923195031974
42.07042725644154
42.15160214009156
42.232757028967534
42.31389236623763
42.39500861010773
42.47610623337285
42.5571857229535
42.63824757941719
42.719292316485586
42.80032046052761
42.88133255003836
42.96232913510354
43.04331077684903
43.124278046876064
43.20523152668263
43.286171807072115
43.36709948754977
43.448015175707916
43.52891948660052
43.60981304210779
43.69069647029133
43.77157040474046
43.85243548391
43.93329235044999
44.014141650527705
44.09498403314146
44.17582014942539
44.25665065194519
44.33747619398534
44.41829742882871
44.499115009029794
44.57992958568255
44.660741807683706
44.74155232099227
44.822361767885496
44.90317078621129
44.98398000863651
45.06479006189093
45.14560156600655
45.226415133552536
45.30723136886664
45.388050867283795
45.46887421436335
45.54970198511663
45.63053474323621
45.711373040328375
45.79221741515014
45.873068392852566
45.95392648423175
46.034792184989136
46.11566597500289
46.196548317611565
46.27743965891111
46.358340427066004
46.439251031635344
46.520171862914516
46.60110329129285
46.68204566662795
46.76299931763729
46.843964551308126
46.92494165232646
47.00593088252558
47.08693248035471
47.16794666036825
47.2489736127362
47.3300135027765
47.41106647051047
47.49213263024232
47.5732120701637
47.65430485198423
47.73541101058877
47.816530553722465
47.89766346170448
47.97880968717185
48.05996915485433
48.14114176138189
48.22232737512648
48.30352583607957
48.3847369557664
48.46596051719841
48.54719627486496
48.62844395476576
48.70970325448546
48.79097384331145
48.872255362395194
48.953547424956795
49.03484961653207
49.116161495261665
49.19748259222085
49.27881241178896
49.360150432057864
49.441496105278745
49.52284885834608
49.60420809331775
49.68557318796995
49.76694349638494
49.84831834956974
49.92969705610385
50.01107890281388
50.09246315547243
50.173849059518986
50.2552358408003
50.33662270632788
50.418008845050274
50.49939342863808
50.58077561227946
50.662154535484596
50.74352932289769
50.82489908511513
50.906262919508656
50.987619911052256
51.068969133151306
51.15030964847272
51.23164050977481
51.31296076073533
51.39426943677625
51.47556556588409
51.55684816942482
51.63811626295227
51.719368857008355
51.800604957913144
51.881823568542636
51.963023689091635
52.044204317819315
52.12536445177488
52.20650308750117
52.28761922171383
52.36871185195405
52.449779977213204
52.53082259852754
52.611838719540906
52.692827347033294
52.77378749141382
52.85471816717717
52.9356183933229
53.016487193737305
53.09732359753764
53.178126639378945
53.25889535972374
53.339628805074824
53.42032602817193
53.50098608815307
53.58160805068161
53.66219098804015
53.74273397919268
53.82323610981575
53.90369647230011
53.98411416572378
54.064488295798526
54.144817974791295
54.22510232142281
54.30534046074558
54.38553152400334
54.46567464847334
54.54576897729271
54.62581365926974
54.705807848680706
54.78575070505286
54.865641392933924
54.9454790816485
55.02526294504145
55.10499216120809
55.1846659122113
55.26428338378554
55.343843765028396
55.42334624808069
55.50279002779689
55.58217430140713
55.66149826817179
55.7407611290297
55.819962086240544
55.89910034302182
55.97817510318101
56.05718557074369
56.136130949578224
56.21501044301744
56.29382325347775
56.37256858207599
56.45124562824447
56.529853589344846
56.60839166028189
56.68685903311786
56.76525489668831
56.84357843622008
56.92182883295266
57.00000526376392
57.07810690080118
57.15613291111925
57.234082456326526
57.31195469224071
57.3897487685548
57.46746382851416
57.54509900860513
57.6226534382559
57.700126239550634
57.77751652695742
57.85482340707086
57.93204597836979
58.009183330990716
58.086234546517524
58.16319869778824
58.240074848719196
58.316862054147414
58.393559359691444
58.47016580163069
58.54668040680259
58.623102192517436
58.699430166490586
58.77566332679142
58.85180066180898
58.92784115023427
59.003783761059495
59.079627453594654
59.155371177502005
59.23101387284875
59.30655447017854
59.38199189060278
59.45732504591298
59.5325528387158
59.60767416259223
59.68268790228258
59.75759293389861
59.8323881251638
59.90707233568254
59.98164441723851
60.056103214122246
60.13044756348695
60.20467629573149
60.2787882349091
60.352782199160075
60.42665700116602
60.50041144862435
60.574044344741324
60.64755448874281
60.720940676401895
60.794201700583145
60.867336351803615
60.94034341880986
61.013221689170294
61.08596994988268
61.158586987996685
61.231071591251535
61.3034225487291
61.375638651522436
61.44771869341936
61.5196614716
61.59146578734642
61.66313044676254
61.73465426150229
61.80603604950405
61.877274635728575
61.948368852897566
62.019317542229565
62.09011955417028
62.160773749115
62.23127899812092
62.30163418360754
62.37183820004335
62.44188995461737
62.51178836789429
62.58153237445165
62.651120923498034
62.720552979470504
62.789827522610175
62.85894354951514
62.92790007366991
62.99669612595104
63.06533075510938
63.13380302822943
63.20211203116636
63.270256868961404
63.33823666623655
63.4060505675695
63.473697737850124
63.54117736261926
63.608488648391095
63.67563082296041
63.742603135696434
63.809404857824426
63.876035282695874
63.94249372604863
64.00877952625817
64.07489204458162
64.14083066539607
64.20659479643192
64.27218386900213
64.33759733822725
64.40283468325592
64.46789540748043
64.53277903874724
64.59748512956239
64.66201325729199
64.72636302435816
64.790534058431
64.85452601261741
64.91833856564764
64.98197142206001
65.04542431238369
65.1086969933198
65.17178924791986
65.23470088576002
65.29743174310963
65.35998168309206
65.42235059583575
65.4845383986133
65.54654503596603
65.6083704798115
65.67001472953066
65.73147781203161
65.79275978178637
65.85386072083762
65.9147807387723
65.97551997265978
66.03607858695275
66.09645677334882
66.15665475061101
66.21667276434485
66.27651108672993
66.33617001620408
66.39564987709915
66.45495101922793
66.5140738174222
66.57301867102095
66.6317860033088
66.69037626090383
66.74878991309416
66.80702745112265
66.86508938741898
66.92297625477934
66.9806886054952
67.0382270104333
67.09559205806991
67.1527843534823
67.20980451730102
67.26665318462679
67.32333100391602
67.37983863583852
67.43617675211183
67.4923460343172
67.54834717270253
67.60418086497785
67.65984781510784
67.7153487321066
67.77068432883894
67.82585532083286
67.88086242510761
67.93570635902145
67.99038783914366
68.0449075801553
68.09926629378245
68.15346468776536
68.20750346486628
68.26138332191832
68.31510494891805
68.36866902816305
68.42207623343532
68.47532722923111
68.52842267003805
68.5813631996605
68.63414945059404
68.68678204344897
68.73926158642271
68.79158867482013
68.8437638906203
68.89578780208845
68.94766096343201
68.99938391449942
69.0509571805209
69.1023812718901
69.15365668398536
69.20478389702944
69.25576337598571
69.30659557048878
69.35728091480738
69.40781982783702
69.45821271312039
69.50845995889281
69.55856193815046
69.60851900873823
69.65833151345399
69.7079997801658
69.75752412193859
69.80690483716754
69.85614220971607
69.90523650905564
69.95418799040479
70.00299689486442
70.05166344954594
70.10018786768879
70.14857034876391
70.19681107855959
70.24491022924636
70.29286795941746
70.3406844141015
70.38835972474433
70.43589400915803
70.48328737143393
70.53053990181675
70.57765167653761
70.6246227576037
70.6714531925426
70.71814301409907
70.7646922398823
70.81110087196217
70.85736889641353
70.90349628280833
70.94948298365583
70.99532893379117
71.04103404971355
71.08659822887503
71.13202134892109
71.17730326688437
71.2224438183338
71.2674428164809
71.31230005124533
71.35701528828193
71.40158826797077
71.44601870437239
71.49030628414951
71.5344506654566
71.57845147679964
71.62230831586729
71.66602074833591
71.70958830665066
71.75301048878467
71.79628675697839
71.8394165364613
71.88239921415826
71.92523413738311
71.96792061252214
72.01045790371032
72.05284523150456
72.09508177155786
72.13716665329915
72.17909895862331
72.22087772059527
72.26250192217177
72.30397049494414
72.34528231790537
72.38643621624524
72.42743096017719
72.46826526380065
72.50893778400305
72.54944711940519
72.58979180935333
72.62997033296134
72.66998110820614
72.70982249108036
72.74949277480633
72.78899018911571
72.8283128995985
72.8674590071254
72.90642654734737
72.94521349027596
72.98381773994882
73.0222371341836
73.06046944442406
73.09851237568196
73.13636356657824
73.17402058948679
73.21148095078482
73.24874209121313
73.28580138634939
73.32265614719714
73.35930362089314
73.3957409915354
73.4319653811331
73.4679738506799
73.50376340135145
73.53933097582754
73.57467345973933
73.60978768324222
73.64467042271488
73.67931840258476
73.71372829728014
73.74789673330818
73.78182029145731
73.81549550912226
73.84891888274936
73.88208687039972
73.91499589442745
73.94764234427035
73.98002257934994
74.01213293207721
74.04396971095971
74.07552920380422
74.10680768100852
74.13780139893552
74.16850660336243
74.19891953299671
74.22903642305064
74.2588535088669
74.28836702958748
74.31757323185892
74.34646837356743
74.37504872759772
74.40331058560983
74.4312502618283
74.45886409683706
74.48614846137437
74.5130997601207
74.53971443547269
74.5659889712961
74.59191989665104
74.61750378948378
74.64273728027891
74.66761705566549
74.69213986197113
74.71630250871843
74.7401018720582
74.76353489813383
74.78659860637109
74.80929009268849
74.83160653262362
74.85354518437182
74.87510339173346
74.8962785869667
74.91706829354192
74.93747012879342
74.95748180646459
74.97710113914209
74.99632604057527
75.01515452787694
75.03358472360267
75.05161485770546
75.06924326936237
75.08646840866973
75.10328883820367
75.11970323444294
75.13571038905107
75.15130921001506
75.16649872263852
75.18127807038823
75.19564651559281
75.20960343999278
75.22314834514171
75.23628085265935
75.24900070433753
75.26130776210007
75.27320200781767
75.28468354297846
75.29575258821504
75.30640948268913
75.31665468333588
75.32648876397005
75.33591241425691
75.34492643855131
75.35353175460821
75.36172939216843
75.36952049142283
75.37690630135856
75.38388817799151
75.39046758248983
75.39664607919329
75.40242533353322
75.40780710985919
75.4127932691786
75.41738576681567
75.42158664999661
75.42539805536742
75.42882220645188
75.43186141105676
75.4345180586312
75.43679461758737
75.4386936325889
75.44021772181398
75.44136957420042
75.44215194667916
75.44256766140236
75.44261960297243
75.44231071567779
75.44164400074104
75.44062251358494
75.43924936112163
75.43752769906988
75.43546072930533
75.43305169724763
75.43030388928801
75.42722063026068
75.42380528096092
75.42006123571232
75.41599191998526
75.41160078806959
75.40689132080414
75.4018670233651
75.39653142311525
75.3908880675157
75.38494052210243
75.37869236852978
75.37214720268369
75.36530863286637
75.35818027805456
75.35076576623263
75.34306873280175
75.33509281906689
75.32684167080211
75.31831893689517
75.30952826807177
75.30047331570032
75.29115773067738
75.2815851623939
75.27175925778172
75.2616836604407
75.25136200984528
75.24079794062985
75.22999508195076
75.21895705692319
75.20768748212996
75.19618996719888
75.18446811444417
75.17252551856714
75.1603657664107
75.1479924367624
75.13540910020028
75.12261931897605
75.10962664693001
75.09643462943224
75.08304680334449
75.06946669699745
75.0556978301778
75.04174371412024
75.02760785149998
75.01329373642149
74.99880485439975
74.98414468233058
74.96931668844583
74.95432433224825
74.93917106442065
74.92386032670437
74.90839555174138
74.89278016287427
74.87701757389893
74.86111118876478
74.84506440121898
74.82888059439036
74.81256314030982
74.79611539936361
74.77954071967686
74.76284243642495
74.74602387107059
74.72908833052482
74.71203910623156
74.69487947317539
74.6776126888122
74.6602419919238
74.64277060139791
74.62520171493561
74.60753850768852
74.58978413082828
74.57194171005052
74.55401434401598
74.53600510273203
74.5179170258781
74.49975312107883
74.48151636212914
74.46320968717613
74.44483599686193
74.4263981524331
74.40789897382162
74.3893412377022
74.37072767553151
74.35206097157494
74.3333437609265
74.31457862752747
74.2957681021892
74.27691466062528
74.25802072149874
74.23908864448994
74.22012072839017
74.20111920922558
74.18208625841557
74.16302398096947
74.14393441372535
74.12481952363443
74.1056812060947
74.08652128333667
74.06734150286378
74.04814353595022
74.02892897619894
74.00969933816306
73.99045605603307
73.97120048239232
73.95193388704298
73.93265745590499
73.91337228999068
73.89407940445814
73.87477972774572
73.8554741007896
73.83616327632616
73.8168479182806
73.79752860124451
73.77820581004461
73.7588799394049
73.73955129370394
73.72022008682883
73.70088644212775
73.68155039246246
73.6622118803622
73.64287075828089
73.62352678895901
73.60417964589114
73.58482891389987
73.56547408981602
73.54611458326475
73.52674971755756
73.50737873068898
73.48800077643672
73.46861492556356
73.4492201671193
73.42981540984023
73.4103994836437
73.39097114121547
73.37152905968755
73.35207184240325
73.33259802076624
73.3131060561699
73.29359434200366
73.27406120573342
73.25450491105273
73.23492366010096
73.21531559574437
73.19567880391567
73.17601131600732
73.15631111131468
73.13657611952506
73.11680422324919
73.09699326059145
73.07714102775601
73.0572452816859
73.03730374273069
73.0173140973388
72.99727400076968
72.97718107982173
72.95703293557149
72.93682714611926
72.91656126933715
72.89623284561544
72.87583940060308
72.8553784479388
72.83484749196892
72.81424403044817
72.79356555722013
72.77280956487341
72.75197354737016
72.7310550026444
72.71005143516716
72.68896035847634
72.66777929766938
72.64650579185735
72.62513739657908
72.60367168617432
72.58210625611531
72.56043872529648
72.53866673828242
72.51678796751338
72.49480011546854
72.47270091678689
72.45048814034652
72.42815959130263
72.40571311308537
72.38314658935843
72.36045794593946
72.33764515268336
72.3147062253293
72.29163922731215
72.2684422715393
72.24511352213352
72.22165119614232
72.19805356521505
72.17431895724923
72.15044575800772
72.12643241270797
72.10227742758406
72.07797937142249
72.05353687707219
72.02894864292847
72.00421343439058
71.97933008529259
71.95429749930696
71.92911465131937
71.90378058877212
71.87829443297363
71.8526553803714
71.82686270378531
71.80091575359756
71.77481395889583
71.74855682856548
71.72214395232652
71.69557500171061
71.66884973097365
71.64196797793909
71.61492966476658
71.5877347986409
71.56038347237575
71.53287586492684
71.50521224180955
71.47739295541703
71.44941844523464
71.42128923794758
71.39300594743929
71.36456927467816
71.33598000748987
71.30723902021327
71.27834727323796
71.24930581242245
71.22011576839293
71.19077835572159
71.1612948719843
71.13166669669772
71.10189529013712
71.07198219203713
71.04192902017815
71.01173746886127
70.98140930727413
70.95094637775048
70.92035059392674
70.88962393879945
70.85876846268741
70.82778628110236
70.79667957253184
70.76545057613885
70.73410158938282
70.70263496556697
70.67105311131684
70.6393584839949
70.60755358905692
70.5756409773561
70.54362324240208
70.51150301758128
70.47928297334533
70.44696581437381
70.4145542767177
70.38205112492983
70.34945914918853
70.31678116242074
70.28401999743085
70.25117850404104
70.2182595462491
70.18526599940992
70.15220074744639
70.11906668009533
70.08586669019394
70.05260367101255
70.0192805136395
69.98590010442291
69.95246532247353
69.91897903723299
69.88544410611092
69.85186337219403
69.81823966202904
69.78457578348053
69.75087452366364
69.71713864695113
69.68337089305322
69.64957397516804
69.61575057819988
69.581903357042
69.54803493492017
69.51414790179393
69.48024481281249
69.44632818682288
69.41240050492837
69.37846420909483
69.34452170080345
69.31057533974769
69.27662744257344
69.24268028166108
69.2087360839476
69.17479702978682
69.14086525184536
69.10694283403296
69.0730318104658
69.03913416446214
69.00525182756944
68.97138667862195
68.93754054282788
68.9037151908855
68.86991233812823
68.836133643698
68.80238070974785
68.76865508067446
68.73495824238232
68.70129162158109
68.66765658511808
68.63405443934703
68.60048642953477
68.56695373930738
68.53345749013674
68.49999874086875
68.46657848729448
68.43319766176596
68.39985713285823
68.36655770508018
68.33330011863693
68.30008504924744
68.26691310802032
68.23378484139009
68.2007007311169
68.16766119435242
68.13466658377472
68.10171718779326
68.06881323082426
68.0359548736361
68.0031422137639
67.97037528599195
67.93765406290298
67.90497845549315
67.87234831385204
67.83976342790639
67.80722352822646
67.7747282868937
67.74227731842824
67.70987018077402
67.67750637633945
67.64518535309024
67.61290650569127
67.58066917669315
67.5484726577589
67.51631619092574
67.48419896989672
67.45212014135664
67.42007880630773
67.38807402142128
67.35610480040076
67.32417011535289
67.29226889816344
67.26040004187506
67.22856240206453
67.19675479821738
67.1649760150983
67.13322480411613
67.10149988468264
67.06979994556433
67.03812364622648
67.0064696181688
66.97483646625163
66.94322277001275
66.91162708497437
66.88004794394077
66.84848385828717
66.81693331924076
66.7853947991549
66.75386675277751
66.72234761851551
66.69083581969652
66.65932976582859
66.6278278538591
66.59632846943303
66.56482998815089
66.53333077682701
66.50182919474877
66.47032359493697
66.43881232540751
66.4072937304338
66.37576615180966
66.34422793011184
66.31267740596233
66.28111292128965
66.24953282058907
66.21793545218183
66.18631916947315
66.1546823322091
66.12302330773325
66.09134047224329
66.05963221204847
66.02789692482797
65.99613302089021
65.96433892443365
65.93251307480925
65.90065392778529
65.86875995681503
65.83682965430789
65.8048615329033
65.77285412674625
65.74080599276276
65.70871571193315
65.67658189056174
65.64440316154177
65.61217818561492
65.57990565262371
65.54758428275527
65.51521282777439
65.4827900722443
65.45031483473296
65.41778596900251
65.3852023651788
65.35256295089769
65.31986669242431
65.28711259574246
65.25429970761073
65.22142711658213
65.18849395398385
65.15549939485433
65.12244265883575
65.08932301102035
65.05613976275018
65.02289227236909
64.98957994592612
64.95620223782939
64.92275865144919
64.88924873966843
64.85567210537911
64.82202840192289
64.788317333474
64.75453865536284
64.72069217433906
64.68677774877293
64.65279528879338
64.61874475636196
64.58462616528138
64.55043958113876
64.51618512118287
64.48186295413532
64.44747329993626
64.41301642942531
64.3784926639585
64.34390237496231
64.30924598342656
64.27452395933815
64.23973682105762
64.2048851346398
64.16996951309957
64.13499061562342
64.09994914672771
64.06484585536523
64.0296815339818
63.994457017524525
63.95917318240399
63.9238309454129
63.88843126260443
63.85297512813381
63.81746357306699
63.78189766415895
63.7462785026041
63.71060722276107
63.67488499085428
63.63911300365427
63.603292487138134
63.56742469513094
63.531510907927924
63.495552430897106
63.459550593062005
63.42350674566305
63.38742226069601
63.35129852942586
63.31513696087458
63.27893898028222
63.242706027540095
63.206439555595665
63.17014102882857
63.133811921397836
63.097453715560476
63.06106789996218
63.024655967900884
62.988219415564544
62.951759740244796
62.91527843852808
62.87877700446589
62.842256927725686
62.805719691723965
62.76916677174361
62.73259963303806
62.69601972892482
62.659428498871385
62.622827366576665
62.586217738050685
62.549600999695734
62.51297851639176
62.47635162958888
62.43972165540978
62.40308988276475
62.36645757148235
62.32982595045822
62.29319621582621
62.25656952915542
62.21994701567714
62.18332976254529
62.14671881713465
62.11011518538148
62.07351983017096
62.03693366977628
62.000357576354155
61.96379237450085
61.92723883987261
61.89069769787388
61.85416962241637
61.81765523475169
61.78115510237986
61.744669738035064
61.70819959874998
61.67174508500019
61.635306539930035
61.59888424866116
61.56247843768514
61.52608927434178
61.489716866384605
61.45336126163462
61.41702244772258
61.38070035191978
61.34439484105692
61.308105721531
61.27183273940036
61.235575580567534
61.19933387104938
61.16310717733372
61.12689500682139
61.09069680835258
61.054511972816805
61.018339833845594
60.982179668586944
60.94603069856074
60.909892090594234
60.87376295783629
60.83764236084836
60.8015293087703
60.76542276055916
60.72932162629861
60.693224768575945
60.65713100392351
60.62103910432138
60.58494779875805
60.54885577484653
60.51276168049357
60.476664125619166
60.440561683923434
60.40445289469808
60.36833626468008
60.33221026994484
60.29607335783636
60.25992394893241
60.22376043904258
60.18758120123745
60.15138458790655
60.115168932843304
60.07893255335462
60.04267375239256
60.00639082070599
59.97008203901039
59.93374568017403
59.89738001141866
59.86098329653312
59.824553798097796
59.78808977971819
59.7515895082649
59.71505125611749
59.67847330341006
59.641853940275226
59.605191469083834
59.5684842066773
59.53173048659001
59.49492866125901
59.45807710421816
59.421174212273755
59.38421840765888
59.34720814016346
59.31014188923645
59.27301816605639
59.23583551556676
59.19859251847227
59.161287793191846
59.12391999776419
59.086487831701916
59.048990037791114
59.0114254038332
58.9737927643268
58.93609100208751
58.898319049803334
58.86047589152402
58.82256056408273
58.78457215844879
58.746509821010314
58.708372754785564
58.67016022056209
58.631871537963214
58.59350608644218
58.555063306203756
58.51654269905362
58.477943829175906
58.43926632383921
58.40050987403129
58.3616742350219
58.32275922685336
58.28376473475823
58.24469070950324
58.20553716765813
58.1663041917891
58.12699193057609
58.08760059885339
58.04813047757376
58.00858191369583
57.96895531999525
57.92925117479951
57.889470021646794
57.84961246886929
57.809679189101935
57.76967091871831
57.72958845719547
57.68943266640992
57.64920446986685
57.60890485186463
57.56853485659696
57.528095587195374
57.48758820471489
57.44701392706572
57.40637402789344
57.36566983541048
57.324902731181744
57.284074148867326
57.24318557292464
57.202238537272315
57.161234623917785
57.12017546154983
57.079062724096964
57.03789812925272
56.99668343696897
56.95542044791825
56.914111001925455
56.87275697636972
56.831360284556986
56.78992287406431
56.748446725057136
56.70693384858083
56.665386284828
56.623806101383025
56.58219539144511
56.540556272031495
56.498890882162414
56.457201381029165
56.415489946145954
56.37375877148605
56.3320100656025
56.29024604973375
56.24846895589468
56.20668102495347
56.16488450469507
56.12308164787174
56.08127471024119
56.03946594859258
55.99765761876108
55.95585197363147
55.914051261131476
55.872257722215465
55.83047358883914
55.78870108192615
55.74694240932786
55.705199763777784
55.66347532084188
55.62177123686644
55.580089646925785
55.53843266277221
55.49680237079042
55.455200829959324
55.41363006982323
55.37209208847514
55.33058885055499
55.289122285265705
55.24769428441073
55.206306700456025
55.16496134462017
55.12365998499604
55.08240434470764
55.04119610010508
55.000036879000106
54.958928258944354
54.917871765552604
54.876868870873295
54.835920991808784
54.795029488587026
54.75419566328679
54.71342075841812
54.6727059555601
54.63205237405753
54.591461069778
54.55093303393061
54.51046919194771
54.470070402430615
54.429737456160574
54.389471075176225
54.34927191191877
54.30914054844623
54.2690774957179
54.229083192949865
54.18915800704263
54.14930223208221
54.10951608891576
54.06979972480291
54.03015321314387
53.99057655328459
53.95106967039947
53.911632415451315
53.87226456522847
53.83296582245884
53.793735816000655
53.754574101109135
53.71548015977782
53.67645340115313
53.637493162020455
53.59859870735999
53.559769230970794
53.52100385616125
53.48230163650435
53.44366155665579
53.405082533232694
53.36656341575161
53.32810298762404
53.28969996720814
53.25135300891542
53.21306070437151
53.174821583629914
53.13663411643801
53.09849671355459
53.06040772811877
53.02236545707017
52.984368142620035
52.94641397377232
52.908501087893555
52.87062757232967
52.83279146606826
52.79499076144417
52.757223405886506
52.719487303705634
52.68178031791926
52.64410027211686
52.60644495236163
52.56881210912904
52.53119945928067
52.49360468807161
52.456025451189916
52.41845937682585
52.38090406776898
52.343357103530636
52.3058160424893
52.268278424056334
52.23074177085964
52.193203590943185
52.15566137998046
52.11811262349964
52.08055479911859
52.042985378787975
52.005401831041
51.967801623248064
51.93018222387518
51.892541104744666
51.8548757432968
51.81718362485047
51.779462244861165
51.74170911117481
51.703921746275896
51.66609768952877
51.62823449941094
51.59032975573653
51.552381061868275
51.51438604691627
51.47634236792196
51.4382477120249
51.40009979861058
51.3618963814378
51.32363525074463
51.28531423533177
51.24693120462227
51.20848407069683
51.16997079030402
51.131389366845426
51.092737852335276
51.05401434933468
51.01521701286019
50.976344052266356
50.937393733101814
50.89836437893835
50.85925437317216
50.820062160796155
50.7807862501421
50.74142521459184
50.70197769425708
50.66244239762749
50.62281810318699
50.58310366099816
50.54329799425436
50.50340010079945
50.46340905461504
50.42332400727439
50.38314418936277
50.342868911864045
50.30249756751333
50.262029632115215
50.221464665827156
50.18080231440739
50.14004231042718
50.09918447444714
50.058228716157586
50.01717503548291
49.97602352365014
49.93477436422158
49.89342783409113
49.85198430444375
49.81044424167759
49.76880820828869
49.72707686371807
49.68525096516116
49.64333136833913
49.601319028231714
49.5592149997717
49.51702043850115
49.47473660118963
49.43236484641493
49.38990663510627
49.34736353104965
49.30473720135443
49.26202941688079
49.21924205262734
49.17637708807807
49.13343660750773
49.090422800243786
49.047337960883326
49.0041844894627
48.960964891577405
48.91768177844976
48.87433786694207
48.830935979512546
48.78747904411203
48.7439700940195
48.70041226761468
48.65680880808564
48.61316306306911
48.56947848422128
48.525758626717206
48.4820071486768
48.438227810515784
48.394424474219804
48.350601102539926
48.30676175810764
48.26291060246744
48.21905189502523
48.175189991910756
48.1313293447523
48.08747449936173
48.04363009432812
47.999800859518174
47.95599161448153
47.91220726675969
47.86845281009759
47.82473332255697
47.78105396453018
47.73741997665352
47.69383667761978
47.65030946188953
47.60684379730137
47.5634452225813
47.52011934475113
47.4768718364359
47.43370843306949
47.39063492999785
47.34765717947901
47.30478108757902
47.26201261096268
47.21935775357807
47.17682256323483
47.13441312807689
47.092135572951385
47.04999605567506
47.00800076319994
46.9661559076794
46.924467722436056
46.882942457832804
46.84158637704892
46.80040575176307
46.759406857745866
46.718595970364426
46.67797936000236
46.63756328739843
46.59735399890773
46.55735772168973
46.51758065882817
46.47802898438804
46.43870883841502
46.39962632188284
46.36078749159467
46.32219835504484
46.28386486524736
46.245792915537585
46.20798833435291
46.17045687999852
46.13320423540447
46.09623600288061
46.05955769887519
46.02317474874301
45.987092481528784
45.9513161247713
45.91585079933365
45.88070151426482
45.84587316169806
45.81137051179085
45.77719820771123
45.743360760674854
45.70986254503757
45.676707793448124
45.64390059206492
45.61144487584094
45.579344423881004
45.54760285487587
45.516223622618355
45.48521001160654
45.454565132739305
45.424291919109606
45.39439312190095
45.3648713063923
45.3357288480768
45.30696792889958
45.27859053362013
45.25059844630462
45.22299324695345
45.19577630826902
45.16894879256816
45.14251164884374
45.11646560997937
45.0908111901214
45.065548682211585
45.04067815568354
45.01619945432569
44.992112194313364
44.968415762412604
44.945109314358234
44.92219177340942
44.899661829085545
44.877517936084615
44.85575831338619
44.834380943540424
44.813383572145284
44.79276370751333
44.77251862052984
44.752645344704405
44.73314067641772
44.71400117536521
44.69522316519888
44.676802734368636
44.65873573716439
44.64101779495982
44.623644297658046
44.60661040533947
44.58991105011151
44.573540938159766
44.557494552000065
44.54176615293076
44.526349783684594
44.511239271278924
44.49642823006272
44.48191006495833
44.46767797489562
44.453724956435764
44.440043807581816
44.426627131773245
44.41346734206129
44.400556665461885
44.387887147482466
44.37545065681851
44.36323889021573
44.351243377494164
44.339455486730024
44.32786642959157
44.316467266824155
44.30524891387957
44.294202146684334
44.283317607541356
44.272585811159466
44.26199715080448
44.25154190456632
44.241210241736404
44.230992229289164
44.220877838460886
44.210856951419224
44.20091936801716
44.19105481262485
44.18125294103279
44.171503347419865
44.16179557137959
44.152119104997574
44.14246339997376
44.13281787478294
44.123171921867275
44.11351491485484
44.10383621579805
44.09412518242552
44.084371175400655
44.07456356558
44.06469174126462
44.054745115437264
44.044713132978494
44.034585277855136
44.02435108027483
44.01400012380039
44.00352205241753
43.992906577550194
43.98214348501792
43.97122264192952
43.96013400350764
43.948867619838914
43.93741364254397
43.92576233136187
43.91390406064336
43.90182932574653
43.88952874932791
43.876993087523104
43.864213236010656
43.85118023595312
43.837885279809555
43.824319717013466
43.81047505951064
43.79634298715173
43.78191535293492
43.767184188093964
43.75214170702755
43.73678031206556
43.721092598068495
43.70507135685604
43.68870958146154
43.67200047020931
43.65493743061241
43.63751408308788
43.61972426448655
43.601562031433744
43.583021663477794
43.56409766604294
43.54478477318311
43.52507795013385
43.50497239566012
43.48446354419754
43.46354706778477
43.442218877784754
43.42047512639307
43.39831220793219
43.37572675993057
43.35271566398656
43.32927604641755
43.305405278695055
43.281100977666945
43.25636100556785
43.23118346981892
43.20556672261859
43.17950936032549
43.15301022263481
43.12606839154973
43.098683190149195
43.07085418115384
43.04258116529201
43.01386417946828
42.98470349473656
42.95509961408022
42.92505327000175
42.894565421925115
42.86363725341352
42.83227016920541
42.80046579207187
42.7682259594991
42.735552720199514
42.70244833045519
42.66891525029735
42.63495613952541
42.60057385356925
42.56577143919868
42.53055213008401
42.49491934221226
42.45887666916344
42.42242787725133
42.38557690053313
42.3483278356926
42.31068493680186
42.272652609967
42.23423540786217
42.1954380241574
42.156265287845656
42.11672215747615
42.076813715300716
42.03654516134043
41.99592180737966
41.95494907089443
41.91363246892229
41.87197761188105
41.82999019734342
41.787676003774436
41.74504088423839
41.70209076008172
41.658831614598
41.61526948668137
41.57141046447458
41.52726067901864
41.48282629791032
41.43811351897432
41.393128563956964
41.34787767224827
41.30236709463878
41.25660308711724
41.21059190471459
41.16433979539954
41.11785299403078
41.071137716370565
41.02420015316465
40.977046464293146
40.929682772997346
40.88211516018759
40.83434965883759
40.786392248470854
40.738248849745155
40.689925319140904
40.64142744375959
40.59276093623753
40.54393142978022
40.49494447332153
40.44580552681179
40.39651995663802
40.347093031179774
40.29752991650411
40.247835672202875
40.19801524737493
40.148073476756615
40.09801507700359
40.04784464312717
39.99756664508771
39.947185424547335
39.896705191784626
39.846130022773416
39.79546385642788
39.744710492015756
39.693873586741105
39.642956653497876
39.59196305879503
39.540896020853594
39.489758607875714
39.43855373648539
39.387284170340294
39.33595251891391
39.28456123644689
39.233112621066354
39.18160881407208
39.13005179938834
39.078443403180344
39.026785293633665
38.97507898089525
38.92332581717419
38.8715269970006
38.81968355764069
38.76779637966591
38.71586618767394
38.66389355115892
38.611878885528355
38.55982245326366
38.50772436522145
38.45558458207254
38.40340291587572
38.3511790317829
38.29891244987258
38.246602547108274
38.19424855941774
38.141849583889076
38.08940458107927
38.03691237743059
37.98437166779011
37.931781018027586
37.87913886774695
37.82644353308687
37.7736932096062
37.72088597525036
37.66801979339434
37.61509251595866
37.56210188659433
37.509045543932736
37.455921024895964
37.4027257680634
37.3494571170906
37.296112324176086
37.242688553571675
37.18918288513231
37.13559231790134
37.081913773727194
37.02814410090747
36.974280077856804
36.920318416795
36.86625576745206
36.81208872078682
36.75781381271591
36.703427527849755
36.648926303232514
36.59430653208298
36.53956456753363
36.48469672636455
36.429699292729
36.374568521867474
36.319300643807054
36.26389186704304
36.20833838219997
36.15263636566954
36.096781983223195
36.04077139359731
35.98460075204906
35.928266213881386
35.87176393793526
35.81509009004713
35.75824084646893
35.70121239724829
35.644000949566355
35.586602731031114
35.52901399292437
35.471231013400335
35.413250100634194
35.35506759591893
35.29667987670896
35.238083359608616
35.17927450330361
35.12024981143335
35.061005835402305
35.00153917712847
34.9418464917272
34.881924490129016
34.82176994163017
34.76137967637509
34.70075058777001
34.63987963482685
34.57876384443647
34.51740031357046
34.45578621141014
34.39391878140184
34.331795343237204
34.26941329475777
34.206770113782724
34.14386335985931
34.08069067593489
34.01724978995016
33.95353851635299
33.889554757532565
33.82529650517348
33.760761841529714
33.69594894061801
33.63085606933056
33.56548158846648
33.499823953681826
33.43388171635793
33.36765352438765
33.30113812287895
33.234334354775214
33.16724116139163
33.09985758286738
33.032182758533544
32.96421592719688
32.89595642734006
32.82740369723897
32.75855727499769
32.68941679850119
32.619982005285756
32.5502527323273
32.48022891574781
32.409910590440155
32.33929788961189
32.268391044248695
32.19719038249864
32.12569632897874
32.053909404005374
31.981830222750666
31.90945949432683
31.836798020799794
31.763846696133474
31.690606505065634
31.61707852191626
31.54326390932957
31.469163916951207
31.394779880042368
31.32011321803282
31.245165433014822
31.169938108180393
31.094432906204162
31.01865156757418
30.942595908873187
30.86626782101257
30.78966926742126
30.71280228219163
30.63566896818469
30.55827149509662
30.480612097488546
30.402693072781574
30.32451677921921
30.24608563379925
30.167402110176962
30.088468736541554
30.009288093467998
29.92986281174637
29.85019557019103
29.770289093431725
29.690146149688555
29.60976954853265
29.529162138634316
29.448326805500354
29.367266469202228
29.28598408209674
29.204482626540816
29.122765112602302
29.040834575768535
28.958694074654453
28.876346688711855
28.79379551594146
28.711043670609676
28.628094280972412
28.544950487008226
28.46161543816304
28.37809229110862
28.294384207517158
28.21049435185417
28.12642588919191
28.04218198304564
27.95776579323483
27.873180473771374
27.788429170776727
27.70351502042986
27.61844114694766
27.533210660599295
27.447826655755946
27.362292208976996
27.276610377133792
27.19078419557208
27.104816676313916
27.018710806299637
26.932469545670287
26.84609582609117
26.75959254911704
26.672962584599457
26.586208769136743
26.499333904567106
26.41234075650537
26.32523205292379
26.238010482777593
26.1506786946757
26.063239295597253
25.97569484965434
25.888047876901062
25.800300852188663
25.712456204066378
25.62451631372776
25.53648351400208
25.44836008839051
25.360148270146688
25.271850241400905
25.183468132326883
25.09500402035002
25.006459929396105
24.917837829179522
24.82913963453007
24.740367204757494
24.651522343053305
24.56260679592953
24.473622252694103
24.3845703449625
24.295452646205064
24.206270671329207
24.117025876296168
24.027719657772224
23.938353352814232
23.848928238589423
23.759445532129433
23.669906390118854
23.580311908718926
23.490663123427026
23.400961008972356
23.311206479248053
23.221400387279967
23.131543525232185
23.041636624449406
22.95168035553635
22.861675328474288
22.771622092774717
22.68152113766993
22.591372892340328
22.501177726178348
22.410935949088888
22.320647811825914
22.23031350636486
22.139933166310406
22.049506867339225
21.95903462767702
21.868516408609302
21.777952115025208
21.687341595993804
21.596684645372296
21.50598100244547
21.415230352595774
21.324432328003372
21.233586508375442
21.1426924217041
21.05174954505235
20.960757305367242
20.869715080319697
20.7786221991703
20.687477943660255
20.596281548926598
20.505032204441065
20.413729054972023
20.322371201568913
20.23095770256883
20.139487574624937
20.04795979375639
19.956373296419557
19.864726980600278
19.773019706927
19.681250299804486
19.58941754856782
19.497520208656407
19.40555700280778
19.313526622271024
19.22142772803964
19.129258952103566
19.037018898720458
18.944706145706313
18.852319245745583
18.759856727721008
18.6673170980632
18.574698842119837
18.482000425544307
18.38922029570356
18.296356883104785
18.20340860284049
18.11037385605146
18.017251031406932
17.924038506601182
17.830734649865907
17.737337821497693
17.643846375399736
17.55025866063693
17.45657302300342
17.36278780660169
17.26890135543238
17.17491201499384
17.08081813389076
16.98661806545094
16.892310169349443
16.797892813239244
16.70336437438752
16.608723241316625
16.513967815448837
16.419096512753754
16.324107765397343
16.229000023391606
16.133771756244013
16.03842145460568
15.942947631917134
15.847348826050204
15.75162360094448
15.655770548236827
15.559788288882356
15.463675474765292
15.367430790298195
15.271052954007923
15.174540720106743
15.077892880046926
14.981108264057108
14.88418574265858
14.787124228159534
14.689922676125313
14.592580086822956
14.495095506638272
14.397468029463715
14.299696798055214
14.201781005356187
14.103719895786972
14.00551276649792
13.907158968584302
13.808657908261171
13.710009047996511
13.61121190760095
13.512266065272502
13.41317115859478
13.313926885487165
13.214533005105595
13.114989338692668
13.01529577037583
12.91545224791247
12.815458783380706
12.715315453814767
12.615022401783847
12.514579835913366
12.41398803134774
12.31324733015394
12.21235814166519
12.111320942764207
12.010136278105575
11.908804760276864
11.807327069898133
11.705703955659498
11.60393623429648
11.502024790502954
11.399970576781751
11.297774613233054
11.195437987280807
11.092961853337451
10.990347432407257
10.887596011628682
10.784708943756293
10.681687646582809
10.578533602302024
10.475248356813374
10.371833518968963
10.26829075976382
10.16462181147043
10.060828466718553
9.956912577521441
9.852876054249597
9.748720864553167
9.644449032234181
9.540062636069823
9.435563808588004
9.33095473479661
9.226237650867882
9.121414842779382
9.016488644913062
8.911461438614028
8.806335650710524
8.701113751996795
8.595798255680513
8.490391715796541
8.384896725588831
8.279315915862242
8.173651953306056
8.067907538790996
7.962085405641579
7.856188317885694
7.75021906848323
7.644180477535461
7.538075390476888
7.431906676251192
7.3256772254729405
7.21938994857675
7.113047773955574
7.0066536460898545
6.900210523669282
6.793721377708801
6.687189189660495
6.580616949522921
6.474007653949394
6.367364304356755
6.260689905036138
6.1539874612672065
6.04725997743732
5.940510455166964
5.8337418914427825
5.7269572767594195
5.620159593271458
5.513351812956704
5.40653689579212
5.29971778794366
5.192897419971228
5.0860787050499745
4.979264537209171
4.872457789589883
4.7656613127226795
4.658877932826636
4.552110450130877
4.445361637219858
4.338634237403526
4.231930963113449
4.125254494325905
4.0186074770128855
3.911992521621964
3.8054122015859475
3.6988690518632183
3.5923655675096153
3.4859042022827054
3.3794873672792973
3.2731174296070344
3.1667967110908894
3.0605274870154098
2.9543119849035153
2.8481523833326245
2.7420508107888564
2.6360093445600286
2.530030009668172
2.42411477784224
2.3182655665317013
2.2124842379617506
2.10677259823083
2.001132396451139
1.8955653239327663
1.790073013412044
1.6846570383247252
1.5793189121245408
1.4740600876476455
1.3688819565234507
1.2637858486322986
1.158773031610408
1.0538447104024804
0.9490020268623208
0.8442460594017689
0.7395778226882165
0.6349982673909447
0.5305082799764794
0.4261086825531142
0.32180023276470676
0.2175836237338162
0.11345948405419988
0.009428377832647328
-0.09450919521991916
-0.1983527996481935
-0.30210206406324563
-0.40575668090449907
-0.5093164061531779
-0.6127810589975201
-0.7161505214500978
-0.8194247379176273
-0.9226037147236945
-1.0256875195848634
-1.1286762810406723
-1.2315701878380696
-1.3343694882708768
-1.4370744894749132
-1.539685556679452
-1.6422031124157206
-1.744627635683194
-1.8469596610744607
-1.9491997778594625
-2.051348629029946
-2.1534069103050006
-2.255375369098594
-2.3572548034500236
-2.45904606091824
-2.5607500374410184
-2.6623676761599677
-2.7638999662123753
-2.865347941490922
-2.966712679372323
-3.0679952994159607
-3.1691969620336047
-3.2703188671313397
-3.371362252724843
-3.472328393529178
-3.5732185995242887
-3.6740342144973757
-3.7747766145633728
-3.8754472066647536
-3.9760474270519324
-4.076578739745527
-4.177042634981726
-4.277440627642032
-4.377774255668689
-4.478045078467189
-4.578254675297234
-4.678404643653515
-4.778496597637678
-4.878532166322928
-4.978512992112692
-5.078440729094789
-5.178317041392512
-5.27814360151409
-5.377922088701953
-5.477654187283259
-5.577341585023117
-5.676985971481894
-5.776589036378052
-5.876152467957906
-5.975677951373766
-6.075167167071915
-6.17462178919193
-6.274043483978806
-6.373433908209392
-6.47279470763459
-6.572127515438786
-6.67143395071799
-6.770715616978215
-6.869974100655548
-6.969210969659401
-7.068427771940429
-7.167626034084607
-7.266807259934966
-7.3659729292423695
-7.465124496346706
-7.564263388889802
-7.663391006561358
-7.762508719879232
-7.861617869005283
-7.960719762597923
-8.05981567670246
-8.158906853680298
-8.257994501178038
-8.357079791137492
-8.45616385884763
-8.555247802039316
-8.654332680023721
-8.75341951287519
-8.852509280659262
-8.951602922706499
-9.05070133693279
-9.149805379206777
-9.248915862764969
-9.348033557675047
-9.447159190347863
-9.546293443098508
-9.645436953756745
-9.744590315327049
-9.843754075698318
-9.942928737403339
-10.042114757427942
-10.141312547069777
-10.240522471846537
-10.339744851453366
-10.438979959769048
-10.5382280249105
-10.637489229335051
-10.736763709990006
-10.836051558508935
-10.935352821454096
-11.034667500604407
-11.133995553288194
-11.233336892759972
-11.33269138862034
-11.432058867278124
-11.531439112453635
-11.630831865721953
-11.730236827095093
-11.829653655641872
-11.929081970144392
-12.028521349789852
-12.127971334896454
-12.227431427672155
-12.326901093005002
-12.426379759283659
-12.525866819246671
-12.625361630858917
-12.724863518213636
-12.824371772458546
-12.923885652744415
-13.02340438719446
-13.122927173892776
-13.222453181890131
-13.321981552225523
-13.421511398961798
-13.521041810233783
-13.62057184930744
-13.720100555648786
-13.81962694600148
-13.91915001547203
-14.018668738621686
-14.11818207056412
-14.217688948067948
-14.3171882906631
-14.41667900175013
-14.516159969711484
-14.615630069023656
-14.715088161369101
-14.814533096747004
-14.91396371458203
-15.01337884483022
-15.112777309081272
-15.212157921656505
-15.311519490701905
-15.410860819275534
-15.51018070642855
-15.609477948279142
-15.708751339078868
-15.80799967227072
-15.90722174153836
-16.00641634184589
-16.105582270467576
-16.204718328006944
-16.30382331940481
-16.402896054936004
-16.501935351194586
-16.600940032067083
-16.699908929693432
-16.798840885415284
-16.897734750711393
-16.996589388119688
-17.095403672145963
-17.194176490159222
-17.292906743273704
-17.39159334721782
-17.490235233190333
-17.588831348704275
-17.687380658419144
-17.785882144961803
-17.88433480973642
-17.982737673723665
-18.08108977826952
-18.179390185863983
-18.277637980910303
-18.375832270485038
-18.47397218508957
-18.57205687939359
-18.670085532971132
-18.76805735102956
-18.86597156513205
-18.963827433914055
-19.061624243794235
-19.159361309680442
-19.257037975671302
-19.354653615753598
-19.4522076344957
-19.54969946773742
-19.64712858327656
-19.744494481552362
-19.841796696325826
-19.93903479535693
-20.036208381078534
-20.133317091266928
-20.23036059970887
-20.327338616864846
-20.42425089052811
-20.521097206479038
-20.617877389134364
-20.714591302190755
-20.811238849262125
-20.90781997451019
-21.004334663267443
-21.100782942651747
-21.197164882171833
-21.2934805943229
-21.38973023517157
-21.48591400492917
-21.582032148512315
-21.67808495608948
-21.774072763612242
-21.869995953330022
-21.96585495428734
-22.061650242802262
-22.15738234292461
-22.25305182687264
-22.348659315447055
-22.4442054784211
-22.539691034905353
-22.635116753685757
-22.730483453533303
-22.825792003483905
-22.9210433230869
-23.016238382620365
-23.11137820327138
-23.206463857279196
-23.301496468039453
-23.39647721016774
-23.491407309520717
-23.586288043172797
-23.681120739346422
-23.77590677729435
-23.87064758713205
-23.96534464961874
-24.059999495885304
-24.154613707107696
-24.249188914124428
-24.343726796997
-24.438229084511928
-24.53269755362302
-24.627134028832838
-24.72154038151254
-24.81591852915949
-24.910270434592036
-25.00459810508096
-25.098903591417155
-25.193188986915118
-25.287456426351696
-25.381708084839914
-25.47594617663765
-25.57017295389116
-25.66439070531362
-25.758601754798804
-25.85280845997005
-25.947013210664466
-26.041218427352224
-26.135426559490927
-26.2296400838153
-26.323861502562696
-26.41809334163509
-26.512338148698493
-26.606598491220755
-26.70087695444855
-26.79517613932433
-26.889498660344007
-26.983847143356403
-27.078224223305373
-27.172632541915366
-27.267074745320944
-27.361553481640705
-27.45607139849603
-27.550631140475367
-27.6452353465451
-27.739886647407936
-27.834587662810243
-27.92934099879995
-28.024149244936872
-28.11901497145741
-28.213940726395755
-28.308929032663436
-28.40398238508937
-28.499103247422887
-28.59429404930217
-28.689557183190637
-28.784895001283513
-28.88030981238712
-28.97580387877353
-29.071379413013357
-29.167038574789654
-29.262783467695993
-29.358616136022345
-29.4545385615324
-29.550552660236132
-29.64666027916162
-29.74286319312999
-29.839163101537462
-29.93556162514839
-30.03206030290327
-30.128660588745657
-30.225363848472128
-30.32217135660953
-30.419084293323962
-30.51610374136594
-30.613230683056045
-30.710465997315353
-30.80781045674469
-30.905264724756748
-31.002829352765318
-31.100504777436058
-31.19829131800354
-31.296189173659272
-31.394198421015304
-31.49231901164815
-31.5905507697277
-31.688893389735668
-31.787346434277783
-31.885909331993975
-31.984581375571043
-32.08336171986211
-32.18224938011703
-32.28124323032809
-32.38034200169518
-32.47954428121422
-32.57884851039213
-32.67825298409192
-32.77775584951089
-32.87735510529503
-32.977048600792294
-33.07683403544731
-33.176708958340065
-33.276670767870904
-33.37671671159443
-33.47684388620444
-33.57704923767215
-33.67732956153986
-33.7776815033718
-33.87810155936398
-33.97858607711418
-34.07913125655312
-34.17973315103699
-34.2803876686014
-34.38109057337612
-34.481837487160014
-34.582623891155144
-34.68344512785881
-34.78429640311224
-34.88517278830499
-34.98606922273424
-35.0869805161179
-35.187901351260074
-35.28882628686679
-35.38974976050988
-35.490666091737204
-35.59156948532736
-35.69245403468713
-35.793313725389424
-35.894142438848945
-35.99493395613277
-36.09568196190256
-36.19638004848454
-36.29702172006333
-36.39760039699527
-36.49810942023694
-36.59854205588414
-36.69889149981702
-36.79915088244678
-36.89931327355919
-36.99937168725029
-37.09931908694921
-37.19914839052285
-37.29885247545707
-37.39842418410865
-37.49785632902223
-37.597141698306245
-37.69627306106173
-37.79524317285785
-37.894044781248
-37.992670631319925
-38.091113471273445
-38.18936605801912
-38.28742116279125
-38.385271576768616
-38.482910116695905
-38.580329630498454
-38.67752300288305
-38.77448316091795
-38.87120307958543
-38.96767578730032
-39.06389437138819
-39.15985198351683
-39.25554184507519
-39.35095725249301
-39.44609158249529
-39.540938297286125
-39.63549094965652
-39.72974318801108
-39.82368876130875
-39.91732152391308
-40.01063544034702
-40.10362458994758
-40.19628317141531
-40.28860550725364
-40.380586048092944
-40.47221937689495
-40.56350021303309
-40.65442341624385
-40.74498399044462
-40.835177087413804
-40.924998010329894
-41.01444221716566
-41.10350532393404
-41.192183107782405
-41.28047150993206
-41.36836663845987
-41.455864770919284
-41.54296235679852
-41.6296560198137
-41.715942560035735
-41.801818955849804
-41.887282365746564
-41.97233012994412
-42.056959771839736
-42.14116899929048
-42.224955705722046
-42.30831797106499
-42.39125406251805
-42.473762435138674
-42.55584173226061
-42.637490785738414
-42.71870861601855
-42.79949443203697
-42.87984763094307
-42.95976779765028
-43.03925470421377
-43.11830830903563
-43.196928755899094
-43.27511637283352
-43.35287167081255
-43.43019534228718
-43.507088259556284
-43.583551472977106
-43.65958620901894
-43.73519386816277
-43.81037602264992
-43.88513441408328
-43.95947095088458
-44.03338770561125
-44.10688691213626
-44.17997096269467
-44.25264240480057
-44.32490393803859
-44.396758410733426
-44.46820881650099
-44.53925829068454
-44.60991010667898
-44.68016767214654
-44.75003452512705
-44.819514330045834
-44.88861087362251
-44.957328060684134
-45.02566990988585
-45.09364054934237
-45.16124421217383
-45.228485231969344
-45.29536803817156
-45.36189715138558
-45.42807717861548
-45.49391280843248
-45.55940880607888
-45.624570008512094
-45.68940131939338
-45.75390770402596
-45.81809418424787
-45.88196583328495
-45.94552777056971
-46.008785156531374
-46.071743187362316
-46.13440708976567
-46.19678211568875
-46.25887353704725
-46.320686640445345
-46.38222672189677
-46.44349908155273
-46.50450901844279
-46.565261825234714
-46.625762783018914
-46.68601715612313
-46.74603018696304
-46.80580709093455
-46.865353051353125
-46.92467321444606
-46.983772684403576
-47.04265651849484
-47.1013297222549
-47.159797244748304
-47.21806397391448
-47.276134732000074
-47.33401427108272
-47.39170726869084
-47.44921832352345
-47.506551951274176
-47.563712580563006
-47.620704548979305
-47.67753209923889
-47.73419937545766
-47.79071041954417
-47.84706916771338
-47.903279447124554
-47.95934497264576
-48.01526934374689
-48.071056041523114
-48.12670842585052
-48.182229732676
-48.2376230714436
-48.29289142265903
-48.348037635594345
-48.403064426134755
-48.45797437476991
-48.51276992473222
-48.56745338028471
-48.62202690516104
-48.67649252115992
-48.73085210689586
-48.78510739670789
-48.83925997972758
-48.893311299107516
-48.947262651411584
-49.00111518616776
-49.054869905584404
-49.10852766443045
-49.16208917007915
-49.2155549827145
-49.268925515698946
-49.3222010361006
-49.37538166537856
-49.42846738022521
-49.4814580135638
-49.534353255699635
-49.58715265562321
-49.63985562246338
-49.69246142708774
-49.744969203847596
-49.79737795246481
-49.8496865400576
-49.90189370330224
-49.95399805072744
-50.00599806513801
-50.05789210616407
-50.10967841293208
-50.161355106853556
-50.21292019452752
-50.26437157075238
-50.31570702164296
-50.36692422784804
-50.418020767863844
-50.46899412143866
-50.51984167306383
-50.570560715546115
-50.621148453655756
-50.671602007844136
-50.72191841802523
-50.77209464741511
-50.82212758642364
-50.87201405659274
-50.921750814575
-50.97133455614689
-51.02076192025125
-51.07002949306362
-51.11913381207702
-51.16807137019995
-51.21683861986238
-51.265431977124614
-51.31384782578444
-51.36208252147795
-51.41013239576923
-51.457993760223836
-51.50566291046086
-51.553136130178494
-51.60040969514804
-51.64747987717211
-51.69434294800313
-51.74099518321858
-51.78743286604915
-51.83365229115619
-51.879649768355044
-51.925421626281285
-51.970964215997206
-52.01627391453612
-52.06134712838152
-52.106180296877504
-52.15076989556737
-52.19511243945745
-52.23920448620358
-52.283042639217534
-52.32662355069058
-52.36994392453155
-52.413000519217256
-52.45579015055292
-52.4983096943404
-52.54055608895296
-52.58252633781566
-52.624217511790526
-52.66562675146607
-52.70675126935108
-52.747588351972944
-52.788135361880926
-52.82838973955537
-52.8683490052239
-52.908010760585704
-52.94737269044494
-52.98643256425466
-53.02518823757273
-53.063637653431236
-53.10177884362016
-53.139609929885374
-53.17712912504097
-53.214334733995734
-53.2512251546943
-53.28779887897323
-53.32405449333239
-53.35999067962231
-53.39560621564785
-53.43089997568941
-53.46587093094282
-53.500518149879916
-53.53484079853157
-53.56883814069496
-53.60250953806629
-53.63585445030062
-53.668872435000445
-53.70156314763479
-53.733926341390394
-53.76596186695652
-53.797669672244886
-53.82904980204599
-53.86010239762313
-53.89082769624522
-53.92122603065993
-53.95129782850855
-53.98104361168398
-54.01046399563349
-54.0395596886079
-54.06833149085818
-54.096780293780476
-54.12490707901045
-54.1527129174681
-54.18019896835428
-54.207366478099765
-54.23421677926839
-54.26075128941576
-54.286971509904525
-54.312879024676896
-54.33847549898521
-54.36376267808131
-54.38874238586529
-54.41341652349441
-54.437787067952875
-54.46185607058319
-54.48562565557946
-54.50909801844218
-54.53227542439421
-54.55516020675761
-54.57775476529107
-54.60006156448778
-54.6220831318337
-54.64382205602575
-54.66528098514967
-54.68646262481743
-54.707369736263864
-54.72800513440264
-54.74837168584158
-54.76847230685731
-54.78830996132964
-54.8078876586363
-54.827208451508874
-54.846275433850984
-54.86509173851996
-54.88366053507328
-54.901985027480826
-54.920068451804205
-54.93791407384517
-54.955525186765236
-54.97290510867892
-54.9900571802228
-55.006984762102284
-55.02369123261783
-55.04017998517153
-55.05645442575504
-55.07251797041945
-55.08837404272784
-55.104026071191605
-55.11947748669072
-55.134731719878765
-55.14979219857346
-55.164662345133785
-55.1793455738248
-55.193845288171666
-55.20816487830458
-55.22230771829637
-55.2362771634948
-55.25007654785136
-55.26370918124862
-55.27717834682809
-55.29048729832029
-55.303639257379494
-55.31663741092526
-55.329484908493804
-55.34218485960226
-55.35474033112879
-55.36715434471133
-55.37942987416803
-55.39156984294228
-55.403577121576085
-55.41545452521515
-55.4272048111492
-55.43883067639117
-55.450334755298876
-55.461719617243396
-55.47298776432759
-55.48414162915807
-55.495183572673476
-55.506115882032724
-55.516940768566165
-55.52766036579279
-55.53827672750659
-55.548791825935346
-55.55920754997472
-55.569525703501164
-55.57974800376646
-55.589876079876625
-55.599911471357096
-55.60985562680613
-55.61970990263787
-55.6294755619169
-55.63915377328609
-55.648745609989895
-55.6582520489949
-55.6676739702095
-55.677012155804185
-55.68626728963388
-55.69543995676323
-55.704530643096255
-55.71353973511159
-55.72246751970382
-55.73131418413126
-55.740079816070214
-55.74876440377542
-55.75736783634621
-55.76588990409774
-55.774330299036045
-55.78268861543531
-55.79096435051556
-55.7991569052194
-55.807265585086746
-55.81528960122616
-55.8232280713814
-55.83108002109136
-55.83884438494194
-55.84652000790853
-55.854105646788035
-55.86159997171918
-55.8690015677898
-55.87630893672908
-55.88352049868214
-55.890634594064366
-55.89764948549329
-55.90456335979543
-55.91137433008511
-55.918080437912366
-55.924679655477306
-55.931169887908496
-55.93754897560315
-55.94381469662643
-55.94996476916772
-55.955996854051264
-55.96190855729891
-55.9676974327423
-55.97336098468209
-55.97889667059202
-55.984301903865074
-55.98957405659901
-55.994710462418894
-55.99970841933391
-56.004565192625776
-56.009278017765624
-56.01384410335653
-56.01826063409841
-56.02252477377267
-56.02663366824409
-56.030584448477
-56.034374233562986
-56.03800013375657
-56.0414592535155
-56.044748694542264
-56.0478655588234
-56.050806951663176
-56.053569984708545
-56.056151778962274
-56.05854946778119
-56.06076019985677
-56.06278114217538
-56.064609482955646
-56.066242434560436
-56.06767723638116
-56.0689111576922
-56.06994150047343
-56.070765602198506
-56.07138083858628
-56.071784626312834
-56.07197442568203
-56.07194774325286
-56.07170213442198
-56.0712352059593
-56.07054461849425
-56.06962808895044
-56.06848339292664
-56.067108367022584
-56.06550091110775
-56.06365899053169
-56.0615806382752
-56.05926395704172
-56.056707121288426
-56.05390837919619
-56.05086605457775
-56.04757854872339
-56.04404434218283
-56.04026199648162
-56.0362301557703
-56.031947548404915
-56.02741298845798
-56.022625377158775
-56.01758370426161
-56.0122870493408
-56.006734583011124
-56.00092556807324
-55.99485936058359
-55.988535410848286
-55.9819532643407
-55.97511256254241
-55.96801304370736
-55.96065454354921
-55.95303699585135
-55.945160432999344
-55.937024986435304
-55.92863088703321
-55.919978465393925
-55.91106815205866
-55.90190047763981
-55.892476072867694
-55.88279566855148
-55.872860095452566
-55.862670284068955
-55.852227264329784
-55.84153216519918
-55.83058621418941
-55.819390736783376
-55.80794715576691
-55.796256990471264
-55.784321855926365
-55.77214346192592
-55.75972361200503
-55.747064202331174
-55.734167220509576
-55.72103474430436
-55.707668940276974
-55.69407206234327
-55.68024645025078
-55.66619452797768
-55.651918802055334
-55.63742185981608
-55.62270636756802
-55.60777506869881
-55.59263078171063
-55.57727639818888
-55.561714880706866
-55.545949260669836
-55.52998263610147
-55.5138181693763
-55.497459084901045
-55.48090866674847
-55.46417025624732
-55.447247249531934
-55.43014309505458
-55.41286129106306
-55.395405383045734
-55.377778961146255
-55.35998565754972
-55.3420291438423
-55.32391312834597
-55.3056413534298
-55.28721759279899
-55.268645648762806
-55.249929349482905
-55.23107254620357
-55.21207911046566
-55.19295293130586
-55.1736979124429
-55.15431796945274
-55.134817026935146
-55.115199015673575
-55.095467869790646
-55.075627523901694
-55.05568191026925
-55.03563495596132
-55.01549058001661
-54.9952526906194
-54.974925182287116
-54.95451193307361
-54.93401680179199
-54.91344362526065
-54.892796215576034
-54.872078357415724
-54.851293805375185
-54.83044628134184
-54.80953947190978
-54.788577025838556
-54.76756255155983
-54.74649961473575
-54.72539173587342
-54.704242387999166
-54.683054994395725
-54.66183292640597
-54.64057950130621
-54.61929798025262
-54.597991566304366
-54.57666340252724
-54.55531657018134
-54.53395408699624
-54.512578905536664
-54.49119391166176
-54.46980192308087
-54.44840568800846
-54.42700788391989
-54.405611116409666
-54.38421791815336
-54.362830747974165
-54.341451990014384
-54.32008395301211
-54.2987288696827
-54.277388896204236
-54.2560661118057
-54.23476251845626
-54.21348004065408
-54.1922205253128
-54.170985741742705
-54.14977738172326
-54.128597059663214
-54.10744631284485
-54.086326601748915
-54.06523931045695
-54.04418574712799
-54.02316714454617
-54.00218466073614
-53.98123937964329
-53.960332311875966
-53.93946439550667
-53.91863649692926
-53.89784941176942
-53.87710386584559
-53.85640051617771
-53.835739952040804
-53.81512269606055
-53.7945492053483
-53.77401987267263
-53.753535027663936
-53.73309493804846
-53.71269981090837
-53.69234979396407
-53.67204497687527
-53.65178539255771
-53.63157101851243
-53.611401778164634
-53.591277542209525
-53.57119812996268
-53.551163310712354
-53.53117280507104
-53.51122628632413
-53.491323381773555
-53.4714636740739
-53.451646702558946
-53.43187196455631
-53.41213891668855
-53.392446976159135
-53.37279552202153
-53.35318389642981
-53.33361140586942
-53.314077322367154
-53.29458088467919
-53.27512129945592
-53.255697742382495
-53.236309359293784
-53.21695526726228
-53.19763455565811
-53.178346287181114
-53.15908949886432
-53.13986320304889
-53.12066638833062
-53.101498020478004
-53.082357043321906
-53.06324237961769
-53.04415293188032
-53.025087583193
-53.00604519799032
-52.98702462281693
-52.96802468706312
-52.94904420367868
-52.930081969866876
-52.91113676776018
-52.89220736507974
-52.873292515780804
-52.85439096068694
-52.835501428115606
-52.81662263449783
-52.79775328499471
-52.778892074113
-52.76003768632222
-52.741188796675544
-52.72234407143657
-52.70350216871384
-52.684661739105536
-52.66582142635633
-52.64697986802827
-52.62813569618709
-52.609287538105605
-52.5904340169854
-52.571573752698214
-52.55270536254841
-52.53382746205756
-52.514938665771695
-52.49603758809201
-52.47712284412967
-52.45819305058524
-52.43924682665289
-52.42028279494957
-52.40129958246888
-52.3822958215589
-52.36327015092314
-52.34422121664403
-52.325147673227946
-52.306048184670715
-52.28692142554206
-52.26776608208746
-52.24858085334563
-52.229364452279924
-52.21011560692176
-52.19083306152379
-52.17151557772041
-52.15216193569319
-52.13277093533901
-52.113341397438546
-52.09387216482236
-52.07436210353251
-52.05481010397784
-52.035215082081095
-52.015575980416024
-51.995891769332324
-51.976161448065675
-51.95638404583007
-51.93655862288926
-51.91668427160402
-51.89676011745211
-51.876785320017966
-51.8567590739492
-51.83668060987713
-51.816549195298755
-51.796364135417484
-51.7761247739404
-51.75583049383004
-51.735480718008766
-51.71507491001437
-51.694612574605735
-51.67409325831698
-51.65351654995907
-51.632882081067685
-51.612189526296554
-51.591438603755584
-51.57062907529308
-51.549760746721454
-51.52883346798574
-51.5078471332743
-51.48680168107091
-51.46569709414705
-51.444533399493814
-51.42331066819275
-51.40202901522519
-51.38068859921952
-51.35928962213642
-51.33783232889237
-51.31631700692167
-51.29474398567759
-51.27311363607287
-51.25142636986043
-51.229682638954834
-51.207882934695355
-51.18602778705149
-51.16411776377185
-51.14215346947747
-51.120135544700354
-51.09806466486821
-51.07594153923662
-51.0537669097697
-51.03154154997048
-51.00926626366202
-50.9869418837207
-50.96456927076297
-50.94214931178714
-50.91968291877179
-50.89717102723318
-50.874614594743825
-50.852014599414694
-50.82937203834381
-50.806687926034606
-50.783963292787
-50.76119918306431
-50.73839665383894
-50.715556772920074
-50.69268061726728
-50.669769271293994
-50.64682382516565
-50.623845373097076
-50.60083501165388
-50.57779383806194
-50.55472294852972
-50.53162343658794
-50.50849639145155
-50.485342896408376
-50.46216402723905
-50.438960850672565
-50.41573442288176
-50.392485788023116
-50.369215976825664
-50.34592600523387
-50.32261687310841
-50.299289562988285
-50.275945038917705
-50.25258424534058
-50.22920810606478
-50.20581752329769
-50.182413376754475
-50.15899652284036
-50.13556779390807
-50.11212799759135
-50.08867791621457
-50.06521830627786
-50.04174989801707
-50.018273395037326
-49.99478947401825
-49.971298784488894
-49.94780194867023
-49.924299561382995
-49.90079219001886
-49.87728037457309
-49.85376462773682
-49.83024543504756
-49.80672325509623
-49.783198519789195
-49.75967163466315
-49.7361429792508
-49.71261290749514
-49.68908174821023
-49.665549805586565
-49.64201735973903
-49.618484667294624
-49.59495196201782
-49.57141945547083
-49.547887337706115
-49.52435577798779
-49.50082492553962
-49.47729491031673
-49.45376584379862
-49.43023781980075
-49.4067109153019
-49.38318519128471
-49.35966069358743
-49.33613745376515
-49.312615489958475
-49.28909480776768
-49.26557540113019
-49.24205725319938
-49.21854033722279
-49.19502461741784
-49.17151004984332
-49.1479965832646
-49.12448416001
-49.10097271681609
-49.07746218566005
-49.05395249457733
-49.03044356846293
-49.006935329854784
-48.98342769969723
-48.959920598082576
-48.936413944968805
-48.912907660871426
-48.889401667527395
-48.86589588852915
-48.84239024992682
-48.81888468079647
-48.79537911377297
-48.77187348554678
-48.74836773732447
-48.724861815252595
-48.70135567080489
-48.67784926113289
-48.65434254938019
-48.63083550496013
-48.60732810379709
-48.5838203285313
-48.56031216868739
-48.53680362080648
-48.51329468854264
-48.48978538272392
-48.46627572137855
-48.442765729726815
-48.41925544013911
-48.39574489206102
-48.37223413190593
-48.348723212915885
-48.325212194991295
-48.30170114449042
-48.27819013399919
-48.25467924207179
-48.231168552943004
-48.20765815621358
-48.18414814651031
-48.16063862312244
-48.137129689616174
-48.113621453429325
-48.090114025448294
-48.06660751956972
-48.04310205224929
-48.019597742039856
-47.99609470912075
-47.97259307482043
-47.949092961134376
-47.925594490239895
-47.902097784009335
-47.87860296352299
-47.85511014858279
-47.831619457227795
-47.808131005252314
-47.78464490572768
-47.76116126852842
-47.737680199863725
-47.71420180181517
-47.69072617188167
-47.66725340253269
-47.64378358077054
-47.62031678770311
-47.5968530981281
-47.57339258012977
-47.54993529468934
-47.52648129531
-47.50303062765719
-47.47958332921443
-47.45613942895441
-47.43269894702511
-47.40926189445023
-47.38582827284345
-47.36239807413583
-47.338971280316265
-47.315547863184214
-47.29212778411463
-47.26871099383434
-47.24529743220908
-47.22188702804076
-47.198479698874486
-47.17507535081504
-47.151673878352916
-47.128275164200296
-47.10487907913777
-47.08148548187277
-47.05809421891079
-47.03470512444071
-47.01131802023631
-46.987932715575745
-46.9645490071811
-46.94116667917965
-46.917785503088716
-46.8944052378258
-46.87102562974568
-46.84764641270616
-46.82426730816403
-46.80088802530262
-46.777508261192374
-46.754127700985556
-46.730746018146114
-46.70736287471559
-46.6839779216156
-46.660590798986824
-46.63720113656414
-46.613808554087065
-46.5904126617447
-46.56701306065427
-46.543609343372204
-46.52020109443672
-46.49678789094063
-46.47336930313279
-46.44994489504658
-46.42651422515306
-46.40307684703661
-46.37963231009028
-46.356180160228725
-46.33271994061588
-46.30925119240485
-46.28577345548772
-46.262286269252606
-46.23878917334529
-46.21528170843337
-46.19176341697088
-46.168233843961424
-46.14469253771828
-46.12113905061981
-46.097572939859084
-46.07399376818663
-46.0504011046451
-46.0267945252945
-46.00317361392681
-45.9795379627686
-45.95588717317085
-45.9322208562854
-45.90853863372777
-45.88484013822634
-45.86112501425751
-45.83739291866644
-45.813643521272326
-45.789876505457954
-45.766091568743406
-45.742288423344206
-45.718466796714296
-45.69462643207393
-45.6707670889231
-45.646888543540655
-45.62299058947005
-45.59907303799267
-45.57513571858934
-45.551178479390984
-45.52720118761877
-45.50320373001321
-45.47918601325139
-45.455147964350914
-45.43108953105863
-45.40701068222219
-45.38291140814218
-45.35879172090327
-45.33465165468303
-45.310491266036905
-45.28631063415796
-45.26210986110962
-45.2378890720299
-45.213648415305585
-45.189388062715096
-45.165108209538374
-45.14080907463156
-45.11649090046441
-45.092153953118356
-45.06779852224341
-45.04342492097251
-45.01903348579211
-44.99462457636807
-44.97019857532652
-44.945755887989236
-44.92129694206338
-44.896822187285494
-44.87233209501997
-44.847827157813214
-44.82330788890491
-44.79877482169829
-44.77422850919149
-44.749669523372376
-44.72509845457924
-44.700515910829296
-44.675922517116845
-44.65131891468283
-44.62670576025735
-44.602083725276344
-44.57745349507391
-44.5528157680516
-44.52817125482605
-44.50352067735591
-44.47886476804868
-44.4542042688478
-44.429539930300194
-44.40487251060452
-44.38020277464116
-44.3555314929844
-44.33085944089717
-44.30618739730872
-44.281516143775576
-44.25684646342708
-44.232179139897
-44.20751495624282
-44.182854693854175
-44.158199131351715
-44.13354904347769
-44.10890519997971
-44.084268364488445
-44.05963929339057
-44.03501873469818
-44.01040742691608
-43.9858060979088
-43.961215463768916
-43.936636227688176
-43.91206907883272
-43.88751469122402
-43.862973722627
-43.838446813447
-43.81393458563715
-43.78943764161735
-43.76495656320642
-43.7404919105684
-43.716044221174535
-43.69161400878206
-43.66720176243151
-43.642807945464334
-43.6184329945627
-43.5940773188129
-43.56974129879389
-43.545425285692566
-43.52112960044726
-43.49685453292144
-43.47260034110891
-43.44836725037194
-43.42415545271361
-43.39996510608588
-43.37579633373402
-43.351649223578384
-43.32752382763456
-43.303420161473205
-43.27933820372058
-43.255277895600976
-43.23123914052265
-43.20722180370816
-43.18322571187061
-43.15925065293785
-43.135296375825895
-43.11136259026298
-43.087448966664816
-43.063555136061346
-43.0396806900745
-43.015825180946784
-42.99198812162037
-42.968168985866235
-42.94436720846297
-42.92058218542481
-42.89681327427834
-42.87305979438738
-42.849321027325765
-42.82559621729805
-42.80188457160866
-42.77818526118019
-42.754497421121265
-42.73082015134448
-42.707152517235066
-42.68349355037113
-42.65984224929647
-42.63619758034613
-42.61255847852501
-42.58892384843934
-42.56529256528105
-42.54166347586513
-42.518035399719984
-42.49440713023059
-42.4707774358346
-42.44714506127146
-42.42350872888439
-42.39986713997464
-42.37621897620735
-42.35256290106778
-42.328897561365935
-42.30522158878752
-42.28153360148788
-42.25783220572562
-42.2341159975323
-42.210383564414386
-42.186633487083284
-42.162864341209584
-42.13907469919765
-42.11526313197676
-42.09142821080498
-42.06756850908205
-42.04368260416767
-42.01976907920148
-41.995826524920986
-41.97185354147321
-41.94784874021617
-41.92381074550629
-41.899738196467595
-41.87562974873886
-41.851484076195064
-41.82729987264044
-41.80307585347039
-41.778810757299894
-41.75450334755631
-41.73015241403438
-41.70575677441157
-41.68131527572213
-41.65682679578835
-41.63229024460766
-41.60770456569459
-41.58306873737702
-41.55838177404668
-41.53364272736435
-41.50885068742009
-41.48400478384902
-41.45910418690296
-41.43414810847834
-41.4091358031006
-41.38406656886549
-41.35893974833705
-41.333754729401804
-41.308510946078414
-41.28320787928233
-41.257845057544685
-41.23242205768402
-41.20693850542939
-41.18139407599331
-41.15578849459264
-41.130121536915695
-41.10439302953377
-41.07860285025522
-41.05275092842017
-41.0268372451343
-41.000861833440425
-40.974824778426594
-40.948726217270305
-40.92256633921842
-40.896345385502926
-40.87006364919257
-40.84372147498023
-40.81731925890536
-40.79085744801121
-40.76433653993662
-40.73775708244234
-40.71111967287182
-40.684424957546995
-40.65767363110025
-40.63086643574344
-40.604004160474815
-40.57708764022523
-40.55011775494576
-40.523095428639536
-40.49602162834101
-40.468897363046054
-40.44172368259639
-40.41450167652199
-40.387232472844815
-40.359917236847494
-40.332557169810244
-40.3051535077188
-40.27770751994587
-40.25022050790802
-40.22269380369966
-40.19512876870585
-40.167526792195595
-40.13988928989733
-40.11221770255788
-40.08451349448678
-40.05677815208782
-40.02901318237884
-40.00122011150081
-39.973400483216786
-39.945555857401196
-39.917687808520164
-39.889797924103796
-39.86188780321147
-39.833959054891075
-39.80601329663353
-39.778052152823655
-39.75007725318881
-39.72209023124652
-39.69409272275232
-39.666086364149415
-39.63807279102128
-39.61005363654875
-39.58203052997295
-39.55400509506553
-39.525978948607424
-39.49795369887739
-39.469930944151606
-39.44191227121559
-39.41389925388962
-39.38589345156857
-39.35789640777694
-39.32990964873944
-39.3019346819682
-39.27397299486751
-39.246026053357134
-39.218095300515024
-39.190182155240514
-39.162288010939285
-39.13441423423166
-39.10656216368563
-39.07873310857588
-39.05092834767044
-39.02314912804662
-38.99539666393844
-38.96767213561737
-38.9399766883081
-38.91231143114147
-38.8846774361461
-38.857075737280304
-38.82950732950554
-38.80197316790231
-38.77447416682907
-38.74701119912482
-38.719585095356315
-38.69219664311067
-38.66484658633397
-38.637535624716925
-38.61026441312823
-38.58303356109656
-38.55584363234215
-38.52869514435884
-38.501588568047005
-38.47452432739738
-38.44750279922608
-38.42052431296043
-38.39358915047519
-38.366697545978305
-38.3398496859453
-38.31304570910118
-38.286285706449185
-38.25956972134555
-38.23289774961961
-38.20626973973924
-38.17968559302136
-38.15314516388719
-38.12664826016197
-38.1001946434194
-38.07378402937064
-38.04741608829795
-38.021090445532764
-37.9948066819785
-37.96856433467798
-37.942362897425255
-37.91620182142145
-37.89008051597409
-37.86399834923964
-37.83795464900879
-37.811948703534085
-37.78597976239945
-37.76004703743132
-37.73414970364996
-37.70828690025945
-37.682457731674845
-37.65666126858491
-37.63089654904877
-37.605162579624675
-37.57945833652906
-37.55378276682393
-37.52813478963088
-37.50251329736949
-37.47691715701785
-37.45134521139312
-37.425796280449674
-37.40026916259279
-37.37476263600536
-37.34927545998528
-37.323806376291145
-37.298354110493676
-37.27291737333104
-37.247494862066105
-37.2220852618438
-37.196687247046555
-37.17129948264591
-37.14592062554874
-37.12054932593685
-37.09518422859867
-37.06982397425253
-37.04446720086088
-37.01911254493518
-36.993758642831324
-36.968404132035516
-36.94304765244124
-36.917687847617856
-36.89232336607171
-36.86695286250011
-36.841574999038755
-36.81618844650279
-36.7907918856219
-36.76538400826931
-36.73996351868473
-36.714529134690764
-36.68907958890193
-36.663613629924924
-36.6381300235482
-36.612627553919225
-36.58710502470748
-36.561561260251295
-36.5359951066861
-36.510405433051716
-36.48479113237616
-36.45915112273369
-36.433484348274334
-36.4077897802222
-36.382066417839745
-36.356313289355306
-36.3305294528512
-36.30471399711009
-36.27886604241788
-36.25298474132179
-36.22706927934254
-36.201118875639416
-36.17513278362704
-36.14911029154276
-36.123050722964216
-36.09695343727716
-36.070817830093596
-36.04464333362042
-36.01842941697887
-35.992175586475206
-35.96588138582299
-35.93954639631709
-35.913170236959495
-35.88675256453654
-35.86029307364742
-35.833791496683766
-35.80724760376051
-35.78066120259842
-35.75403213835914
-35.727360293433485
-35.70064558718365
-35.67388797564012
-35.647087451153304
-35.62024404200036
-35.593357811947264
-35.56642885976628
-35.53945731870919
-35.51244335593662
-35.48538717190393
-35.4582889997045
-35.43114910437122
-35.40396778213721
-35.37674535965669
-35.34948219318721
-35.32217866773424
-35.294835196159504
-35.26745221825444
-35.24003019978033
-35.212569631476576
-35.1850710280388
-35.15753492706818
-35.129961887993254
-35.10235249096552
-35.074707335730544
-35.047027040476415
-35.01931224066143
-34.99156358782303
-34.96378174837033
-34.935967402362415
-34.908121242274625
-34.8802439717551
-34.852336304374
-34.824398962368
-34.79643267538258
-34.768438179214364
-34.74041621455566
-34.71236752574335
-34.684292859514095
-34.65619296376766
-34.62806858634021
-34.599920473788885
-34.571749370188925
-34.54355601594479
-34.515341146616166
-34.48710549176003
-34.45884977378962
-34.4305747068516
-34.40228099572279
-34.373969334727875
-34.34564040667961
-34.317294881842955
-34.28893341692431
-34.260556654086955
-34.23216521999366
-34.20375972487729
-34.175340761640385
-34.146908904984755
-34.11846471057221
-34.09000871421814
-34.06154143111935
-34.03306335511736
-34.00457495799871
-33.976076688833686
-33.94756897335462
-33.91905221337457
-33.890526786247264
-33.86199304436916
-33.8334513147248
-33.80490189847676
-33.77634507060138
-33.74778107957131
-33.719210147085946
-33.69063246785116
-33.66204820940975
-33.63345751202415
-33.604860488612914
-33.57625722474192
-33.54764777867153
-33.519032181460645
-33.49041043712894
-33.461782522878295
-33.433148389373955
-33.40450796108614
-33.375861136692365
-33.347207789540775
-33.31854776817458
-33.28988089691721
-33.261206976517585
-33.232525784854985
-33.2038370777024
-33.17514058954701
-33.14643603446625
-33.11772310705753
-33.08900148341995
-33.0602708221857
-33.03153076559862
-33.00278094063701
-32.974020960177924
-32.94525042420001
-32.9164689210218
-32.88767602857233
-32.85887131569119
-32.83005434345493
-32.80122466652658
-32.77238183452532
-32.743525393413435
-32.71465488689749
-32.68576985784061
-32.656869849682536
-32.627954407864465
-32.59902308125557
-32.570075423578444
-32.54111099483073
-32.51212936270038
-32.48313010397227
-32.454112805923714
-32.42507706770648
-32.396022501713716
-32.36694873493015
-32.33785541026457
-32.30874218786364
-32.27960874640648
-32.25045478437927
-32.22128002132946
-32.192084199099114
-32.16286708303714
-32.13362846319005
-32.10436815547099
-32.07508600280683
-32.045781876262836
-32.016455676144815
-31.987107333078125
-31.957736809063004
-31.928344098505118
-31.898929229220027
-31.86949226341026
-31.840033298613616
-31.810552468621278
-31.781049944364224
-31.751525934766203
-31.721980687561864
-31.692414490078658
-31.662827669981038
-31.6332205959752
-31.6035936784729
-31.573947370213272
-31.54428216684182
-31.5145986074463
-31.484897275049132
-31.455178797055634
-31.425443845656968
-31.39569313818664
-31.36592743742933
-31.33614755188098
-31.306354335959337
-31.27654869016403
-31.246731561185396
-31.2169039419614
-31.187066871682116
-31.157221435741217
-31.1273687656341
-31.097510038802124
-31.06764647842233
-31.037779353142053
-31.00790997675828
-30.978039707841628
-30.94816994930478
-30.918302147915433
-30.888437793753674
-30.858578419613828
-30.828725600350772
-30.798880952170784
-30.769046131866936
-30.73922283599922
-30.709412800019727
-30.67961779734322
-30.649839638363495
-30.62008016941582
-30.590341271685936
-30.56062486006656
-30.530932881962293
-30.501267316043972
-30.471630170953695
-30.442023483961783
-30.412449319577043
-30.382909768111695
-30.353406944202227
-30.32394298528761
-30.294520050046522
-30.265140316795346
-30.235805981848877
-30.206519257845976
-30.177282372042534
-30.148097564574165
-30.118967086690937
-30.089893198966514
-30.060878169484177
-30.031924272001966
-30.003033784099223
-29.974208985306582
-29.945452155221467
-29.916765571611087
-29.88815150850491
-29.859612234278565
-29.831150009730813
-29.802767086155235
-29.774465703408346
-29.74624808797575
-29.71811645103785
-29.690072986536656
-29.662119869245295
-29.634259252841908
-29.60649326798967
-29.578824020424953
-29.55125358905554
-29.52378402407098
-29.496417345067133
-29.46915553918686
-29.44200055927877
-29.41495432207606
-29.388018706397563
-29.361195551373218
-29.33448665469604
-29.30789377090267
-29.281418609684355
-29.255062834230106
-29.228828059603646
-29.20271585115538
-29.176727722970472
-29.15086513635413
-29.125129498355054
-29.09952216032821
-29.074044416537877
-29.048697502802018
-29.02348259517888
-28.998400808696662
-28.973453196127057
-28.948640746803594
-28.923964385485792
-28.899424971270296
-28.875023296550214
-28.850760086024028
-28.826635995755456
-28.80265161228579
-28.778807451800166
-28.755103959349444
-28.731541508129485
-28.70812039881986
-28.68484085898388
-28.661703042532
-28.638707029250643
-28.615852824397937
-28.59314035836778
-28.570569486423356
-28.548139988500854
-28.525851569083787
-28.503703857148057
-28.48169640617778
-28.459828694252113
-28.438100124203007
-28.416510023843845
-28.3950576462689
-28.373742170223583
-28.352562700545523
-28.33151826867638
-28.310607833244095
-28.289830280715055
-28.269184426115775
-28.248669013823587
-28.22828271842573
-28.208024145646164
-28.187891833339165
-28.167884252548674
-28.147999808632164
-28.12823684244748
-28.108593631601025
-28.089068391755518
-28.06965927799547
-28.05036438624836
-28.031181754759473
-28.012109365618358
-27.993145146334996
-27.974286971463556
-27.955532664271516
-27.9368799984519
-27.91832669987639
-27.899870448386906
-27.881508879623226
-27.863239586884163
-27.845060123020033
-27.826968002353766
-27.80896070262807
-27.7910356669762
-27.773190305914085
-27.755421999351654
-27.737728098621147
-27.720105928520468
-27.702552789369804
-27.685065959079736
-27.667642695229034
-27.650280237150184
-27.632975808020802
-27.615726616959506
-27.598529861124717
-27.581382727814827
-27.564282396567933
-27.547226041259705
-27.53021083219798
-27.513233938213006
-27.496292528742174
-27.479383775908133
-27.462504856589106
-27.445652954480096
-27.42882526214362
-27.412018983048455
-27.395231333594836
-27.378459545124514
-27.361700865914116
-27.344952563149832
-27.3282119248818
-27.311476261956557
-27.29474290992601
-27.2780092309313
-27.261272615560042
-27.24453048467549
-27.227780291216074
-27.211019521963802
-27.19424569927983
-27.177456382805556
-27.160649171127655
-27.143821703405305
-27.126971660957988
-27.110096768812152
-27.093194797205168
-27.076263563045384
-27.059300931327183
-27.042304816500003
-27.0252731837902
-27.008204050474912
-26.99109548710697
-26.973945618689978
-26.956752625802576
-26.939514745671286
-26.922230273191328
-26.904897561894924
-26.88751502486647
-26.870081135604206
-26.852594428827867
-26.83505350123161
-26.81745701218159
-26.799803684357695
-26.782092304338956
-26.764321723132124
-26.746490856643074
-26.72859868609066
-26.71064425836263
-26.692626686313556
-26.674545149004725
-26.656398891885996
-26.63818722691968
-26.619909532646513
-26.601565254193783
-26.583153903226016
-26.564675057838596
-26.546128362394935
-26.52751352730783
-26.508830328765807
-26.490078608405238
-26.471258272928903
-26.452369293671747
-26.433411706114494
-26.41438560934588
-26.395291165474017
-26.376128598987485
-26.356898196066957
-26.337600303848
-26.31823532963582
-26.298803740072877
-26.279306060260375
-26.2597428728346
-26.24011481699906
-26.220422587513262
-26.200666933639063
-26.180848658045385
-26.16096861567228
-26.141027712555307
-26.121026904611163
-26.10096719638559
-26.080849639764402
-26.060675332648593
-26.040445417594576
-26.020161080420728
-25.999823548781414
-25.979434090709724
-25.9589940131303
-25.93850466034376
-25.91796741248438
-25.8973836839531
-25.87675492182762
-25.85608260425152
-25.835368238804044
-25.81461336085203
-25.79381953188561
-25.772988337839415
