20.871932187826705
20.948873768939908
21.025927550705806
21.103091884220223
21.18036512341869
21.257745625899737
21.335231753749817
21.412821874369207
21.49051436129833
21.568307595044026
21.646199963905254
21.72418986479787
21.80227570407812
21.880455898364353
21.958728875356577
22.03709307465341
22.11554694856606
22.19408896292877
22.27271759790504
22.351431348789003
22.430228726801356
22.509108259879053
22.588068493457836
22.66710799124648
22.74622533599152
22.82541913023145
22.904687997039115
22.984030580751366
23.063445547684907
23.142931586837292
23.2224874105719
23.302111755285708
23.381803382058806
23.461561077284713
23.54138365328039
23.621269948875025
23.701218829976725
23.78122919011618
23.86129995096626
23.941430062836947
24.021618505145216
24.101864286859826
24.182166446920764
24.262524054633236
24.342936210035806
24.423402044242227
24.50392071975644
24.58449143076017
24.66511340337262
24.745785895881784
24.82650819894672
24.90727963576986
24.988099562239107
25.068967367039384
25.14988247173371
25.230844330813987
25.311852431721938
25.392906294840735
25.474005473457787
25.55514955369923
25.63633815443651
25.71757092716558
25.798847555859307
25.880167756793465
25.961531278346566
26.04293790077386
26.12438743595595
26.205879727122547
26.287414648551813
26.368992105245862
26.450612032583162
26.532274395948487
26.613979190341013
26.695726439961305
26.777516197778027
26.859348545074994
26.941223590979206
27.023141471970405
27.105102351372835
27.187106418829757
27.269153889761157
27.351245004805037
27.433380029242358
27.515559252405755
27.59778298707238
27.68005156884104
27.76236535549373
27.844724726342097
27.927130081559316
28.009581841497923
28.092080445994103
28.174626353658827
28.257220041156362
28.33986200247077
28.422552748161227
28.50529280460689
28.588082713241825
28.67092302978063
28.75381432343557
28.836757176126106
28.919752181681794
29.00279994503942
29.08590108143529
29.16905621559369
29.25226598091249
29.335531018646755
29.418851977091418
29.50222951076388
29.585664279587444
29.669156948076346
29.75270818452297
29.836318660187953
29.91998904849397
30.00372002422416
30.087512262726005
30.171366439121453
30.255283227524057
30.339263300263966
30.423307327121748
30.507415974572055
30.591589905038106
30.675829776157812
30.760136240062437
30.84450994266855
30.92895152298412
31.01346161242951
31.098040834174085
31.18268980248881
31.26740912211513
31.352199387650632
31.437061182951954
31.521995080555303
31.607001641114795
31.69208141285863
31.777234931063123
31.862462717544236
31.947765280166
32.0331431123651
32.11859669269108
32.2041264843616
32.289732934832806
32.37541647538472
32.46117752072217
32.54701646859154
32.63293369941393
32.718929575935185
32.80500444289361
32.89115862670581
32.97739243517076
33.063706157191966
33.1501000625173
33.23657440149699
33.32312940486005
33.40976528351032
33.496482228343005
33.58328041008243
33.67015997914163
33.75712106550415
33.84416377862769
33.93128820736885
34.01849441992809
34.10578246381394
34.193152365825824
34.280604132054975
34.36813774790323
34.455753178119664
34.54345036685464
34.63122923773108
34.719089693932176
34.807031618305246
34.89505487348106
34.98315930200829
35.07134472650222
35.159610949806705
35.2479577551687
35.33638490642474
35.42489214819872
35.51347920611037
35.60214578699394
35.69089157912655
35.77971625246594
35.86861945889738
35.95760083248988
36.04665998976174
36.13579652995538
36.22501003532091
36.31430007140791
36.40366618736454
36.49310791624374
36.582624775315885
36.672216266388155
36.76188187613014
36.85162107640577
36.94143332461136
37.03131806401982
37.12127472413099
37.21130272102793
37.301401457739
37.39157032460513
37.48180869965152
37.572115948964
37.66249142707041
37.752934477328054
37.84344443231738
37.93402061424236
38.02466233533785
38.11536889828439
38.206139596630365
38.29697371522191
38.3878705306404
38.47882931164766
38.569849319639175
38.66092980910595
38.752070028105905
38.84326921874556
38.934526617672375
39.02584145657762
39.117212962709644
39.20864035939702
39.300122866581226
39.39165970135823
39.48325007852869
39.57489321115607
39.66658831113178
39.758334589746845
39.85013125826949
39.941977528528035
40.03387261349834
40.12581572789568
40.21780608877108
40.30984291611215
40.40192543344809
40.49405286845805
40.586224453581984
40.67843942663281
40.77069703140861
40.86299651830384
40.955337144918666
41.04771817666576
41.14013888737397
41.232598559888146
41.325096486664535
41.41763197036127
41.51020432442314
41.60281287365993
41.69545695481756
41.78813591714109
41.88084912292837
41.973595948073495
42.06637578259924
42.15918803117782
42.25203211363899
42.3449074654645
42.4378135382681
42.530749800259485
42.62371573669125
42.71671085028774
42.80973466165452
42.9027867096672
42.99586655183842
43.088973764662256
43.182107943935456
43.275268705054806
43.36845568328997
43.46166853403137
43.55490693301224
43.64817057650456
43.7414591814887
43.83477248579701
43.92811024823116
44.021472248652664
44.1148582880467
44.208268188558954
44.30170179350612
44.39515896736058
44.48863959571023
44.58214358519448
44.675670863417885
44.76922137884279
44.86279510066178
44.95639201865007
45.05001214299782
45.14365550412167
45.237322152455235
45.331012158217945
45.42472561116175
45.51846262029606
45.61222331359146
45.70600783766285
45.79981635743347
45.89364905578098
45.987506133166605
46.08138780724822
46.175294312478215
46.26922589968619
46.363182835646214
46.45716540262889
46.551173897938995
46.645208633439935
46.739269935066076
46.83335814232338
46.92747360777882
47.02161669653945
47.11578778572186
47.209987263913085
47.304215530623985
47.39847299573511
47.49276007893547
47.58707720915469
47.68142482398985
47.775803369127736
47.870213297763364
47.96465507001482
48.05912915233437
48.15363601691609
48.24817614110048
48.342750006776434
48.437358099781015
48.53200090929749
48.62667892725192
48.72139264770856
48.81614256626437
48.91092917944291
49.005752984087444
49.10061447675315
49.19551415309854
49.290452507276655
49.38543003132662
49.48044721456631
49.57550454298644
49.67060249864625
49.76574155907093
49.86092219665102
49.956144878044086
50.05141006357934
50.14671820666496
50.24206975319845
50.33746514098004
50.432904799129005
50.528389147502764
50.62391859611898
50.719493544580416
50.8151143815017
50.91078148393757
51.00649521681294
51.10225593235533
51.198063969530274
51.293919653480096
51.389823294966455
51.48577518981751
51.58177561838034
51.67782484497946
51.77392311738186
51.870070666268994
51.96626770471642
52.06251442768218
52.15881101150507
52.25515761341416
52.3515543710509
52.448001402005794
52.54449880337189
52.64104665131675
52.73764500067421
52.83429388455705
52.930993313991685
53.027743277576356
53.124543741163464
53.221394647566584
53.31829591629254
53.41524744329895
53.51224910077714
53.609300736960236
53.706402175956455
53.80355321760807
53.90075363737675
53.998003186255985
54.0953015907112
54.192648552648464
54.290043749412135
54.387486833811195
54.48497743417404
54.58251515443176
54.68009957422994
54.77773024906914
54.87540671047391
54.9731284661906
55.070895000414126
55.168705774043886
55.26656022496885
55.36445776838146
55.46239779711967
55.560379682035396
55.658402772387795
55.75646639625935
55.85456986099344
55.952712453652076
56.050893441492484
56.14911207246123
56.24736757570442
56.345659162093135
56.443986024762715
56.54234733966481
56.64074226613101
56.739169947447316
56.83762951143833
56.93612007105994
57.03464072499988
57.13319055828614
57.231768642903056
57.33037403841493
57.42900579259694
57.52766294207376
57.62634451296648
57.72504952154813
57.82377697490804
57.922525871625254
58.02129520245066
58.120083950997724
58.21889109444109
58.317715604222286
58.41655644676112
58.51541258417123
58.614282974978295
58.71316657483945
58.81206233726263
58.91096921432464
59.00988615738672
59.108812117806536
59.207746047646
59.306686900374046
59.40563363156438
59.5045851995877
59.60354056629857
59.7024986977165
59.801458564701285
59.900419143621924
59.99937941701857
60.09833837425706
60.197295012175324
60.29624833572061
60.39519735857679
60.49414110378101
60.59307860432953
60.69200890377201
60.79093105679417
60.88984412978849
60.98874720141348
61.087639363141854
61.18651971979782
61.285387390083635
61.384241507095545
61.48308121882967
61.58190568867791
61.6807140959139
61.779505636168594
61.87827952189507
61.97703498282213
62.07577126639653
62.17448763821345
62.273183382435306
62.37185780219862
62.47051022000919
62.56913997812579
62.66774643893221
62.76632898529736
62.864887020923035
62.963419970679
63.061927280925076
63.1604084198198
63.25886287761459
63.35729016693203
63.4556898230275
63.55406140403373
63.652404491188
63.75071868904097
63.84900362564644
63.94725895273091
64.04548434584267
64.14367950447989
64.24184415219734
64.33997803669119
64.43808092986193
64.5361526278554
64.63419295108154
64.73220174421004
64.83017887614312
64.92812423996537
65.02603775287093
65.12391935606871
65.22176901466565
65.31958671752813
65.4173724771216
65.51512632932952
65.61284833325124
65.71053857097866
65.80819714734992
65.9058241896791
66.00341984746188
66.10098429205703
66.19851771634336
66.2960203343518
66.39349238087237
66.4909341110361
66.58834579987177
66.68572774183787
66.78308025032942
66.88040365716046
66.9776983120226
67.07496458192094
67.17220285058767
67.26941351787417
67.36659699912292
67.4637537245199
67.56088413842821
67.65798869870247
67.75506787598403
67.85212215297639
67.94915202370095
68.0461579927325
68.14314057441374
68.24010029204703
68.33703767706243
68.43395326816051
68.53084761043021
68.62772125444201
68.7245747553178
68.82140867177839
68.91822356516911
69.0150199984655
69.11179853526005
69.20855973873142
69.30530417059767
69.4020323900552
69.49874495270605
69.59544240947606
69.69212530552763
69.78879417916927
69.88544956076477
69.98209197164432
70.0787219230199
70.17533991490667
70.27194643505221
70.36854195787522
70.46512694341563
70.56170183629719
70.65826706470314
70.75482303936458
70.85137015256142
70.94790877713531
71.04443926551421
71.14096194874703
71.23747713554731
71.33398511134574
71.43048613735273
71.52698044963297
71.62346825819425
71.71994974609318
71.81642506856083
71.91289435215147
72.00935769391727
72.1058151606115
72.20226678792228
72.29871257973862
72.39515250745053
72.49158650928469
72.58801448967729
72.68443631868588
72.78085183144101
72.8772608276375
72.97366307106468
73.0700582891753
73.16644617269283
73.2628263752559
73.35919851309843
73.45556216476349
73.55191687084779
73.64826213377354
73.74459741758416
73.84092214776037
73.9372357110541
74.03353745533788
74.12982668946735
74.22610268315476
74.32236466685085
74.41861183163236
74.51484332909298
74.61105827123505
74.7072557303617
74.8034347389694
74.89959428964224
74.99573333494854
75.09185078734171
75.18794551906726
75.28401636207863
75.38006210796422
75.47608150788685
75.57207327253795
75.66803607210826
75.76396853627679
75.85986925421966
75.95573677464049
76.05156960582346
76.14736621570998
76.24312503199926
76.33884444227257
76.4345227941404
76.53015839541169
76.6257495142838
76.72129437955206
76.81679118083875
76.91223806884202
77.00763315560513
77.10297451480628
77.19826018206854
77.2934881552903
77.38865639499576
77.48376282470471
77.57880533132183
77.6737817655463
77.76868994230219
77.86352764118973
77.95829260695709
78.05298254999227
78.1475951468353
78.24212804071144
78.33657884208637
78.43094512924446
78.52522444889027
78.61941431677357
78.71351221833797
78.80751560939265
78.9014219168067
78.99522853922517
79.0889328478057
79.18253218697438
79.27602387519934
79.3694052057808
79.46267344765837
79.5558258462365
79.64885962422838
79.74177198251945
79.83456010105121
79.92722113972602
80.01975223933343
80.1121505224987
80.20441309465409
80.29653704503355
80.38851944769087
80.4803573625413
80.57204783642621
80.66358790420074
80.75497458984395
80.8462049075907
80.9372758630843
81.02818445454918
81.11892767398237
81.20950250836276
81.29990594087687
81.39013495215997
81.48018652155062
81.57005762835671
81.6597452531315
81.74924637895752
81.83855799273555
81.92767708647726
82.01660065860015
82.10532571522332
82.1938492714621
82.28216835271881
82.37027999596806
82.45818125103618
82.54586918187543
82.63334086783355
82.72059340492011
82.8076239070716
82.89442950741669
82.98100735954277
83.06735463876542
83.15346854340213
83.23934629605093
83.32498514487496
83.41038236489497
83.49553525929126
83.58044116071709
83.66509743262462
83.74950147060405
83.8336507037361
83.91754259595824
84.00117464744402
84.0845443959954
84.16764941844791
84.2504873320887
84.33305579608644
84.41535251293168
84.49737522988458
84.57912174042654
84.66058988571159
84.7417775560143
84.82268269217126
84.90330328701201
84.98363738677573
85.06368309250955
85.14343856144465
85.22290200834662
85.30207170683694
85.38094599068323
85.45952325505606
85.53780195774947
85.61578062036175
85.69345782943297
85.77083223753571
85.84790256431585
85.92466759748037
86.00112619372884
86.07727727962457
86.1531198524019
86.2286529807054
86.30387580525631
86.37878753944129
86.45338746981814
86.52767495653255
86.60164943364121
86.67531040933726
86.74865746607405
86.82169026058453
86.8944085237939
86.96681206062372
87.03890074968591
87.11067454286511
87.1821334647883
87.25327761217999
87.32410715310162
87.39462232607308
87.46482343907597
87.53471086843955
87.60428505761011
87.67354651580693
87.74249581656669
87.81113359617937
87.87946055201904
87.94747744077289
88.01518507657282
88.0825843290347
88.1496761212113
88.21646142746623
88.28294127127695
88.34911672297561
88.41498889743637
88.48055895171773
88.54582808266797
88.61079752450199
88.67546854635701
88.73984244983511
88.80392056653976
88.86770425561302
88.93119490127934
88.99439391040197
89.0573027100579
89.11992274513669
89.18225547596852
89.24430237598641
89.30606492942773
89.36754462907912
89.42874297406796
89.48966146770304
89.5503016153667
89.6106649224606
89.67075289240698
89.73056702470716
89.79010881305895
89.8493797435351
89.90838129282359
89.96711492653127
90.02558209755192
90.08378424449937
90.14172279020521
90.19939914028201
90.25681468175195
90.31397078173949
90.37086878622618
90.42751001886585
90.48389577985846
90.54002734488164
90.59590596407939
90.65153286110761
90.70690923223479
90.76203624549622
90.81691503989951
90.87154672467953
90.92593237860045
90.98007304930307
91.03396975269537
91.0876234723845
91.14103515914881
91.19420573044782
91.24713606996771
91.29982702720018
91.35227941705215
91.40449401948318
91.45647157916765
91.5082128051781
91.55971837068579
91.61098891267442
91.66202503166447
91.71282729144592
91.76339621881685
91.81373230332507
91.8638359970107
91.91370771414834
91.96334783098722
92.0127566854885
92.06193457705989
92.11088176628697
92.1595984746608
92.2080848843019
92.25634113768125
92.30436733733971
92.35216354560633
92.39972978431466
92.44706603451662
92.49417223619297
92.54104828795958
92.58769404676944
92.63410932760995
92.68029390319667
92.72624750366502
92.77196981626275
92.81746048504647
92.8627191105852
92.90774524967526
92.95253841507167
92.99709807524198
93.04142365414805
93.0855145310619
93.12937004042158
93.17298947173265
93.21637206952141
93.2595170333451
93.30242351786421
93.3450906329814
93.38751744405113
93.42970297216289
93.47164619450086
93.51334604478234
93.55480141377734
93.59601114991187
93.6369740599556
93.67768890979494
93.71815442529169
93.75836929322713
93.79833216233135
93.83804164439664
93.8774963154741
93.91669471715102
93.95563535790768
93.99431671455227
94.03273723373138
94.07089533351336
94.10878940504188
94.14641781425746
94.18377890368458
94.22087099428154
94.2576923873512
94.29424136651119
94.33051619972127
94.36651514136486
94.40223643438026
94.43767831243645
94.47283900214745
94.50771672531971
94.54230970122808
94.57661614891606
94.6106342895165
94.6443623485892
94.67779855847175
94.71094116064012
94.7437884080756
94.77633856763396
94.80858992241292
94.84054077411531
94.87218944540552
94.90353428225774
94.93457365629467
94.96530596711557
94.99572964461152
95.02584315126558
95.05564498443414
95.08513367860598
95.11430780763612
95.14316598695063
95.17170687571911
95.19992917899197
95.2278316497999
95.25541309121252
95.28267235835335
95.30960836036752
95.33622006233963
95.36250648716009
95.38846671733802
95.41409989675901
95.43940523238575
95.46438199589852
95.48902952527283
95.51334722629224
95.53733457399403
95.56099111404637
95.58431646405552
95.60731031480202
95.62997243140535
95.65230265441583
95.67430090083279
95.6959671650478
95.71730151971097
95.73830411651771
95.75897518691328
95.77931504271258
95.79932407663283
95.81900276273664
95.83835165678452
95.8573713964963
95.87606270172112
95.89442637451508
95.91246329912552
95.93017444188148
95.94756085099048
95.96462365624255
95.98136406862191
95.99778337982796
96.01388296170693
96.02966426559554
96.04512882157802
96.06027823765793
96.07511419884621
96.08963846616653
96.10385287557857
96.11775933682041
96.13135983217113
96.14465641513424
96.15765120904403
96.1703464055963
96.18274426330503
96.19484710588675
96.20665732057556
96.21817735637102
96.22940972222214
96.2403569851508
96.25102176831898
96.26140674904421
96.27151465676671
96.28134827097266
96.29091041907792
96.30020397427619
96.3092318533562
96.31799701449357
96.32650245502303
96.33475120919648
96.34274634593224
96.35049096656051
96.35798820257001
96.36524121335991
96.37225318400145
96.37902732301369
96.38556686015737
96.39187504425023
96.39795514100648
96.40381043090348
96.40944420707807
96.41485977325475
96.4200604417076
96.42504953125693
96.42983036530164
96.43440626988853
96.43878057181972
96.44295659680073
96.44693766763133
96.45072710244129
96.45432821297219
96.45774430290611
96.46097866624096
96.46403458571216
96.46691533125941
96.46962415853703
96.47216430746651
96.47453900083063
96.47675144290791
96.47880481814728
96.48070228988284
96.48244699908831
96.48404206317126
96.48549057480737
96.48679560081415
96.48796018106292
96.48898732742826
96.48988002277359
96.49064121997138
96.4912738409564
96.49178077581108
96.49216488188232
96.49242898292947
96.49257586830332
96.49260829215505
96.49252897267489
96.49234059135857
96.49204579230114
96.49164718151722
96.49114732628787
96.4905487545344
96.4898539542197
96.48906537277865
96.48818541657839
96.48721645041006
96.4861607970132
96.48502073663268
96.4837985066083
96.48249630099711
96.4811162702283
96.47966052079049
96.47813111495189
96.47653007051211
96.47485936058364
96.47312091340073
96.4713166121529
96.46944829483981
96.46751775414371
96.46552673731524
96.46347694606878
96.46137003648344
96.4592076189059
96.45699125785119
96.45472247189876
96.45240273358068
96.45003346925931
96.44761605899292
96.44515183638815
96.44264208843764
96.44008805534143
96.4374909303102
96.43485185934775
96.4321719410102
96.42945222613945
96.42669371756868
96.42389736979815
96.42106408863991
96.41819473083056
96.41529010361147
96.41235096427668
96.40937801969015
96.40637192577309
96.40333328696373
96.40026265565164
96.39716053158985
96.3940273612884
96.3908635373924
96.38766939804724
96.38444522625353
96.38119124921433
96.37790763767701
96.37459450527216
96.3712519078508
96.36787984282294
96.36447824850028
96.3610470034465
96.35758592583828
96.35409477284041
96.35057323999932
96.34702096065858
96.34343750540141
96.33982238152565
96.33617503255617
96.33249483779922
96.32878111194235
96.32503310470427
96.32125000053951
96.31743091840256
96.31357491157563
96.30968096756361
96.30574800806117
96.30177488899584
96.29776040065063
96.29370326787067
96.28960215035782
96.28545564305726
96.28126227663971
96.27702051808215
96.27272877134907
96.26838537817638
96.2639886189604
96.25953671375281
96.25502782336342
96.25046005057105
96.24583144144275
96.24113998676124
96.23638362356051
96.2315602367688
96.22666766095811
96.22170368219848
96.21666604001472
96.21155242944324
96.20636050318716
96.20108787386742
96.19573211636747
96.19029077026788
96.18476134236822
96.17914130929294
96.17342812017817
96.16761919943461
96.16171194958189
96.15570375414903
96.14959198063558
96.14337398352733
96.13704710735963
96.1306086898205
96.12405606488663
96.11738656598605
96.11059752918025
96.10368629635785
96.09665021843135
96.08948665852743
96.08219299516166
96.07476662538885
96.06720496792035
96.05950546619975
96.05166559142889
96.04368284553662
96.0355547640838
96.02727891909737
96.018852921827
96.01027442541803
96.00154112749519
95.99265077265235
95.98360115484465
95.97439011967842
95.96501556659527
95.9554754509463
95.9457677859526
95.93589064454929
95.92584216111081
95.91562053305526
95.90522402232565
95.89465095674618
95.88389973125172
95.87296880898904
95.86185672228859
95.85056207350598
95.83908353573301
95.82741985337847
95.81556984262008
95.80353239172891
95.79130646126916
95.77889108417614
95.7662853657159
95.75348848333053
95.74049968637243
95.72731829573158
95.71394370335972
95.70037537169546
95.686612832995
95.67265568857326
95.65850360796023
95.64415632797792
95.62961365174348
95.61487544760413
95.59994164801012
95.5848122483321
95.56948730562951
95.55396693737586
95.53825132014717
95.52234068827951
95.50623533250243
95.48993559855498
95.47344188579129
95.45675464578207
95.43987438091901
95.42280164302903
95.4055370320053
95.38808119446091
95.37043482241003
95.35259865198029
95.33457346215889
95.31636007357415
95.29795934731439
95.27937218378574
95.26059952160878
95.2416423365539
95.22250164051556
95.20317848052602
95.18367393780872
95.16398912687222
95.14412519464449
95.1240833196467
95.10386471120623
95.08347060870855
95.06290228088741
95.04216102515224
95.02124816695115
95.00016505916741
94.9789130815461
94.95749364014759
94.93590816682408
94.91415811871465
94.8922449777551
94.87017025019767
94.84793546613693
94.82554217903734
94.80299196525934
94.7802864235808
94.7574271747122
94.73441586080432
94.71125414494699
94.68794371065744
94.66448626135647
94.64088351983193
94.61713722768852
94.5932491447829
94.56922104864222
94.5450547338638
94.52075201149475
94.49631470838901
94.4717446665388
94.44704374237867
94.42221380606028
94.39725674069618
94.37217444157088
94.34696881531826
94.32164177906506
94.29619525954033
94.27063119215015
94.24495152001722
94.21915819298599
94.19325316659408
94.1672384010104
94.14111585993939
94.11488750949181
94.08855531702224
94.06212124993439
94.03558727445531
94.00895535437982
93.982227449786
93.95540551572341
93.92849150087645
93.90148734620479
93.87439498356352
93.84721633430522
93.81995330786647
93.79260780034015
93.76518169303525
93.73767685102628
93.71009512169469
93.6824383332649
93.65470829333772
93.62690678742372
93.59903557747937
93.57109640044969
93.54309096682
93.51502095917972
93.48688803080036
93.4586938042291
93.43043986989922
93.40212778475889
93.37375907092003
93.34533521432884
93.31685766345909
93.28832782802836
93.25974707773806
93.23111674103798
93.2024381039168
93.17371240871962
93.14494085299425
93.11612458836744
93.087264719452
93.05836230278562
93.02941834580288
93.00043380584118
92.9714095891821
92.94234655012924
92.913245490124
92.8841071568997
92.8549322436739
92.82572138837789
92.7964751729232
92.76719412250516
92.73787870494432
92.70852933006661
92.67914634912331
92.64973005425186
92.62028067797901
92.59079839276792
92.5612833106107
92.53173548266894
92.50215489896352
92.47254148811449
92.4428951171313
92.41321559125545
92.38350265385732
92.35375598639014
92.32397520840432
92.29415987762611
92.26430949010428
92.23442348042859
92.20450122202483
92.17454202753045
92.14454514925463
92.11450977972602
92.08443505233204
92.05432004205211
92.02416376628749
91.99396518578983
91.9637232056909
91.93343667663505
91.90310439601599
91.8727251093181
91.84229751156302
91.81182024886103
91.78129192006709
91.75071107854099
91.72007623401073
91.68938585453823
91.6586383685853
91.62783216717783
91.59696560616494
91.56603700856984
91.53504466702857
91.50398684631337
91.4728617859359
91.4416677028258
91.41040279407896
91.37906523976956
91.34765320581921
91.31616484691683
91.2845983094822
91.25295173466652
91.22122326138249
91.1894110293576
91.15751318220403
91.1255278704984
91.09345325486488
91.06128750905346
91.02902882300562
90.99667540589981
90.96422548916946
90.93167732948616
90.8990292117016
90.86627945174207
90.83342639944904
90.80046844136048
90.76740400342801
90.73423155366534
90.7009496047237
90.6675567163904
90.63405149800663
90.6004326108012
90.56669877013661
90.5328487476649
90.49888137339104
90.4647955376409
90.43059019293236
90.39626435574866
90.36181710821262
90.32724759966112
90.2925550481188
90.2577387416705
90.22279803973191
90.18773237421755
90.15254125060466
90.117224248892
90.08178102445282
90.04621130878326
90.01051491014726
89.97469171411905
89.93874168402402
89.90266486127888
89.86646136563064
89.83013139529459
89.79367522699141
89.75709321588448
89.72038579541828
89.68355347705875
89.64659684993654
89.60951658039386
89.57231341143546
89.53498816208406
89.49754172664046
89.45997507384942
89.42228924597231
89.38448535776746
89.34656459537945
89.30852821513798
89.27037754226654
89.2321139695012
89.19373895562097
89.15525402389113
89.11666076042053
89.0779608124339
89.03915588646083
89.00024774644345
88.96123821176553
88.92212915520662
88.88292250082458
88.84362022177032
88.80422433803852
88.76473691415782
88.7251600568249
88.68549591248649
88.64574666487391
88.60591453249475
88.56600176608623
88.52601064603533
88.48594347977036
88.44580259912931
88.40559035771133
88.36530912821758
88.32496129978796
88.28454927534159
88.24407546892775
88.20354230309414
88.16295220627848
88.12230761022914
88.08161094745998
88.0408646487436
88.00007114064721
87.95923284311442
87.91835216709552
87.87743151222952
87.83647326458077
87.79547979443367
87.75445345414852
87.71339657608002
87.67231147056026
87.63120042394672
87.59006569673562
87.54890952174111
87.5077341023412
87.46654161079033
87.42533418659849
87.38411393497648
87.34288292534717
87.30164318992291
87.26039672234907
87.21914547641285
87.1778913648165
87.13663625801422
87.09538198311117
87.05413032282314
87.01288301449523
86.97164174917833
86.93040817076161
86.8891838751578
86.84797040953917
86.8067692716226
86.76558190900214
86.72440971852784
86.68325404572958
86.6421161842848
86.60099737552905
86.55989880800955
86.5188216170822
86.47776688455183
86.43673563835527
86.3957288522867
86.35474744576372
86.3137922836335
86.27286417601765
86.23196387819489
86.19109209052003
86.1502494583779
86.10943657217153
86.06865396734376
86.02790212443203
85.98718146915614
85.94649237253843
85.905835151056
85.86521006682408
85.82461732780989
85.78405708807581
85.74352944805132
85.70303445483266
85.66257210250949
85.62214233251682
85.58174503401135
85.54138004427197
85.50104714912497
85.46074608339488
85.42047653138302
85.38023812737508
85.34003045617992
85.29985305370137
85.25970540754444
85.2195869576564
85.17949709700342
85.13943517228283
85.09940048467028
85.05939229060088
85.01940980258296
84.97945219004366
84.93951858020584
84.89960805899595
84.85971967198309
84.81985242534908
84.78000528688885
84.74017718703946
84.7003670199362
84.66057364449323
84.62079588550732
84.58103253478241
84.54128235227317
84.50154406724577
84.46181637945442
84.42209796033232
84.38238745419669
84.34268347946731
84.30298462989815
84.26328947582151
84.2235965654044
84.18390442591674
84.14421156501139
84.10451647201619
84.06481761923742
84.02511346327496
83.98540244634914
83.94568299763948
83.90595353463588
83.86621246450186
83.82645818544954
83.78668908812635
83.74690355701323
83.70709997183455
83.66727670898051
83.62743214294237
83.5875646477604
83.5476725984842
83.50775437264421
83.46780835173358
83.42783292269853
83.38782647943519
83.34778742428993
83.30771416955932
83.26760513898583
83.22745876924515
83.18727351142061
83.14704783246012
83.10678021661082
83.06646916682783
83.02611320615338
82.98571087906274
82.94526075277363
82.90476141851653
82.8642114927633
82.8236096184128
82.78295446593077
82.74224473444158
82.70147915276974
82.66065648042937
82.61977550856002
82.57883506080762
82.537833994149
82.49677119965932
82.45564560322137
82.4144561661765
82.37320188591744
82.33188179642255
82.29049496873122
82.2490405113588
82.20751757065037
82.16592533107328
82.12426301544875
82.08252988512336
82.04072524008237
81.99884841900737
81.95689879928207
81.91487579694879
81.87277886661926
81.83060750134294
81.78836123243698
81.74603962928089
81.70364229908014
81.6611688866034
81.61861907389803
81.57599257998825
81.5332891605606
81.49050860764149
81.44765074927037
81.40471544917128
81.36170260642419
81.31861215513689
81.27544406411837
81.23219833655301
81.18887500967529
81.14547415444443
81.10199587521723
81.05844030941708
81.01480762719692
80.97109803109473
80.92731175568045
80.88344906719263
80.83951026316336
80.79549567202903
80.75140565272514
80.70724059426348
80.66300091529038
80.6186870636258
80.57429951578288
80.52983877646798
80.4853053780611
80.44069988007712
80.39602286860841
80.35127495574969
80.30645677900637
80.26156900068898
80.21661230729583
80.17158740888593
80.12649503844412
80.08133595124039
80.03611092418558
79.99082075518655
79.94546626250363
79.90004828411318
79.85456767707811
79.80902531692894
79.76342209705822
79.71775892813028
79.67203673750853
79.62625646870302
79.5804190808399
79.53452554815513
79.4885768595133
79.44257401795315
79.39651804026074
79.35040995657097
79.30425080999773
79.25804165629371
79.21178356354018
79.16547761186588
79.11912489319424
79.07272651101734
79.02628358019514
78.97979722677793
78.93326858784964
78.88669881138891
78.84008905614384
78.79344049151622
78.74675429745163
78.70003166433118
78.65327379286079
78.60648189395455
78.55965718860922
78.51280090776642
78.46591429215938
78.41899859214051
78.37205506748593
78.3250849871737
78.27808962913333
78.23107027996424
78.18402823462044
78.13696479605962
78.0898812748551
78.04277898877014
77.99565926229378
77.94852342613832
77.90137281669776
77.85420877546768
77.80703264842647
77.7598457853792
77.71264953926551
77.66544526543329
77.61823432088023
77.57101806346522
77.52379785109123
77.4765750408608
77.42935098820546
77.38212704599154
77.3349045636045
77.28768488601408
77.24046935282264
77.19325929729895
77.14605604540078
77.09886091478997
77.05167521384352
77.00450024066483
76.95733728209872
76.91018761275429
76.86305249403814
76.81593317320166
76.76883088240528
76.72174683780374
76.6746822386548
76.62763826645518
76.58061608410698
76.53361683511822
76.4866416428414
76.43969160975338
76.39276781677883
76.3458713226578
76.29900316335751
76.25216435152835
76.20535587600365
76.15857870134245
76.11183376741464
76.06512198902762
76.01844425559331
75.97180143083439
75.92519435252883
75.87862383229175
75.83209065539371
75.78559558061535
75.7391393401381
75.6927226394704
75.64634615740864
75.60001054603153
75.55371643072671
75.50746441024775
75.46125505680017
75.41508891615514
75.36896650778898
75.32288832504652
75.2768548353264
75.2308664802862
75.18492367606576
75.13902681352683
75.0931762585068
75.04737235208565
75.00161541086449
74.95590572725509
74.91024356977893
74.86462918337544
74.8190627897193
74.77354458754697
74.72807475299199
74.68265343992829
74.63728078032051
74.59195688458038
74.54668184192843
74.50145572076013
74.45627856901564
74.41115041455254
74.36607126552138
74.32104111074392
74.27605992009438
74.23112764488422
74.1862442182516
74.14140955555757
74.09662355479094
74.05188609698399
74.00719704664192
73.96255625218788
73.9179635464256
73.87341874702093
73.82892165700315
73.78447206528693
73.7400697472163
73.69571446513129
73.65140596895861
73.60714399682723
73.56292827571002
73.51875852209304
73.47463444267356
73.43055573508747
73.38652208866682
73.34253318522877
73.29858869989658
73.25468830195376
73.21083165573242
73.16701842153662
73.12324825660215
73.0795208160942
73.03583575414376
72.99219272492297
72.94859138375915
72.90503138828734
72.86151239964084
72.81803408367904
72.77459611225146
72.73119816449713
72.687839928178
72.6445211010452
72.60124139223689
72.55800052370597
72.51479823167602
72.47163426812307
72.42850840228112
72.38542042216864
72.34237013613256
72.29935737440701
72.25638199068351
72.21344386368946
72.17054289877046
72.12767902947178
72.08485221911428
72.04206246235958
71.99930978675957
71.95659425428528
71.91391596283006
71.87127504768182
71.82867168295945
71.78610608300892
71.74357850375463
71.70108924400142
71.65863864668279
71.6162271000519
71.57385503881085
71.53152294517429
71.48923134986433
71.44698083303354
71.4047720251134
71.3626056075858
71.32048231367526
71.27840292895951
71.23636829189581
71.19437929426067
71.15243688150099
71.11054205299422
71.0686958622149
71.02689941680569
70.98515387855082
70.94346046324983
70.90182044048993
70.86023513331543
70.8187059177933
70.77723422247391
70.73582152774713
70.69446936509428
70.65317931623656
70.61195301218083
70.57079213216434
70.52969840250091
70.48867359533119
70.44771952728036
70.40683805802644
70.3660310887833
70.32530056070198
70.2846484531949
70.24407678218836
70.2035875983081
70.16318298500323
70.12286505661325
70.08263595638334
70.04249785443187
70.00245294567367
69.96250344770277
69.92265159863808
69.88289965493487
69.84324988916427
69.80370458776207
69.76426604874774
69.72493657941351
69.6857184939833
69.6466141112407
69.6076257521251
69.56875573729513
69.5300063846575
69.49138000685952
69.45287890874357
69.41450538476198
69.37626171635094
69.33815016926275
69.30017299085563
69.2623324073409
69.22463062098818
69.18706980728875
69.14965211207748
69.11237964861338
69.07525449461961
69.03827868928356
69.00145423021858
68.96478307038949
68.92826711500372
68.89190821837069
68.85570818073147
68.81966874506274
68.78379159385945
68.74807834590153
68.71253055301081
68.6771496968045
68.64193718545236
68.60689435044382
68.57202244337195
68.5373226327411
68.50279600080516
68.46844354044286
68.43426615207544
68.40026464063168
68.366439712565
68.33279197292698
68.29932192250168
68.26602995500433
68.23291635434826
68.19998129198403
68.16722482431486
68.13464689019234
68.1022473084955
68.07002577579554
68.03798186410948
68.00611501874629
67.97442455624831
67.94290966243112
67.91156939052472
67.88040265941957
67.84940825202067
67.81858481371249
67.7879308509382
67.75744472989662
67.72712467536165
67.6969687696287
67.66697495159325
67.63714101596598
67.6074646126293
67.57794324614018
67.54857427538353
67.51935491337984
67.49028222725086
67.4613531383469
67.43256442253902
67.40391271067925
67.37539448923188
67.34700610107824
67.31874374649713
67.29060348432198
67.2625812332751
67.23467277347991
67.20687374815076
67.17917966546018
67.15158590058313
67.12408769791652
67.0966801734725
67.06935831744322
67.04211699693478
67.01495095886769
66.98785483304054
66.96082313535435
66.93385027119398
66.90693053896341
66.88005813377099
66.85322715126146
66.82643159159186
66.79966536354713
66.77292228879166
66.74619610625159
66.7194804766222
66.69276898699414
66.66605515559232
66.63933243662055
66.61259422520496
66.58583386242893
66.55904464045264
66.5322198077096
66.50535257417258
66.47843611668239
66.4514635843332
66.42442810390881
66.3973227853634
66.37014072733976
66.34287502271766
66.3155187641843
66.2880650498187
66.26050698868224
66.23283770640776
66.20505035077977
66.17713809729898
66.14909415472434
66.12091177058582
66.09258423666117
66.06410489440984
66.03546714035801
66.00666443142879
65.97769029021148
65.94853831016403
65.9192021607432
65.88967559245734
65.85995244183638
65.83002663631461
65.79989219902117
65.76954325347387
65.73897402817178
65.70817886108236
65.67715220401848
65.64588862690104
65.6143828219019
65.58262960746194
65.55062393217892
65.51836087856074
65.48583566663942
65.45304365744059
65.41998035630317
65.38664141604383
65.35302263996081
65.31911998467248
65.28492956278612
65.25044764539271
65.21567066438368
65.1805952145858
65.14521805571118
65.10953611412006
65.07354648439409
65.03724643071828
65.00063338806993
64.9637049632141
64.92645893550579
64.88889325749952
64.85100605536749
64.81279562912735
64.77426045268069
64.73539917366386
64.69621061311275
64.65669376494381
64.6168477952539
64.57667204144232
64.53616601115837
64.49532938107855
64.45416199551842
64.41266386488458
64.3708351639727
64.32867623011795
64.28618756120404
64.2433698135372
64.20022379959086
64.15675048562623
64.11295098919369
64.06882657652007
64.02437865978676
63.979608794303
63.93451867557817
63.88911013629714
63.84338514320191
63.79734579388305
63.75099431348424
63.704333051322706
63.657364477428715
63.610091179007284
63.56251585682544
63.514641321528316
63.46647048988747
63.418006380985744
63.36925211234269
63.320210895985
63.27088603446664
63.221280916844435
63.17139901461509
63.12124387761993
63.07081912992284
63.02012846566738
62.969175644918906
62.917964489497436
62.86649887880715
62.81478274566827
62.76282007215674
62.71061488545753
62.658171253736796
62.6054932820381
62.55258510820626
62.499450898842284
62.446094845292194
62.392521159672704
62.33873407093615
62.28473782097701
62.23053666078301
62.17613484663429
62.12153663635372
62.06674628561098
62.01176804428287
61.95660615287188
61.90126483898485
61.84574831387233
61.79006076902994
61.734206372862964
61.678189267414844
61.62201356516096
61.565683345868884
61.50920265352642
61.4525754933394
61.39580582880104
61.33889757883555
61.28185461501818
61.22468075887338
61.16737977925238
61.109955389790635
61.05241124644568
60.99475094511565
60.936978019338824
60.8790959380745
60.82110810356511
60.763017849279265
60.70482843793542
60.64654305960545
60.58816482989755
60.5296967882183
60.47114189611398
60.412503035690975
60.353783008114874
60.294984532187414
60.236110243000496
60.17716269066648
60.11814433912406
60.059057565019486
59.99990465666326
59.94068781306191
59.881409143024484
59.82207066434279
59.76267430304483
59.70322189272105
59.64371517392357
59.58415579363884
59.52454530483391
59.46488516607666
59.40517674123026
59.34542129922175
59.28562001388496
59.22577396387748
59.16588413267174
59.10595140861977
59.04597658509129
58.98596036068522
58.92590333951477
58.86580603156619
58.80566885313066
58.745492127308914
58.685276084587876
58.62502086348842
58.56472651128245
58.50439298477749
58.44402015116736
58.38360778894707
58.3231555888899
58.26266315508439
58.202130006029556
58.141555575787145
58.080939215189844
58.020280193104256
57.95957769774729
57.89883083805431
57.83803864509677
57.77720007354684
57.716314003185786
57.65537924045326
57.5943945200339
57.53335850647828
57.472269795854785
57.411126917429655
57.34992833537221
57.28867245048262
57.22735760193966
57.165982069065976
57.104544073108954
57.04304177903502
56.9814732973354
56.91983668584173
56.85812995154957
56.796351052447484
56.734497899349755
56.67256835773063
56.61056024955864
56.54847135512936
56.48629941489501
56.424042131289276
56.361697170545916
56.299262164509834
56.23673471243897
56.17411238279559
56.111392715025865
56.04857322132634
55.98565138839647
55.92262467917627
55.8594905345689
55.79624637514738
55.732889602844956
55.669417602627824
55.60582774414937
55.54211738338441
55.47828386424189
55.414324520154565
55.35023667564414
55.28601764786103
55.22166474809828
55.1571752832796
55.092546557421684
55.02777587307051
54.9628605327118
54.89779784015545
54.83258510189333
54.76721962843001
54.70169873558527
54.63601974576764
54.57017998921876
54.50417680522813
54.43800754331798
54.37166956439793
54.305160241889354
54.23847696281982
54.17161712888767
54.10457815749643
54.03735748275894
53.969952556471206
53.90236084905589
53.834579850475926
53.76660707111849
53.69844004265004
53.630076318842974
53.561513476374635
53.49274911559947
53.42378086129471
53.35460636338032
53.2852232976144
53.21562936626437
53.145822298754204
53.07579985228764
53.00555981244744
52.9350999937707
52.86441824030063
52.79351242611541
52.72238045583482
52.651020265105174
52.579429821063016
52.5076071227776
52.43555020167214
52.36325712192446
52.29072598084771
52.21795490925213
52.144942071789
52.07168566727803
51.99818392901945
51.92443512509216
51.8504375586394
51.776189568143096
51.70168952768849
51.62693584722042
51.55192697279303
51.47666138681377
51.40113760828343
51.32535419303367
51.249309733963464
51.17300286127523
51.09643224271077
51.019596583787184
50.9424946280326
50.86512515722189
50.78748699161242
50.7095789901801
50.631400050855866
50.55294911076226
50.474225146450074
50.39522717413485
50.315954249932766
50.236405470095185
50.15657997124129
50.07647693058783
49.99609556617514
49.91543513708871
49.83449494367551
49.753274327754696
49.671772672822044
49.58998940424772
49.50792398946612
49.425575938156726
49.34294480241499
49.26003017691289
49.17683169904842
49.093349049083656
49.00958195027118
48.925530168968805
48.84119351474237
48.756571840456104
48.671665042349616
48.586473060100836
48.50099587687412
48.415233519353016
48.32918605775722
48.242853605843486
48.156236320890166
48.069334403665145
47.982148098376506
47.89467769260522
47.80692351721887
47.718885946265054
47.630565396843444
47.54196232895543
47.453077245330455
47.36391069122862
47.274463254218965
47.18473556393325
47.094728291794624
47.00444215072069
46.91387789480068
46.82303631894608
46.73191825851471
46.64052458890784
46.548856225139886
46.456914121379825
46.36469927046333
46.272212703374905
46.179455488699645
46.086428732044155
45.99313357542603
45.899571196631584
45.80574280854158
45.71164965842455
45.61729302719765
45.52267422865558
45.42779460866817
45.33265554434772
45.23725844318748
45.14160474217224
45.04569590686206
44.94953343044987
44.85311883279437
44.7564536594297
44.659539480553725
44.562377889996846
44.464970504173074
44.36731896101495
44.2694249188937
44.17129005552554
44.07291606686537
43.97430466598926
43.87545758196771
43.776376558731414
43.67706335393123
43.57751973779361
43.477747491972906
43.377748408402255
43.277524288144576
43.17707694024503
43.076408180586014
42.97551983074547
42.874413716859266
42.77309166848826
42.67155551749019
42.56980709689671
42.46784823979564
42.36568077821849
42.26330654203351
42.1607273578443
42.05794504789397
41.9549614289751
41.85177831134555
41.74839749765024
41.64482078184957
41.541049948155
41.437086769972346
41.33293300885301
41.22859041345392
41.124060718506904
41.01934564379828
40.91444689315957
40.809366153470954
40.70410509367937
40.59866536383272
40.49304859413208
40.38725639400259
40.281290351184296
40.175152030843904
40.0688429747092
39.96236470022707
39.85571869974605
39.748906439723854
39.64192935996046
39.53478887285753
39.42748636270467
39.32002318499282
39.21240066575537
39.10462010093751
38.996682755794566
38.888589864319734
38.78034262870165
38.671942218811985
38.5633897717234
38.454686391258186
38.345833147567824
38.23683107674368
38.12768118045876
38.018384425640654
37.908941744175884
37.79935403264603
37.689622152095815
37.57974692783336
37.469729149262214
37.35956956974497
37.24926890649832
37.13882784051938
37.02824701654336
36.917527043032834
36.806668492199236
36.695671900057306
36.58453776651328
36.473266555487385
36.36185869507125
36.25031457772053
36.138634560483354
36.02681896526525
35.914868079131395
35.80278215464676
35.69056141025479
35.57820603069521
35.46571616746158
35.35309193929876
35.24033343274092
35.12744070269016
35.01441377303572
34.90125263731331
34.78795725940363
34.67452757426934
34.56096348872966
34.44726488227183
34.33343160789831
34.21946349300827
34.10536034031178
33.99112192877532
33.87674801459669
33.76223833220788
33.64759259530423
33.532810497898666
33.41789171539888
33.30283590570538
33.18764271032798
33.072311755518555
32.956842653417866
32.84123500321441
32.725488392313466
32.609602397514706
32.49357658619694
32.377410517508636
32.26110374356263
32.14465581063307
32.02806626035304
31.91133463091121
31.794460458245975
31.677443277235607
31.560282622882607
31.44297803149099
31.325529041834848
31.207935196316875
31.090196042115544
30.972311132319795
30.854280027050187
30.73610229456549
30.617777512353946
30.499305268208452
30.38068516128533
30.261916803146054
30.14299981878114
30.023933847615357
29.90471854449328
29.785353580644315
29.665838644626408
29.546173443247856
29.426357702466476
29.306391168265492
29.1862736075054
29.066004808751188
28.94558458307418
28.825012764827648
28.704289212395423
28.58341380891275
28.462386462958786
28.341207109220274
28.219875709125798
28.098392251450118
27.976756752888146
27.854969258598285
27.733029842714867
27.610938608829535
27.488695690441453
27.366301251376534
27.243755486175893
27.121058620453844
26.998210911225776
26.875212647206233
26.752064149077363
26.628765769727938
26.50531789446335
26.381720941187115
26.25797536055443
26.13408163609829
26.01004028432884
25.885851854806436
25.761516930188936
25.637036126253903
25.512410091896484
25.38763950910372
25.26272509290591
25.137667591305657
25.01246778518525
24.88712648819309
24.761644546609617
24.63602283919347
24.510262277008376
24.38436380323129
24.25832839294203
24.132157052894893
24.00585082127257
23.879410767422296
23.752837991574193
23.626133624541616
23.49929882740313
23.372334791165947
23.245242736410894
23.118023912918837
22.9906795992786
22.86321110247642
22.735619757466857
22.607906926725015
22.480073999779908
22.352122392728862
22.22405354773301
22.095868932493918
21.967570039711465
21.839158386523227
21.710635513925613
21.582002986177176
21.45326239018459
21.324415334871674
21.195463450531776
21.06640838816412
20.93725181879458
20.80799543278124
20.678640939105293
20.549190064648002
20.41964455345467
20.290006165986565
20.160276678361836
20.030457881586383
19.90055158077595
19.770559594370862
19.64048375334468
19.510325900408045
19.38008788920899
19.249771583531036
19.119378856490265
18.988911589732616
18.858371672632693
18.72776100149519
18.597081478760224
18.46633501221384
18.335523514205
18.20464890087033
18.07371309136767
17.94271800711954
17.81166557106751
17.680557706938533
17.549396338524094
17.41818338897291
17.28692078009799
17.155610431698708
17.02425426089846
16.892854181498336
16.761412103347453
16.629929931730445
16.498409566772736
16.36685290286401
16.23526182810032
16.103638223745207
15.971983963710171
15.840300914054792
15.70859093250685
15.576855868002678
15.445097560248168
15.313317839300932
15.181518525174138
15.04970142746256
14.917868344991257
14.786021065487228
14.654161365274186
14.522291008990557
14.390411749330731
14.258525326809668
14.126633469550903
13.994737893097899
13.862840300248513
13.730942380912259
13.599045811989987
13.467152257275506
13.335263367378605
13.203380779668894
13.071506118239856
12.939640993892443
12.80778700413761
12.675945733217121
12.544118752141815
12.412307618746498
12.2805138777605
12.148739060893021
12.016984686932346
11.885252261857929
11.75354327896433
11.62185921899602
11.490201550292054
11.358571728939635
11.226971198935571
11.095401392354741
10.963863729524771
10.832359619206041
10.700890458776268
10.569457634418935
10.438062521314814
10.306706483835905
10.175390875741195
10.044117040373559
9.912886310857054
9.781700010293996
9.65055945196115
9.519465939504407
9.38842076713113
9.257425219799435
9.126480573403652
8.995588094955272
8.864749042758694
8.73396466658107
8.603236207815453
8.472564899636541
8.341951967148237
8.211398627522394
8.080906090128147
7.9504755566512575
7.820108221202959
7.689805270417829
7.559567883540191
7.429397232498559
7.299294481967664
7.169260789417556
7.0392973051493035
6.909405172316844
6.779585526934673
6.649839497871126
6.520168206827035
6.390572768299568
6.261054289531106
6.131613870443108
6.002252603554925
5.872971573887585
5.743771858852556
5.614654528125564
5.485620643505543
5.356671258758767
5.2278074194483475
5.09903016274928
4.970340517249305
4.841739502735904
4.713228129969756
4.584807400445056
4.456478306137074
4.328241829237312
4.200098941876662
4.07205060583694
3.9440977722512685
3.816241381293729
3.688482361858696
3.5608216312302536
3.4332600947420624
3.305798645428114
3.178438163664827
3.0511795168050115
2.9240235588042514
2.796971129840294
2.6700230559260376
2.5431801485167003
2.4164432041117783
2.289813003852411
2.163290313114791
2.036875881100277
1.910570440422874
1.7843747066947244
1.6582893781102472
1.5323151350295594
1.4064526395618036
1.2807025351490242
1.1550654461512324
1.0295419774332881
0.9041327139542248
0.7788382203596349
0.6536590405777233
0.5285956974196165
0.4036486921845072
0.27881850427021004
0.15410559078970001
0.029510386194191954
-0.09496669809668809
-0.21932527405710184
-0.3435649774090439
-0.4676854679677218
-0.5916864299777739
-0.7155675724398421
-0.8393286294270367
-0.9629693603908438
-1.086489550456048
-1.209889010704247
-1.333167578445558
-1.4563251174781096
-1.579361518334943
-1.7022766985179487
-1.8250706027184782
-1.947743203024278
-2.070294499112396
-2.192724518427727
-2.315033316346881
-2.437220976327066
-2.5592876100396884
-2.6812333574883627
-2.8030583871110437
-2.9247628958660283
-3.0463471093015864
-3.167811281609017
-3.2891556956589425
-3.4103806630206304
-3.5314865239641535
-3.6524736474452224
-3.773342431072528
-3.894093301057435
-4.014726712145915
-4.135243147532614
-4.255643118756979
-4.375927165581393
-4.4960958558511965
-4.616149785336542
-4.736089577555986
-4.855915883581783
-4.975629381826817
-5.095230777813175
-5.21472080392238
-5.3341002191273335
-5.45336980870602
-5.572530383937034
-5.691582781776979
-5.810527864519847
-5.92936651943856
-6.048099658408823
-6.166728217515563
-6.2852531566422565
-6.403675459043493
-6.52199613090111
-6.640216200864304
-6.758336719574191
-6.876358759173367
-6.994283412801078
-7.112111794074604
-7.229845036557468
-7.347484293215165
-7.465030735859129
-7.582485554579753
-7.699849957169255
-7.817125168535255
-7.9343124301059476
-8.051412999227743
-8.168428148556295
-8.285359165441834
-8.402207351309771
-8.518974021037602
-8.635660502329154
-8.75226813508711
-8.868798270784769
-8.98525227183799
-9.10163151097839
-9.217937370628823
-9.334171242282173
-9.450334525884484
-9.566428629223394
-9.682454967322712
-9.798414961843974
-9.914310040495778
-10.030141636451788
-10.145911187778298
-10.261620136872297
-10.37726992991101
-10.49286201631381
-10.608397848217354
-10.723878879964804
-10.83930656760997
-10.954682368437222
-11.07000774049792
-11.185284142164098
-11.300513031700154
-11.415695866853175
-11.530834104462592
-11.645929200089846
-11.760982607668858
-11.875995779177963
-11.99097016433394
-12.105907210308667
-12.220808361468892
-12.335675059139499
-12.45050874139049
-12.565310842847804
-12.680082794528172
-12.794826023698146
-12.90954195375741
-13.024232004146397
-13.138897590278217
-13.253540123494828
-13.368161011047404
-13.48276165610082
-13.597343457762037
-13.711907811132093
-13.82645610738139
-13.940989733847774
-14.055510074156816
-14.170018508363542
-14.284516413114718
-14.399005161830704
-14.513486124905885
-14.627960669926512
-14.74243016190464
-14.856895963526716
-14.971359435415371
-15.085821936402843
-15.200284823814362
-15.314749453759779
-15.429217181431675
-15.54368936140829
-15.658167347959356
-15.77265249535295
-15.887146158161537
-16.001649691565184
-16.116164451650114
-16.230691795700533
-16.345233082481553
-16.459789672510933
-16.574362928317424
-16.688954214683474
-16.803564898870132
-16.918196350821983
-17.0328499433498
-17.147527052288634
-17.262229056629078
-17.376957338619434
-17.491713283836617
-17.606498281223423
-17.721313723089807
-17.836161005075823
-17.95104152607415
-18.065956688110035
-18.180907896176606
-18.295896558023557
-18.410924083897186
-18.525991886230035
-18.641101379278783
-18.756253978709314
-18.871451101127935
-18.986694163557747
-19.101984582858922
-19.217323775091888
-19.332713154822574
-19.44815413436918
-19.56364812299019
-19.679196526013403
-19.79480074390562
-19.91046217128288
-20.02618219586116
-20.141962197347645
-20.257803546272804
-20.373707602763396
-20.489675715256418
-20.605709219154015
-20.721809435419566
-20.837977669115553
-20.954215207883912
-21.070523320369396
-21.186903254586664
-21.303356236232016
-21.419883466941055
-21.536486122493866
-21.653165350969427
-21.769922270851307
-21.886757969086997
-22.003673499103282
-22.12066987878006
-22.237748088385242
-22.354909068473656
-22.472153717752974
-22.58948289091981
-22.706897396469174
-22.82439799448042
-22.941985394383124
-23.059660252706493
-23.177423170816212
-23.29527469264238
-23.413215302402335
-23.531245422322087
-23.64936541036019
-23.767575557937764
-23.885876087678444
-24.004267151162086
-24.122748826696213
-24.241321117109184
-24.35998394756894
-24.478737163431024
-24.59758052811961
-24.71651372104512
-24.835536335562214
-24.954647876971766
-25.073847760570576
-25.193135309752343
-25.31250975416348
-25.431970227917283
-25.551515767869837
-25.671145311961062
-25.790857697624467
-25.910651660269004
-26.03052583183635
-26.150478739436984
-26.270508804068335
-26.39061433941837
-26.510793550757974
-26.631044533925387
-26.75136527440601
-26.871753646510694
-26.992207412655613
-27.112724222746788
-27.23330161367228
-27.35393700890496
-27.474627718218652
-27.595370937520027
-27.716163748798248
-27.837003120194293
-27.957885906191834
-28.078808847931654
-28.19976857365127
-28.32076159925107
-28.44178432898802
-28.562833056297464
-28.68390396474335
-28.80499312909693
-28.926096516543694
-29.047209988018338
-29.168329299667178
-29.28945010443765
-29.410567953794317
-29.5316782995608
-29.65277649588673
-29.773857801338853
-29.89491738111504
-30.01595030937982
-30.136951571719624
-30.25791606771556
-30.378838613631263
-30.499713945212836
-30.620536720597972
-30.74130152333156
-30.862002865484772
-30.98263519087441
-31.103192878379183
-31.22367024534946
-31.344061551106925
-31.464361000530367
-31.584562747723844
-31.704660899763404
-31.82464952051847
-31.944522634543738
-32.06427423103727
-32.18389826786022
-32.303388675613824
-32.42273936176877
-32.54194421484245
-32.660997108619476
-32.77989190641116
-32.8986224653494
-33.01718264071004
-33.135566290260805
-33.25376727862865
-33.371779481681216
-33.48959679091698
-33.60721311785895
-33.72462239844677
-33.84181859742179
-33.958795712699924
-34.0755477797272
-34.19206887581302
-34.30835312443634
-34.42439469952035
-34.54018782967108
-34.65572680237523
-34.77100596815296
-34.88601974466178
-35.0007626207468
-35.1152291604331
-35.22941400685551
-35.343311886120944
-35.456917611098845
-35.57022608513489
-35.683232305683816
-35.795931367857065
-35.90831846788092
-36.02038890646085
-36.13213809204794
-36.24356154400337
-36.35465489565766
-36.4654138972613
-36.57583441882369
-36.685912452837535
-36.795644116885775
-36.905025656128124
-37.01405344566454
-37.12272399277325
-37.23103393902122
-37.33898006224522
-37.446559278402425
-37.55376864328944
-37.66060535412846
-37.76706675101946
-37.87315031825734
-37.97885368551261
-38.0841746288748
-38.18911107175769
-38.29366108566598
-38.39782289082314
-38.50159485666092
-38.60497550217128
-38.70796349612164
-38.81055765713507
-38.91275695363647
-39.014560503666196
-39.11596757456244
-39.21697758251367
-39.31759009198249
-39.41780481500144
-39.5176216103418
-39.61704048255633
-39.716061580897026
-39.81468519810898
-39.91291176910142
-40.01074186949792
-40.10817621406825
-40.20521565504448
-40.301861180324764
-40.39811391156799
-40.493975102182745
-40.589446135213294
-40.684528521125245
-40.77922389549373
-40.87353401659699
-40.967460762917895
-41.06100613055567
-41.15417223055029
-41.24696128612193
-41.33937562982801
-41.43141770064041
-41.523090040945775
-41.6143952934719
-41.705336198143144
-41.79591558886831
-41.886136390264326
-41.97600161431906
-42.06551435699738
-42.15467779479498
-42.24349518124417
-42.33196984337634
-42.42010517814556
-42.50790464881773
-42.59537178132963
-42.6825101606225
-42.76932342695444
-42.855815272195755
-42.9419894361106
-43.0278497026285
-43.11339989610879
-43.19864387760124
-43.283585541105495
-43.36822880983182
-43.452577632465726
-43.536635979438834
-43.6204078392088
-43.70389721455134
-43.78710811886716
-43.87004457250699
-43.95271059911763
-44.03511022201146
-44.11724746056242
-44.199126326631095
-44.28075082102159
-44.362124929972275
-44.443252621682426
-44.52413784287696
-44.60478451541152
-44.68519653292062
-44.76537775751208
-44.84533201651063
-44.925063099254224
-45.00457475394622
-45.08387068456741
-45.162954547851164
-45.24182995032535
-45.3205004454235
-45.39896953066752
-45.47724064492345
-45.55531716573167
-45.633202406712904
-45.71089961505103
-45.78841196905412
-45.865742575794535
-45.94289446882899
-46.019870605999266
-46.096673867314244
-46.17330705291325
-46.24977288111133
-46.326073986526715
-46.40221291829166
-46.478192138348184
-46.55401401983007
-46.6296808455327
-46.705194806472
-46.780558000533595
-46.85577243121329
-46.93084000645032
-47.00576253755465
-47.08054173822929
-47.15517922368851
-47.22967650987302
-47.30403501276257
-47.37825604778632
-47.45234082933072
-47.52629047034404
-47.60010598203681
-47.67378827367699
-47.74733815247859
-47.82075632358212
-47.89404339012529
-47.967199853402775
-48.04022611311407
-48.11312246769822
-48.185889114753905
-48.258526151544146
-48.33103357558454
-48.40341128531438
-48.475659080849624
-48.54777666481735
-48.61976364327106
-48.69161952668671
-48.76334373103904
-48.83493557895824
-48.90639430096675
-48.97771903679572
-49.04890883677959
-49.11996266332736
-49.1908793924691
-49.26165781547681
-49.33229664055838
-49.40279449462329
-49.47314992511818
-49.54336140193047
-49.613427319358124
-49.683345998143835
-49.753115687571636
-49.82273456762388
-49.89220075119644
-49.961512286369356
-50.03066715873004
-50.09966329374541
-50.168498559179255
-50.237170767550964
-50.30567767863087
-50.374017001967644
-50.4421863994431
-50.51018348784967
-50.57800584148501
-50.64565099475831
-50.71311644480281
-50.78039965408888
-50.847498053032695
-50.91440904259545
-50.98112999686899
-51.04765826564355
-51.11399117695382
-51.180126039599344
-51.24606014563565
-51.31179077283318
-51.37731518710095
-51.44263064487174
-51.507734395445624
-51.57262368328915
-51.63729575028779
-51.70174783795002
-51.76597718956165
-51.82998105228941
-51.893756679233064
-51.95730133142516
-52.020612279777566
-52.08368680697416
-52.14652220930938
-52.209115798472936
-52.2714649032807
-52.33356687135236
-52.395419070736324
-52.45701889148276
-52.518363747165694
-52.579451076355184
-52.64027834404007
-52.700843043001356
-52.761142695136556
-52.821174852735595
-52.88093709970886
-52.94042705276783
-52.999642362558944
-53.05858071475129
-53.11723983107882
-53.175617470337585
-53.23371142933823
-53.29151954381419
-53.349039689286116
-53.40626978188297
-53.46320777912038
-53.519851680636776
-53.576199528888225
-53.632249409803165
-53.687999453398305
-53.7434478343566
-53.798592772567844
-53.85343253363217
-53.90796542932705
-53.9621898180383
-54.01610410515596
-54.06970674343532
-54.12299623332328
-54.17597112325032
-54.22863000988784
-54.28097153837032
-54.33299440248183
-54.384697344805915
-54.436079156838304
-54.487138679061076
-54.53787480097779
-54.58828646110899
-54.638372646948
-54.68813239487676
-54.737564790041944
-54.78666896619157
-54.835444105472305
-54.88388943818737
-54.93200424251492
-54.97978784418714
-55.02723961613012
-55.07435897806451
-55.121145396067135
-55.16759838209387
-55.2137174934646
-55.25950233231114
-55.30495254498962
-55.35006782145874
-55.39484789462543
-55.43929253965885
-55.483401573273824
-55.52717485298504
-55.57061227633366
-55.613713780088375
-55.65647933942253
-55.698908967068775
-55.7410027124528
-55.782760660808236
-55.824182932274795
-55.86526968098187
-55.90602109412012
-55.94643739100346
-55.98651882212377
-56.02626566820058
-56.065678239227765
-56.10475687351973
-56.14350193675918
-56.18191382104803
-56.21999294396383
-56.257739747623276
-56.295154697754384
-56.33223828277883
-56.3689910129053
-56.40541341923441
-56.44150605287538
-56.47726948407424
-56.5127043013529
-56.547811110658046
-56.5825905345184
-56.617043211208994
-56.65116979392147
-56.68497094993941
-56.71844735981753
-56.75159971656339
-56.7844287248204
-56.816935100050756
-56.849119567717224
-56.88098286246324
-56.91252572729084
-56.94374891273597
-56.97465317604079
-57.00523928032263
-57.035507993739515
-57.06546008865283
-57.095096340787876
-57.124417528393195
-57.15342443139886
-57.182117830574015
-57.210498506683706
-57.238567239645846
-57.266324807689756
-57.293771986517726
-57.32090954847084
-57.347738261700584
-57.374258889347715
-57.40047218872954
-57.42637891053758
-57.4519797980478
-57.47727558634554
-57.50226700156779
-57.52695476016547
-57.5513395681879
-57.57542212059141
-57.5992031005745
-57.62268317894197
-57.64586301350093
-57.668743248491495
-57.69132451405508
-57.71360742574288
-57.735592584067405
-57.75728057410001
-57.778671965116615
-57.79976731029373
-57.82056714645623
-57.84107199387816
-57.86128235613788
-57.88119872002838
-57.90082155552366
-57.92015131580146
-57.93918843732243
-57.957933339965535
-57.97638642721935
-57.99454808642881
-58.01241868909656
-58.02999859123818
-58.04728813379015
-58.06428764307017
-58.080997431288864
-58.097417797111774
-58.11354902627099
-58.12939139222502
-58.14494515686502
-58.16021057126531
-58.17518787647609
-58.18987730435609
-58.204279078442966
-58.21839341485932
-58.23222052325244
-58.24576060776556
-58.25901386803824
-58.2719805002333
-58.2846606980884
-58.2970546539901
-58.309162560068586
-58.320984609311296
-58.33252099669366
-58.343771920325054
-58.35473758260824
-58.365418191410726
-58.37581396124611
-58.38592511446379
-58.395751882445865
-58.40529450681029
-58.41455324061937
-58.423528349593056
-58.43222011332645
-58.44062882651045
-58.44875480015449
-58.45659836280973
-58.46415986179042
-58.47143966439094
-58.47843815909553
-58.485155756777345
-58.491592891882846
-58.49775002359732
-58.50362763698715
-58.509226244114615
-58.514546385121406
-58.519588629277365
-58.52435357599099
-58.528841855777976
-58.53305413118411
-58.536991097659346
-58.540653484379696
-58.54404205501387
-58.547157608431654
-58.55000097935109
-58.55257303892173
-58.55487469524157
-58.55690689380517
-58.558670617880885
-58.560166888815466
-58.56139676626443
-58.56236134834668
-58.563061771721515
-58.563499211587235
-58.563674881600626
-58.563590033717524
-58.56324595795544
-58.562643982079486
-58.56178547121325
-58.56067182737629
-58.559304488950794
-58.55768493007971
-58.55581465999861
-58.553695222303496
-58.55132819415652
-58.548715185431455
-58.54585783779995
-58.542757823759324
-58.53941684560245
-58.53583663433064
-58.532018948510505
-58.52796557307553
-58.523678318073074
-58.51915901735767
-58.514409527231884
-58.509431725036414
-58.50422750769123
-58.498798790189674
-58.493147504047634
-58.48727559571059
-58.48118502492175
-58.47487776305436
-58.46835579141193
-58.46162109949969
-58.4546756832702
-58.44752154334636
-58.440160683224825
-58.432595107463236
-58.424826819854864
-58.41685782159416
-58.408690109436485
-58.40032567385534
-58.39176649720027
-58.3830145518589
-58.37407179842594
-58.36494018388216
-58.35562163978576
-58.346118080478924
-58.33643140131229
-58.32656347688978
-58.31651615933631
-58.306291276590926
-58.29589063072798
-58.28531599630908
-58.27456911876881
-58.263651712836875
-58.252565460998554
-58.24131201199482
-58.22989297936324
-58.21830994002086
-58.206564432890175
-58.1946579575701
-58.18259197305345
-58.17036789649258
-58.15798710201473
-58.14545091958833
-58.132760633941544
-58.119917483534394
-58.10692265958552
-58.093777305155086
-58.080482514284896
-58.067039331196625
-58.05344874954939
-58.03971171175802
-58.0258291083734
-58.0118017775264
-57.99763050443711
-57.98331602099144
-57.968859005386506
-57.954260081846726
-57.9395198204128
-57.92463873680539
-57.90961729236524
-57.894455894071214
-57.87915489463792
-57.86371459269414
-57.84813523304287
-57.8324170070032
-57.81656005283374
-57.80056445623764
-57.78443025094897
-57.76815741939977
-57.751745893467
-57.73519555529829
-57.71850623821503
-57.701677727691745
-57.68470976240998
-57.66760203538463
-57.65035419516063
-57.63296584707713
-57.61543655459623
-57.597765840692844
-57.579953189302174
-57.56199804682127
-57.543899823661334
-57.52565789584709
-57.507271606659984
-57.488740268321365
-57.47006316371217
-57.4512395481258
-57.43226865105159
-57.413149677986056
-57.39388181226969
-57.37446421694654
-57.35489603664406
-57.33517639947048
-57.31530441892745
-57.295279195835754
-57.27509982027255
-57.25476537351825
-57.23427493001157
-57.2136275593116
-57.19282232806507
-57.1718583019777
-57.15073454778736
-57.12945013523643
-57.108004139040766
-57.086395640852466
-57.064623731213494
-57.04268751149716
-57.020586095834695
-56.99831861302409
-56.97588420841834
-56.95328204579068
-56.93051130917423
-56.90757120467379
-56.88446096224744
-56.861179837455275
-56.837727113172555
-56.81410210126507
-56.790304144225054
-56.76633261676603
-56.742186927375776
-56.71786651982712
-56.69337087464607
-56.66869951053679
-56.643851985762986
-56.61882789948516
-56.59362689305346
-56.56824865125606
-56.54269290352352
-56.51695942508963
-56.491048038109234
-56.464958612733945
-56.43869106814709
-56.412245373559536
-56.38562154916804
-56.35881966707792
-56.33183985219143
-56.30468228306285
-56.27734719272127
-56.24983486946201
-56.22214565760783
-56.19427995824049
-56.166238229902554
-56.13802098926829
-56.10962881178228
-56.081062332263976
-56.05232224547661
-56.02340930665856
-55.994324332015374
-55.96506819917085
-55.935641847576
-55.90604627887496
-55.87628255722655
-55.846351809580376
-55.816255225906055
-55.78599405937451
-55.75556962649063
-55.72498330717668
-55.69423654480597
-55.66333084618652
-55.63226778149431
-55.60104898415626
-55.56967615068317
-55.538151040453165
-55.50647547544538
-55.4746513399237
-55.44268058007021
-55.41056520356836
-55.378307279136386
-55.345908936011426
-55.31337236338521
-55.28069980979234
-55.24789358245215
-55.214956046564964
-55.18188962456338
-55.14869679531938
-55.115380093308204
-55.0819421077299
-55.04838548158864
-55.01471291072954
-54.980927142833025
-54.94703097636665
-54.91302725949481
-54.87891888894643
-54.844708808840664
-54.81040000947087
-54.77599552604664
-54.74149843739383
-54.70691186461221
-54.67223896969142
-54.63748295408561
-54.602647057247054
-54.56773455511916
-54.53274875858915
-54.49769301190071
-54.46257069102671
-54.42738520200237
-54.39213997921934
-54.35683848368183
-54.321484201225985
-54.286080640703915
-54.25063133213416
-54.215139824820426
-54.1796096854402
-54.14404449610521
-54.1084478523955
-54.07282336136956
-54.037174639552745
-54.00150531090651
-53.965819004781224
-53.930119353855844
-53.89440999206761
-53.858694552534814
-53.82297666547612
-53.78725995612973
-53.75154804267555
-53.715844534162954
-53.68015302844685
-53.64447711013452
-53.608820348545635
-53.57318629568823
-53.53757848425295
-53.502000425628125
-53.46645560793803
-53.43094749410659
-53.39547951994882
-53.36005509229187
-53.32467758712738
-53.28935034779681
-53.25407668321117
-53.21885986610641
-53.18370313133619
-53.14860967420293
-53.11358264882824
-53.078625166562745
-53.04374029443511
-53.00893105363997
-52.97420041806441
-52.93955131285293
-52.90498661301075
-52.87050914204531
-52.83612167064547
-52.801826915398806
-52.767627537547526
-52.73352614178373
-52.69952527508433
-52.66562742558596
-52.63183502149973
-52.59815043006579
-52.56457595654688
-52.531113843260464
-52.497766268648654
-52.4645353463851
-52.43142312451811
-52.39843158464935
-52.36556264114727
-52.332818140394345
-52.300199860067146
-52.26770950844814
-52.235348723767906
-52.203119073576765
-52.17102205414488
-52.139059089890274
-52.10723153283407
-52.07554066208211
-52.04398768333197
-52.012573728404554
-51.981299854799936
-51.95016704527733
-51.91917620745931
-51.88832817346064
-51.85762369954244
-51.82706346579214
-51.79664807583003
-51.766378056542514
-51.73625385784242
-51.70627585245568
-51.67644433573491
-51.64675952550004
-51.617221561906426
-51.587830507339895
-51.55858634633858
-51.5294889855416
-51.50053825366444
-51.47173390150123
-51.44307560195403
-51.41456295008913
-51.38619546322075
-51.3579725810228
-51.32989366566971
-51.30195800200749
-51.27416479775575
-51.246513183741904
-51.21900221416893
-51.191630866918494
-51.164398043890905
-51.137302571383195
-51.11034320050697
-51.08351860764781
-51.056827394967506
-51.030268090950464
-51.00383915099621
-50.97753895805936
-50.95136582333861
-50.92531798701622
-50.89939361904964
-50.87359082001665
-50.84790762201532
-50.822341989620035
-50.79689182089498
-50.77155494846624
-50.74632914065358
-50.721212102662655
-50.696201477838194
-50.67129484897793
-50.646489739707185
-50.621783615913664
-50.59717388724163
-50.57265790864476
-50.54823298199692
-50.52389635776011
-50.499645236708474
-50.47547677170745
-50.451388069547065
-50.427376192828646
-50.40343816190396
-50.37957095686606
-50.35577151959096
-50.33203675582932
-50.30836353734661
-50.28474870410922
-50.26118906651389
-50.237681407657405
-50.21422248564362
-50.19080903592486
-50.16743777367496
-50.144105396191364
-50.12080858532401
-50.0975440099288
-50.07430832834318
-50.05109819088186
-50.02791024235056
-50.00474112457623
-49.98158747895211
-49.95844594899647
-49.93531318292371
-49.912185836226726
-49.88906057426952
-49.86593407488873
-49.84280303100296
-49.81966415322829
-49.796514172497595
-49.773349842681384
-49.75016794320719
-49.726965281674765
-49.703738696463674
-49.680485059329655
-49.6572012779864
-49.63388429866926
-49.610531108677364
-49.5871387388904
-49.56370426625618
-49.540224816245015
-49.516697565266824
-49.49311974304656
-49.46948863495378
-49.44580158428225
-49.422055994475826
-49.39824933129658
-49.374379124931735
-49.35044297203574
-49.326438537704334
-49.30236355737735
-49.27821583866681
-49.25399326310712
-49.229693787823905
-49.20531544711854
-49.18085635396612
-49.15631470142493
-49.13168876395547
-49.106976898647574
-49.082177546354146
-49.05728923273004
-49.032310569174896
-49.0072402536786
-48.982077071568696
-48.956819896158876
-48.931467689298344
-48.906019501822
-48.88047447390197
-48.85483183530111
-48.8290909055293
-48.80325109390394
-48.77731189951678
-48.751272911108664
-48.7251338068538
-48.69889435405546
-48.672554408755026
-48.646113915256
-48.61957290556516
-48.59293149875308
-48.5661899002366
-48.539348400984956
-48.5124073766514
-48.48536728663212
-48.458228673054045
-48.430992159693496
-48.4036584508269
-48.376228330015046
-48.3487026588222
-48.321082375471555
-48.293368493437846
-48.26556209997816
-48.23766435460184
-48.20967648747982
-48.18159979779407
-48.15343565202736
-48.125185482193764
-48.09685078401012
-48.068433115008794
-48.039934092592866
-48.01135539203538
-47.98269874442415
-47.95396593455431
-47.92515879877093
-47.89627922276416
-47.867329139319374
-47.838310526025545
-47.8092254029447
-47.78007583024593
-47.75086390580757
-47.72159176279124
-47.69226156719177
-47.6628755153669
-47.633435831550834
-47.603944765355756
-47.57440458926519
-47.54481759612296
-47.515186096621825
-47.48551241679551
-47.45579889551775
-47.426047882011666
-47.39626173337272
-47.366442812107984
-47.336593483694095
-47.30671611415617
-47.2768130676698
-47.24688670418798
-47.216939377094924
-47.18697343088886
-47.15699119889539
-47.12699500101284
-47.09698714149099
-47.06696990674451
-47.0369455632027
-47.006916355197326
-46.976884502889995
-46.94685220024051
-46.91682161301785
-46.88679487685537
-46.856774095351774
-46.826761338219946
-46.79675863948549
-46.76676799573718
-46.7367913644313
-46.70683066225192
-46.67688776352949
-46.64696449872005
-46.61706265294717
-46.587183964608556
-46.55733012404917
-46.52750277230237
-46.49770349990061
-46.46793384575696
-46.438195296118266
-46.40848928359051
-46.37881718623683
-46.349180326747984
-46.31957997168527
-46.290017330795166
-46.260493556395005
-46.231009742828775
-46.201566925991614
-46.17216608292168
-46.14280813145817
-46.11349392996377
-46.084224277109996
-46.05499991172431
-46.025821512697775
-45.99668969895211
-45.96760502946492
-45.93856800335155
-45.90957906000162
-45.88063857926832
-45.85174688170875
-45.82290422887374
-45.794110823645866
-45.765366810624386
-45.73667227655554
-45.70802725080691
-45.67943170588447
-45.65088555799153
-45.622388667628826
-45.59394084023526
-45.56554182686895
-45.53719132492793
-45.50888897890994
-45.480634381210876
-45.45242707296242
-45.424266544908875
-45.39615223832314
-45.36808354596198
-45.34005981306015
-45.31208033836285
-45.28414437519561
-45.25625113257044
-45.22839977632671
-45.20058943030594
-45.172819177559205
-45.14508806158594
-45.11739508760266
-45.089739223840155
-45.062119402867125
-45.03453452293846
-45.00698344936623
-44.97946501591153
-44.95197802619478
-44.924521255122414
-44.897093450327844
-44.86969333362495
-44.842319602472536
-44.81497093144829
-44.78764597373091
-44.760343362588934
-44.733061712875006
-44.70579962252386
-44.67855567405288
-44.65132843606411
-44.62411646474677
-44.59691830537897
-44.56973249382761
-44.542557558045154
-44.51539201956225
-44.48823439497496
-44.461083197425204
-44.43393693807311
-44.40679412755983
-44.37965327745885
-44.35251290171427
-44.32537151806431
-44.298227649448414
-44.27107982539618
-44.24392658339652
-44.21676647024557
-44.189598043371824
-44.16241987213723
-44.13523053911248
-44.1080286413248
-44.08081279147617
-44.05358161913053
-44.026333771868984
-43.999067916411455
-43.97178273970396
-43.94447694997037
-43.917149277727525
-43.88979847676264
-43.86242332507177
-43.83502262575788
-43.807595207887935
-43.780139927307765
-43.752655667413386
-43.72514133987695
-43.69759588532613
-43.67001827397595
-43.642407506212486
-43.6147626131283
-43.587082657009056
-43.55936673177106
-43.53161396334931
-43.50382351003642
-43.47599456277262
-43.44812634538723
-43.420218114792725
-43.39226916113264
-43.364278807884965
-43.33624641192258
-43.308171363532175
-43.280053086393046
-43.25189103751725
-43.22368470715261
-43.19543361864955
-43.167137328292675
-43.13879542509775
-43.110407530574456
-43.08197329845565
-43.053492414394114
-43.02496459562782
-42.996389590614925
-42.96776717863919
-42.939097169386244
-42.91037940249039
-42.88161374705187
-42.85280010112446
-42.823938391173286
-42.79502857150261
-42.766070623652936
-42.73706455576725
-42.708010401926586
-42.678908221455245
-42.649758098195846
-42.62056013975452
-42.59131447671679
-42.56202126183503
-42.53268066918845
-42.50329289331684
-42.47385814832997
-42.44437666699538
-42.41484869980748
-42.38527451404089
-42.35565439279158
-42.32598863400905
-42.296277549523055
-42.266521464068106
-42.236720714309016
-42.20687564787114
-42.17698662237923
-42.147054004508576
-42.11707816905228
-42.0870594980084
-42.05699837969077
-42.0268952078667
-41.99675038092472
-41.96656430107443
-41.93633737358017
-41.906070006029566
-41.875762607637355
-41.84541558858554
-41.815029359400015
-41.784604330363905
-41.75414091096708
-41.72363950939156
-41.69310053203249
-41.66252438305408
-41.63191146397999
-41.60126217331738
-41.57057690621373
-41.5398560541454
-41.509100004636664
-41.47830914100821
-41.447483842154455
-41.41662448234935
-41.385731431080515
-41.35480505291157
-41.32384570737334
-41.29285374888447
-41.26182952670213
-41.230773384903
-41.19968566239517
-41.16856669296148
-41.13741680533526
-41.106236323309545
-41.075025565880665
-41.043784847426714
-41.012514477921066
-40.98121476318108
-40.94988600515115
-40.91852850221921
-40.8871425495658
-40.855728439544755
-40.82428646209423
-40.792816905176615
-40.7613200552458
-40.72979619773947
-40.6982456175943
-40.66666859978148
-40.635065429859544
-40.603436394541696
-40.57178178227446
-40.540101883824725
-40.50839699287207
-40.47666740660379
-40.44491342631
-40.41313535797662
-40.38133351287383
-40.3495082081376
-40.31765976734187
-40.2857885210591
-40.253894807407285
-40.22197897258162
-40.1900413713683
-40.15808236763872
-40.1261023348219
-40.09410165635371
-40.062080726101335
-40.030039948762244
-39.99797974023665
-39.9659005279728
-39.93380275128471
-39.90168686164254
-39.86955332293588
-39.83740261171051
-39.805235217379
-39.77305164240551
-39.74085240246496
-39.70863802657687
-39.67640905721391
-39.64416605038492
-39.61190957569216
-39.579640216362186
-39.54735856924976
-39.5150652448142
-39.48276086706728
-39.45044607349161
-39.41812151492872
-39.38578785543593
-39.35344577211135
-39.32109595488635
-39.288739106285455
-39.256375941153415
-39.22400718634919
-39.191633580406126
-39.159255873157925
-39.126874825329544
-39.09449120809246
-39.062105802583865
-39.0297193993896
-38.9973327979908
-38.9649468061748
-38.93256223941091
-38.90017992019199
-38.867800677342984
-38.835425345298404
-38.803054763350815
-38.77068977487255
-38.73833122651263
-38.70597996737109
-38.67363684815325
-38.64130272030661
-38.60897843514317
-38.57666484294981
-38.54436279208966
-38.5120731280972
-38.47979669276981
-38.44753432325854
-38.415286851160886
-38.38305510161831
-38.35083989242105
-38.31864203312284
-38.286462324167985
-38.25430155603311
-38.22216050838574
-38.19003994926129
-38.15794063425983
-38.125863305763744
-38.09380869217716
-38.06177750718763
-38.02977044905026
-37.99778819989473
-37.96583142505517
-37.93390077242327
-37.90199687182468
-37.87012033441903
-37.838271752123546
-37.80645169705991
-37.774660721024475
-37.74289935498206
-37.711168108583536
-37.679467469707504
-37.64779790402622
-37.61615985459639
-37.58455374147553
-37.55297996136494
-37.521438887280055
-37.48993086824902
-37.45845622904034
-37.42701526992033
-37.39560826644106
-37.3642354692596
-37.33289710398998
-37.30159337108938
-37.27032444578026
-37.23909047801004
-37.207891592449926
-37.17672788853446
-37.14559944054349
-37.114506297727814
-37.08344848447962
-37.052426000549076
-37.021438821308436
-36.99048689806506
-36.95957015842461
-36.92868850670547
-36.897841824404935
-36.867029970717425
-36.83625278310424
-36.80551007791391
-36.77480165105149
-36.74412727869483
-36.713486718055066
-36.68287970817866
-36.652305970788376
-36.62176521116018
-36.59125711903286
-36.560781369546675
-36.530337624207874
-36.49992553187573
-36.469544729768785
-36.43919484448722
-36.40887549304833
-36.378586283932094
-36.34832681813398
-36.318096690222056
-36.28789548939587
-36.25772280054414
-36.22757820529889
-36.19746128308369
-36.16737161215385
-36.137308770627065
-36.10727233750284
-36.077261893669366
-36.04727702289684
-36.01731731281651
-35.98738235588453
-35.95747175033036
-35.92758510108947
-35.897722020720174
-35.86788213030464
-35.83806506033411
-35.8082704515788
-35.77849795594292
-35.74874723730456
-35.71901797234016
-35.68930985133283
-35.65962257896381
-35.62995587508595
-35.600309475477665
-35.57068313257644
-35.54107661619087
-35.51148971419075
-35.48192223317442
-35.4523739991128
-35.4228448579696
-35.39333467629671
-35.363843341803424
-35.33437076389793
-35.30491687419964
-35.27548162702055
-35.24606499981336
-35.21666699358433
-35.18728763326845
-35.15792696806488
-35.12858507173046
-35.09926204282896
-35.06995800493387
-35.040673106782656
-35.01140752238046
-34.9821614510518
-34.95293511743886
-34.92372877144532
-34.89454268812511
-34.86537716751558
-34.83623253441453
-34.80710913810082
-34.77800735199883
-34.74892757328683
-34.71987022245019
-34.690835742780614
-34.66182459982246
-34.632837280767596
-34.603874293800054
-34.574936167391904
-34.5460234495519
-34.51713670702866
-34.48827652446996
-34.45944350354025
-34.43063826199843
-34.40186143273794
-34.37311366279172
-34.3443956123045
-34.31570795347496
-34.28705136947021
-34.258426553315324
-34.229834206760266
-34.20127503912678
-34.17274976613785
-34.14425910873265
-34.11580379186969
-34.087384543320944
-34.0590020924595
-34.030657169042875
-34.00235050199395
-33.974082818181294
-33.94585484120053
-33.917667290158434
-33.889520878461454
-33.86141631260996
-33.83335429099948
-33.80533550273027
-33.77736062642698
-33.749430329069995
-33.72154526484026
-33.69370607397941
-33.665913381667295
-33.63816779691912
-33.61046991150438
-33.58282029888899
-33.555219513201806
-33.52766808822692
-33.500166536423265
-33.47271534797274
-33.445314989857664
-33.41796590496865
-33.39066851124382
-33.36342320084056
-33.3362303393411
-33.30909026499266
-33.282003287983045
-33.254969689752656
-33.22798972234425
-33.2010636077914
-33.17419153754683
-33.14737367195191
-33.12061013974845
-33.09390103763427
-33.067246429863914
-33.04064634789573
-33.014100790086374
-32.987609721434225
-32.96117307337305
-32.9347907436168
-32.908462596056424
-32.8821884607094
-32.85596813372295
-32.82980137743162
-32.803687920469585
-32.777627457937896
-32.75161965162708
-32.7256641302955
-32.699760490003754
-32.67390829450544
-32.648107075693915
-32.622356334104595
-32.59665553947163
-32.57100413133786
-32.545401519716435
-32.51984708580237
-32.49434018273182
-32.468880136386915
-32.44346624624389
-32.418097786262265
-32.392774005812825
-32.36749413064173
-32.34225736386814
-32.31706288701265
-32.29190986105404
-32.26679742751169
-32.241724709551264
-32.21669081311113
-32.191694828047346
-32.16673582929475
-32.14181287804173
-32.11692502291642
-32.09207130118206
-32.06725073993944
-32.042462357334514
-32.017705163769975
-31.992978163119442
-31.968280353942855
-31.94361073070156
-31.918968284971736
-31.894352006655037
-31.86976088518575
-31.845193910733922
-31.82065007540366
-31.796128374425574
-31.77162780734245
-31.74714737918732
-31.722686101652965
-31.698242994251824
-31.673817085465554
-31.649407413883306
-31.625013029328
-31.60063299397002
-31.576266383427747
-31.55191228785439
-31.52756981301074
-31.50323808132303
-31.47891623292524
-31.45460342668515
-31.43029884121331
-31.406001675853997
-31.38171115165697
-31.357426512328725
-31.333147025162145
-31.308871981943366
-31.28460069983502
-31.260332522235057
-31.236066819610368
-31.211802990304545
-31.187540461319042
-31.163278689066896
-31.139017160098074
-31.114755391795494
-31.09049293304066
-31.06622936484781
-31.041964300965372
-31.01769738844352
-30.99342830816671
-30.969156775350296
-30.944882540000275
-30.92060538733524
-30.896325138169583
-30.872041649257095
-30.847754813594044
-30.823464560680783
-30.79917085674098
-30.77487370489738
-30.750573145303044
-30.726269255227017
-30.701962149093426
-30.67765197847283
-30.653338932024845
-30.629023235391294
-30.60470515103936
-30.58038497805436
-30.556063051881985
-30.53173974402001
-30.507415461659555
-30.48309064727585
-30.458765778168733
-30.43444136595324
-30.41011795600074
-30.38579612683109
-30.361476489456585
-30.337159686678525
-30.312846392337384
-30.28853731051766
-30.264233174708615
-30.239934746922223
-30.215642816770107
-30.19135820050105
-30.16708174000059
-30.142814301754107
-30.118556775774984
-30.094310074499482
-30.07007513164988
-30.045852901067498
-30.021644355517374
-29.99745048546624
-29.973272297835884
-29.94911081473385
-29.92496707216319
-29.900842118712923
-29.876737014231033
-29.852652828481958
-29.8285906397903
-29.804551533672544
-29.780536601458643
-29.756546938905252
-29.73258364480231
-29.70864781957446
-29.684740563879053
-29.66086297720239
-29.637016156455708
-29.613201194572618
-29.589419179109772
-29.5656711908527
-29.541958302428814
-29.518281576929613
-29.494642066544063
-29.47104081120506
-29.447478837250774
-29.42395715610252
-29.40047676296081
-29.377038635521277
-29.353643732712218
-29.33029299345532
-29.306987335451286
-29.283727653992006
-29.260514820800896
-29.23734968290302
-29.214233061526475
-29.19116575103664
-29.168148517904715
-29.145182099711977
-29.122267204190994
-29.099404508305188
-29.07659465736791
-29.053838264202174
-29.031135908342495
-29.008488135280178
-28.985895455753454
-28.963358345083837
-28.940877242559825
-28.918452550869038
-28.896084635579914
-28.87377382467429
-28.851520408131993
-28.82932463756845
-28.807186725926275
-28.78510684722156
-28.76308513634564
-28.74112168892285
-28.719216561224474
-28.69736977013915
-28.67558129319946
-28.65385106866427
-28.632178995656123
-28.610564934352713
-28.589008706231315
-28.56751009436508
-28.546068843770062
-28.52468466180176
-28.503357218599977
-28.482086147580507
-28.4608710459722
-28.439711475398013
-28.41860696249873
-28.397556999598095
-28.376561045408096
-28.355618525772883
-28.33472883444992
-28.31389133392662
-28.2931053562707
-28.272370204012333
-28.251685151056023
-28.23104944362035
-28.21046230120359
-28.189922917573426
-28.16943046177883
-28.148984079182327
-28.12858289251065
-28.10822600292167
-28.08791249108532
-28.06764141827614
-28.04741182747489
-28.027222744476887
-28.007073179004692
-27.986962125822714
-27.96688856585172
-27.94685146728108
-27.926849786676684
-27.90688247008248
-27.886948454113764
-27.867046667040455
-27.847176029858588
-27.827335457348624
-27.8075238591193
-27.78774014063586
-27.767983204231825
-27.74825195010345
-27.728545277286116
-27.708862084611695
-27.689201271646198
-27.669561739607133
-27.649942392260243
-27.63034213679532
-27.61075988468059
-27.59119455249521
-27.57164506273935
-27.55211034462141
-27.53258933482209
-27.513080978235163
-27.493584228685048
-27.474098049621144
-27.454621414788843
-27.435153308877172
-27.415692728142627
-27.39623868100875
-27.376790188641078
-27.357346285497126
-27.337906019851086
-27.31846845429308
-27.29903266620303
-27.27959774819936
-27.260162808562765
-27.240726971635294
-27.221289378195276
-27.201849185808495
-27.182405569156114
-27.16295772033973
-27.143504849163858
-27.124046183396185
-27.104580969005806
-27.085108470379478
-27.065627970516
-27.04613877119854
-27.02664019314471
-27.00713157613424
-26.987612279113986
-26.96808168028053
-26.94853917714016
-26.9289841865461
-26.909416144712875
-26.889834507207492
-26.870238748917327
-26.85062836399484
-26.831002865779336
-26.81136178669615
-26.791704678133836
-26.77203111029993
-26.752340672055904
-26.73263297073211
-26.712907631923937
-26.69316429927056
-26.673402634217748
-26.65362231576614
-26.633823040206206
-26.614004520841345
-26.594166487700672
-26.57430868724313
-26.554430882054387
-26.53453285053794
-26.514614386601377
-26.494675299338773
-26.474715412709934
-26.454734565217073
-26.434732609579292
-26.414709412405152
-26.39466485386378
-26.374598827355207
-26.354511239180646
-26.33440200821328
-26.314271065570203
-26.294118354286233
-26.273943828990518
-26.253747455586726
-26.23352921093774
-26.213289082555626
-26.19302706829776
-26.172743176069922
-26.152437423537314
-26.132109837844403
-26.111760455344516
-26.091389321340124
-26.07099648983472
-26.050582023297203
-26.03014599243965
-26.009688476009124
-25.989209560594013
-25.96870934044525
-25.94818791731273
-25.92764540029699
-25.90708190571595
-25.88649755698642
-25.86589248452011
-25.845266825633722
-25.824620724472815
-25.803954331949107
-25.78326780569062
-25.762561310004223
-25.74183501584988
-25.721089100826042
-25.700323749165783
-25.67953915174322
-25.658735506089805
-25.637913016420292
-25.617071893668246
-25.596212355531
-25.575334626523777
-25.554438938042686
-25.533525528436478
-25.51259464308682
-25.4916465344969
-25.470681462387994
-25.449699693803858
-25.42870150322286
-25.407687172678116
-25.38665699188592
-25.36561125838272
-25.344550277670997
-25.323474363374167
-25.302383837400434
-25.281279030115392
-25.260160280523216
-25.23902793645606
-25.217882354771255
-25.196723901555817
-25.17555295233767
-25.154369892302856
-25.133175116517823
-25.111969030155837
-25.090752048726518
-25.069524598307613
-25.048287115778027
-25.027040049051028
-25.005783857306415
-24.984519011220545
-24.963245993193045
-24.941965297569187
-24.92067743085649
-24.899382911934186
-24.87808227225428
-24.856776056033073
-24.83546482043197
-24.814149135726144
-24.79282958545956
-24.771506766584697
-24.750181289585147
-24.72885377857965
-24.707524871405997
-24.686195219683373
-24.664865488851934
-24.643536358188403
-24.622208520796296
-24.600882683569626
-24.579559567129042
-24.55823990572971
-24.536924447140752
-24.515613952496228
-24.494309196117644
-24.47301096530798
-24.45172006011727
-24.43043729307964
-24.40916348892164
-24.387899484241604
-24.36664612715963
-24.345404276937945
-24.324174803571385
-24.302958587347565
-24.281756518376444
-24.260569496089165
-24.239398428706284
-24.218244232675676
-24.197107832080423
-24.175990158017033
-24.154892147944498
-24.133814745005044
-24.112758897317565
-24.09172555724483
-24.070715680635274
-24.049730226040467
-24.028770153909292
-24.007836425760402
-23.986930003334507
-23.966051847728167
-23.94520291851093
-23.9243841728278
-23.90359656448898
-23.882841043049027
-23.862118552877533
-23.84143003222313
-23.820776412272593
-23.800158616206616
-23.779577558253536
-23.759034142742152
-23.738529263154604
-23.718063801180435
-23.697638625772854
-23.67725459220837
-23.656912541151016
-23.636613297722434
