2.162679615287186e-15
3.589373269831322e-14
2.979979154669484e-13
1.6613428871428762e-12
7.041817342103929e-12
2.4342899436947502e-11
7.182683655843936e-11
1.8674520723744218e-10
4.37900771996181e-10
9.425264760106693e-10
1.8874768570372064e-09
3.554250893008646e-09
6.346821154269973e-09
1.0820648319644408e-08
1.771062746468064e-08
2.7955056394610557e-08
4.271204878255913e-08
6.336414686037297e-08
9.150622960041366e-08
1.2891117150839557e-07
1.7746709231434486e-07
2.3907945603150706e-07
3.1553073500230963e-07
4.082898557896092e-07
5.182631937162359e-07
6.454784855334979e-07
7.88692688219526e-07
9.449145284341639e-07
1.1088322632310944e-06
1.2721370094241506e-06
1.4227318973509526e-06
1.5438172651446228e-06
1.6128421321196415e-06
1.6003122741037613e-06
1.4684453684635096e-06
1.1696638806186615e-06
6.449166252353977e-07
-1.7817974789509689e-07
-1.3873877232003175e-06
-3.0880923027873382e-06
-5.405748293317266e-06
-8.488538469707717e-06
-1.2510249029327897e-05
-1.7673368149354187e-05
-2.421241282049822e-05
-3.2397488455335466e-05
-4.2538085062017466e-05
-5.4987113037370006e-05
-7.014518087041345e-05
-8.846511626146188e-05
-0.00011045673135662153
-0.00013669183197624184
-0.00016780946988206958
-0.00020452143628470432
-0.0002476179939434622
-0.00029797384435782047
-0.0003565543256960397
-0.000424421836255098
-0.0005027424773994737
-0.0005927929090873418
-0.0006959674102641226
-0.0008137851355877039
-0.0009478975591496628
-0.0011000960950748946
-0.0012723198841204444
-0.001466663734655075
-0.0016853862056861908
-0.0019309178189122994
-0.002205869386119326
-0.002513040437609679
-0.0028554277367556866
-0.0032362338652052454
-0.003658875862738703
-0.00412699390528354
-0.004644460004138876
-0.005215386709046516
-0.005844135797370169
-0.006535326931310606
-0.007293846264792612
-0.008124854981410594
-0.009033797744614092
-0.010026411041152856
-0.011108731398683682
-0.012287103458367914
-0.013568187883259092
-0.014958969083294605
-0.016466762737763353
-0.018099223096223378
-0.019864350038988347
-0.021770495878489518
-0.02382637188305012
-0.026041054504881835
-0.02842399129442723
-0.030985006483526922
-0.03373430622028467
-0.036682483438936986
-0.03984052234850479
-0.043219802524511616
-0.046832102588595236
-0.050689603461415156
-0.05480489117486573
-0.059190959230242146
-0.06386121048967333
-0.06882945858882984
-0.07410992885963551
-0.07971725875245575
-0.08566649774800145
-0.0919731067499746
-0.09865295695028667
-0.10572232815950194
-0.11319790659599303
-0.12109678212814481
-0.1294364449648035
-0.13823478179003565
-0.14751007133913732
-0.15728097941371638
-0.1675665533345565
-0.17838621583186057
-0.18975975837335884
-0.20170733393165452
-0.21424944919306393
-0.2274069562110894
-0.24120104350853855
-0.2556532266331715
-0.27078533817261474
-0.2866195172351297
-0.30317819840366295
-0.32048410017142603
-0.3385602128680643
-0.35742978608626946
-0.37711631561946357
-0.3976435299219427
-0.41903537610360847
-0.44131600547213523
-0.4645097586361196
-0.4886411501834385
-0.513734852949692
-0.5398156818922334
-0.5669085775858904
-0.5950385893570538
-0.6242308580733567
-0.6545105986066936
-0.6859030819878217
-0.718433617271251
-0.752127533129563
-0.7870101591967065
-0.8231068071801924
-0.8604427517624655
-0.899043211312043
-0.9389333284253021
-0.9801381503200502
-1.0226826091022367
-1.0665915019273653
-1.111889471078335
-1.1586009839815792
-1.206750313183487
-1.2563615163091582
-1.307458416025584
-1.3600645800313562
-1.4142033010949835
-1.469897577163847
-1.5271700915657618
-1.5860431933250199
-1.6465388776146637
-1.7086787663665934
-1.7724840890609332
-1.837975663715883
-1.9051738780990468
-1.9740986711809756
-2.0447695148513914
-2.117205395918253
-2.1914247984095074
-2.2674456861970493
-2.3452854859620538
-2.4249610705204754
-2.5064887425271074
-2.5898842185761635
-2.675162613715924
-2.762338426394527
-2.8514255238534885
-2.942437127985084
-3.0353858016692006
-3.1302834356047717
-3.2271412356503952
-3.3259697106882085
-3.426778661024528
-3.5295771673402117
-3.63437358020308
-3.741175510154124
-3.8499898183786376
-3.960822607972773
-4.073679215815397
-4.188564205054478
-4.305481358216591
-4.424433670947503
-4.5454233463911144
-4.668451790213354
-4.793519606277018
-4.920626592972783
-5.049771740210967
-5.180953227077797
-5.314168420159295
-5.449413872535173
-5.586685323444384
-5.725977698623303
-5.867285111316811
-6.010600863961863
-6.155917450542413
-6.303226559613907
-6.452519077994867
-6.603785095122344
-6.7570139080672975
-6.912194027205286
-7.069313182537099
-7.228358330653257
-7.3893156623355765
-7.552170610788289
-7.716907860490581
-7.883511356661815
-8.051964315329979
-8.222249233993292
-8.3943479028643
-8.56824141668521
-8.743910187102577
-8.921333955588842
-9.100491806897708
-9.281362183039754
-9.46392289776425
-9.648151151532625
-9.834023546968691
-10.021516104770324
-10.210604280066828
-10.40126297920578
-10.593466576952762
-10.787188934087013
-10.982403415375785
-11.179082907909873
-11.377199839782422
-11.57672619909289
-11.777633553257775
-11.979893068609446
-12.183475530264008
-12.38835136223897
-12.594490647801342
-12.80186315002667
-13.010438332549334
-13.220185380484532
-13.431073221502382
-13.64307054703472
-13.85614583359509
-14.070267364192528
-14.28540324981965
-14.501521450995453
-14.718589799343192
-14.936576019183818
-15.155447749125642
-15.375172563631155
-15.595717994541987
-15.817051552543209
-16.03914074854838
-16.261953114986884
-16.485456226975305
-16.70961772335496
-16.93440532757787
-17.159786868424057
-17.385730300533204
-17.612203724734112
-17.83917540815568
-18.066613804103763
-18.294487571688858
-18.522765595189934
-18.751417003140062
-18.980411187119685
-19.20971782024391
-19.43930687533056
-19.66914864273615
-19.899213747847444
-20.129473168216737
-20.35989825032927
-20.590460725991495
-20.82113272832924
-21.051886807385237
-21.28269594530604
-21.513533571108916
-21.744373575019804
-21.975190322373745
-22.20595866706955
-22.43665396457075
-22.667252084445234
-22.897729422436214
-23.1280629120576
-23.358230035707436
-23.58820883529333
-23.817977922364125
-24.04751648774263
-24.27680431065514
-24.505821767353897
-24.73454983922875
-24.962970120404698
-25.191064824822384
-25.418816792799397
-25.646209497070664
-25.873227048306642
-26.09985420010882
-26.326076353482204
-26.551879560784794
-26.77725052915441
-27.002176623413717
-27.226645868454412
-27.4506469511024
-27.6741692214661
-27.897202693770527
-28.119738046680187
-28.341766623114427
-28.563280429559047
-28.78427213487824
-29.00473506863124
-29.224663218898193
-29.444051229620037
-29.66289439745747
-29.88118866817404
-30.098930632548726
-30.316117521824165
-30.53274720269678
-30.748818171855643
-30.964329550077423
-31.179281075885058
-31.39367309877815
-31.60750657204332
-31.82078304515298
-32.03350465576122
-32.245674121305655
-32.45729473022425
-32.66837033279652
-32.87890533161872
-33.08890467172305
-33.29837383035136
-33.50731880639342
-33.71574610949995
-33.92366274888048
-34.131076221796384
-34.337994501759546
-34.544426026447056
-34.75037968534268
-34.95586480711613
-35.160891146751325
-35.36546887243476
-35.5696085522152
-35.77332114044624
-35.97661796402271
-36.1795107084222
-36.38201140356311
-36.58413240949044
-36.78588640190042
-36.98728635751501
-37.18834553931702
-37.38907748165715
-37.58949597524448
-37.78961505203224
-37.989448970010095
-38.1890121979147
-38.388319399870305
-38.58738541997163
-38.78622526682122
-38.98485409803371
-39.18328720471956
-39.38153999596082
-39.57962798329183
-39.77756676519769
-39.97537201164343
-40.17305944864685
-40.37064484290826
-40.56814398650968
-40.76557268169618
-40.962946725752126
-41.160281895985044
-41.35759393482895
-41.55489853507871
-41.75221132526682
-41.949547855193806
-42.146923581624016
-42.34435385415774
-42.54185390128997
-42.73943881666587
-42.9371235455428
-43.134922871468845
-43.33285140318763
-43.53092356177932
-43.72915356804707
-43.92755543015839
-44.12614293155063
-44.32492961910951
-44.52392879162965
-44.72315348856545
-44.92261647908054
-45.12233025140329
-45.322307002495954
-45.522558628044685
-45.72309671277821
-45.92393252112236
-46.125076988197286
-46.326540711163766
-46.52833394092511
-46.730466574190416
-46.93294814590496
-47.1357878220532
-47.33899439283931
-47.54257626624991
-47.74654146200356
-47.95089760589076
-48.155651924507765
-48.36081124038759
-48.56638196753108
-48.7723701073407
-48.97878124495947
-49.185620546017
-49.392892753784345
-49.60060218673858
-49.808752736537606
-50.01734786640589
-50.226390609930895
-50.43588357026943
-50.64582891976279
-50.85622839995882
-51.067083322038755
-51.278394567646515
-51.49016259011803
-51.70238741610724
-51.91506864760494
-52.12820546434581
-52.34179662659882
-52.555840478336066
-52.77033495077452
-52.985277566284445
-53.2006654426581
-53.41649529773209
-53.63276345435681
-53.8494658457059
-54.0665980209184
-54.28415515106618
-54.50213203543918
-54.72052310814134
-54.93932244498993
-55.15852377071016
-55.37812046641713
-55.598105577376515
-55.81847182103533
-56.039211595313276
-56.26031698714573
-56.48177978126918
-56.703591469239626
-56.92574325867409
-57.14822608270513
-57.371030609637764
-57.594147252797804
-57.81756618056071
-58.041277326549825
-58.26527039999295
-58.48953489622651
-58.7140601073364
-58.938835132925114
-59.163848890994565
-59.389090128934114
-59.6145474346029
-59.840209247495736
-60.06606386998196
-60.29209947860606
-60.518304135439095
-60.74466579946976
-60.97117233802406
-61.19781153820257
-61.42457111832464
-61.65143873936943
-61.87840201640301
-62.10544852998077
-62.33256583751443
-62.55974148459301
-62.78696301624779
-63.01421798815078
-63.24149397773635
-63.4687785952355
-63.69605949461311
-63.923324384397404
-64.15056103839203
-64.37775730626055
-64.60490112397366
-64.83198052410955
-65.05898364599818
-65.28589874570025
-65.51271420581156
-65.73941854508337
-65.9660004278494
-66.19244867325114
-66.41875226425321
-66.64490035644036
-66.87088228658826
-67.09668758100106
-67.32230596360917
-67.54772736382138
-67.77294192412644
-67.99794000743937
-68.22271220418902
-68.44724933914269
-68.67154247796363
-68.89558293349764
-69.11936227178388
-69.3428723177857
-69.5661051608371
-69.78905315980127
-70.01170894793769
-70.2340654374748
-70.45611582388598
-70.67785358986704
-70.89927250901344
-71.12036664919601
-71.3411303756338
-71.56155835366265
-71.78164555119847
-72.00138724089524
-72.2207790019988
-72.43981672189736
-72.65849659737009
-72.87681513553511
-73.0947691544981
-73.312355783703
-73.52957246398651
-73.74641694733808
-73.96288729636754
-74.17898188348309
-74.39469938978189
-74.61003880365618
-74.82499941911809
-75.03958083384671
-75.25378294696159
-75.46760595652668
-75.68105035678948
-75.89411693515993
-76.10680676893381
-76.31912122176509
-76.53106193989088
-76.74263084811223
-76.95383014553401
-77.16466230106805
-77.37513004870395
-77.5852363825524
-77.79498455166485
-78.00437805463336
-78.21342063397485
-78.4221162703058
-78.6304691763135
-78.83848379053056
-79.04616477092024
-79.25351698827903
-79.46054551946285
-79.667255640444
-79.87365281920533
-80.0797427084788
-80.28553113833509
-80.49102410863127
-80.69622778132286
-80.90114847264674
-81.10579264518134
-81.31016689979168
-81.51427796746628
-81.71813270105378
-81.92173806690704
-82.12510113644277
-82.32822907762494
-82.5311291463799
-82.73380867795134
-82.93627507820412
-83.13853581488496
-83.34059840884919
-83.54247042526328
-83.74415946479377
-83.94567315479281
-84.14701914049061
-84.34820507620447
-84.54923861657352
-84.75012740782921
-84.95087907911153
-85.1515012338412
-85.3520014411576
-85.55238722743337
-85.75266606787596
-85.95284537822619
-86.15293250656312
-86.3529347252241
-86.55285922284789
-86.75271309654848
-86.95250334422731
-87.15223685703059
-87.3519204119586
-87.55156066463333
-87.75116414223017
-87.95073723657886
-88.1502861974379
-88.34981712594636
-88.54933596825738
-88.74884850935753
-88.94836036707677
-89.14787698629375
-89.34740363334102
-89.54694539061423
-89.7465071513886
-89.94609361484682
-90.14570928132305
-90.34535844776697
-90.54504520343126
-90.7447734257856
-90.94454677665972
-91.14436869861659
-91.34424241155668
-91.54417090955437
-91.74415695792729
-91.94420309053962
-92.1443116073402
-92.34448457213736
-92.54472381061223
-92.74503090857226
-92.94540721044697
-93.14585381802667
-93.34637158944449
-93.54696113840109
-93.74762283362938
-93.94835679859543
-94.14916291143172
-94.35004080509927
-94.55098986777543
-94.75200924346458
-94.95309783282946
-95.1542542942403
-95.35547704503924
-95.55676426301656
-95.75811388809572
-95.95952362422324
-96.16099094146031
-96.36251307827261
-96.56408704401416
-96.7657096216012
-96.9673773703722
-97.16908662912998
-97.37083351936336
-97.5726139486461
-97.77442361421105
-97.9762580066981
-98.17811241407433
-98.37998192572478
-98.58186143671195
-98.783745652202
-98.98562909205576
-99.18750609558184
-99.38937082644848
-99.59121727775003
-99.7930392772232
-99.99483049260878
-100.19658443715467
-100.39829447525686
-100.59995382823546
-100.80155558024249
-101.00309268429815
-101.20455796845135
-101.40594414206134
-101.6072438021971
-101.80844944015098
-102.00955344806209
-102.21054812564466
-102.41142568701571
-102.61217826761549
-102.81279793121416
-103.01327667699752
-103.21360644672438
-103.41377913194844
-103.61378658129729
-103.81362060780214
-104.01327299627178
-104.21273551070385
-104.41199990172652
-104.61105791406385
-104.80990129401823
-105.00852179696176
-105.20691119482842
-105.40506128359868
-105.60296389076836
-105.80061088279388
-105.99799417250665
-106.19510572649017
-106.39193757241287
-106.58848180631016
-106.7847305998081
-106.98067620728149
-107.17631097293919
-107.37162733782999
-107.56661784676136
-107.76127515512304
-107.95559203560823
-108.14956138482445
-108.34317622978598
-108.53642973428056
-108.72931520510373
-108.92182609815576
-109.11395602439701
-109.30569875565836
-109.49704823030278
-109.6879985587341
-109.8785440287485
-110.0686791107246
-110.25839846264695
-110.44769693495836
-110.636569575237
-110.82501163269377
-111.01301856248507
-111.20058602983535
-111.38770991396326
-111.57438631180595
-111.76061154153503
-111.94638214585781
-112.13169489509713
-112.31654679004319
-112.50093506457111
-112.6848571880179
-112.86831086731311
-113.05129404885795
-113.23380492014749
-113.41584191113034
-113.59740369530132
-113.77848919052306
-113.9590975595734
-114.13922821041595
-114.3188807961923
-114.49805521493445
-114.67675160899742
-114.85497036421228
-115.03271210875974
-115.20997771176431
-115.38676828160877
-115.56308516396965
-115.7389299395758
-115.91430442169317
-116.08921065333905
-116.26365090423022
-116.43762766747048
-116.6111436559834
-116.78420179869593
-116.95680523647937
-117.12895731785378
-117.3006615944627
-117.47192181632445
-117.64274192686665
-117.81312605775068
-117.98307852349265
-118.1526038158866
-118.32170659823582
-118.49039169939765
-118.65866410764595
-118.82652896435643
-118.99399155752012
-119.16105731509042
-119.32773179817018
-119.49402069404486
-119.65992980906906
-119.82546506141391
-119.99063247368387
-120.15543816541087
-120.31988834543363
-120.48398930417106
-120.64774740579848
-120.81116908033577
-120.97426081565702
-121.13702914943148
-121.29948066100478
-121.46162196322807
-121.62345969424364
-121.78500050923553
-121.946251072155
-122.10721804743052
-122.2679080916726
-122.42832784538204
-122.5884839246708
-122.74838291300391
-122.90803135297192
-123.06743573810301
-123.22660250472534
-123.38553802388985
-123.54424859336466
-123.70274042971111
-123.86101966045116
-124.01909231633492
-124.17696432371717
-124.33464149705111
-124.49212953150806
-124.64943399573218
-124.80656032473877
-124.96351381296523
-125.12029960748401
-125.27692270138681
-125.43338792734897
-125.58969995138222
-125.7458632667828
-125.90188218828195
-126.05776084640416
-126.21350318204026
-126.36911294124053
-126.52459367023329
-126.67994871067168
-126.83518119511297
-126.99029404273296
-127.1452899552782
-127.30017141325771
-127.45494067237706
-127.60959976021746
-127.76415047316215
-127.9185943735726
-128.07293278721835
-128.22716680096465
-128.38129726072265
-128.53532476966524
-128.68924968671178
-128.8430721252842
-128.99679195233722
-129.1504087876654
-129.3039220034911
-129.45733072433694
-129.61063382718868
-129.76382994195325
-129.91691745221743
-130.06989449631163
-130.22275896868217
-130.37550852157432
-130.52814056702692
-130.68065227917833
-130.83304059688345
-130.9853022266406
-131.13743364582587
-131.28943110623203
-131.4412906379079
-131.59300805329138
-131.7445789516293
-131.89599872367734
-132.04726255667077
-132.19836543955756
-132.34930216848483
-132.50006735252958
-132.6506554196639
-132.8010606229438
-132.95127704691043
-133.10129861419153
-133.2511190922898
-133.4007321005451
-133.55013111725629
-133.69930948694895
-133.84826042777576
-133.99697703903365
-134.14545230878178
-134.29367912154265
-134.4416502660685
-134.58935844315596
-134.73679627349264
-134.88395630552026
-135.03083102329896
-135.1774128543595
-135.32369417752804
-135.46966733070937
-135.61532461861427
-135.76065832041874
-135.90566069734243
-136.05032400013394
-136.19464047645076
-136.33860237812289
-136.48220196829035
-136.62543152840473
-136.7682833650849
-136.91074981681842
-137.0528232605013
-137.1944961178094
-137.3357608613969
-137.4766100209192
-137.6170361888796
-137.75703202630072
-137.89659026822252
-138.03570372903047
-138.17436530761685
-138.31256799237937
-138.45030486606035
-138.58756911043085
-138.72435401082404
-138.86065296052263
-138.99645946500547
-139.13176714605945
-139.2665697457605
-139.4008611303286
-139.5346352938586
-139.6678863619288
-139.80060859508805
-139.9327963922228
-140.06444429380437
-140.1955469850163
-140.32609929876182
-140.45609621855007
-140.58553288126015
-140.7144045797797
-140.84270676551543
-140.970435050772
-141.09758521099772
-141.2241531868951
-141.35013508639597
-141.4755271865001
-141.600325934977
-141.72452795192837
-141.84813003120925
-141.97112914170665
-142.09352242847407
-142.21530721372082
-142.33648099765523
-142.45704145917975
-142.57698645643686
-142.6963140272047
-142.8150223891408
-142.9331099398722
-143.0505752569289
-143.16741709751736
-143.28363439813106
-143.39922627399582
-143.51419201834742
-143.62853110153932
-143.7422431699782
-143.8553280448851
-143.9677857208804
-144.07961636438935
-144.19082031186562
-144.30139806782958
-144.41135030271911
-144.52067785055064
-144.62938170638867
-144.73746302362437
-144.8449231110645
-144.95176342983186
-145.05798559007926
-145.16359134752005
-145.2685825997772
-145.37296138255155
-145.47672986561028
-145.57989034859688
-145.68244525666395
-145.78439713593124
-145.88574864877236
-145.98650256893356
-146.08666177648965
-146.1862292526442
-146.28520807438107
-146.38360140897484
-146.48141250836815
-146.57864470342255
-146.67530139804998
-146.7713860632335
-146.86690223094624
-146.96185348797766
-147.0562434696768
-147.15007585362227
-147.24335435322914
-147.33608271130092
-147.42826469353585
-147.5199040819974
-147.61100466855996
-147.70157024834074
-147.7916046131289
-147.88111154482394
-147.97009480889537
-148.05855814787637
-148.1465052749032
-148.23393986731216
-148.32086556030444
-148.40728594068864
-148.49320454070957
-148.57862483197104
-148.66355021946046
-148.74798403568306
-148.83192953491343
-148.91538988757165
-148.9983681747302
-149.08086738275674
-149.16289039809803
-149.2444400022092
-149.32551886663268
-149.40612954823118
-149.4862744845794
-149.56595598951967
-149.64517624888694
-149.7239373164094
-149.80224110978824
-149.88008940696167
-149.95748384255816
-150.03442590454424
-150.11091693107264
-150.18695810753738
-150.26255046384276
-150.33769487189178
-150.41239204329972
-150.48664252733792
-150.56044670911328
-150.63380480798727
-150.7067168762388
-150.77918279797413
-150.85120228828723
-150.9227748926729
-150.99389998669457
-151.06457677590842
-151.13480429604473
-151.20458141344747
-151.2739068257716
-151.34277906293696
-151.4111964883376
-151.47915730030476
-151.54665953381968
-151.6137010624703
-151.68027960064578
-151.74639270596285
-151.81203778192034
-151.8772120807774
-151.94191270665155
-152.00613661883094
-152.06988063529624
-152.1331414364466
-152.19591556902296
-152.25819945022258
-152.31998937199896
-152.38128150553993
-152.4420719059154
-152.50235651688521
-152.56213117585625
-152.62139161897866
-152.6801334863695
-152.73835232745282
-152.79604360640596
-152.85320270769975
-152.90982494171755
-152.9659055504374
-153.02143971316087
-153.07642255227125
-153.13084913900508
-153.1847144992201
-153.2380136191419
-153.29074145107217
-153.34289291904253
-153.39446292439817
-153.44544635129643
-153.49583807210553
-153.54563295269014
-153.59482585757092
-153.64341165494676
-153.69138522156737
-153.73874144744428
-153.78547524038873
-153.83158153036544
-153.87705527365353
-153.92189145680715
-153.96608510040852
-154.00963126260564
-154.05252504242782
-154.09476158287458
-154.13633607377466
-154.17724375441486
-154.2174799159398
-154.25703990352423
-154.29591911832136
-154.33411301919324
-154.37161712422977
-154.40842701206367
-154.4445383229907
-154.47994675990668
-154.51464808907423
-154.54863814073343
-154.58191280957072
-154.61446805505926
-154.64629990168334
-154.67740443906024
-154.70777782197143
-154.73741627031478
-154.76631606898906
-154.79447356772135
-154.82188518084996
-154.8485473870747
-154.87445672918608
-154.89960981378482
-154.9240033110039
-154.94763395424553
-154.97049853994446
-154.99259392736832
-155.01391703846645
-155.034464857778
-155.05423443240971
-155.07322287209382
-155.091427349335
-155.10884509965382
-155.12547342193471
-155.14130967888542
-155.15635129761523
-155.17059577033757
-155.18404065520173
-155.19668357725692
-155.20852222955097
-155.21955437436446
-155.22977784457913
-155.23919054517734
-155.24779045486827
-155.25557562783575
-155.26254419560092
-155.26869436899148
-155.2740244402092
-155.27853278498543
-155.28221786481464
-155.2850782292556
-155.2871125182906
-155.28831946473275
-155.2886978966697
-155.2882467399325
-155.2869650205792
-155.28485186738232
-155.28190651430947
-155.27812830298723
-155.27351668513808
-155.2680712249815
-155.26179160159
-155.25467761119108
-155.24672916940636
-155.2379463134185
-155.22832920405568
-155.2178781277849
-155.20659349860495
-155.1944758598309
-155.18152588576146
-155.167744383223
-155.15313229298528
-155.1376906910437
-155.1214207897645
-155.10432393888942
-155.0864016263984
-155.0676554792288
-155.04808726384937
-155.02769888668837
-155.0064923944147
-154.98446997407297
-154.9616339530731
-154.937986799034
-154.91353111948231
-154.8882696614062
-154.86220531066422
-154.83534109124892
-154.80768016440632
-154.7792258276136
-154.74998151341813
-154.71995078814078
-154.68913735044706
-154.65754502978874
-154.62517778471718
-154.59203970106935
-154.55813499002832
-154.52346798606143
-154.4880431447405
-154.4518650404482
-154.41493836397447
-154.37726792000447
-154.33885862450236
-154.29971550199255
-154.25984368274115
-154.21924839984084
-154.1779349862018
-154.13590887145304
-154.0931755787581
-154.0497407215494
-154.00561000018595
-153.9607891985386
-153.91528418050737
-153.86910088647508
-153.8222453297017
-153.77472359266383
-153.72654182334512
-153.67770623148434
-153.62822308478874
-153.57809870511986
-153.52733946465926
-153.47595178206055
-153.42394211859258
-153.37131697427915
-153.31808288403911
-153.26424641383076
-153.2098141568031
-153.1547927294578
-153.09918876782652
-153.04300892366953
-152.9862598607008
-152.92894825084525
-152.87108077053384
-152.81266409704133
-152.7537049048722
-152.69420986219987
-152.63418562736413
-152.5736388454309
-152.51257614481804
-152.45100413398907
-152.38892939821747
-152.32635849642477
-152.26329795809514
-152.199754280269
-152.13573392461697
-152.0712433145957
-152.00628883268703
-151.94087681772274
-151.8750135622959
-151.80870531025997
-151.74195825431642
-151.67477853369158
-151.60717223190412
-151.5391453746238
-151.47070392762365
-151.40185379482753
-151.33260081645747
-151.26295076728482
-151.19290935498887
-151.12248221862572
-151.05167492721128
-150.98049297842184
-150.9089417974142
-150.83702673576593
-150.7647530705365
-150.69212600344943
-150.6191506601938
-150.54583208984243
-150.47217526438297
-150.39818507835847
-150.3238663486152
-150.24922381415607
-150.17426213609727
-150.0989858977271
-150.02339960466455
-149.9475076851168
-149.8713144902329
-149.79482429455155
-149.71804129654018
-149.6409696192228
-149.563613310895
-149.48597634592295
-149.40806262562444
-149.32987597923022
-149.2514201649243
-149.17269887096143
-149.09371571686063
-149.01447425467575
-148.93497797034445
-148.8552302851166
-148.7752345570617
-148.69499408265494
-148.61451209844165
-148.5337917827802
-148.45283625766308
-148.37164859061602
-148.29023179667604
-148.2085888404489
-148.12672263824595
-148.04463606029924
-147.9623319330534
-147.87981304153175
-147.7970821317732
-147.71414191333577
-147.63099506186086
-147.5476442216941
-147.46409200855578
-147.38034101225549
-147.29639379944388
-147.21225291639348
-147.12792089179948
-147.04340023959116
-146.95869346174368
-146.87380305108036
-146.78873149405558
-146.703481273506
-146.61805487135825
-146.53245477128144
-146.44668346127173
-146.36074343615815
-146.2746372000172
-146.18836726848576
-146.10193617096252
-146.0153464526893
-145.92860067670495
-145.84170142566495
-145.75465130352063
-145.66745293705185
-145.58010897724785
-145.49262210053098
-145.40499500981878
-145.31723043542138
-145.22933113577392
-145.14129989800517
-145.05313953834593
-144.96485290238184
-144.8764428651573
-144.78791233113634
-144.69926423402717
-144.6105015364774
-144.52162722964692
-144.43264433266552
-144.34355589198083
-144.25436498060287
-144.16507469724854
-144.075688165388
-143.98620853219234
-143.89663896738205
-143.80698266197408
-143.71724282692492
-143.62742269166768
-143.53752550254137
-143.4475545211102
-143.3575130223702
-143.2674042928403
-143.17723162853588
-143.08699833282307
-142.9967077141517
-142.9063630836657
-142.81596775268835
-142.72552503008123
-142.63503821947538
-142.5445106163755
-142.45394550513842
-142.3633461558296
-142.27271582096395
-142.18205773213785
-142.09137509655997
-142.00067109349
-141.90994887059432
-141.81921154022834
-141.72846217565697
-141.63770380722357
-141.54693941847935
-141.45617194228404
-141.3654042568871
-141.2746391819978
-141.18387947485073
-141.0931278262751
-141.00238685677593
-140.91165911263576
-140.8209470620445
-140.73025309126612
-140.63957950085043
-140.5489285018966
-140.45830221237517
-140.36770265351285
-140.2771317462443
-140.18659130773446
-140.09608304797413
-140.00560856645163
-139.91516934890385
-139.82476676414987
-139.7344020610105
-139.6440763653179
-139.55379067701844
-139.4635458673724
-139.3733426762528
-139.28318170954728
-139.19306343666582
-139.10298818815815
-139.01295615344426
-138.9229673786617
-138.83302176463232
-138.74311906495174
-138.6532588842044
-138.56344067630786
-138.47366374299028
-138.38392723240574
-138.2942301378914
-138.2045712968704
-138.11494938990504
-138.0253629399045
-137.93581031149287
-137.8462897105422
-137.75679918387445
-137.66733661913563
-137.57789974484749
-137.48848613064078
-137.39909318767317
-137.30971816923497
-137.22035817154674
-137.13101013475315
-137.04167084411606
-136.95233693140958
-136.86300487651928
-136.77367100924434
-136.68433151130156
-136.59498241853026
-136.50561962329772
-136.41623887710585
-136.32683579339874
-136.23740585057027
-136.14794439517055
-136.05844664530838
-135.96890769424618
-135.8793225141847
-135.78968596023498
-135.6999927745738
-135.61023759077653
-135.52041493832013
-135.4305192472471
-135.3405448529807
-135.25048600128213
-135.1603368533393
-135.07009149097604
-134.9797439219697
-134.88928808546513
-134.79871785747235
-134.7080270564358
-134.61720944886423
-134.5262587550132
-134.4351686546126
-134.34393279263253
-134.2525447850823
-134.1609982248371
-134.06928668748805
-133.97740373721234
-133.8853429326611
-133.7930978328631
-133.70066200314312
-133.6080290210536
-133.515192482318
-133.42214600678557
-133.32888324439676
-133.23539788115835
-133.1416836451262
-133.04773431239408
-132.95354371308593
-132.8591057373505
-132.7644143413574
-132.6694635532926
-132.57424747934982
-132.4787603097147
-132.38299632453794
-132.2869498998952
-132.19061551372891
-132.09398775176686
-131.9970613134123
-131.89983101759998
-131.8022918086121
-131.70443876184748
-131.60626708953663
-131.50777214639578
-131.40894943521351
-131.3097946123632
-131.21030349323308
-131.11047205756603
-131.01029645469924
-130.9097730086957
-130.80889822335797
-130.7076687871168
-130.60608157778626
-130.50413366717765
-130.4018223255643
-130.2991450259904
-130.19609944841903
-130.09268348371398
-129.98889523745055
-129.88473303355107
-129.7801954177424
-129.67528116083162
-129.56998926179625
-129.46431895068469
-129.35826969132455
-129.25184118383646
-129.14503336695128
-129.03784642013073
-128.93028076549234
-128.82233706953986
-128.714016244702
-128.60531945068198
-128.49624809562036
-128.38680383707575
-128.27698858282625
-128.16680449149524
-128.05625397300426
-127.9453396888561
-127.83406455225024
-127.72243172803194
-127.61044463247542
-127.49810693290162
-127.38542254712983
-127.2723956427614
-127.15903063629314
-127.04533219205693
-126.93130522098174
-126.81695487917413
-126.70228656631268
-126.58730592385034
-126.47201883301948
-126.35643141263385
-126.24055001668187
-126.12438123170595
-126.00793187396464
-125.89120898637341
-125.77421983522086
-125.65697190665779
-125.53947290295824
-125.42173073855136
-125.30375353582352
-125.18554962069109
-125.06712751794387
-124.94849594635892
-124.82966381358531
-124.71064021079988
-124.59143440713493
-124.4720558438801
-124.35251412846131
-124.23281902820057
-124.11298046386062
-123.99300850297894
-123.87291335299577
-123.75270535418272
-123.63239497237865
-123.51199279154096
-123.39150950612137
-123.2709559132758
-123.15034290491874
-123.02968145963203
-122.90898263443856
-122.78825755645315
-122.66751741442229
-122.54677345016526
-122.42603694992957
-122.30531923567347
-122.18463165628705
-122.06398557876346
-121.94339237933244
-121.82286343456795
-121.70241011248132
-121.58204376361041
-121.46177571211572
-121.34161724689264
-121.22157961270958
-121.10167400138178
-120.9819115429905
-120.8623032971565
-120.74286024437598
-120.62359327742698
-120.50451319285426
-120.38563068253976
-120.26695632536499
-120.14850057897164
-120.03027377162667
-119.91228609419808
-119.79454759224735
-119.67706815824444
-119.55985752391167
-119.44292525270318
-119.32628073242655
-119.2099331680139
-119.09389157444788
-118.97816476984953
-118.86276136873472
-118.74768977544672
-118.63295817777215
-118.51857454074765
-118.4045466006644
-118.2908818592772
-118.17758757822504
-118.06467077366985
-117.95213821115966
-117.83999640072228
-117.72825159219407
-117.61690977078958
-117.50597665291697
-117.39545768224345
-117.28535802601449
-117.17568257163101
-117.06643592348907
-116.95762240008777
-116.84924603141054
-116.74131055658485
-116.63381942182595
-116.52677577866952
-116.42018248249748
-116.314042091361
-116.20835686510408
-116.10312876479158
-115.9983594524448
-115.89405029108663
-115.79020234509814
-115.68681638088812
-115.58389286787532
-115.4814319797829
-115.37943359624275
-115.27789730470694
-115.17682240266312
-115.0762079001503
-114.97605252257178
-114.8763547138009
-114.77711263957384
-114.67832419116475
-114.57998698933751
-114.4820983885693
-114.38465548154069
-114.28765510388781
-114.19109383921138
-114.09496802433705
-113.99927375482093
-113.90400689069315
-113.80916306243239
-113.7147376771627
-113.62072592506365
-113.52712278598403
-113.43392303624933
-113.3411212556532
-113.24871183462199
-113.15668898154024
-113.06504673022596
-112.97377894754345
-112.8828793411426
-112.7923414673129
-112.70215873894074
-112.61232443355902
-112.522831701477
-112.43367357397801
-112.34484297157258
-112.25633271229458
-112.16813552002884
-112.08024403285788
-111.99265081141596
-111.90534834723871
-111.81832907109697
-111.73158536130359
-111.64510955198352
-111.55889394129747
-111.472930799609
-111.38721237758477
-111.30173091421818
-111.21647864476756
-111.13144780860102
-111.04663065694058
-110.96201946049791
-110.8776065169942
-110.79338415855648
-110.70934475898389
-110.62548074087806
-110.54178458263254
-110.458248825277
-110.37486607917185
-110.29162903054976
-110.20853044790056
-110.12556318819657
-110.04272020295446
-109.95999454413015
-109.87737936984365
-109.79486794993181
-109.71245367132735
-109.6301300432624
-109.5478907022948
-109.46572941715509
-109.38364009341261
-109.3016167779591
-109.21965366330708
-109.13774509169876
-109.05588555902044
-108.97406971851807
-108.89229238430958
-108.81054853469048
-108.72883331522983
-108.64714204165305
-108.56547020250808
-108.48381346161226
-108.40216766027616
-108.3205288193004
-108.2388931407422
-108.15725700944857
-108.07561699435404
-107.99396984954147
-107.91231251506484
-107.83064211753309
-107.74895597045428
-107.66725157433972
-107.5855266165688
-107.50377897101588
-107.42200669744157
-107.34020804065084
-107.25838142942028
-107.17652547519764
-107.09463897057616
-107.01272088754739
-106.93077037553574
-106.84878675921958
-106.76676953614354
-106.68471837412811
-106.60263310848187
-106.52051373902314
-106.43836042691736
-106.35617349133712
-106.27395340595307
-106.19170079526394
-106.10941643077477
-106.02710122703216
-105.944756237526
-105.86238265046721
-105.77998178445146
-105.69755508401805
-105.61510411511425
-105.53263056047454
-105.45013621492477
-105.36762298062045
-105.28509286222764
-105.20254796205379
-105.11999047513652
-105.0374226842973
-104.95484695516652
-104.87226573118593
-104.78968152859417
-104.70709693140097
-104.62451458635607
-104.54193719791849
-104.45936752323209
-104.37680836711442
-104.29426257706561
-104.21173303830435
-104.1292226688366
-104.04673441456154
-103.96427124441888
-103.88183614558179
-103.79943211869815
-103.71706217318294
-103.63472932256511
-103.55243657989317
-103.47018695320273
-103.38798344104893
-103.30582902810679
-103.22372668084196
-103.14167934325437
-103.05968993269707
-102.97776133577347
-102.89589640431629
-102.81409795145245
-102.73236874775645
-102.6507115174953
-102.5691289349671
-102.48762362093507
-102.40619813915825
-102.32485499301978
-102.24359662225365
-102.16242539976994
-102.08134362858013
-102.00035353882376
-101.91945728489824
-101.83865694269284
-101.75795450692871
-101.67735188860658
-101.59685091256367
-101.51645331514177
-101.43616074196822
-101.35597474585083
-101.27589678478759
-101.19592822009187
-101.1160703146339
-101.03632423119981
-100.95669103097052
-100.8771716721222
-100.79776700855025
-100.71847778871843
-100.6393046546353
-100.56024814095981
-100.48130867423852
-100.40248657227535
-100.32378204363495
-100.24519518727921
-100.16672599233716
-100.08837433800825
-100.01013999359914
-99.93202261869335
-99.85402176345276
-99.77613686904927
-99.69836726822571
-99.62071218598574
-99.54317074041167
-99.46574194360899
-99.38842470277616
-99.31121782139776
-99.23412000055869
-99.157129840378
-99.08024584156017
-99.00346640706114
-98.92678984386676
-98.8502143648811
-98.77373809092269
-98.69735905282626
-98.62107519364743
-98.54488437096786
-98.46878435929723
-98.39277285256829
-98.31684746672222
-98.24100574238123
-98.16524514760427
-98.08956308072159
-98.013956873243
-97.93842379283508
-97.86296104636286
-97.78756578299108
-97.71223509734075
-97.6369660326961
-97.56175558425703
-97.48660070243245
-97.41149829616934
-97.33644523631217
-97.26143835898775
-97.18647446900941
-97.11155034329506
-97.03666273429366
-96.96180837341495
-96.88698397445722
-96.81218623702813
-96.73741184995521
-96.66265749468249
-96.58791984865007
-96.51319558865276
-96.43848139417452
-96.36377395069559
-96.28906995296944
-96.2143661082668
-96.13965913958424
-96.06494578881455
-95.99022281987624
-95.91548702179938
-95.84073521176578
-95.76596423809912
-95.69117098320004
-95.61635236642206
-95.54150534688443
-95.46662692621811
-95.39171415124241
-95.31676411657071
-95.24177396714373
-95.16674090068847
-95.0916621701005
-95.01653508574742
-94.94135701769034
-94.8661253978209
-94.79083772191228
-94.71549155158363
-94.64008451617764
-94.56461431455176
-94.48907871678324
-94.41347556578836
-94.337802778857
-94.26205834910348
-94.18624034683597
-94.11034692084723
-94.0343762996294
-93.95832679251504
-93.88219679074706
-93.80598476847928
-93.72968928371
-93.65330897915038
-93.57684258302851
-93.50028890982952
-93.42364686097125
-93.34691542541538
-93.27009368021419
-93.19318079099259
-93.11617601236554
-93.03907868829077
-92.96188825235691
-92.88460422800728
-92.80722622869831
-92.7297539579917
-92.65218720957984
-92.57452586724497
-92.49676990475308
-92.41891938568374
-92.34097446319656
-92.26293537973486
-92.1848024666679
-92.10657614387269
-92.0282569192563
-91.94984538821988
-91.87134223306457
-91.79274822233928
-91.7140642101313
-91.63529113529994
-91.55643002065453
-91.47748197207777
-91.39844817759585
-91.31932990639716
-91.24012850780132
-91.16084541018044
-91.08148211983477
-91.00204021982385
-90.92252136875554
-90.84292729953499
-90.76325981807535
-90.68352080197205
-90.60371219914173
-90.52383602642628
-90.44389436816157
-90.36388937470967
-90.28382326095327
-90.20369830475038
-90.12351684534887
-90.04328128175966
-89.96299407108795
-89.88265772682284
-89.80227481708589
-89.72184796283834
-89.6413798360466
-89.56087315780466
-89.48033069641262
-89.39975526541029
-89.31914972156521
-89.23851696281422
-89.15785992615854
-89.07718158551374
-88.9964849495157
-88.91577305928347
-88.83504898614096
-88.7543158292995
-88.67357671350298
-88.59283478663728
-88.51209321730555
-88.43135519237187
-88.35062391447677
-88.26990259952792
-88.18919447416992
-88.10850277323644
-88.02783073718766
-87.94718160953656
-87.86655863426634
-87.78596505324109
-87.70540410361107
-87.62487901521413
-87.54439300797551
-87.46394928930854
-87.38355105151734
-87.30320146920329
-87.22290369667749
-87.14266086538183
-87.06247608132199
-86.9823524225167
-86.9022929364667
-86.82230063764669
-86.7423785050228
-86.66252947959802
-86.58275646198834
-86.50306231003199
-86.42344983643503
-86.3439218064565
-86.26448093563661
-86.18512988756996
-86.10587127172656
-86.02670764132202
-85.9476414912381
-85.86867525599328
-85.78981130776222
-85.7110519544432
-85.63239943777094
-85.55385593147142
-85.47542353945622
-85.397104294054
-85.31890015427624
-85.24081300411481
-85.16284465086986
-85.08499682350683
-85.00727117104216
-84.92966926095701
-84.85219257763916
-84.7748425208537
-84.69762040424374
-84.62052745386293
-84.54356480674178
-84.46673350948961
-84.39003451693455
-84.31346869080429
-84.23703679845201
-84.16073951163222
-84.08457740533073
-84.00855095665305
-83.93266054377524
-83.8569064449613
-83.78128883765159
-83.70580779762703
-83.63046329825274
-83.55525520980417
-83.48018329887863
-83.40524722789463
-83.33044655468099
-83.25578073215617
-83.18124910809924
-83.10685092501377
-83.03258532008716
-82.95845132524757
-82.88444786731988
-82.81057376828211
-82.7368277456235
-82.66320841280448
-82.58971427981841
-82.51634375385449
-82.44309514006251
-82.36996664241975
-82.29695636469968
-82.22406231154243
-82.15128238962656
-82.07861440894091
-82.00605608415539
-81.93360503609053
-81.86125879328564
-81.7890147936654
-81.71687038630354
-81.64482283328142
-81.5728693116396
-81.50100691541981
-81.4292326577952
-81.35754347328647
-81.28593622006191
-81.2144076823189
-81.14295457274478
-81.07157353505524
-81.00026114660808
-80.92901392108992
-80.85782831127234
-80.78670071183446
-80.71562746224858
-80.64460484972632
-80.57362911222107
-80.5026964414832
-80.43180298616518
-80.36094485497416
-80.29011811986949
-80.21931881930313
-80.14854296150124
-80.0777865277853
-80.00704547593102
-79.93631574356323
-79.8655932515851
-79.79487390764052
-79.72415360960872
-79.65342824913091
-79.58269371516894
-79.51194589759541
-79.44118069081458
-79.37039399741332
-79.29958173184093
-79.2287398241159
-79.15786422355723
-79.08695090253832
-79.01599586026168
-78.94499512655295
-78.87394476567249
-78.80284088014196
-78.73167961458262
-78.66045715956113
-78.58916975543877
-78.51781369622029
-78.44638533339787
-78.3748810797847
-78.30329741333264
-78.23163088092826
-78.15987810216131
-78.08803577305912
-78.01610066978026
-77.94406965226028
-77.87193966780205
-77.79970775460367
-77.72737104521684
-77.65492676992983
-77.58237226006929
-77.50970495121555
-77.43692238632605
-77.36402221876187
-77.29100221521276
-77.21786025851566
-77.14459435036372
-77.07120261390185
-76.99768329620531
-76.92403477063806
-76.85025553908872
-76.77634423408279
-76.70229962076974
-76.628120598784
-76.55380620397932
-76.47935561003669
-76.40476812994496
-76.33004321735325
-76.2551804677937
-76.1801796197717
-76.1050405557213
-76.02976330282286
-75.95434803367993
-75.87879506685204
-75.80310486723954
-75.72727804631732
-75.65131536221394
-75.57521771963353
-75.4989861696183
-75.42262190914958
-75.34612628058629
-75.2695007709401
-75.19274701098696
-75.11586677421472
-75.03886197560665
-74.96173467026141
-74.88448705185031
-74.80712145091307
-74.72964033299307
-74.65204629661388
-74.57434207109814
-74.4965305142308
-74.41861460976826
-74.34059746479487
-74.2624823069285
-74.18427248137719
-74.10597144784889
-74.02758277731594
-73.94911014863577
-73.87055734502961
-73.79192825042206
-73.7132268456446
-73.63445720450635
-73.5556234897358
-73.47672994879723
-73.39778090958542
-73.31878077600287
-73.2397340234238
-73.16064519404902
-73.08151889215615
-73.00235977925023
-72.92317256911984
-72.843962022804
-72.76473294347515
-72.6854901712441
-72.60623857789305
-72.52698306154325
-72.44772854126431
-72.36847995163275
-72.28924223724657
-72.21002034720395
-72.13081922955386
-72.05164382572643
-71.97249906495067
-71.89338985866712
-71.81432109494258
-71.73529763289369
-71.65632429712585
-71.57740587219385
-71.49854709709055
-71.41975265976967
-71.34102719170906
-71.26237526252012
-71.18380137460886
-71.1053099578942
-71.02690536458923
-70.94859186405077
-70.87037363770273
-70.79225477403767
-70.71423926370116
-70.63633099466367
-70.5585337474848
-70.48085119067477
-70.40328687615826
-70.32584423484613
-70.24852657232017
-70.17133706463684
-70.0942787542559
-70.01735454609965
-69.94056720374735
-69.86391934576906
-69.78741344220336
-69.71105181118284
-69.63483661571101
-69.55876986059408
-69.48285338953039
-69.40708888235994
-69.33147785247584
-69.25602164439877
-69.18072143151531
-69.10557821398052
-69.03059281678534
-68.95576588798932
-68.88109789711862
-68.80658913372989
-68.73223970613972
-68.6580495403207
-68.58401837896442
-68.5101457807125
-68.43643111955647
-68.36287358440747
-68.28947217883685
-68.21622572098762
-68.14313284365711
-68.07019199455114
-67.99740143670898
-67.92475924909765
-67.85226332737325
-67.77991138480748
-67.70770095337646
-67.63562938500952
-67.56369385299531
-67.49189135354239
-67.42021870749109
-67.34867256217383
-67.27724939342131
-67.20594550771246
-67.13475704446644
-67.06367997847526
-66.99271012247546
-66.92184312985769
-66.8510744975127
-66.78039956881214
-66.70981353672285
-66.63931144705175
-66.5688882018185
-66.49853856275139
-66.42825715490359
-66.35803847038541
-66.2878768722086
-66.21776659823844
-66.14770176524952
-66.0776763730811
-66.00768430888753
-65.93771935147993
-65.86777517575536
-65.79784535720921
-65.72792337652606
-65.65800262424398
-65.58807640548764
-65.5181379447655
-65.44818039082622
-65.37819682157021
-65.30818024901123
-65.23812362428401
-65.16801984269415
-65.09786174880571
-65.02764214156292
-64.95735377944226
-64.8869893856305
-64.81654165322414
-64.74600325044685
-64.67536682588178
-64.60462501371472
-64.53377043898428
-64.46279572283544
-64.39169348777313
-64.32045636291207
-64.24907698921965
-64.17754802474764
-64.1058621498488
-64.0340120723751
-63.961990532855104
-63.8897903096485
-63.81740422407545
-63.744825145519194
-63.67204599649926
-63.59905975771198
-63.52585947303407
-63.4524382544842
-63.37878928713723
-63.304905833985394
-63.230781240741
-63.15640894057571
-63.08178245879048
-63.006895417410355
-62.93174153969846
-62.85631465458419
-62.780608701000794
-62.70461773212775
-62.628335919534486
-62.55175755722159
-62.4748770655559
-62.39768899509589
-62.320188030303584
-62.242368993139266
-62.16422684653553
-62.08575669774682
-62.00695380157161
-61.92781356344453
-61.84833154239594
-61.7685034538769
-61.68832517244702
-61.60779273432301
-61.52690233978585
-61.445650355444386
-61.36403331635334
-61.282047927983385
-61.19969106804136
-61.11695978813911
-61.03385131530898
-60.950363053364164
-60.86649258410248
-60.782237668352344
-60.69759624686041
-60.612566441020626
-60.52714655344514
-60.441335068377704
-60.35513065195082
-60.26853215228832
-60.18153859945503
-60.09414920525527
-60.00636336288179
-59.91818064641715
-59.82960081018971
-59.74062378798667
-59.651249692126534
-59.56147881239381
-59.47131161483865
-59.38074874044381
-59.289791003660675
-59.19843939081599
-59.106695058391466
-59.01455933117845
-58.92203370031089
-58.829119821180285
-58.735819511237
-58.642134747682604
-58.548067665057744
-58.45362055272963
-58.35879585228329
-58.26359615482053
-58.168024198170684
-58.072082864016835
-57.97577517494088
-57.87910429139092
-57.7820735085742
-57.68468625327924
-57.58694608063044
-57.48885667077852
-57.39042182553024
-57.29164546492134
-57.19253162373641
-57.093084447979855
-56.99330819130184
-56.893207211383604
-56.79278596628617
-56.69204901076622
-56.59100099256218
-56.48964664865374
-56.3879908014978
-56.28603835524412
-56.183794291933985
-56.081263667685015
-55.97845160886529
-55.87536330825994
-55.77200402123301
-55.66837906188734
-55.564493799225055
-55.46035365331109
-55.35596409144189
-55.25133062432123
-55.14645880224454
-55.041354211292415
-54.93602246953397
-54.83046922324088
-54.72470014311325
-54.6187209205183
-54.5125372637432
-54.40615489426331
-54.299579543027235
-54.192816946760175
-54.0858728442865
-53.97875297287261
-53.87146306459119
-53.76400884270766
-53.65639601809068
-53.548630285648194
-53.44071732079073
-53.33266277592367
-53.22447227696973
-53.11615141992315
-53.007705767437535
-52.89914084544882
-52.79046213983464
-52.681675093110705
-52.57278510116493
-52.4637975100302
-52.35471761269691
-52.24555064596638
-52.1363017873465
-52.02697615199128
-51.91757878968582
-51.8081146818775
-51.69858873875404
-51.58900579636918
-51.47937061381657
-51.36968787045271
-51.25996216316918
-51.15019800371482
-51.040399816068714
-50.93057193386454
-50.82071859786737
-50.71084395350408
-50.600952048448846
-50.49104683026491
-50.38113214410401
-50.27121173046452
-50.16128922300941
-50.05136814644492
-49.941451914460735
-49.831543827732325
-49.72164707198652
-49.6117647161306
-49.50189971044494
-49.392054884839176
-49.28223294717247
-49.17243648163798
-49.06266794721193
-48.95292967616796
-48.843223872657966
-48.73355261136054
-48.62391783619846
-48.51432135912653
-48.40476485899113
-48.29524988046295
-48.18577783304424
-48.07634999015214
-47.966967488279394
-47.85763132623411
-47.7483423644603
-47.63910132444106
-47.52990878818598
-47.42076519780413
-47.3116708551634
-47.202625921637015
-47.09363041793845
-46.98468422404583
-46.87578707921697
-46.76693858209533
-46.658138190906676
-46.54938522374645
-46.440678858957746
-46.332018135600016
-46.223401954008786
-46.11482907644692
-46.006298127847835
-45.89780759665056
-45.78935583572625
-45.68094106339615
-45.57256136454069
-45.46421469179958
-45.35589886686208
-45.24761158184643
-45.13935040076737
-45.0311127610905
-44.92289597537237
-44.81469723298497
-44.706513601922694
-44.598342030690304
-44.49017935027004
-44.38202227616651
-44.2738674105282
-44.16571124434366
-44.05755015971058
-43.94938043217601
-43.84119823314605
-43.73299963236277
-43.624780600446364
-43.51653701150112
-43.40826464578347
-43.29995919243023
-43.19161625224469
-43.08323134053827
-42.9747998900253
-42.86631725376903
-42.75777870817725
-42.649179456046525
-42.54051462965414
-42.431779293896014
-42.322968449469
-42.214077036095844
-42.1050999357911
-41.99603197616632
-41.88686793377248
-41.77760253747819
-41.66823047188258
-41.55874638076138
-41.44914487054446
-41.33942051382327
-41.229567852886774
-41.119581403283696
-41.0094556574091
-40.89918508811338
-40.78876415233152
-40.678187294730044
-40.56744895136928
-40.45654355337826
-40.34546553063945
-40.23420931548015
-40.12276934636822
-40.01114007160965
-39.89931595304564
-39.7872914697469
-39.6750611217023
-39.56261943349858
-39.449960957988196
-39.33708027994243
-39.22397201968664
-39.11063083671428
-38.99705143327594
-38.883228557940186
-38.76915700912252
-38.65483163857931
-38.54024735486348
-38.42539912673885
-38.310281986549455
-38.19489103354049
-38.079221437127664
-37.963268440111726
-37.847027361834925
-37.730493601275946
-37.613662640080285
-37.49653004552339
-37.37909147340411
-37.2613426708653
-37.14327947913869
-37.02489783621109
-36.906193779409215
-36.78716344790106
-36.66780308511166
-36.548109041051376
-36.428077774554154
-36.30770585542298
-36.18698996648003
-36.06592690551928
-35.94451358715996
-35.822747044598984
-35.70062443126072
-35.578143022342246
-35.4553002162519
-35.33209353593925
-35.2085206301149
-35.08457927435882
-34.96026737211617
-34.835582955579305
-34.710524186454826
-34.5850893566142
-34.45927688862751
-34.33308533617973
-34.206513384369124
-34.07955984988735
-33.95222368108069
-33.82450395789181
-33.696399891681665
-33.56791082493146
-33.43903623082434
-33.30977571270691
-33.180129003430835
-33.05009596457492
-32.91967658554765
-32.7888709825701
-32.6576793975394
-32.52610219677325
-32.39413986963648
-32.261793027050224
-32.12906239988475
-31.995948837236988
-31.862453304594446
-31.728576881887527
-31.594320761432236
-31.459686245765475
-31.324674745374768
-31.189287776324182
-31.05352695777852
-30.91739400942787
-30.780890748814603
-30.644019088564836
-30.506781033526508
-30.36917867781638
-30.2312142017784
-30.092889868856204
-29.954208022382673
-29.815171082289833
-29.675781541742236
-29.536041963696828
-29.395954977392545
-29.25552327477315
-29.114749606846726
-28.97363677998508
-28.832187652166404
-28.69040512916491
-28.548292160691183
-28.405851736487342
-28.263086882381007
-28.12000065630244
-27.97659614426917
-27.832876456342607
-27.68884472256136
-27.544504088855803
-27.39985771294866
-27.254908760246224
-27.10966039972476
-26.964115799816852
-26.818278124302566
-26.672150528210405
-26.525736153733188
-26.37903812616386
-26.232059549856526
-26.084803504218026
-25.93727303973548
-25.78947117404524
-25.641400888048587
-25.49306512207928
-25.34446677212798
-25.195608686128473
-25.04649366031062
-24.897124435625006
-24.747503694244006
-24.59763405614392
-24.447518075772923
-24.297158238809704
-24.14655695901773
-23.995716575199864
-23.84463934825824
-23.693327458364067
-23.541783002241957
-23.39000799057312
-23.23800434552147
-23.08577389838656
-22.933318387386986
-22.780639455577738
-22.62773864890455
-22.474617414398303
-22.32127709851199
-22.167718945602708
-22.013944096560785
-21.859953587588315
-21.705748349128758
-21.551329204949074
-21.3966968713757
-21.24185195668571
-21.08679496065452
-20.931526274261135
-20.77604617955194
-20.62035484966367
-20.46445234900591
-20.30833863360334
-20.152013551597832
-19.995476843910293
-19.838728145062188
-19.681766984156322
-19.524592786016054
-19.367204872481917
-19.209602463864368
-19.051784680551172
-18.89375054476752
-18.735498982486796
-18.577028825489514
-18.41833881356788
-18.259427596873255
-18.10029373840354
-17.940935716627255
-17.781351928240998
-17.621540691056726
-17.461500247015227
-17.301228765321838
-17.140724345700278
-16.9799850217601
-16.819008764473082
-16.657793485753572
-16.496337042137323
-16.334637238553196
-16.17269183218181
-16.010498536394987
-15.848055024769858
-15.685358935171275
-15.522407873896364
-15.359199419874791
-15.19573112891829
-15.032000538012916
-14.868005169647466
-14.703742536171495
-14.539210144176357
-14.374405498892902
-14.209326108599402
-14.04396948903336
-13.878333167800891
-13.712414688777487
-13.546211616493949
-13.379721540501393
-13.212942079709263
-13.04587088669028
-12.878505651946439
-12.710844108130171
-12.542884034214833
-12.374623259608892
-12.206059668208235
-12.037191202381075
-11.868015866880121
-11.698531732676663
-11.528736940711433
-11.358629705557354
-11.18820831898953
-11.017471153457809
-10.846416665457458
-10.67504339879375
-10.503349987736373
-10.331335160059682
-10.158997739965033
-9.98633665088154
-9.813350918141879
-9.640039671529903
-9.466402147697066
-9.292437692444734
-9.118145762869649
-8.943525929369923
-8.768577877509168
-8.593301409736485
-8.41769644696023
-8.241763029973683
-8.065501320730924
-7.8889116034714695
-7.711994285692411
-7.534749898966941
-7.357179099608363
-7.179282669178906
-7.001061514842841
-6.822516669563571
-6.643649292144453
-6.464460667113336
-6.284952204450959
-6.105125439163522
-5.924982030699878
-5.744523762214034
-5.563752539673811
-5.382670390816744
-5.201279463954473
-5.019582026627008
-4.837580464108471
-4.655277277766004
-4.472675083273805
-4.2897766086843045
-4.106584692358607
-3.923102280758464
-3.7393324261021585
-3.5552782838868415
-3.3709431102800327
-3.1863302593831273
-3.0014431803699075
-2.8162854145031804
-2.6308605920327985
-2.445172428978464
-2.2592247238008207
-2.0730213539644478
-1.8865662723965064
-1.6998635038448777
-1.5129171411397446
-1.3257313413626695
-1.138310321927319
-0.9506583565760882
-0.7627797712969704
-0.5746789401651099
-0.38636028111357246
-0.19782825163794668
-0.00908734443946834
0.17985791698857162
0.3690029828263055
0.5583432814397581
0.7478742239353506
0.9375912087514297
1.1274896262817593
1.3175648635258752
1.507812308761157
1.6982273562314412
1.8888054108469634
2.0795418928903837
2.2704322427236434
2.4614719254903834
2.6526564358086566
2.8439813024486633
3.0354420929902477
3.227034418454885
3.418753937906925
3.6105963630188516
3.802557462595373
3.9946330670512076
4.186819072837474
4.3791114468116605
4.571506230546204
4.763999544570729
4.956587592543112
5.149266665344517
5.342033145093614
5.534883509075278
5.7278143335791825
5.9208222976438245
6.11390418670164
6.307056896121006
6.500277434641002
6.693562927694895
6.886910620618498
7.08031788173963
7.273782205344999
7.467301214520951
7.660872663864616
7.85449444206217
8.048164574331098
8.241881224723546
8.435642698288017
8.629447443086864
8.823294052067167
9.017181264782783
9.211107968965464
9.405073201943239
9.599076151904379
9.793116159005459
9.987192716322122
10.181305470641359
10.375454223094263
10.569638929628523
10.763859701320014
10.95811680452303
11.152410660858905
11.346741847042964
11.541111094549864
11.735519289117564
11.929967470090322
12.124456829601431
12.318988711596509
12.51356461069816
12.70818617091303
12.90285518418235
13.097573588777202
13.292343467539917
13.487167045973075
13.682046690177838
13.876984904643447
14.071984329889814
14.267047739965248
14.462178039801513
14.657378262428637
14.852651566052046
15.048001230994858
15.243430656508425
15.43894335745441
15.634542960861697
15.830233202361587
16.026017922504924
16.221901062964996
16.417886662630075
16.61397885358958
16.81018185701803
17.006499978961127
17.20293760602848
17.39949920099765
17.59618929833432
17.7930124996336
17.989973468987273
18.187076928281925
18.384327652432987
18.581730464559413
18.779290231103914
18.97701185690359
19.174900280216026
19.372960467705713
19.57119740939574
19.76961611358967
19.96822160176867
20.16701890346888
20.366013051144186
20.56520907501953
20.764611997940047
20.96422683022129
21.16405856450589
21.36411217063198
21.56439259051882
21.764904733074843
21.965653469133287
22.16664362642058
22.367879984562734
22.56936727013485
22.77111015175888
22.973113235254605
23.175381058848703
23.37791808844674
23.580728712972963
23.783817239782742
23.987187890152406
24.190844794851166
24.39479198979974
24.599033411820226
24.803572894481743
25.00841416404607
25.213560835517555
25.419016408801227
25.62478426497306
25.830867662666193
26.037269734576952
26.24399348409425
26.451041782055785
26.658417363634204
26.866122825356303
27.074160622258283
27.28253306518004
27.491242318201493
27.700290396223657
27.90967916269704
28.119410327499704
28.329485444967272
28.539905912076758
28.750672966786194
28.96178768653155
29.173250986882465
29.385063620358096
29.597226175404273
29.809739075533116
30.02260257862611
30.235816776401155
30.449381594043818
30.66329679000248
30.877561955947023
31.092176516890426
31.30713973147244
31.522450692404313
31.73810832707333
31.95411139830598
32.17045850528854
32.38714808464373
32.60417841166178
32.82154760168477
33.039253611643076
33.25729424174297
33.475667137304086
33.694369790745114
33.9133995437159
34.13275358937408
34.35242897480406
34.572422603575426
34.792731238438186
35.01335150415192
35.23427989044588
35.455512755107144
35.67704632719309
35.898876710364384
36.1209998863344
36.343411718431355
36.56610795526899
36.78908423452165
37.012336086799536
37.23585893961993
37.459648121469996
37.68369886595636
37.90800631603682
38.132565528329486
38.35737147749419
38.58241906068074
38.80770310203852
39.03321835728176
39.258959518304586
39.484921217839975
39.7110980341569
39.93748449579025
40.16407508629793
40.39086424903955
40.61784639197167
40.84501589245444
41.07236710206455
41.29989435140895
41.52759195493387
41.75545421572359
41.9834754302837
42.211649893303154
42.43997190239025
42.66843576277744
42.89703579199033
43.12576632447547
43.354621716182514
43.583596349096176
43.812684635713985
44.04188102346626
44.27117999907489
44.50057609284829
44.73006388290975
44.95963799935629
45.189293128345184
45.419024016105254
45.64882547287027
45.87869237673175
46.10861967740835
46.33860239992976
46.56863564823289
46.798714608667474
47.028834553408
47.258990843768636
47.48917893341804
47.719394371491326
47.949632805596714
48.179889984714364
48.41016176198538
48.640444097388595
48.870733060303124
49.101024831954945
49.331315707745446
49.56160209945996
49.791880537355
50.022147672123104
50.25240027673393
50.48263524815044
50.71284960891918
50.943040508634475
51.173205225276284
51.403341166421704
51.63344587033023
51.86351700690263
52.093552378513465
52.323549920717454
52.55350770282982
52.78342392838047
53.013296935442185
53.243125196833404
53.47290732019664
53.70264204795333
53.932328257136
54.16196495909876
54.391551299107256
54.621086555809065
54.850570140585695
55.080001596787135
55.30938059885015
55.53870695130187
55.767980587650335
55.997201569163494
56.22637008353807
56.45548644345995
56.684551085057805
56.91356456625259
57.14252756500501
57.3714408774632
57.60030541601303
57.829122207233624
58.05789238976086
58.28661721206145
58.51529803012078
58.743936305048
58.97253360060159
59.20109158063831
59.42961200648863
59.658096734261726
59.88654771208326
60.11496697726841
60.34335665343292
60.57171894754475
60.80005614691902
61.02837061615884
61.256664794044866
61.48494119037599
61.713202382763825
61.941451013383706
62.169689785684746
62.397921461061635
62.626148855491756
62.85437483614067
63.082602317939184
63.31083426013493
63.53907366282164
63.767323563449175
63.99558703331708
64.22386717405449
64.45216711408843
64.68049000510253
64.9088390184889
65.13721734179667
65.36562817518025
65.59407472785121
65.82256021453738
66.05108785195331
66.2796608552862
66.50828243470126
66.73695579187013
66.96568411652535
67.19447058304465
67.42331834706917
67.65223054216003
67.88121027649672
68.1102606296208
68.3393846492269
68.56858534800372
68.79786570052752
69.0272286402101
69.25667705630283
69.4862137909578
69.71584163634716
69.94556333184246
70.17538156125593
70.40529895014569
70.63531806318619
70.86544140160456
71.0956714006836
71.3260104273321
71.55646077772302
71.7870246750009
72.01770426705978
72.24850162439337
72.47941873801885
72.71045751747583
72.94161978890058
73.17290729317737
73.40432168416821
73.63586452702184
73.86753729656282
74.09934137576083
74.33127805428084
74.5633485271146
74.79555389329379
75.02789515468542
75.26037321487028
75.49298887810579
75.72574284837486
75.95863572852221
76.19166801947921
76.42484011957748
76.65815232395181
76.89160482403366
77.12519770713715
77.35893095613932
77.59280444925713
77.82681795992318
78.06097115676238
78.29526360367134
78.52969476000084
78.76426398084135
78.9989705174109
79.2338135175433
79.46879202627628
79.70390498653917
79.93915123993993
80.17452952765014
80.4100384913864
80.64567667448598
80.88144252307343
81.11733438731422
81.35335052275134
81.5894890917212
81.82574816484608
82.06212572260081
82.298619656952
82.53522777306712
82.77194779109125
83.00877734798924
83.24571399945087
83.48275522185584
83.71989841429486
83.9571409006438
84.19447993168816
84.43191268729603
84.66943627863722
84.90704775044796
85.14474408334056
85.38252219615796
85.62037894837246
85.85831114252764
86.09631552672224
86.33438879713319
86.57252760057608
86.81072853710188
87.04898816262912
87.28730299161052
87.52566949973149
87.76408412663781
88.00254327869037
88.24104333174397
88.47958063394616
88.71815150855228
88.95675225675494
89.1953791605258
89.43402848546746
89.67269648367254
89.9113793965871
90.15007345787488
90.38877489627951
90.62747993848085
90.86618481194283
91.10488574774989
91.3435789834292
91.58226076575691
91.82092735354614
92.05957502041451
92.29820005752958
92.53679877632953
92.77536751121681
93.01390262222174
93.25240049763272
93.4908575565895
93.72927025163574
93.96763507122807
94.20594854219917
94.44420723217354
94.68240775193533
94.9205467577475
95.15862095362252
95.39662709354388
95.6345619836377
95.872422484293
96.11020551223021
96.34790804251749
96.58552711053655
96.82305981389892
97.0605033143138
97.29785483940806
97.53511168449872
97.77227121431771
98.00933086468821
98.24628814415088
98.4831406355387
98.71988599749922
98.95652196596372
99.19304635556183
99.42945706097954
99.66575205825872
99.90192940603687
100.13798724672587
100.37392380762903
100.60973740199509
100.84542643000762
101.0809893797082
101.31642482785222
101.55173144069593
101.78690797471316
102.02195327723987
102.2568662870448
102.4916460348243
102.72629164361982
102.96080232915565
103.19517740009476
103.42941625821098
103.66351839847621
103.8974834090624
104.1313109712577
104.36500085929666
104.59855294010484
104.83196717295804
105.06524360905546
105.29838239100688
105.53138375223448
105.76424801628995
105.99697559608789
106.22956699305671
106.46202279620938
106.69434368113507
106.92653040891234
107.15858382494575
107.39050485772718
107.62229451752368
107.8539538949937
108.08548415973341
108.31688655875637
108.54816241490941
108.77931312522814
109.01034015923453
109.2412450571789
109.47202942822804
109.70269494860128
109.93324335965627
110.16367646592579
110.39399613310633
110.62420428599847
110.85430290639846
111.0842940309405
111.31417974888979
111.54396219988661
111.77364357164191
112.00322609758501
112.23271205446503
112.46210375990808
112.69140356993177
112.92061387641814
113.14973710454564
113.37877571018038
113.60773217722755
113.83660901494382
114.06540875521212
114.29413394978037
114.52278716746635
114.75137099133185
114.97988801583081
115.20834084393512
115.43673208424282
115.66506434807236
115.89334024654609
116.12156238766609
116.3497333733862
116.57785579668446
116.80593223863964
117.03396526551587
117.26195742585908
117.48991124760808
117.71782923522251
117.9457138668292
118.17356759138904
118.40139282588629
118.62919195254116
118.85696731604716
119.0847212208349
119.3124559283643
119.5401736544479
119.76787656660642
119.99556678145845
120.2232463621452
120.45091731579166
120.67858159100521
120.906241075412
121.13389759323124
121.36155290288897
121.5892086946728
121.81686658842997
122.04452813131147
122.27219479556547
122.49986797638425
122.72754898980904
122.95523907069649
123.18293937075042
123.41065095662178
123.63837480808046
123.86611181626175
124.09386278199018
124.32162841418368
124.54940932834096
124.777206045115
125.00501898897492
125.23284848695936
125.46069476752324
125.6885579594799
125.91643809103935
126.14433508894409
126.37224877770346
126.60017887892717
126.8281250107568
127.05608668739511
127.28406331873201
127.51205421006694
127.74005856192593
127.96807546997184
128.19610392500658
128.42414281306583
128.65219091560732
128.880246909795
129.10830936888033
129.33637676268233
129.5644474581684
129.7925197201373
130.0205917120071
130.2486614967096
130.4767270376933
130.70478620003678
130.9328367516738
131.16087636473287
131.38890261699078
131.61691299343886
131.84490488796098
132.07287560512066
132.30082236205328
132.52874229045915
132.75663243869212
132.98448977393855
133.21231118448054
133.4400934820385
133.66783340418783
133.89552761684513
134.12317271682082
134.3507652344365
134.5783016362061
134.80577832758152
135.03319165576275
135.26053791257235
135.48781333739342
135.71501412016917
135.94213640446245
136.16917629057323
136.3961298387117
136.62299307222455
136.8497619808716
137.07643252414758
137.3030006346436
137.52946222144047
137.75581317352535
137.98204936322227
138.2081666496264
138.43416088203176
138.66002790334315
138.88576355346473
139.11136367265922
139.33682410487282
139.56214070102047
139.78730932222757
140.0123258430257
140.23718615450085
140.46188616739246
140.68642181514238
140.91078905689292
141.13498388043482
141.35900230510325
141.5828403846214
141.80649420989076
142.0299599117274
142.2532336635409
142.47631168395267
142.69919023934906
142.92186564636566
143.1443342743003
143.36659254745362
143.58863694739628
143.81046401516053
144.0320703533537
144.25345262819022
144.4746075714418
144.69553198230625
144.91622272919545
145.13667675144376
145.35689106093838
145.57686274367376
145.79658896123198
146.0160669521918
146.2352940334677
146.45426760158085
146.67298513386487
146.89144418960842
147.1096424111359
147.3275775248266
147.54524734207115
147.76264976016495
147.97978276313887
148.19664442252628
148.41323289806604
148.6295464383399
148.84558338134042
149.06134215496598
149.27682127744032
149.49201935765421
149.7069350954268
149.92156728168305
150.13591479854512
150.3499766193358
150.5637518084938
150.77723952140008
150.99043900411465
151.20334959302448
151.415970714401
151.6283018838664
151.84034270576848
152.05209287246288
152.26355216350402
152.47472044474506
152.6855976673491
152.89618386671367
153.1064791613116
153.31648375145159
153.52619791796036
153.7356220207891
153.94475649754708
154.1536018619642
154.3621587022837
154.57042767958495
154.77840952603535
154.98610504306995
155.19351509949726
155.4006406295293
155.60748263073512
155.81404216191729
156.02032034091164
156.22631834231058
156.4320373951118
156.63747878029446
156.84264382832586
157.04753391660253
157.25215046683135
157.45649494235747
157.66056884544693
157.8643737145314
158.06791112142238
158.27118266850331
158.4741899859075
158.67693472868902
158.87941857399503
159.08164321824572
159.28361037432725
159.4853217688014
159.68677913913436
159.88798423094542
160.08893879527656
160.28964458588231
160.4901033565395
160.69031685837578
160.89028683721673
161.0900150309494
161.2895031669004
161.48875295922764
161.6877661063256
161.88654428824654
162.08508916414186
162.28340236972733
162.4814855147781
162.67934018065873
162.87696791789423
163.07437024378848
163.27154864009592
163.4685045507501
163.66523937965164
163.8617544885178
164.05805119479825
164.25413076966194
164.44999443606068
164.64564336687405
164.84107868313936
165.03630145236866
165.23131268695488
165.42611334266735
165.62070431723896
165.81508644904534
166.00926051587908
166.2032272338215
166.3969872562152
166.59054117274263
166.78388950861586
166.9770327238798
167.16997121283157
167.36270530355773
167.55523525759327
167.747561269706
167.9396834678123
168.13160191302677
168.32331659984652
168.51482745647172
168.70613434526172
168.89723706332484
169.088135343241
169.27882885391614
169.4693172015668
169.65959993083243
169.849676526012
170.03954641242058
170.22920895786297
170.4186634742207
170.60790921914804
170.79694539787056
170.98577116508022
171.17438562692018
171.36278784305273
171.550976828805
171.73895155738637
171.92671096216986
172.11425393903164
172.30157934874364
172.48868601941558
172.6755727489808
172.86223830772178
173.04868144083116
173.2349008710055
173.4208953010675
173.60666341661226
173.79220388867338
173.97751537640602
174.16259652978442
174.34744599231112
174.5320624037356
174.71644440277808
174.90059062985532
175.08449972980728
175.26817035462275
175.4516011661647
175.6347908388955
175.8177380626021
176.00044154511946
176.18290001505287
176.3651122244967
176.54707695174605
176.72879300399748
176.91025922003521
177.0914744728989
177.2724376725278
177.4531477683768
177.63360375200185
177.81380465960936
177.99374957456396
178.17343762984936
178.35286801047553
178.53203995582524
178.71095276193367
178.88960578369554
179.06799843699403
179.2461302007462
179.42400061886295
179.60160930212217
179.77895592995085
179.9560402521129
180.13286209029755
180.30942133960255
180.48571796990794
180.66175202713683
180.83752363440092
181.01303299302847
181.18828038347513
181.36326616611748
181.5379907819288
181.7124547530382
181.8866586831737
182.0606032579881
182.23428924526687
182.40771749501644
182.5808889394307
182.75380459273268
182.92646555089007
183.0988729912024
183.27102817175572
183.44293243074142
183.6145871856352
183.78599393223547
183.9571542435631
184.12806976862592
184.29874223105142
184.4691734275935
184.63936522651994
184.80931956588557
184.9790384516969
185.1485239559732
185.3177782147066
185.4868034257243
185.65560184645534
185.82417579160557
185.99252763074384
186.16065978580338
186.32857472850452
186.49627497770513
186.6637630966855
186.83104169037534
186.99811340253046
187.16498091286627
187.33164693415262
187.49811420927273
187.66438550824824
187.83046362523152
187.99635137546812
188.16205159223142
188.3275671237298
188.49290082998783
188.65805557970162
188.82303424706862
188.9878397085925
189.15247483986587
189.3169425123345
189.48124559004788
189.6453869264006
189.80936936086852
189.973195715744
190.13686879287417
190.3003913704061
190.46376619954395
190.62699600132424
190.79008346341521
190.9530312369455
191.11584193336927
191.27851812137584
191.44106232384962
191.60347701488496
191.76576461686074
191.92792749758138
192.08996796749176
192.2518882769728
192.4136906137258
192.5753771002506
192.73694979142152
192.89841067216486
193.0597616552405
193.22100457913058
193.38214120603703
193.54317321998911
193.70410222506194
193.86492974370714
194.02565721519596
194.1862859941744
194.3468173493282
194.5072524621565
194.66759242584982
194.8278382442689
194.9879908310209
195.14805100863086
195.30801950780605
195.4678969667901
195.6276839308019
195.78738085155405
195.94698808684402
196.10650590021086
196.26593446065098
196.42527384238733
196.58452402468592
196.74368489171283
196.90275623242619
197.06173774049748
197.22062901425815
197.37942955666753
197.538138775301
197.69675598235935
197.85528039470145
198.013711133903
198.17204722634355
198.33028760332294
198.48843110120865
198.6464764616163
198.80442233162725
198.9622672640463
199.12000971770325
199.27764805780188
199.43518055631793
199.59260539244937
199.7499206531207
199.90712433354392
200.06421433783962
200.2211884797217
200.3780444832481
200.5347799836405
200.69139252817408
200.8478795771367
201.00423850485785
201.1604666008062
201.31656107075523
201.47251903801688
201.62833754474113
201.7840135532784
201.93954394760235
202.09492553478898
202.25015504654843
202.40522914080688
202.56014440333692
202.7148973494337
202.86948442563593
203.0239020114894
203.1781464213519
203.3322139062387
203.4861006557097
203.6398027997985
203.79331641098392
203.94663750620097
204.09976204889162
204.252685951095
204.40540507557702
204.55791523799812
204.7102122091197
204.8622917170504
205.01414944953316
205.1657810562734
205.3171821513093
205.46834831542614
205.61927509861684
205.76995802259043
205.9203925833286
206.07057425369257
206.22049848608353
206.37016071516027
206.51955636061697
206.66868083002313
206.81752952172664
206.9660978278208
207.11438113717472
207.26237483852685
207.41007432363892
207.5574749905087
207.7045722466372
207.85136151234553
207.9978382241344
208.14399783808028
208.28983583326055
208.43534771520115
208.5805290193399
208.7253753144986
208.8698822063567
209.01404534092137
209.1578604079872
209.30132314457808
209.44442933836478
209.58717483104977
209.72955552171322
209.8715673701157
210.01320639995208
210.1544687020538
210.29535043753924
210.43584784091115
210.57595722310145
210.715674974463
210.85499756770912
210.9939215608016
211.13244359978773
211.27056042158677
211.4082688567263
211.54556583202918
211.6824483732504
211.8189136076627
211.95495876659027
212.09058118788823
212.22577831836554
212.36054771614783
212.49488705297665
212.6287941164411
212.76226681213836
212.89530316575917
213.02790132509142
213.16005956193555
213.2917762739247
213.42304998624184
213.5538793532288
213.68426315988393
213.8142003232448
213.94368989365455
214.07273105590787
214.2013231302716
214.3294655733747
214.4571579789623
214.58440007850925
214.71119174169064
214.83753297670785
214.96342393047064
215.0888648886356
215.21385627550183
215.33839865376615
215.46249272414082
215.58613932483684
215.70933943091848
215.83209415353315
215.95440473902056
216.076272567905
216.19769915377276
216.3186861420371
216.43923530859217
216.5593485583571
216.67902792371262
216.79827556283328
216.91709375792095
217.03548491334334
217.1534515536806
217.27099632168358
217.38812197614732
217.50483138970515
217.62112754654584
217.73701354005755
217.85249257040198
217.96756794202145
218.08224306108116
218.19652143284895
218.3104066590157
218.4239024349589
218.53701254695113
218.6497408693141
218.76209136151817
218.87406806522847
218.9856751012968
219.0969166667013
219.20779703143617
219.31832053535564
219.42849158497498
219.5383146502319
219.6477942612111
219.75693500483263
219.8657415215063
219.97421850175365
220.08237068279973
220.19020284513468
220.2977198090447
220.40492643111284
220.51182760069165
220.61842823635052
220.72473328229958
220.83074770479212
220.93647648850893
221.04192463292694
221.14709714867527
221.25199905388118
221.35663537050723
221.46101112068018
221.56513132301203
221.66900098891315
221.77262511889867
221.8760086988888
221.97915669650425
222.08207405735735
222.18476570133922
222.28723651890428
222.38949136735292
222.49153506711392
222.5933723980285
222.6950080956373
222.79644684746987
222.8976932893353
222.9987520016122
223.099627505536
223.20032425948207
223.3008466552432
223.40119901430162
223.5013855840954
223.6014105342803
223.7012779529886
223.8009918430868
223.9005561184346
223.9999746001478
224.09925101286981
224.19838898105687
224.29739202528086
224.39626355855367
224.49500688267736
224.5936251846264
224.69212153296795
224.79049887432794
224.88876002991256
224.9869076920942
225.08494442107022
225.1828726416026
225.28069463984744
225.37841256028324
225.47602840274604
225.5735440195796
225.6709611129085
225.768281232041
225.86550577100857
225.9626359662481
226.05967289443416
226.15661747046775
226.25347044562832
226.35023240589535
226.44690377044495
226.5434847903281
226.6399755473373
226.73637595306664
226.83268574817058
226.92890450182622
227.02503161140262
227.12106630233907
227.21700762823517
227.31285447115434
227.40860554214365
227.50425938197228
227.59981436209083
227.6952686858123
227.7906203897143
227.88586734526157
227.98100726064686
228.07603768284858
228.17095599990412
228.26575944339757
228.3604450911595
228.45500987017718
228.54945055971135
228.64376379461388
228.73794606883908
228.83199373914127
228.92590302895215
229.01967003243263
229.11329071869446
229.20676093618627
229.30007641723765
229.3932327827562
229.48622554707404
229.57905012293932
229.67170182664827
229.7641758833128
229.85646743225917
229.94857153255035
230.04048316862318
230.13219725603122
230.2237086472832
230.31501213776656
230.40610247174428
230.4969743484111
230.5876224279963
230.67804133790096
230.7682256788593
230.85817003111325
230.94786896058977
231.0373170250722
231.12650878035643
231.21543878638172
231.30410161332625
231.392491847657
231.48060409812288
231.56843300168035
231.65597322934119
231.7432194919326
231.83016654575763
231.9168091981434
232.00314231286316
232.08916081541898
232.17485969817167
232.2602340253085
232.34527893763757
232.42998965719735
232.51436149167253
232.59838983860791
232.68207018941385
232.765398133157
232.84836936013144
232.93097966520614
233.0132249509451
233.09510123050032
233.17660463027815
233.25773139238018
233.338477876824
233.41884056355062
233.49881605422516
233.57840107383905
233.65759247212478
233.7363872247944
233.81478243461441
233.8927753323291
233.97036327744667
234.04754375890133
234.12431439560572
234.2006729369072
234.2766172629619
234.35214538503845
234.427255445762
