1.9890150733950582e-13
3.3499291763310576e-12
2.827806498721204e-11
1.606143779449516e-10
6.949700694004101e-10
2.457302187690289e-09
7.430173077900917e-09
1.9832625681815143e-08
4.782939223137187e-08
1.0606143384465801e-07
2.1920188571996293e-07
4.26748841537671e-07
7.892695089578498e-07
1.3963095377032572e-06
2.3761771697886176e-06
3.9078046710106216e-06
6.2348796335846665e-06
9.682426529342565e-06
1.4676004657581846e-05
2.1763672667603803e-05
3.16408524198726e-05
4.5178206339649434e-05
6.345262285310903e-05
8.778138420127548e-05
0.00011975957010804403
0.00016130072962589295
0.0002146808321725987
0.0002825854874659989
0.00036816040290958447
0.0004750650261145786
0.0006075292997871648
0.0007704134362739452
0.0009692705997446611
0.001210412365388298
0.001500976807186471
0.0018489990488763204
0.0022634840966848013
0.002754481757359523
0.003333163430982597
0.004011900555070175
0.004804344464561362
0.005725507421509316
0.0067918445586219
0.008021336472270364
0.009433572193197992
0.011049832256916987
0.012893171590676763
0.014988501929911564
0.017362673474217383
0.02004455549115121
0.023065115575470328
0.026457497271812385
0.03025709577023203
0.034501631386428575
0.03923122054189043
0.04448844396351257
0.05031841182747816
0.0567688255782977
0.0638900361608308
0.07173509841083764
0.08035982135807869
0.08982281420516101
0.10018552775517481
0.11151229107163153
0.12387034316526122
0.1373298595138091
0.15196397323304578
0.16784879072972742
0.1850634016801698
0.20368988319138812
0.22381329801536254
0.24552168670087177
0.26890605358145425
0.2940603465123644
0.32108143028385017
0.3500690536526489
0.38112580994823947
0.4143570912250616
0.44987103594658523
0.48777847020174564
0.5281928424688181
0.5712301519562534
0.6170088705643001
0.6656498585253743
0.7172762737950535
0.7720134752792702
0.8299889199967085
0.8913320542885479
0.9561741992005309
1.0246484301748315
1.0968894512013236
1.1730334635895987
1.25321802953442
1.337581930658226
1.426265021724783
1.5194080797281255
1.617152648570474
1.7196408795518907
1.827015367903016
1.9394189856003077
2.0569947107107764
2.1798854535202636
2.3082338797058104
2.442182230818646
2.5818721423497335
2.72744445965473
2.879039052019529
3.0367946251513414
3.2008485323834934
3.3713365848848276
3.548392861166713
3.7321495161822633
3.9227365903134546
4.120281818542337
4.324910440102521
4.536745008906568
4.755905205043917
4.982507647642426
5.216665709384577
5.458489332966904
5.708084849788157
5.965554801148229
6.230997762235987
6.504508169179779
6.786176149429608
7.076087355734708
7.374322803974615
7.680958715095729
7.9960663613989755
8.319711917417445
8.651956315615795
8.9928551071358
9.342458327804632
9.70081036961447
10.067949857873696
10.443909534221417
10.828716145688132
11.222390339976554
11.624946567127337
12.036392987725023
12.45673138778993
12.885957100491865
13.324058934811731
13.771019111267023
14.226813204806975
14.691410094972712
15.164771923407558
15.646854058792373
16.13760506927031
16.6369667024149
17.144873872784718
17.661254657097533
18.186030297046234
18.719115209768507
19.260417005971807
19.80983651570479
20.367267821756165
20.932598300651698
21.505708671210378
22.086473050610373
22.674759017905636
23.270427684924293
23.87333377447049
24.48332570574228
25.100245686869236
25.72392981446432
26.35420818007594
26.99090498341752
27.633838652243693
28.28282196873405
28.93766220223787
29.598161248225804
30.2641157732871
30.935317366003797
31.611552693526274
32.29260366366816
32.97824759233217
33.66825737607252
34.36240166959419
35.06044506798395
35.7621482934631
36.46726838644713
37.17555890069286
37.8867701023097
38.60064917240777
39.316940413152224
40.03538545698933
40.75572347880711
41.477691410790726
42.20102415973065
42.925454826539465
43.65071492773109
44.37653461861493
45.102642917956366
45.82876793385396
46.554637090583704
47.279977356160494
48.00451547036733
48.72797817300279
49.45009243209763
50.17058567185246
50.88918600004991
51.60562243469639
52.31962512965067
53.0309255989991
53.73925693994057
54.444354053946945
55.14595386596876
55.84379554145887
56.53762070099106
57.2271736322544
57.91220149920776
58.592454548183476
59.26768631073305
59.93765380301205
60.602117721506325
61.26084263490652
61.913597171942754
62.560154204997346
63.20029102931905
63.83378953766841
64.46043639022999
65.0800231796335
65.69234659093264
66.29720855639694
66.89441640497928
67.48378300632972
68.0651269092328
68.63827247435377
69.20305000118601
69.75929584909996
70.30685255239992
70.84556892930262
71.3753001847577
71.89590800703714
72.4072606580266
72.90923305715985
73.40170685894334
73.88457052402596
74.35771938377509
74.8210556983275
75.27448870809049
75.71793467867583
76.15131693925555
76.574565914335
76.98761914894529
77.39042132726338
77.78292428467428
78.16508701329674
78.53687566099991
78.89826352394466
79.24923103268948
79.58976573190655
79.9198622537602
80.23952228500578
80.5487545278739
80.84757465481125
81.13600525715499
81.41407578782373
81.68182249811407
81.93928836869698
82.18652303491463
82.42358270648317
82.65053008171158
82.86743425635173
83.07437062720051
83.27142079057985
83.45867243582548
83.63621923392084
83.8041607214172
83.96260217978427
84.11165451034
84.25143410491282
84.38206271239252
84.50366730132961
84.6163799187452
84.72033754531535
84.81568194709664
84.90255952396237
84.9811211549206
85.05152204048701
85.11392154228722
85.16848302006346
85.2153736662627
85.25476433838386
85.28682938926246
85.31174649547162
85.32969648401908
85.34086315752083
85.34543311803108
85.34359558970775
85.33554224049189
85.321467002979
85.3015658946592
85.27603683770221
85.24507947846186
85.20889500687403
85.16768597591962
85.12165612132159
85.07101018164335
85.01595371895334
84.95669294021818
84.89343451958482
84.82638542170955
84.75575272628836
84.68174345394092
84.6045643935972
84.52442193153283
84.44152188219593
84.35606932096525
84.2682684189767
84.17832228015217
84.08643278056067
83.9928004102388
83.89762411759372
83.80110115650788
83.7034269362616
83.60479487438587
83.50539625255473
83.40542007562314
83.30505293391431
83.20447886885606
83.10387924206177
83.00343260794793
82.90331458997682
82.80369776060772
82.7047515250367
82.606642008801
82.50953194931955
82.41358059143644
82.3189435870307
82.22577289875093
82.13421670792943
82.04441932672543
81.95652111454282
81.87065839876354
81.7869633998333
81.70556416073211
81.62658448085764
81.55014385434592
81.47635741284884
81.40533587278387
81.33718548706574
81.27200800132684
81.20990061462848
81.15095594466104
81.09526199742604
81.04290214138913
80.99395508608868
80.94849486517975
80.90659082388945
80.86830761085432
80.83370517430635
80.80283876256973
80.7757589288261
80.75251154010195
80.73313779042789
80.7176742181152
80.7061527270923
80.69860061224071
80.69504058866741
80.69549082484681
80.69996497956171
80.70847224256929
80.721017378916
80.73760077682343
80.75821849906421
80.78286233774472
80.81151987240898
80.84417453137709
80.88080565622906
80.92138856934329
80.96589464439691
81.01429137973352
81.06654247450237
81.12260790746981
81.18244401840215
81.2460035919174
81.31323594370232
81.38408700898955
81.45849943318805
81.53641266455847
81.61776304882378
81.7024839256056
81.79050572657647
81.88175607521745
81.97615988807044
82.07363947737414
82.17411465497341
82.27750283739144
82.3837191519543
82.49267654385889
82.60428588407623
82.71845607798215
82.83509417460809
82.95410547640435
83.07539364940871
83.19886083371452
83.32440775413383
83.45193383095099
83.58133729066341
83.71251527660738
83.84536395936728
83.97977864686818
84.11565389405276
84.25288361204441
84.39136117670019
84.53097953645813
84.67163131938601
84.81320893933908
84.95560470113612
85.09871090466443
85.24241994782626
85.38662442824189
85.53121724362661
85.67609169076191
85.8211415629831
85.96626124610823
86.11134581273514
86.25629111483507
86.40099387457288
86.54535177328621
86.68926353855802
86.83262902931934
86.97534931892137
87.11732677611856
87.2584651439068
87.3986696161639
87.5378469120413
87.67590534805909
87.81275490785886
87.94830730957149
88.08247607076039
88.21517657090347
88.3463261113803
88.4758439729347
88.60365147058549
88.7296720059614
88.85383111703875
88.9760565252629
89.0962781800376
89.21442830056942
89.33044141505793
89.44425439722484
89.5558065001779
89.66503938760816
89.77189716232199
89.87632639211104
89.97827613296586
90.07769794964209
90.1745459335901
90.26877671826067
90.36034949180164
90.44922600716264
90.53537058962645
90.61875014178823
90.69933414600571
90.77709466434574
90.85200633605423
90.92404637257921
90.9931945501789
91.05943320014929
91.12274719670764
91.18312394257073
91.24055335226895
91.29502783323888
91.34654226473954
91.39509397463912
91.44068271412068
91.48331063035683
91.52298223720523
91.5597043839784
91.59348622234229
91.62433917139931
91.65227688101272
91.67731519343052
91.69947210326809
91.71876771590935
91.73522420438549
91.74886576479112
91.75971857029806
91.7678107238274
91.77317220943992
91.77583484250518
91.77583221870925
91.77319966196258
91.76797417126814
91.76019436661007
91.74990043392229
91.73713406919713
91.72193842179406
91.7043580370085
91.68443879796094
91.66222786686667
91.63777362574679
91.61112561664102
91.58233448138363
91.55145190100389
91.5185305348128
91.48362395923773
91.44678660646737
91.40807370296835
91.3675412079354
91.32524575173721
91.28124457441942
91.2355954643254
91.18835669689412
91.13958697369372
91.08934536174871
91.03769123321814
90.98468420548221
90.93038408169167
90.87485079183449
90.81814433437222
90.7603247184964
90.7014519070529
90.64158576017957
90.58078597970047
90.51911205431787
90.45662320564185
90.39337833509575
90.32943597173477
90.26485422101376
90.19969071453983
90.13400256084464
90.06784629721079
90.00127784258422
89.9343524516035
89.86712466977639
89.7996482898314
89.73197630927217
89.66416088916156
89.59625331416163
89.52830395385519
89.46036222537333
89.39247655735215
89.32469435524007
89.2570619679754
89.18962465605279
89.12242656099573
89.055510676251
88.988918819518
88.92269160652467
88.85686842625904
88.79148741766465
88.72658544780649
88.66219809151158
88.59835961248751
88.5351029459203
88.47245968255203
88.41046005423601
88.34913292096559
88.28850575937082
88.22860465267678
88.16945428211606
88.11107791978729
88.05349742294929
87.99673322973892
87.9408043563
87.88572839530927
87.83152151588403
87.77819846485504
87.72577256938659
87.67425574092515
87.62365848045754
87.57398988505899
87.52525765570981
87.47746810635913
87.43062617421371
87.38473543122875
87.33979809677798
87.29581505148
87.25278585215578
87.21070874789147
87.1695806971798
87.12939738611253
87.09015324759586
87.05184148155938
87.01445407612839
86.9779818297299
86.94241437410112
86.90774019816972
86.87394667277322
86.84102007618542
86.80894562041742
86.77770747826064
86.74728881103822
86.71767179703083
86.68883766054277
86.66076670157297
86.63343832605499
86.60683107663026
86.58092266391832
86.55568999824827
86.53110922181615
86.50715574123244
86.48380426042415
86.46102881385586
86.43880280003354
86.41709901525557
86.39588968757577
86.37514651094538
86.35484067950078
86.33494292196501
86.31542353613217
86.29625242340494
86.27739912335669
86.25883284829108
86.24052251777077
86.22243679308546
86.20454411162964
86.18681272116137
86.16921071391417
86.1517060605336
86.13426664381055
86.11686029218177
86.09945481296782
86.08201802531838
86.06451779283455
86.046922055838
86.02919886325688
86.0113164040994
85.9932430384861
85.97494732821397
85.95639806682667
85.93756430916713
85.91841540038959
85.89892100440753
85.87905113175535
85.85877616684311
85.83806689458484
85.81689452638241
85.79523072544796
85.77304763144824
85.75031788445543
85.72701464818957
85.70311163253851
85.67858311534147
85.65340396342302
85.6275496528647
85.60099628850267
85.57372062264031
85.54570007296527
85.51691273966028
85.4873374216983
85.45695363231337
85.42574161363873
85.39368235050463
85.36075758338964
85.32694982052001
85.29224234911308
85.25661924576153
85.22006538595738
85.18256645275474
85.14410894457106
85.10468018212785
85.0642683145326
85.02286232450425
84.98045203274572
84.93702810146809
84.89258203707178
84.8471061919902
84.80059376570287
84.75303880492586
84.70443620298911
84.65478169841086
84.60407187268018
84.55230414725887
84.49947677981505
84.44558885970152
84.39064030269164
84.33463184498545
84.27756503649915
84.21944223345271
84.16026659027013
84.10004205080703
84.03877333892036
83.97646594839479
83.9131261322416
83.84876089138574
83.7833779627564
83.71698580679778
83.64959359441731
83.58121119338854
83.51184915422574
83.44151869554811
83.37023168895213
83.29800064341067
83.22483868921712
83.15075956149362
83.0757775832832
82.99990764824476
82.92316520297028
82.84556622894378
82.76712722416097
82.6878651844287
82.60779758436401
82.52694235811249
82.44531787980601
82.36294294378014
82.27983674457256
82.19601885672365
82.1115092144005
82.02632809086585
81.9404960778137
81.85403406459194
81.76696321733245
81.6793049580091
81.59108094344278
81.50231304427224
81.41302332391037
81.32323401750445
81.23296751091915
81.14224631976084
81.05109306846124
80.95953046943738
80.86758130234513
80.77526839344445
80.68261459509439
80.58964276539609
80.49637574800079
80.4028363520996
80.30904733261218
80.21503137059017
80.12081105385153
80.02640885786138
79.93184712687514
79.83714805535908
79.74233366970373
79.64742581024552
79.55244611361218
79.4574159954069
79.36235663324635
79.26728895016595
79.17223359840591
79.07721094359079
78.98224104931444
78.88734366214123
78.7925381970332
78.69784372321237
78.60327895046646
78.50886221590531
78.41461147117616
78.32054427014475
78.22667775704883
78.13302865513026
78.03961325575119
77.9464474079997
77.85354650878992
77.76092549346117
77.66859882688038
77.57658049505164
77.48488399723692
77.39352233859188
77.30250802332102
77.21185304835637
77.12156889756352
77.03166653647827
76.94215640757659
76.85304842607968
76.76435197629553
76.67607590849764
76.58822853634081
76.5008176348125
76.41385043871685
76.32733364168723
76.2412733957234
76.15567531124839
76.0705444576804
75.98588536451405
75.90170202290517
75.81799788775265
75.7347758802707
75.65203839104389
75.56978728355669
75.48802389818887
75.40674905666775
75.32596306696915
75.24566572865886
75.16585633866644
75.08653369748275
75.00769611577253
74.929341421393
74.85146696680953
74.77406963689957
74.69714585713682
74.620691602147
74.54470240462665
74.46917336461557
74.3940991591139
74.31947405203344
74.24529190447196
74.17154618529865
74.0982299820382
74.02533601204105
73.9528566339278
73.88078385929485
73.80910936466749
73.73782450368525
73.66692031950468
73.59638755740433
73.5262166775759
73.45639786808611
73.38692105799304
73.31777593060109
73.2489519368389
73.18043830874454
73.11222407304273
73.04429806479878
72.97664894113323
72.90926519498167
72.84213516888506
72.77524706879602
72.70858897788683
72.64214887034608
72.57591462515073
72.50987403980126
72.44401484400656
72.37832471330624
72.31279128261836
72.24740215970023
72.18214493851046
72.11700721246056
72.05197658754393
71.98704069533032
71.92218720581472
71.85740384011028
71.7926783829743
71.72799869515715
71.66335272556414
71.59872852322
71.5341142490261
71.46949818730131
71.40486875709853
71.34021452328834
71.27552420740078
71.21078669821523
71.14599106208883
71.08112655301434
71.01618262239836
70.95114892855159
70.88601534588409
70.82077197379786
70.75540914526951
70.68991743511609
70.62428766793735
70.5585109257278
70.49257855515216
70.42648217447802
70.36021368015989
70.29376525306887
70.22712936436247
70.16029878099019
70.09326657083156
70.02602610746393
69.95857107455797
69.89089546989985
69.82299360904025
69.75486012857081
69.68648998902992
69.61787847744094
69.54902120948563
69.47991413131646
69.41055352101122
69.34093598967397
69.27105848218659
69.20091827761561
69.13051298927846
69.05984056447434
68.98889928388527
68.91768776065291
68.84620493913721
68.77445009336233
68.7024228251548
68.63012306197899
68.55755105447494
68.48470737370312
68.41159290810148
68.33820886016017
68.26455674281894
68.19063837559347
68.11645588043629
68.04201167733854
67.96730847967845
67.89234928932254
67.81713739148486
67.7416763493508
67.66596999847198
67.5900224409402
67.51383803934769
67.43742141054159
67.360777419181
67.28391117110496
67.20682800651949
67.1295334930119
67.05203341840084
66.97433378343091
66.89644079432061
66.81836085517217
66.74010056025271
66.66166668615575
66.58306618385178
66.50430617063638
66.42539392198309
66.34633686330734
66.26714256164759
66.18781871726914
66.10837315519599
66.02881381667613
65.94914875058608
65.86938610478019
65.7895341173914
65.70960110809013
65.6295954693082
65.54952565743504
65.46940018399376
65.3892276068055
65.30901652115092
65.22877555093693
65.14851333987737
65.06823854269551
64.98795981635756
64.90768581134621
64.82742516298306
64.74718648280857
64.6669783500284
64.58680930303417
64.5066878310068
64.42662236561019
64.34662127278257
64.26669284463215
64.18684529144294
64.1070867337963
64.02742519481292
63.94786859251969
63.86842473234521
63.789101299747934
63.709905852980974
63.63084581599748
63.55192847150034
63.47316095413999
63.39455024386411
63.31610315942289
63.23782635203356
63.15972629920771
63.081809298745334
63.004081462899656
62.92654871271703
62.84921677255597
62.77209116478958
62.69517720469572
62.61847999553948
62.5420044238523
62.46575515491242
62.38973662843126
62.31395305445012
62.238408409451786
62.1631064326914
62.088050622750245
62.01324423431544
61.93869027518866
61.86439150352686
61.79035042531768
61.71656929209195
61.64305009887539
61.569794582381974
61.4968042194501
61.42408022572329
61.351623554576406
61.27943489628882
61.20751467746544
61.13586306070641
61.064479944526056
60.99336496352191
60.9225174887946
60.85193662861883
60.78162122936601
60.71156987667848
60.64178089689551
60.572252358730566
60.5029820751991
60.433967605795715
60.36520625891916
60.296695094543225
60.22843092713089
60.16041032878865
60.09262963265791
60.025084936540104
59.95777210675208
59.89068678220752
59.82382437871973
59.757180093521065
59.69074890999314
59.624525602601516
59.55850474202804
59.4926807004939
59.42704765726642
59.36159960434269
59.29633035230324
59.23123353632928
59.16630262237663
59.101530913499
59.03691155631309
58.97243754759773
58.90810174101886
58.84389685397263
58.77981547453833
58.715850068533705
58.65199298666521
58.588236471766315
58.52457266611696
58.46099361883801
58.39749129335433
58.334057574920266
58.27068427820102
58.20736315490278
58.14408590144454
58.08084416666394
58.017629559549775
57.95443365699366
57.891248011553145
57.828064159218556
57.76487362717562
57.701667941556295
57.63843863517029
57.575177255210164
57.51187537092288
57.44852458124056
57.385116522364044
57.3216428752924
57.25809537329114
57.19446580929211
57.13074604321763
57.06692800922154
57.00300372284009
56.93896528804571
56.87480490419743
56.81051487288185
56.74608760463882
56.68151562556618
56.61679158379802
56.55190825585122
56.4868585528357
56.42163552652395
56.3562323752756
56.29064244981365
56.2248592588492
56.1588764745516
56.09268793786092
56.02628766363987
55.95966984566204
55.892828861433124
55.82575927684193
55.75845585063863
55.69091353873777
55.623127498343855
55.55509309189765
55.486805890840834
55.41826167919661
55.34945645696323
55.28038644331779
55.21104807962795
55.14143803226987
55.07155319525035
55.00139069263182
54.93094788075857
54.86022235028313
54.78921192799161
54.71791467842721
54.64632890531065
54.5744531527565
54.50228620628483
54.42982709362699
54.35707508532429
54.28402969511868
54.210690680134725
54.137058040852
54.063132020867016
53.98891310644436
53.91440202585724
53.839599748518225
53.764507483900985
53.689126680254475
53.61345902311106
53.537506433590835
53.461271066504395
53.38475530825687
53.30796177455633
53.23089330793002
53.15355297505178
53.07594406388435
52.99807008064053
52.919934746567975
52.84154199456199
52.76289596561102
52.68400100507935
52.60486165883148
52.525482669202546
52.445868970819305
52.36602568627629
52.28595812167194
52.20567176200964
52.12517226646847
52.044465463548505
51.96355734609554
51.88245406620942
51.801161930040195
51.71968739247663
51.63803705173146
51.55621764382797
51.47423603699277
51.39209922596043
51.3098143261956
51.22738856803826
51.14482929077783
51.06214393666172
50.979340044843774
50.89642524527769
50.81340725256077
50.73029385973367
50.64709293204171
50.56381240066329
50.48046025641096
50.39704454341082
50.31357335276575
50.23005481620779
50.146497099745
50.0629083973076
49.97929692439893
49.895670911756746
49.81203859903112
49.72840822848453
49.64478803871972
49.561186258440635
49.47761110025109
49.39407075449528
49.310573383144764
49.2271271137358
49.14374003336129
49.060420182721394
48.97717555023737
48.89401406623423
48.810943597198296
48.727971940115786
48.64510681689861
48.56235586890366
48.47972665155182
48.397226629052525
48.31486316923947
48.232643538523476
48.15057489696791
48.06866429349209
47.986918661207724
47.90534481289292
47.823949436607975
47.74273909145718
47.661720203500536
47.58089906181847
47.50028181473273
47.4198744661867
47.339682872288066
47.25971273801623
47.17996961409655
47.100458894043086
47.0211858113711
46.9421554369808
46.86337267671412
46.784842269086326
46.706568783194385
46.628556616803806
46.55080999461565
46.47333296671498
46.39612940720123
46.31920301300006
46.24255730285604
46.16619561650482
46.09012111402343
46.014336775356654
45.938845400017456
45.863649606959044
45.78875183461612
45.71415434111306
45.63985920463689
45.56586832397279
45.49218341919955
45.41880603254272
45.34573752938293
45.27297909941667
45.20053175796757
45.12839634744621
45.0565735389567
44.98506383404812
44.91386756660957
44.84298490490751
44.77241585376426
44.7021602568757
44.63221779926626
44.56258800987934
44.49327026430132
44.4242637876165
44.35556765739023
44.28718080677687
44.21910202774951
44.151329974448124
44.083863166642125
44.01669999330313
43.94983871628347
43.88327747409517
43.81701428578379
43.75104705489208
43.68537357350767
43.61999152638857
43.55489849516045
43.4900919625801
43.425569316858805
43.3613278560398
43.29736479242383
43.23367725703668
43.170262304133196
43.10711691573221
43.04423800617685
42.9816224267147
42.91926697009257
42.85716837516055
42.79532333148007
42.733728483930356
42.6723804373076
42.61127576091196
42.55041099311706
42.48978264591717
42.42938720944711
42.369221156470765
42.30928094683424
42.249563031879866
42.190063858816934
42.130779875045285
42.0717075324277
42.012843291507416
41.95418362566739
41.89572502522868
41.83746400148585
41.77939709067778
41.721520857891626
41.663831900897215
41.60632685390943
41.549002391275856
41.49185523108668
41.434882138704104
41.37807993020869
41.32144547576025
41.26497570287075
41.20866759958739
41.1525182175833
41.0965246751531
41.04068416011064
40.984993932585844
40.92945132771752
40.87405375823875
40.818798716951456
40.76368377908717
40.70870660455086
40.653864940044805
40.59915662106955
40.54457957380004
40.49013181683483
40.43581146281656
40.38161671992225
40.327545893221895
40.273597385904
40.21976970036684
40.16606143917471
40.112471305878614
40.05899810570156
40.00564074608877
39.95239823712336
39.89926969180851
39.846254326217434
39.79335145951234
39.74056051383445
39.68788101406699
39.6353125874727
39.58285496320764
39.53050797171284
39.47827154398561
39.42614571073233
39.374130601404204
39.32222644311764
39.2704335594604
39.21875236918493
39.16718338479046
39.1157272109956
39.06438454310319
39.01315616525943
38.96204294860951
38.91104584935181
38.860165906693396
38.809404240709625
38.758762050111045
38.70824060992078
38.65784126906567
38.60756544788467
38.55741463555802
38.50739038746076
38.45749432244452
38.40772812005201
38.35809351766875
38.308592307616095
38.25922633419003
38.20999749064987
38.16090771616149
38.111958992699556
38.06315334191328
38.0144928219608
37.96597952431756
37.91761557056361
37.86940310915486
37.8213443121827
37.77344137212589
37.72569649859793
37.6781119150931
37.630689855733635
37.58343256202062
37.536342279591
37.4894212549832
37.44267173241377
37.3960959505676
37.34969613940413
37.30347451698188
37.25743328630343
37.21157463218278
37.16590071813712
37.12041368330525
37.07511563939513
37.03000866766293
36.98509481592654
36.94037609561584
36.89585447886284
36.8515318956345
36.807410230911806
36.76349132191799
36.719776955398935
36.67626886495869
36.632968728453214
36.58987816544586
36.54699873472784
36.50433193190678
36.46187918706641
36.41964186250032
36.37762125052267
36.335818571358395
36.29423497111559
36.25287151984258
36.21172920967205
36.17080895305502
36.13011158108662
36.08963784192519
36.04938839930599
36.00936383115015
35.969564628269545
35.929991193167886
35.89064383893827
35.85152278825762
35.812628172478064
35.77396003081508
35.735518309632475
35.69730286182402
35.65931344629171
35.621549727520396
35.58401127524876
35.54669756423652
35.5096079741271
35.472741789405625
35.43609819945163
35.399676298686295
35.3634750868137
35.32749346915585
35.29173025708143
35.256184168528186
35.22085382861882
35.18573777037073
35.150834435499
35.116142175312056
35.081659251699186
35.04738383820921
35.01331402121934
34.97944780119294
34.94578309402444
34.912317732469624
34.879049467659534
34.845975970696166
34.81309483432809
34.780403574703904
34.74789963320122
34.71558037832889
34.68344310769967
34.65148505007087
34.61970336745039
34.58809515726582
34.55665745459404
34.52538723444908
34.49428141412576
34.4633368555969
34.43255036796179
34.40191870994388
34.37143859243556
34.34110668108766
34.31091959894135
34.2808739290996
34.250966217434964
34.22119297533017
34.19155068244807
34.16203578952748
34.132644721201316
34.10337387883381
34.074219643373866
34.045178378221536
34.01624643210455
33.98742014196195
33.958695835831875
33.930069835740724
33.90153846059049
33.873098029041344
33.84474486238652
33.816475287416225
33.78828563926727
33.76017226425496
33.73213152268376
33.704159791633415
33.67625346771713
33.648408969808585
33.62062274173489
33.59289125493295
33.56521101106675
33.53757854460342
33.50999042534606
33.48244326092161
33.45493369922194
33.42745843079659
33.40001419119572
33.372597763261794
33.345205979368686
33.31783572360693
33.29048393391376
33.26314760414674
33.235823786099886
33.20850959146115
33.18120219371018
33.15389882995554
33.12659680271081
33.09929348160908
33.07198630505546
33.044672781816914
33.01735049254863
32.99001709125598
32.96267030669132
32.935307943684776
32.9079278844079
32.88052808956921
32.85310659954028
32.82566153541124
32.79819109997446
32.77069357863478
32.74316734024454
32.715610837861774
32.68802260942975
32.660401278376455
32.63274555413254
32.605054232566474
32.577326196335704
32.5495604151527
32.52175594596481
32.4939119330471
32.466027608007025
32.438102289700524
32.4101353840593
32.382126383829316
32.35407486822113
32.32598050247317
32.29784303732923
32.26966230843165
32.241438235631605
32.213170822218174
32.18486015406806
32.15650639871809
32.128109804362666
32.09967069877838
32.07118948817866
32.04266665600106
32.01410276163038
31.985498439060233
31.956854395495537
31.928171409898464
31.899450331480278
31.87069207814191
31.841897634866353
31.813068052066154
31.78420444388915
31.755307986485303
31.726379916237573
31.697421527959687
31.668434173063314
31.639419257696755
31.610378240857397
31.581312632480074
31.55222399150325
31.523113923914803
31.493984080779125
31.464836156247326
31.435671885552193
31.406493042989563
31.377301439887567
31.34809892256505
31.318887370280272
31.289668693170917
31.26044483018635
31.23121774701287
31.20198943399243
31.17276190403556
31.143537190529322
31.11431734524127
31.085104436220185
31.055900545694506
31.02670776796942
30.99752820732366
30.968363975907188
30.939217191640985
30.910089976120453
30.880984452524025
30.851902743528747
30.8228469692343
30.793819245097303
30.76482167987769
30.735856373598843
30.706925415522996
30.678030882143226
30.649174835193158
30.62035931967575
30.59158636191234
30.562857967613162
30.53417611997063
30.50554277777659
30.476959873564574
30.448429311777893
30.419952966964395
30.391532681998715
30.363170266332762
30.334867494275276
30.306626103301316
30.2784477923926
30.250334220409773
30.222287004497705
30.194307718524815
30.1663978915573
30.138559006369096
30.110792497988346
30.083099752280877
30.05548210457116
30.027940838301138
30.000477183727558
29.973092316658242
29.945787357228173
29.918563368716296
29.891421356403956
29.864362266476096
29.837386984966205
29.81049633674633
29.783691084563433
29.756971928123253
29.730339503222954
29.70379438093349
29.67733706683237
29.65096800028744
29.624687553792374
29.59849603235418
29.57239367293309
29.546380643935038
29.520457044756995
29.4946229053852
29.46887818604651
29.44322277691313
29.417656497860804
29.392179098280565
29.3667902569442
29.34148958192347
29.316276610563023
29.291150809506803
29.26611157477751
29.24115823190894
29.216290036130772
29.191506172605358
29.16680575671583
29.14218783440498
29.11765138256419
29.09319530947198
29.06881845528133
29.044519592555247
29.020297426849908
28.99615059734512
28.972077677522037
28.94807717588793
28.924147536747995
28.900287141024222
28.876494307121533
28.852767291841502
28.829104291343725
28.805503442154702
28.781962822224102
28.75848045202812
28.735054295719518
28.71168226232393
28.68836220698179
28.665091932235182
28.64186918935857
28.618691679732276
28.595557056257487
28.57246292481153
28.549406845742137
28.526386335399646
28.50339886770598
28.48044187575928
28.457512753473363
28.43460885725113
28.411727507691236
28.38886599132712
28.36602156239746
28.343191444647
28.320372833156508
28.29756289620067
28.274758777132572
28.251957596293604
28.229156452947702
28.20635242723858
28.183542582168652
28.16072396559809
28.137893612262527
28.11504854580809
28.09218578084238
28.06930232500005
28.04639518102209
28.023461348848198
28.000497827721542
27.977501618305148
27.954469724809023
27.931399157126712
27.908286932979784
27.88513008006884
27.861925638229586
27.83867066159234
27.815362220743445
27.79199740488692
27.7685733240047
27.745087111013724
27.72153592391785
27.69791694795247
27.67422739771967
27.650464519311775
27.62662559242127
27.602707932434605
27.578708892507898
27.554625865622675
27.53045628661973
27.506197634209023
27.481847432953508
27.45740325522467
27.43286272312735
27.40822351039167
27.38348334422985
27.358640007155763
27.333691338765185
27.308635237474526
27.283469662215673
27.258192634085013
27.232802237944803
27.20729662397499
27.181674009173882
27.155932678806032
27.130070987795808
27.10408736206516
27.07798029981406
27.051748372742185
27.025390227210284
26.99890458533996
26.97229024605058
26.94554608603217
26.918671060653157
26.891664204801845
26.86452463366054
26.83725154341146
26.809844211873656
26.782301999070047
26.754624347723894
26.726810783684147
26.698860916278893
26.670774438596215
26.642551127691906
26.614190844723783
26.5856935350126
26.55705922802976
26.528288037312098
26.499380160303776
26.47033587812574
26.44115555527303
26.411839639240345
26.382388660076447
26.35280322986829
26.323084042155802
26.29323187127834
26.26324757165371
26.23313207699103
26.2028863994387
26.172511628668747
26.1420089308988
26.111379547853108
26.080624795664036
26.049746063715375
26.018744813428995
25.98762257699663
25.956380956058624
25.92502162033172
25.893546306187986
25.8619568151873
25.830255012565928
25.79844282568378
25.766522242432686
25.73449530960805
25.70236413124583
25.67013086692701
25.63779773005156
25.605366986083894
25.572840950771834
25.540221988340917
25.5075125096658
25.474714970420465
25.44183186920857
25.408865745675385
25.37581917860281
25.342694783989245
25.309495213115852
25.27622315060107
25.242881312445277
25.209472444067572
25.175999318336707
25.14246473359823
25.108871511699604
25.07522249601503
25.0415205494714
25.007768552576678
24.97396940145198
24.94012600586846
24.90624128728997
24.87231817692226
24.83835961376958
24.804368542699546
24.770347912517348
24.736300674050124
24.70222977824214
24.668138174261298
24.634028807617522
24.59990461829373
24.56576853889022
24.53162349278305
24.497472392297038
24.463318136893758
24.429163611374957
24.395011684101956
24.3608652052318
24.326727004970916
24.292599891846788
24.258486650998332
24.224390042485435
24.190312799618322
24.156257627307394
24.12222720043415
24.08822416224366
24.05425112275928
24.020310657220573
23.98640530454544
23.952537565817646
23.918709902800924
23.884924736480606
23.85118444563387
23.817491365429227
23.783847786055823
23.750255951382833
23.716718057649338
23.683236252185118
23.64981263216263
23.616449243380266
23.583148079076956
23.549911078778088
23.516740127172916
23.48363705302385
23.450603628107935
23.417641566190987
23.384752522035036
23.35193809044012
23.31919980532158
23.286539138823834
23.25395750047165
23.22145623635965
23.18903662838057
23.156699893493204
23.124447183031045
23.092279582052733
23.0601981087354
23.028203713811855
22.996297280052353
22.964479621791448
22.93275148450065
22.901113544407572
22.869566408162434
22.83811061255293
22.806746624268616
22.77547483971583
22.74429558488416
22.713209115265133
22.682215615823655
22.65131520102236
22.62050791489907
22.589793731197407
22.559172553550358
22.52864421571633
22.498208481867014
22.46786504692648
22.4376135369609
22.407453509618538
22.377384454619634
22.347405794295756
22.317516884177994
22.287717013633316
22.25800540654851
22.228381222060907
22.198843555335262
22.169391438386274
22.14002384094613
22.110739671376454
22.081537777623968
22.052416948219363
22.023375913318635
21.994413345786118
21.965527862318314
21.93671802460759
21.907982340544894
21.879319265460712
21.850727203403753
21.82220450845705
21.793749486091205
21.765360394554538
21.73703544629979
21.708772809446685
21.68057060928001
21.652426929782592
21.624339815202518
21.596307271654013
21.568327268751347
21.540397741274916
21.51251659086867
21.484681687768187
21.456890872558915
21.429141957964077
21.401432730661725
21.37376095313033
21.346124365522144
21.318520687563336
21.290947620479955
21.263402848948687
21.235884043070968
21.20838886036907
21.180914947802734
21.153459943804904
21.12602148033494
21.098597184947522
21.071184682875298
21.04378159912349
21.016385560574662
20.988994198101835
20.961605148688335
20.934216057552703
20.906824580277032
20.879428384936915
20.852025154230915
20.824612587607163
20.797188403384695
20.76975034086712
20.74229616244625
20.714823655693234
20.687330635434588
20.659814945810464
20.632274462312235
20.604707093796375
20.577110784471696
20.549483515857272
20.52182330870829
20.49412822490717
20.466396369317376
20.438625891597408
20.410814987972483
20.38296190296111
20.355064931053786
20.327122418341016
20.29913276408794
20.2710944222527
20.243005902945864
20.214865773828304
20.18667266144507
20.158425252492858
20.13012229501876
20.101762599548206
20.073345040139966
20.04486855536629
20.01633214921642
19.98773489192217
19.959075920704347
19.93035444043917
19.90156972424381
19.87272111398024
19.843808020676924
19.814829924867773
19.785786376847987
19.7566769968464
19.727501475114188
19.69825957192989
19.668951117520542
19.639576011898832
19.610134224616154
19.58062579443176
19.55105082889846
19.521409503865378
19.491702062898405
19.461928816619142
19.432090141963265
19.402186481359358
19.372218341829402
19.342186294012343
19.312090971112404
19.281933067773814
19.25171333888354
19.22143259830363
19.191091717534754
19.160691624312754
19.130233301139974
19.0997177837533
19.069146159530924
19.038519565840026
19.00783918832777
18.977106259158056
18.946322055196468
18.915487896145997
18.88460514263624
18.85367519426898
18.82269948762316
18.791679494222556
18.76061671846968
18.729512695549847
18.69836898930949
18.667187190112944
18.635968912681736
18.604715793920466
18.57342949073305
18.542111677833052
18.510764045551586
18.479388297646384
18.44798614911537
18.4165593240181
18.3851095533083
18.353638572680712
18.322148120435646
18.290639935364556
18.259115754659735
18.22757731185114
18.196026334773467
18.164464543566613
18.132893648712486
18.10131534911118
18.069731330199506
18.038143262115046
18.006552797908927
17.974961571810542
17.943371197547396
17.911783266723223
17.880199347257264
17.848620981887553
17.817049686740848
17.785486949971716
17.75393423047301
17.722392956659736
17.690864525328227
17.65935030059241
17.627851612898827
17.596369758121728
17.564905996739345
17.533461553091957
17.50203761472223
17.47063533179797
17.439255816617138
17.40790014319487
17.376569346932005
17.345264424364647
17.31398633299418
17.282735991197203
17.25151427821456
17.220322034218416
17.18916006045632
17.15802911947117
17.12692993539571
17.09586319432032
17.064829544732707
17.033829598028035
17.00286392908771
16.971933076925268
16.941037545397762
16.910177803981014
16.879354288607004
16.848567402561486
16.817817517439693
16.787104974157927
16.75643008401866
16.725793129826855
16.695194367055308
16.664634025056614
16.63411230831923
16.603629397765133
16.573185452086264
16.54278060911669
16.512414987237023
16.482088686807785
16.451801791628284
16.421554370417496
16.391346478313366
16.361178158387006
16.33104944316831
16.30096035617943
16.270910913472406
16.240901125167312
16.210930996987372
16.181000531787518
16.151109731072793
16.121258596503253
16.091447131382097
16.06167534212375
16.031943239698748
16.00225084105257
15.972598170495743
15.942985261062686
15.913412155836907
15.88387890924025
15.854385588283902
15.82493227377874
15.795519061502615
15.766146063322195
15.736813408267123
15.707521243554252
15.678269735559736
15.649059070736852
15.619889456477564
15.590761121915845
15.56167431867098
15.532629321529113
15.50362642906151
15.474665964178113
15.445748274615168
15.416873733355953
15.388042738983795
15.359255715966778
15.330513114873721
15.30181541252092
15.273163112049101
15.244556742930111
15.215996860903015
15.187484047839487
15.159018911538436
15.130602085449976
15.102234228328978
15.073916023818537
15.045648179963745
15.017431428656163
14.989266525009537
14.961154246667485
14.933095393043894
14.905090784496915
14.877141261437723
14.849247683375333
14.821410927898848
14.793631889598624
14.765911478927942
14.73825062100668
14.710650254368511
14.683111329653167
14.655634808245475
14.628221660863014
14.600872866094372
14.573589408890067
14.546372279008231
14.519222469417095
14.492140974656202
14.465128789158562
14.438186905536021
14.411316312830245
14.384517994731631
14.357792927768536
14.331142079469181
14.304566406498843
14.27806685277492
14.251644347562639
14.225299803554186
14.199034114933902
14.172848155432199
14.14674277637089
14.120718804702653
14.094777041047484
14.068918257729186
14.04314319681483
14.01745256816003
13.991847047462988
13.966327274330473
13.940893850358853
13.915547337233326
13.890288254848434
13.86511707945292
13.840034241821959
13.815040125459523
13.790135064833581
13.765319343646826
13.740593193145632
13.71595679046985
13.691410257046034
13.666953657026486
13.642586995776416
13.618310218411384
13.594123208387334
13.570025786145411
13.546017707813565
13.522098663966649
13.498268278446703
13.4745261072449
13.450871637446498
13.427304286240004
13.403823399991767
13.38042825338731
13.357118048640588
13.33389191477241
13.310748906959192
13.287688005953173
13.264708117575099
13.241808072280222
13.218986624798347
13.196242453848512
13.17357416192857
13.150980275179734
13.12845924332602
13.10600943968845
13.083629161273691
13.06131662893678
13.039069987617353
13.016887306648824
12.99476658013978
12.972705727426755
12.950702593597397
12.928754950083102
12.906860495320187
12.885016855478595
12.863221585257149
12.841472168744358
12.819766020343762
12.79810048576267
12.776472843063043
12.754880303773117
12.733320014058389
12.711789055950529
12.690284448632763
12.668803149780185
12.647342056953388
12.625898009043947
12.604467787770215
12.583048119221825
12.561635675451223
12.540227076110606
12.518818890132659
12.497407637453458
12.475989790775765
12.454561777370865
12.433119980917207
12.411660743374066
12.390180366888481
12.368675115733845
12.347141218278518
12.325574868982834
12.303972230422922
12.282329435339754
12.260642588711953
12.238907769850762
12.217121034515749
12.1952784170498
12.173375932532032
12.151409578947302
12.129375339370945
12.1072691841674
12.085087073201258
12.062824958059286
12.040478784281936
12.018044493602849
11.995518026194878
11.972895322921124
11.95017232758966
11.9273449892107
11.904409264255
11.881361118912187
11.858196531347792
11.83491149395781
11.81150201561967
11.787964123938512
11.764293867487599
11.74048731804162
11.716540572801723
11.69244975661113
11.668211024160104
11.643820562178934
11.6192745916176
11.594569369810916
11.569701192627864
11.544666396603946
11.519461361055379
11.494082510174097
11.468526315102539
11.442789295987227
11.416868024010073
11.390759123396181
11.364459273396934
11.337965210247207
11.311273729095506
11.284381685905686
11.257285999328843
11.229983652543837
11.202471695064915
11.174747244514862
11.1468074883621
11.118649685620099
11.090271168507371
11.061669344066473
11.032841695740544
11.003785784906
10.974499252360088
10.94497981976191
10.915225291025562
10.885233553664191
10.855002580083818
10.824530428825737
10.793815245756333
10.762855265203113
10.731648811035795
10.70019429769131
10.668490231141673
10.63653520980375
10.604327925389935
10.571867163698723
10.539151805344058
10.506180826422561
10.472953299117801
10.43946839224088
10.405725371706662
10.37172360094507
10.337462541246875
10.30294175204349
10.268160891120383
10.233119714763825
10.197818077840816
10.162255933812043
10.126433334677666
10.090350430855702
10.054007470992781
10.017404801707096
9.980542867263347
9.943422209179438
9.906043465764704
9.868407371589534
9.830514756886394
9.792366546882256
9.7539637610626
9.715307512367225
9.67639900631817
9.637239540080166
9.59783050145409
9.558173367803994
9.518269704918216
9.478121165805197
9.437729489424632
9.397096499354765
9.356224102396672
9.315114287116463
9.273769122326405
9.232190755506123
9.19038141116516
9.148343389148149
9.106079062884088
9.063590877581273
9.02088134836946
8.977953058390899
8.934808656841927
8.891450856966916
8.847882434006376
8.804106223101012
8.760125117153487
8.71594206464979
8.671560067442181
8.626982178495597
8.582211499599312
8.53725117904577
8.492104409278555
8.446774424511483
8.401264498320737
8.355577941211955
8.309718098164304
8.26368834615355
8.21749209165614
8.171132768136275
8.124613833518026
8.077938767644582
8.031111069726684
7.98413425578235
7.937011856070028
7.889747412517244
7.842344476146826
7.794806604502886
7.747137359078733
7.6993403027488565
7.651418997207121
7.603377000413286
7.555217864049998
7.506945130992482
7.45856233279314
7.410072987183252
7.361480595593928
7.312788640698425
7.2640005839778645
7.21511986331237
7.1661498905996295
7.117094049402925
7.06795569263065
7.018738140249321
6.969444677032039
6.920078550344266
6.870642967968772
6.821141095971592
6.77157605661094
6.721950926290853
6.672268733561297
6.622532457166444
6.572745024142727
6.522909307968291
6.473028126765392
6.42310424155729
6.3731403545811105
6.323139107658071
6.2731030806223975
6.223034789810156
6.172936686609211
6.122811156071406
6.072660515587975
6.022487013629137
5.972292828548737
5.92208006745477
5.871850765146516
5.821606883118929
5.771350308634912
5.721082853865998
5.670806255101891
5.6205221720293
5.5702321870804035
5.5199378048511925
5.469640451589836
5.4193414747551385
5.369042142645145
5.318743644095899
5.268447088250379
5.218153504397537
5.167863841881365
5.117578970079935
5.067299678454413
5.01702667666804
4.966760594774955
4.916501983478725
4.8662513144603645
4.816008980775572
4.765775297320787
4.71555050136763
4.665334753165233
4.6151281366098615
4.564930659981137
4.51474225674405
4.464562786415942
4.414392035497509
4.364229718466816
4.314075478835249
4.263928890264338
4.213789457742267
4.16365661881885
4.113529744897589
4.063408142583432
4.013291055084779
3.963177663668213
3.913067089164376
3.8629583935233684
3.8128505814179765
3.7627426018930277
3.712633350059118
3.662521668828937
3.6124063506943673
3.5622861395425107
3.51215973250877
3.462025781865086
3.4118828969414308
3.3617296460786172
3.311564558610437
3.261386126873118
3.211192808240062
3.160983027179783
3.110755177334942
3.0605076236203614
3.0102387043378878
2.959946733305963
2.9096300020017734
2.8592867817138417
2.8089153257029267
2.758513871369061
2.7080806424225687
2.6576138510569147
2.607111700121233
2.5565723852903828
2.505994097230384
2.4553750237571053
2.40471335198607
2.354007270471266
2.303254971330846
2.2524546523576117
2.2016045191122013
2.1507027869969355
2.099747683308304
2.0487374492660892
1.9976703420171613
1.9465446366119896
1.8953586279519519
1.84411063270554
1.792798991191601
1.7414220692277786
1.6899782599423958
1.6384659855480619
1.586883699075355
1.5352298860649722
1.483503066216818
1.4317017949945454
1.3798246651841168
1.3278703084050087
1.2758373965727254
1.2237246433113402
1.1715308053148474
1.1192546836561543
1.0668951250426084
1.014451023017027
0.9619213191032651
0.9093050038954064
0.856601118089707
0.8038087534584926
0.7509270537652724
0.6979552156204001
0.6448924892766834
0.591738179364413
0.5384916455653531
0.48515230322530434
0.4317196239049078
0.37819313586843084
0.3245724245103329
0.2708571327194768
0.2170469611809151
0.16314166861524423
0.1091410719555863
0.055045046462326226
0.000853525775800698
-0.053433498092800756
-0.10781597483199583
-0.1622937959616403
-0.2168667950251758
-0.27153474784197684
-0.32629737281921717
-0.38115433132261384
-0.4361052281053464
-0.49114961179438904
-0.5462869754334372
-0.6015167570815518
-0.6568383404665885
-0.7122510556924277
-0.7677541799989724
-0.8233469385738296
-0.8790285054145471
-0.9347980042402256
-0.9906545094512805
-1.0465970471360848
-1.1026245961231775
-1.1587360890776865
-1.2149304136405616
-1.2712064136091883
-1.3275628901579206
-1.3839986030970228
-1.4405122721684673
-1.497102578376991
-1.5537681653547806
-1.6105076407581334
-1.6673195776944059
-1.7242025161775478
-1.781154964610484
-1.8381754012925842
-1.895262275950438
-1.952414011290136
-2.0096290045692413
-2.0669056291866252
-2.124242236288309
-2.18163715638745
-2.2390887009965743
-2.296595164270159
-2.354154824655644
-2.411765946550934
-2.469426781966442
-2.5271355721897404
-2.5848905494508774
-2.6426899385864133
-2.7005319587002234
-2.758414824819126
-2.816336749541395
-2.874295944676209
-2.932290622872095
-2.9903189992324637
-3.048379292916355
-3.10646972872253
-3.1645885386550643
-3.2227339634686314
-3.280904254191683
-3.3390976736257594
-3.397312497819155
-3.455547017513184
-3.513799539559295
-3.5720683883053232
-3.6303519069491568
-3.688648458858152
-3.7469564288526573
-3.805274224452012
-3.863600277081462
-3.921933043238474
-3.9802710056169586
-4.038612674187994
-4.0969565872356375
-4.155301312346473
-4.21364544735156
-4.271987621219523
-4.33032649489957
-4.3886607621133
-4.446989150094293
-4.50531042027447
-4.563623368916326
-4.6219268276902
-4.680219664195865
-4.738500782427761
-4.7967691231833
-4.85502366441367
-4.913263421516666
-4.971487447571219
-5.029694833513409
-5.0878847082538154
-5.14605623873615
-5.204208629937191
-5.262341124808109
-5.320453004157279
-5.37854358647479
-5.436612227698965
-5.4946583209252395
-5.5526812960579335
-5.610680619405549
-5.6686557932203385
-5.726606355182959
-5.784531877833125
-5.842431967947165
-5.900306265863514
-5.958154444757306
-6.015976209865287
-6.0737712976623905
-6.13153947499135
-6.18928053814677
-6.246994311915104
-6.304680648572132
-6.362339426839556
-6.419970550802349
-6.477573948788512
-6.535149572212961
-6.592697394387289
-6.650217409297251
-6.707709630349785
-6.765174089091512
-6.822610833900729
-6.880019928654914
-6.937401451375759
-6.994755492853852
-7.052082155255103
-7.109381550711124
-7.166653799895646
-7.223899030589213
-7.281117376234353
-7.338308974483472
-7.395473965741734
-7.45261249170719
-7.509724693910483
-7.566810712256467
-7.623870683570145
-7.680904740149279
-7.737913008326052
-7.794895607040039
-7.85185264642478
-7.908784226410197
-7.965690435343077
-8.022571348627807
-8.07942702738957
-8.136257517162157
-8.193062846602487
-8.249843026233947
-8.30659804722059
-8.36332788017421
-8.42003247399623
-8.476711754756238
-8.533365624609011
-8.589993960751693
-8.64659661442287
-8.70317340994526
-8.759724143813594
-8.81624858382918
-8.872746468282402
-8.929217505184399
-8.985661371549115
-9.04207771272691
-9.09846614179086
-9.154826238976776
-9.211157551177873
-9.267459591494994
-9.323731838843155
-9.379973737615227
-9.436184697403522
-9.492364092779912
-9.548511263135072
-9.60462551257736
-9.660706109891738
-9.716752288559096
-9.77276324683628
-9.828738147897004
-9.88467612003375
-9.940576256920613
-9.996437617937024
-10.052259228552279
-10.108040080770499
-10.163779133635662
-10.2194753137962
-10.275127516128583
-10.330734604419197
-10.386295412103756
-10.441808743063369
-10.497273372476478
-10.552688047725972
-10.608051489360697
-10.663362392110464
-10.718619425953513
-10.773821237235289
-10.828966449837246
-10.884053666394273
-10.939081469559364
-10.994048423314164
-11.048953074323942
-11.103793953335535
-11.15856957661675
-11.213278447435693
-11.26791905757842
-11.322489888903329
-11.376989414930629
-11.431416102465102
-11.485768413250266
-11.540044805652013
-11.594243736369759
-11.648363662173164
-11.702403041662361
-11.756360337049454
-11.810234015959065
-11.864022553245757
-11.917724432826102
-11.971338149523174
-12.024862210921269
-12.078295139228613
-12.131635473145705
-12.184881769736988
-12.23803260630359
-12.291086582254804
-12.344042320976042
-12.396898471690958
-12.449653711315504
-12.502306746301599
-12.55485631446821
-12.60730118681758
-12.65964016933431
-12.71187210476505
-12.763995874376548
-12.816010399689844
-12.86791464418836
-12.919707614997634
-12.971388364534505
-13.022955992123501
-13.074409645578372
-13.12574852274682
-13.176971873016443
-13.228078998780036
-13.279069256858437
-13.329942059879274
-13.380696877610108
-13.431333238244479
-13.481850729639422
-13.532249000502848
-13.582527761529239
-13.632686786482314
-13.68272591322351
-13.732645044685189
-13.782444149787384
-13.832123264297028
-13.88168249162867
-13.931122003585859
-13.98044204104247
-14.029642914563402
-14.078725004963934
-14.127688763807035
-14.176534713837802
-14.225263449354392
-14.273875636514964
-14.32237201358017
-14.370753391090764
-14.41902065197997
-14.467174751620298
-14.515216717804499
-14.563147650660333
-14.610968722498903
-14.658681177596328
-14.706286331908707
-14.75378557272031
-14.801180358225032
-14.848472217041142
-14.895662747659424
-14.942753617824872
-14.989746563852004
-15.036643389873825
-15.083445967024625
-15.130156232556809
-15.1767761888921
-15.22330790260751
-15.269753503356435
-15.316115182725364
-15.362395193026865
-15.40859584602968
-15.454719511626745
-15.50076861644207
-15.546745642377285
-15.592653125098774
-15.638493652466405
-15.684269862904937
-15.729984443719228
-15.77564012935441
-15.82123969960234
-15.866785977755736
-15.912281828711512
-15.957730157024839
-16.003133904915355
-16.048496050227154
-16.093819604344088
-16.13910761006184
-16.184363139418252
-16.229589291483563
-16.274789190112173
-16.31996598165759
-16.365122832652062
-16.410262927452564
-16.455389465854907
-16.5005056606781
-16.54561473532118
-16.59071992129475
-16.63582445572962
-16.680931578864858
-16.726044531517488
-16.771166552536215
-16.816300876241684
-16.86145072985562
-16.90661933092133
-16.95180988471796
-16.997025581670783
-17.042269594759844
-17.08754507692923
-17.132855158499368
-17.178202944584584
-17.22359151251841
-17.269023909289178
-17.314503148988468
-17.360032210274927
-17.405614033855972
-17.451251519989956
-17.496947526011258
-17.54270486388059
-17.588526297762687
-17.634414541633422
-17.680372256918393
-17.726402050164953
-17.772506470749793
-17.818688008624267
-17.864949092099724
-17.91129208567509
-17.95771928790899
-18.0042329293388
-18.050835170448924
-18.097528099690468
-18.14431373155431
-18.1911940046994
-18.238170780138024
-18.28524583947952
-18.332420883234068
-18.379697529177967
-18.427077310781833
-18.474561675703136
-18.522151984344667
-18.569849508480637
-18.617655429952116
-18.665570839433506
-18.713596735271672
-18.76173402239923
-18.80998351132343
-18.858345917191947
-18.906821858936873
-18.955411858497946
-19.004116340125968
-19.05293562976727
-19.101869954530123
-19.150919442233977
-19.200084121042302
-19.24936391917982
-19.298758664734613
-19.34826808554559
-19.397891809175867
-19.447629362972272
-19.49748017421124
-19.547443570331193
-19.597518779251498
-19.647704929777955
-19.69800105209462
-19.748406078341684
-19.798918843278937
-19.84953808503435
-19.900262445937084
-19.951090473434316
-20.002020621091315
-20.05305124967411
-20.10418062831415
-20.155406935754154
-20.20672826167411
-20.25814260809646
-20.309647890869297
-20.36124194122645
-20.4129225074232
-20.464687256446307
-20.516533775796926
-20.568459575344956
-20.620462089253135
-20.6725386779692
-20.724686630284552
-20.77690316545788
-20.82918543540218
-20.881530526933304
-20.933935464078118
-20.98639721044016
-21.038912671621134
-21.091478697696417
-21.144092085742628
-21.196749582415393
-21.24944788657548
-21.30218365196147
-21.354953489907146
-21.407753972101588
-21.460581633389594
-21.513432974609984
-21.56630446546923
-21.619192547447668
-21.672093636735482
-21.725004127195792
-21.777920393352066
-21.830838793397294
-21.88375567222231
-21.93666736446055
-21.989570197546744
-22.04246049478677
-22.0953345784359
-22.148188772782664
-22.201019407235652
-22.25382281941059
-22.30659535821535
-22.35933338693052
-22.412033286283123
-22.4646914575108
-22.51730432541375
-22.5698683413918
-22.62237998646403
-22.67483577426849
-22.727232254039325
-22.7795660135585
-22.83183368207954
-22.88403193322079
-22.93615748782576
-22.988207116788367
-23.040177643840927
-23.092065948302768
-23.143868967787277
-23.195583700865363
-23.247207209683232
-23.298736622532196
-23.350169136368287
-23.401502019279626
-23.45273261289963
-23.50385833476431
-23.554876680612004
-23.60578522662376
-23.656581631602414
-23.707263639088858
-23.75782907941348
-23.808275871680816
-23.858602025685396
-23.908805643756747
-23.958884922531748
-24.008838154652718
-24.05866373038975
-24.108360139185972
-24.157925971124424
-24.207359918315174
-24.25666077620144
-24.305827444783258
-24.354858929757537
-24.40375434357335
-24.452512906401292
-24.501133947015628
-24.549616903588284
-24.59796132439379
-24.646166868424157
-24.694233305912576
-24.742160518764877
-24.78994850089782
-24.83759735848355
-24.885107310099357
-24.93247868678216
-24.97971193198697
-25.026807601449008
-25.073766362949215
-25.120588995982956
-25.16727639133194
-25.213829550539344
-25.260249585288193
-25.30653771668301
-25.35269527443498
-25.39872369595082
-25.44462452532585
-25.490399412241402
-25.53605011076715
-25.581578478069048
-25.626986473024036
-25.672276154742608
-25.717449681000605
-25.76250930658154
-25.807457381530956
-25.852296349324522
-25.897028744951346
-25.94165719291411
-25.9861844051477
-26.030613178858065
-26.074946394283163
-26.119187012378152
-26.16333807242734
-26.20740268958531
-26.251384052349582
-26.295285419967005
-26.339110119776226
-26.38286154448858
-26.42654314941007
-26.47015844960706
-26.513711017018696
-26.55720447751884
-26.600642507930054
-26.644028832992355
-26.68736722228946
-26.730661487135315
-26.773915477423834
-26.817133078444876
-26.860318207669742
-26.903474811509575
-26.94660686205001
-26.98971835376546
-27.032813300216425
-27.07589573073316
-27.1189696870888
-27.162039220165134
-27.205108386614206
-27.248181245519113
-27.291261855057208
-27.334354269168877
-27.377462534234986
-27.420590685766122
-27.46374274510655
-27.506922716155863
-27.550134582110935
-27.593382302230406
-27.636669808623918
-27.680001003068195
-27.723379753851855
-27.766809892650894
-27.810295211436976
-27.853839459420566
-27.897446340031006
-27.941119507935706
-27.984862566100542
-28.0286790628936
-28.07257248923433
-28.116546275790352
-28.16060379022404
-28.20474833449101
-28.24898314219244
-28.293311375983034
-28.33773612503661
-28.382260402571045
-28.426887143434424
-28.47161920175422
-28.516459348651136
-28.56141027001932
-28.606474564374462
-28.651654740771317
-28.696953216791982
-28.74237231660608
-28.787914269103837
-28.83358120610309
-28.87937516063114
-28.92529806528212
-28.971351750650413
-29.017537943840452
-29.063858267053106
-29.11031423624887
-29.156907259888087
-29.20363863774851
-29.250509559820344
-29.297521105279074
-29.34467424153651
-29.39196982337056
-29.439408592134257
-29.486991175044594
-29.53471808455167
-29.582589717788792
-29.630606356104025
-29.678768164673627
-29.727075192197688
-29.775527370678574
-29.824124515282747
-29.872866324286537
-29.921752379106568
-29.970782144415598
-30.019954968344553
-30.069270082771357
-30.118726603697088
-30.16832353170999
-30.21805975253783
-30.26793403768905
-30.317945045182984
-30.368091320369263
-30.41837129683633
-30.468783297409193
-30.51932553523655
-30.5699961149672
-30.620793034015424
-30.671714183915032
-30.722757351761675
-30.77392022174296
-30.825200376755806
-30.876595300110427
-30.92810237732032
-30.97971889797764
-31.031442057713086
-31.083268960239273
-31.135196619476538
-31.187221961759967
-31.239341828126463
-31.291552976680514
-31.34385208503712
-31.39623575284036
-31.44870050435616
-31.50124279113748
-31.553858994760013
-31.60654542962623
-31.659298345835218
-31.71211393211572
-31.76498831881954
-31.81791758097227
-31.870897741378563
-31.923924773779525
-31.976994606059773
-32.03010312350164
-32.083246172084124
-32.13641956182433
-32.18961907015946
-32.242840445367015
-32.296079410021456
-32.34933166448479
-32.40259289042853
-32.45585875438417
-32.509124911319134
-32.56238700823545
-32.615640687788186
-32.66888159192129
-32.72210536551819
-32.77530766006441
-32.82848413731898
-32.88163047299162
-32.93474236042289
-32.98781551426396
-33.04084567415296
-33.09382860838477
-33.146760117571006
-33.19963603828714
-33.25245224670326
-33.30520466219522
-33.3578892509328
-33.41050202944163
-33.46303906813594
-33.51549649481885
-33.56787049814747
-33.62015733105997
-33.67235331416177
-33.72445483906816
-33.77645837170044
-33.82836045553242
-33.88015771478385
-33.93184685755753
-33.98342467891629
-34.03488806389606
-34.08623399045126
-34.13745953232882
-34.18856186186707
-34.239538252716216
-34.2903860824768
-34.341102835252855
-34.39168610411673
-34.44213359348282
-34.49244312138751
-34.54261262167257
-34.59264014606942
-34.64252386618188
-34.692262075365086
-34.741853190498325
-34.79129575364977
-34.84058843363113
-34.88973002744019
-34.938719461588626
-34.987555793313
-35.036238211666564
-35.08476603848988
-35.133138729258384
-35.181355873805195
-35.229417196917304
-35.27732255880333
-35.325071955431135
-35.372665518734074
-35.42010351668464
-35.46738635323462
-35.51451456812109
-35.56148883653791
-35.608309968672735
-35.654978909109595
-35.701496736097035
-35.74786466068182
-35.79408402570821
-35.84015630468307
-35.8860831005076
-35.93186614407629
-35.97750729274416
-36.02300852866339
-36.068371956990894
-36.11359980396825
-36.158694414875875
-36.20365825186338
-36.24849389165758
-36.29320402314949
-36.337791444861985
-36.38225906230014
-36.426609885186856
-36.470847024586426
-36.51497368991904
-36.55899318586922
-36.60290890919158
-36.64672434541746
-36.69044306546631
-36.734068722165674
-36.77760504668409
-36.82105584488126
-36.86442499357982
-36.90771643676318
-36.95093418170377
-36.99408229502599
-37.037164898708355
-37.080186166029264
-37.12315031746074
-37.1660616165142
-37.2089243655421
-37.251742901499554
-37.29452159166992
-37.337264829359
-37.37997702956231
-37.42266262461003
-37.465326059794435
-37.50797178898465
-37.55060427023328
-37.59322796138001
-37.635847315656505
-37.678466777296975
-37.721090777158494
-37.76372372835503
-37.806370021909274
-37.84903402242598
-37.8917200637906
-37.93443244489701
-37.9771754254089
-38.019953221558964
-38.06277000199036
-38.10562988364477
-38.14853692770167
-38.191495135573504
-38.23450844496112
-38.27758072597355
-38.3207157773155
-38.363917322546214
-38.40718900641336
-38.45053439126541
-38.49395695354626
-38.53746008037585
-38.58104706621991
-38.62472110965204
-38.668485310210755
-38.71234266535406
-38.75629606751447
-38.80034830125713
-38.84450204054325
-38.88875984610074
-38.933124162903695
-38.97759731776209
-39.02218151702311
-39.06687884438582
-39.11169125883128
-39.15662059266986
-39.2016685497075
-39.24683670353226
-39.29212649592295
-39.33753923538159
-39.38307609579157
-39.42873811520342
-39.47452619475012
-39.52044109769411
-39.56648344860775
-39.61265373268912
-39.65895229521532
-39.70537934113519
-39.751934934803266
-39.798618999856835
-39.845431319237484
-39.89237153535799
-39.93943915041489
-39.98663352684667
-40.03395388793705
-40.08139931856254
-40.12896876608283
-40.176661041372476
-40.224474819991535
-40.27240864349243
-40.320460920860505
-40.368629930085426
-40.416913819861
-40.46531061141018
-40.513818200432404
-40.562434359170474
-40.611156738594495
-40.65998287070067
-40.708910170923325
-40.75793594065862
-40.807057369897784
-40.8562715399683
-40.905575426380885
-40.95496590177998
-41.00443973899461
-41.053993614186986
-41.10362411009606
-41.15332771937323
-41.203100848006834
-41.252939818831976
-41.30284087512206
-41.352800184258456
-41.402813841474654
-41.45287787367067
-41.50298824329337
-41.553140852278204
-41.603331546048025
-41.65355611756485
-41.703810311430345
-41.75408982803134
-41.80439032772591
-41.85470743506556
-41.905036743048925
-41.95537381740286
-42.00571420088664
-42.0560534176152
-42.106386977397335
-42.15671038008463
-42.20701911992654
-42.25730868992673
-42.30757458619627
-42.35781231229913
-42.4080173835855
-42.45818533150822
-42.50831170791787
-42.558392089332415
-42.60842208117742
-42.65839732199322
-42.70831348760527
-42.75816629525377
-42.80795150767824
-42.85766493715221
-42.907302449463884
-42.95685996783811
-43.00633347679542
-43.05571902594386
-43.10501273369994
-43.15421079093454
-43.203309464540155
-43.252305100916374
-43.301194129370856
-43.34997306543255
-43.39863851407438
-43.44718717284229
-43.4956158348877
-43.543921391899865
-43.59210083693484
-43.64015126713793
-43.68806988635669
-43.73585400764171
-43.78350105563272
-43.831008568827606
-43.87837420173191
-43.92559572688652
-43.97267103677206
-44.019598145588255
-44.066375190906804
-44.113000435196746
-44.159472267220856
-44.205789203301784
-44.25194988845636
-44.29795309739655
-44.34379773539593
-44.389482839021134
-44.43500757672769
-44.48037124931938
-44.52557329027014
-44.57061326590776
-44.61549087545888
-44.66020595095467
-44.704758456996906
-44.749148490384535
-44.79337627960178
-44.83744218416974
-44.88134669386307
-44.925090427793585
-44.96867413336236
-45.01209868508227
-45.05536508327254
-45.09847445262751
-45.14142804066211
-45.184227216036966
-45.22687346676623
-45.269368398311435
-45.31171373156423
-45.35391130072072
-45.39596305105062
-45.43787103656468
-45.479637417582644
-45.52126445820421
-45.56275452368465
-45.60411007771689
-45.64533367962088
-45.68642798144135
-45.72739572495471
-45.76823973858661
-45.80896293424144
-45.84956830404571
-45.890058917006975
-45.930437915591035
-45.97070851221992
-46.010873985693486
-46.050937677537554
-46.090902988281364
-46.13077337366793
-46.17055234080181
-46.21024344423883
-46.24985028202231
-46.289376491670296
-46.328825746118255
-46.368201749621974
-46.40750823362579
-46.44674895260148
-46.48592767986294
-46.525048203361294
-46.56411432146491
-46.60312983872912
-46.64209856166049
-46.68102429448028
-46.71991083489122
-46.7587619698519
-46.79758147136302
-46.836373092269994
-46.87514056208683
-46.91388758284576
-46.952617824977054
-46.99133492322308
-47.03004247259106
-47.06874402434893
-47.10744308206826
-47.146143097717996
-47.18484746781225
-47.22355952961523
-47.26228255740678
-47.30101975881156
-47.339774271195225
-47.37854915812996
-47.417347405932176
-47.456171920275
-47.495025522878635
-47.53391094828176
-47.572830840696966
-47.61178775095375
-47.65078413353207
-47.68982234369015
-47.72890463469004
-47.76803315512491
-47.807209946351875
-47.84643694003297
-47.8857159557876
-47.92504869895983
-47.96443675850425
-48.00388160499422
-48.04338458875556
-48.08294693812907
-48.12256975786467
-48.16225402765009
-48.20200060077691
-48.24181020294624
-48.28168343121662
-48.32162075309596
-48.36162250577844
-48.40168889552724
-48.441819997203325
-48.4820157539407
-48.52227597696846
-48.56260034557978
-48.602988407247906
-48.643439577888515
-48.6839531422673
-48.72452825455163
-48.76516393900455
-48.8058590908192
-48.8466124770916
-48.88742273793015
-48.928288387699425
-48.96920781639615
-49.01017929115473
-49.051200957879885
-49.092270843003476
-49.13338685536242
-49.174546788195315
-49.21574832125516
-49.25698902303534
-49.29826635310601
-49.33957766455821
-49.380920206553206
-49.42229112697449
-49.46368747517962
-49.50510620484882
-49.54654417692793
-49.58799816266329
-49.62946484672644
-49.67094083042618
-49.71242263500593
-49.75390670502426
-49.79538941181621
-49.836867057032485
-49.87833587625342
-49.91979204267434
-49.9612316708586
-50.00265082055491
-50.0440455005752
-50.085411672729684
-50.126745255815386
-50.16804212965487
-50.209298139181634
-50.25050909856852
-50.2916707953955
-50.33277899485275
-50.37382944397532
-50.414817875905236
-50.45574001417665
-50.49659157701867
-50.537368281670545
-50.57806584870385
-50.61868000634674
-50.65920649480548
-50.69964107057822
-50.73997951075582
-50.780217617304366
-50.82035122132444
-50.860376187282746
-50.900288417211094
-50.940083854867815
-50.97975848985677
-51.01930836169915
-51.058729563853795
-51.09801824768234
-51.1371706263562
-51.17618297870225
-51.215051652984606
-51.25377307062009
-51.292343729825426
-51.3307602091942
-51.36901917120186
-51.40711736563653
-51.44505163295363
-51.48281890755171
-51.52041622096678
-51.55784070498285
-51.59508959465583
-51.63216023124815
-51.66905006507139
-51.70575665823449
-51.74227768729534
-51.77861094581331
-51.814754346800186
-51.850705925066364
-51.886463839459424
-51.922026374992384
-51.95739194485938
-51.99255909233611
-52.02752649256283
-52.06229295420806
-52.09685742101178
-52.13121897320744
-52.16537682882242
-52.19933034485629
-52.23307901833678
-52.26662248725327
-52.29996053136799
-52.33309307290497
-52.36602017711729
-52.398742052732274
-52.431259052274726
-52.46357167226839
-52.49568055331659
-52.52758648006281
-52.55929038103133
-52.5907933283481
-52.62209653734155
-52.6532013660229
-52.684109314445124
-52.714822023940116
-52.74534127623363
-52.77566899243831
-52.805807231924945
-52.83575819107219
-52.86552420189511
-52.89510773055284
-52.924511375735364
-52.9537378669298
-52.98279006256641
-53.011670948045804
-53.04038363364876
-53.06893135233028
-53.097317457399214
-53.12554542008448
-53.153618826989
-53.18154137743235
-53.20931688068353
-53.23694925308607
-53.264442515077434
-53.29180078810529
-53.31902829144323
-53.34612933890881
-53.37310833548682
-53.39996977386076
-53.42671823085496
-53.45335836378999
-53.47989490675431
-53.50633266679503
-53.532676520030385
-53.55893140768726
-53.585102332067585
-53.61119435244715
-53.63721258091088
-53.663162178128665
-53.68904834907611
-53.71487633870377
-53.740651427558966
-53.76637892736395
-53.79206417655471
-53.81771253578493
-53.84332938339961
-53.86892011088296
-53.894490118285525
-53.92004480963548
-53.94558958833873
-53.97112985257244
-53.996670990676854
-54.02221837655029
-54.04777736505222
-54.07335328741946
-54.098951446700234
-54.12457711321057
-54.15023552001768
-54.175931858454966
-54.20167127367299
-54.227458860231
-54.25329965773327
-54.279198646514466
-54.305160743377975
-54.3311907973907
-54.35729358573784
-54.38347380964169
-54.40973609034834
-54.43608496518639
-54.462524883700986
-54.48906020386628
-54.51569518837912
-54.542434001037215
-54.56928070320502
-54.59623925037025
-54.62331348879392
-54.650507152256274
-54.67782385890187
-54.70526710818658
-54.73284027792946
-54.76054662147161
-54.788389264944534
-54.81637120464959
-54.84449530455036
-54.87276429387979
-54.90118076486434
-54.929747170566976
-54.958465822850975
-54.987338890466596
-55.01636839726283
-55.045556220526386
-55.07490408944992
-55.10441358373149
-55.134086132306926
-55.16392301221615
-55.193925347604285
-55.22409410885812
-55.25443011187887
-55.28493401749197
-55.315606330995
-55.346447401844706
-55.37745742348367
-55.4086364333073
-55.439984312771095
-55.47150078763767
-55.50318542836269
-55.535037650618484
-55.5670567159543
-55.59924173259137
-55.631591656351
-55.66410529171342
-55.69678129300511
-55.72961816571215
-55.762614267917264
-55.79576781185799
-55.82907686560291
-55.86253935484283
-55.896153064793545
-55.9299156422068
-55.9638245974866
-55.99787730690779
-56.032071014934026
-56.06640283663249
-56.100869760183045
-56.13546864947976
-56.1701962468229
-56.205049175699955
-56.240023943654805
-56.27511694524377
-56.31032446507719
-56.34564268094509
-56.38106766702565
-56.416595397175215
-56.45222174829847
-56.487942503797385
-56.52375335709796
-56.55964991525353
-56.59562770262322
-56.631682164624166
-56.66780867155556
-56.70400252249253
-56.740258949247604
-56.776573120397344
-56.812940145371314
-56.84935507859994
-56.885812923717296
-56.92230863781445
-56.95883713573845
-56.99539329443205
-57.03197195730927
-57.06856793866136
-57.10517602808771
-57.14179099494588
-57.17840759281522
-57.215020563968196
-57.25162464384299
-57.28821456551104
-57.324785064133366
-57.36133088139938
-57.39784676994206
-57.434327497723004
-57.47076785238163
-57.5071626455434
-57.543506717082536
-57.5797949393352
-57.61602222125968
-57.65218351253996
-57.688273807629216
-57.724288149730214
-57.76022163470962
-57.79606941494352
-57.83182670309155
-57.86748877579724
-57.90305097731208
-57.93850872304135
-57.97385750300968
-58.009092885244556
-58.04421051907603
-58.0792061383509
-58.114075564559684
-58.148814709875396
-58.18341958010312
-58.21788627753976
-58.25221100374334
-58.28639006221145
-58.32041986096856
-58.3542969150618
-58.388017848965426
-58.42157939889426
-58.45497841502634
-58.48821186363471
-58.52127682912856
-58.554170516003744
-58.586890250702815
-58.619433483385016
-58.651797789606626
-58.683980871912745
-58.715980561341546
-58.747794818842
-58.77942173660613
-58.81085953931642
-58.84210658530906
-58.87316136765377
-58.90402251515109
-58.93468879324745
-58.96515910486823
-58.995432491169076
-59.02550813220545
-59.055385347519625
-59.08506359664488
-59.11454247952644
-59.143821736858676
-59.17290125033826
-59.20178104283348
-59.23046127847021
-59.258942262634825
-59.287224441894175
-59.315308403832766
-59.34319487680704
-59.37088472961636
-59.39837897108958
-59.425678749586034
-59.4527853524097
-59.479700205135195
-59.50642487084394
-59.53296104926857
-59.55931057584416
-59.585475420664686
-59.61145768734365
-59.637259611778
-59.66288356081474
-59.68833203081976
-59.713607646148084
-59.73871315751557
-59.76365144027152
-59.78842549257222
-59.81303843345494
-59.83749350081194
-59.861794049264
-59.885943547933714
-59.90994557811887
-59.9338038308665
-59.95752210444851
-59.981104301740565
-60.004554427506314
-60.02787658558895
-60.051074976012494
-60.07415389199502
-60.09711771687579
-60.119970920958565
-60.142718058272806
-60.16536376325496
-60.18791274735207
-60.21036979555049
-60.232739762832466
-60.255027570563584
-60.27723820281403
-60.29937670261694
-60.321448168167024
-60.343457748962805
-60.365410641895494
-60.38731208728785
-60.40916736488646
-60.430981789810915
-60.45276070846393
-60.47450949440616
-60.4962335441993
-60.51793827322075
-60.539629111454076
-60.56131149925869
-60.58299088312282
-60.60467271140351
-60.62636243005733
-60.64806547836531
-60.66978728465597
-60.69153326203053
-60.71330880409431
-60.73511928069826
-60.75697003369538
-60.778866372716436
-60.80081357096901
-60.822816861064496
-60.84488143087691
-60.867012419437856
-60.88921491287152
-60.91149394037387
-60.933854470240306
-60.95630140594591
-60.97883958228215
-61.00147376155405
-61.02420862984161
-61.047048793328486
-61.06999877470099
-61.09306300962038
-61.11624584327143
-61.13955152699009
-61.162984214972425
-61.18654796106699
-61.21024671565232
-61.23408432260095
-61.258064516331615
-61.282190918951585
-61.306467037491416
-61.330896261234216
-61.355481859141605
-61.38022697737853
-61.4051346369389
-61.43020773137425
-61.455449024627626
-61.48086114897501
-61.50644660307711
-61.53220775014387
-61.558146816214276
-61.58426588855377
-61.61056691417167
-61.63705169846065
-61.66372190396055
-61.690579049248356
-61.71762450795644
-61.74485950792059
-61.772285130459075
-61.799902309783256
-61.82771183254
-61.8557143374859
-61.883910315293015
-61.91230010848626
-61.940883911512806
-61.96966177094334
-61.99863358580462
-62.027799108042764
-62.05715794311613
-62.0867095507166
-62.11645324561818
-62.146388198652126
-62.176513437807564
-62.20682784945661
-62.237330179702674
-62.268019035851246
-62.298892888002065
-62.32995007076193
-62.361188785077225
-62.392607100185224
-62.424202955682865
-62.455974163711296
-62.48791841125428
-62.5200332625484
-62.55231616160257
-62.5847644348242
-62.61737529374921
-62.650145837872806
-62.68307305757828
-62.71615383716114
-62.74938495794613
-62.78276310149426
-62.81628485289725
-62.849946704156544
-62.88374505764427
-62.91767622964296
-62.951736453961026
-62.98592188562015
-63.020228604610686
-63.054652619711085
-63.08918987236729
-63.123836240628016
-63.15858754313167
-63.19343954314059
-63.22838795261817
-63.26342843634388
-63.2985566160615
-63.33376807465584
-63.369058360353
-63.40442299093923
-63.4398574579937
-63.4753572311297
-63.51091776223951
-63.546534489737844
-63.582202842798274
-63.61791824557657
-63.65367612141507
-63.689471897022834
-63.72530100662653
-63.76115889608685
-63.79704102697577
-63.83294288061007
-63.868859962036886
-63.90478780396666
-63.94072197064811
-63.97665806168
-64.01259171575522
-64.04851861433288
-64.0844344852339
-64.12033510615579
-64.15621630810223
-64.19207397872317
-64.22790406556148
-64.26370257920173
-64.29946559631738
-64.33518926261276
-64.37086979565727
-64.4065034876087
-64.44208670782315
-64.47761590534863
-64.5130876113001
-64.54849844111466
-64.58384509668623
-64.6191243683793
-64.65433313692184
-64.68946837517787
-64.72452714980149
-64.75950662277411
-64.79440405282749
-64.82921679675515
-64.86394231061486
-64.89857815082429
-64.93312197515196
-64.96757154360587
-65.00192471922283
-65.03617946876138
-65.0703338633012
-65.10438607875166
-65.13833439627139
-65.17217720260068
-65.2059129903089
-65.23954035795886
-65.27305801018947
-65.30646475771768
-65.33975951726087
-65.37294131138073
-65.40600926824926
-65.43896262133809
-65.47180070903165
-65.50452297416486
