-2.69267299948921e-13
-4.533037085104326e-12
-3.824631900258036e-11
-2.1711486358570807e-10
-9.388943410738568e-10
-3.3176986109618643e-09
-1.0025117822520497e-08
-2.6740503252308994e-08
-6.444238690881173e-08
-1.4279465027858837e-07
-2.9489549115332983e-07
-5.736651699002684e-07
-1.0601506146511138e-06
-1.8740218564575859e-06
-3.186527539878391e-06
-5.2361649642696406e-06
-8.347304773597234e-06
-1.2951992011685111e-05
-1.961512424715359e-05
-2.906318426872372e-05
-4.221667984837691e-05
-6.022641663027261e-05
-8.451370266376582e-05
-0.00011681455477012125
-0.00015922794810087454
-0.00021426812117419957
-0.00028492091960488793
-0.00037470413289335285
-0.0004877317502092149
-0.0006287820332764395
-0.0008033692774026972
-0.0010178191055414615
-0.0012793471151607994
-0.0015961406737318967
-0.0019774436359427314
-0.002433643734374169
-0.002976362375420578
-0.003618546553756233
-0.004374562581692238
-0.005260291314375688
-0.00629322453798264
-0.007492562175869423
-0.00887930995708446
-0.01047637718270858
-0.012308674218181763
-0.014403209334077603
-0.016789184513686082
-0.019498089843237656
-0.022563796099618207
-0.026022645150951693
-0.02991353778742769
-0.034278018603182046
-0.0391603575548548
-0.044607627828601074
-0.050669779654765615
-0.05739970971809506
-0.0648533258211968
-0.07308960646990087
-0.08217065506118203
-0.09216174836729016
-0.10313137902365661
-0.11515129174292776
-0.12829651299306136
-0.14264537389374032
-0.15827952610234916
-0.17528395047835404
-0.19374695833306557
-0.2137601850903773
-0.235418576203104
-0.2588203651889254
-0.2840670436696141
-0.31126332331712536
-0.34051708963020194
-0.3719393474853273
-0.40564415842610296
-0.44174856967536297
-0.4803725348745288
-0.5216388265747943
-0.5656729405246577
-0.6126029918180438
-0.6625596029867306
-0.7156757841399659
-0.7720868052730054
-0.8319300608847563
-0.8953449270627561
-0.9624726112113009
-1.033455994615639
-1.1084394680517142
-1.1875687606669605
-1.2709907623730992
-1.3588533400067218
-1.451305147527644
-1.5484954305385474
-1.6505738254222762
-1.7576901534053213
-1.8699942098674882
-1.987635549228443
-2.1107632657518196
-2.239525770616809
-2.3740705656156176
-2.514544013842878
-2.661091107750025
-2.81385523494379
-2.9729779421133222
-3.138598697475033
-3.310854652128028
-3.48988040071603
-3.6758077417939283
-3.868765438298541
-4.068878978523885
-4.276270338001204
-4.491057742683198
-4.713355433830356
-4.943273434995038
-5.180917321495992
-5.4263879927723195
-5.679781448001605
-5.94118856536186
-6.210694885311309
-6.488380398253706
-6.774319336950001
-7.068579974029653
-7.371224424946794
-7.682308456717846
-8.00188130276796
-8.329985484203975
-8.666656637821418
-9.01192335114247
-9.365807004770877
-9.728321622338346
-10.099473728305009
-10.479262213864368
-10.86767821119043
-11.264704976251982
-11.670317780405771
-12.084483810966734
-12.507162080939695
-12.938303348083025
-13.377850043460766
-13.825736209625445
-14.281887448559385
-14.74622087948786
-15.21864510666287
-15.699060197201668
-16.187357669049565
-16.683420489121705
-17.187123081663803
-17.698331346857074
-18.216902689677895
-18.742686059008008
-19.275521996976675
-19.815242698501745
-20.361672080982082
-20.91462586407976
-21.473911659516453
-22.039329070794754
-22.61066980274173
-23.18771778075875
-23.770249279648638
-24.358033061878402
-24.95083052512309
-25.548395858924163
-26.150476210283824
-26.756811858005598
-27.367136395579884
-27.981176922402433
-28.5986542431032
-29.21928307475287
-29.842772261704653
-30.46882499781998
-31.097139055817763
-31.72740702347829
-32.359316546424786
-32.99255057719801
-33.6267876303319
-34.26170204313126
-34.8969642418462
-35.53224101293201
-36.167195779077886
-36.80148887968251
-37.43477785545001
-38.066717736775374
-38.69696133558527
-39.325159540297456
-39.95096161355881
-40.57401549241977
-41.19396809060121
-41.81046560250841
-42.42315380864617
-43.03167838208893
-43.635685195659306
-44.234820629468885
-44.82873187847608
-45.41706725971724
-45.99947651886864
-46.57561113579927
-47.14512462877726
-47.70767285699579
-48.26291432108794
-48.81051046130343
-49.35012595302403
-49.88142899929893
-50.404091620086106
-50.91778993789093
-51.42220445949859
-51.9170203535029
-52.40192772334013
-52.876621875543044
-53.34080358293716
-53.79417934250859
-54.23646162768092
-54.66736913474648
-55.08662702320527
-55.49396714977303
-55.88912829582847
-56.27185638807765
-56.64190471222252
-56.9990341194296
-57.34301322540414
-57.67361860188452
-57.99063496038149
-58.29385532799625
-58.583081215161414
-58.85812277515906
-59.118798955279814
-59.364937639497086
-59.59637578254039
-59.81295953526198
-60.014544361200855
-60.20099514425832
-60.37218628740957
-60.52800180238618
-60.6683353902744
-60.793090512984726
-60.902180455558124
-60.99552837928465
-61.073067365620744
-61.134740450901546
-61.18050065185409
-61.21031098192728
-61.22414445846365
-61.22198410074795
-61.20382291897746
-61.16966389420818
-61.11951994934039
-61.053413911215806
-60.9713784639077
-60.87345609329431
-60.75969902301405
-60.63016914190952
-60.48493792307637
-60.32408633464122
-60.147704742400556
-59.95589280446024
-59.74875935802249
-59.52642229847471
-59.28900845094183
-59.03665343447046
-58.76950151901991
-58.48770547544103
-58.19142641862936
-57.880833644045026
-57.55610445779695
-57.217424000494134
-56.8649850650716
-56.49898790880331
-56.119640059719124
-55.72715611764709
-55.32175755010632
-54.90367248327919
-54.47313548829497
-54.03038736305966
-53.57567490986928
-53.10925070904629
-52.63137288884097
-52.14230489184159
-51.64231523813854
-51.1316772854888
-50.610668986728264
-50.07957264468045
-49.53867466481032
-48.988265305872886
-48.42863842880607
-47.86009124411774
-47.28292405801571
-46.69744001752903
-46.10394485486822
-45.50274663127018
-44.89415548057237
-44.27848335275839
-43.656043757715416
-43.02715150944206
-42.392122470942546
-41.75127330004052
-41.10492119634257
-40.4533836495781
-39.79697818953879
-39.1360221378376
-38.47083236170302
-37.8017250300207
-37.129015371830526
-36.45301743748309
-35.77404386265466
-35.09240563541534
-34.408411866540774
-33.722369563252784
-33.03458340656951
-32.34535553244052
-31.654985316836672
-30.963769164959356
-30.272000304728262
-29.57996858470127
-28.887960276574454
-28.19625788240449
-27.50513994668974
-26.81488087344052
-26.125750748362908
-25.438015166274553
-24.75193506386465
-24.067766557904076
-23.385760789005314
-22.706163771025825
-22.02921624620226
-21.35515354609644
-20.684205458427478
-20.016596099858308
-19.352543794798496
-18.69226096027933
-18.035953996950838
-17.383823186244314
-16.73606259373761
-16.092859978754245
-15.454396710221227
-14.820847688804372
-14.192381275333709
-13.569159225525473
-12.951336631001158
-12.339061866598062
-11.732476543959836
-11.131715471389626
-10.536906619942597
-9.948171095728936
-9.365623118392886
-8.789370005727855
-8.219512164382316
-7.656143086606008
-7.099349352980822
-6.549210641075651
-6.005799739959651
-5.469182570503564
-4.939418211394056
-4.4165589307815045
-3.900650223477212
-3.3917308536118047
-2.8898329026624863
-2.3949818227528765
-1.9071964951253335
-1.42648929368194
-0.952866153486702
-0.48632664411805576
-0.026864047757475574
0.4255345581031855
0.8708882134559992
1.3092219841961525
1.7405668662919842
2.1649596858343956
2.5824429950965704
2.993064964737214
3.396879272282654
3.793944987025126
4.18432645147639
4.568093159517506
4.945319631387109
5.316085285651936
5.680474308304568
6.038575519134442
6.390482235519104
6.736292133783511
7.076107108275876
7.410033128309052
7.738180093116853
8.060661684974912
8.377595220635829
8.68910150122834
8.995304660770072
9.296332013443218
9.592313899782063
9.883383531920787
10.169676838049229
10.451332306223481
10.728490827677112
11.001295539777848
11.26989166877339
11.534426372468767
11.795048582976216
12.051908849677059
12.305159182533357
12.554952895885462
12.801444452869674
13.044789310588259
13.285143766161982
13.522664803793067
13.757509942964294
13.98983708789759
14.219804378393071
14.447570042167108
14.673292248805277
14.897128965443382
15.119237814286873
15.339775932076206
15.558899831602842
15.776765265377634
15.993527091550279
16.209339142175356
16.424354093917234
16.638723341282816
16.85259687246803
17.066123147900505
17.27944898155757
17.492719425135412
17.70607765514195
17.919664862982767
18.133620148105845
18.348080414267244
18.56318026897624
18.779051926174816
18.995825112203022
19.213626975098155
19.432581997272255
19.65281191160881
19.874435621015927
20.097569121469725
20.32232542857833
20.5488145076933
20.77714320759183
21.007415197749832
21.239730909222526
21.474187479145726
21.710878698867376
21.94989496571533
22.191323238403683
22.435246996076803
22.68174620098687
22.930897264797228
23.1827730185007
23.437442685938855
23.69497186090532
23.955422487813046
24.21885284590243
24.485317536964313
24.75486747654892
25.02754988862881
25.30340830368118
25.582482560152215
25.864808809263536
26.15041952311836
26.439343506062077
26.731605909249428
27.027228248368264
27.32622842446782
27.62862074783701
27.934415964876003
28.243621287902478
28.556240427831778
28.872273629668296
29.1917177107435
29.514566101633942
29.84080888969116
30.170432865113455
30.503421569487827
30.839755346728808
31.17941139633975
31.522363828920607
31.868583723845337
32.21803918903074
32.5706954227177
32.92651477718464
33.285456824312426
33.64747842291913
34.01253378778289
34.38057456027025
34.751549880486834
35.125406460866884
35.50208866111714
35.88153856443094
36.263696054887845
36.64849889595442
37.03588281000157
37.42578155875402
37.8181270245878
38.212849292591876
38.60987673331025
39.00913608608156
39.41055254289362
39.81404983267087
40.2195503059131
40.62697501960416
41.036243822310084
41.4472754393871
41.85998755822111
42.274296913421594
42.69011937189411
43.107370017716434
43.52596323674452
43.945812800875835
44.36683195189817
44.78893348485445
45.21202983085487
45.63603313926921
46.06085535923335
46.4864083204057
46.91260381291107
47.33935366641094
47.76656982824068
48.19416444055554
48.622049916428864
49.05013901484671
49.47834491454518
49.90658128663808
50.334762365984155
50.7628030212452
51.19061882358739
51.61812611397995
52.045242069046715
52.471884765428925
52.89797324261913
53.323427564228226
53.748168877649405
54.172119472084844
54.59520283490265
55.017343706293914
55.438468132201436
55.858503515493474
56.27737866535815
56.695023844896205
57.1113708168913
57.526352887739016
57.93990494951773
58.351963520186324
58.76246678189605
59.17135461740557
59.578568644589865
59.984052249036125
60.387750614721114
60.789610752766436
61.189581528269656
61.58761368521048
61.98365986943313
62.37767464970754
62.76961453687384
63.15943800107673
63.547105487097475
63.93257942779329
64.31582425565561
64.69680641250004
65.07549435730174
65.45185857219131
65.82587156662753
66.19750787976481
66.56674408103508
66.933558768964
67.2979325682437
67.65984812508428
68.0192901008687
68.37624516413621
68.73070198092125
69.08265120347505
69.43208545739765
69.77899932720862
70.12338934038547
70.46525394990027
70.80459351528663
71.14141028226965
71.47570836099209
71.80749370287043
72.13677407611516
72.46355903994902
72.78785991755797
73.1096897678101
73.42906335577972
73.74599712211422
74.06050915128164
74.3726191387375
74.6823483570496
74.98971962102037
75.29475725184734
75.5974870403622
75.89793620938913
76.19613337526444
76.49210850855953
76.78589289404995
77.07751908997314
77.36702088661703
77.65443326428097
77.93979235065008
78.22313537762416
78.50450063764205
78.78392743954291
79.06145606400636
79.33712771861266
79.61098449256426
79.88306931111046
80.15342588971609
80.42209868801453
80.68913286358597
80.95457422560114
81.21846918837
81.48086472483507
81.74180832004853
82.00134792467153
82.2595319085336
82.51640901428979
82.77202831121232
83.02643914915322
83.27969111271419
83.53183397565827
83.7829176555973
84.03299216898823
84.28210758647138
84.5303139885841
84.77766142188248
85.02419985550397
85.26997913820365
85.5150489558964
85.75945878973549
86.00325787475877
86.24649515913153
86.48921926401361
86.73147844407787
86.97332054870536
87.21479298388304
87.45594267482862
87.69681602936667
87.93745890207923
88.17791655925225
88.41823364463971
88.65845414606588
88.89862136288559
89.13877787432068
89.37896550868959
89.61922531354617
89.85959752674353
90.10012154843832
90.34083591405022
90.5817782681919
90.8229853395834
91.06449291696356
91.30633582601047
91.5485479072812
91.79116199517932
92.03420989795791
92.27772237876525
92.5217291377395
92.766258795157
93.01133887563856
93.25699579341756
93.50325483867324
93.75014016493164
93.99767477753575
94.24588052318644
94.49477808055384
94.74438695195751
94.9947254561123
95.24581072193531
95.49765868340775
95.75028407548542
96.0037004310508
96.2579200789004
96.51295414276082
96.76881254132697
97.0255039893142
97.28303599951461
97.54141488584573
97.80064576737892
98.06073257333368
98.3216780490235
98.58348376273922
98.84615011355517
99.1096763400434
99.37406052987991
99.6392996303264
99.9053894595709
100.17232471890921
100.44009900575011
100.7087048274258
100.9781336157885
101.24837574257359
101.51942053551014
101.7912562951582
102.06387031245279
102.33724888693362
102.61137734563911
102.88624006264175
103.16182047920248
103.4381011245222
103.71506363706797
103.99268878645174
104.2709564958408
104.54984586487993
104.82933519310373
105.10940200381711
105.39002306842147
105.67117443116459
105.95283143429154
106.23496874357402
106.51756037419527
106.80057971696674
107.08399956485202
107.36779213977495
107.65192911968954
107.93638166588975
108.22112045053636
108.50611568437891
108.79133714465131
109.07675420311936
109.36233585425752
109.64805074353198
109.9338671957684
110.21975324358259
110.50567665585235
110.7916049662088
111.07750550152518
111.36334541038188
111.64909169148557
111.93471122202213
112.22017078592255
112.50543710202084
112.79047685208337
113.07525670868887
113.35974336293913
113.64390355198094
113.92770408631935
114.2111118769032
114.4940939619633
114.77661753358342
115.05864996398515
115.34015883150681
115.62111194625703
115.90147737542333
116.18122346821718
116.46031888043791
116.73873259863791
117.0164339638722
117.29339269501514
117.56957891162693
117.84496315635334
118.11951641684249
118.39321014716307
118.66601628870916
118.93790729057726
119.20885612940226
119.4788363286403
119.7478219772873
120.01578774802222
120.28270891476366
120.54856136962981
120.81332163929251
121.07696690071596
121.33947499627068
121.60082444821326
121.86099447252225
122.11996499208085
122.37771664919781
122.63423081745869
122.88948961290005
123.1434759044998
123.39617332397866
123.6475662749079
123.89763994111873
124.14638029441058
124.39377410155619
124.639808930602
124.88447315646233
125.12775596580623
125.36964736123669
125.61013816476311
125.84922002056837
126.08688539707245
126.32312758829468
126.55794071451666
126.7913197222492
127.02326038350733
127.25375929439721
127.48281387301822
127.71042235668412
127.93658379846826
128.16129806307762
128.3845658220608
128.60638854835608
128.8267685101857
129.04570876430327
129.2632131486009
129.47928627408223
129.69393351620758
129.90716100561835
130.11897561824898
130.3293849648364
130.53839737983864
130.7460219097737
130.95226830098963
131.1571469868778
131.36066907454173
131.562846330935
131.76369116848386
131.96321663021203
132.16143637438435
132.35836465868655
132.55401632396055
132.74840677751556
132.94155197603592
133.13346840810547
133.32417307636794
133.51368347934337
133.70201759291965
133.88919385154028
134.07523112910846
134.26014871962727
134.44396631759534
134.62670399817782
134.808382197172
134.98902169078698
135.1686435752549
135.34726924629146
135.5249203784251
135.70161890421375
135.87738699336978
136.05224703181239
136.22622160066658
136.3993334552274
136.571605503907
136.74306078718155
136.91372245655657
137.08361375356685
137.25275798882717
137.42117852115007
137.58889873674752
137.755942028532
137.92233177553248
138.08809132244073
138.25324395930284
138.41781290136964
138.58182126911925
138.74529206846478
138.90824817115958
139.07071229541248
139.2327069867274
139.3942545989819
139.5553772757586
139.71609693194443
139.8764352356119
140.03641359019673
140.19605311698535
140.3553746379265
140.51439865878217
140.67314535263188
140.83163454374346
140.9898856918229
141.1479178766557
141.305749783152
141.46339968680638
141.62088543958305
141.77822445623735
141.93543370108398
142.09252967522332
142.24952840423828
142.40644542637403
142.56329578121324
142.72009399885803
142.87685408963023
143.03358953429972
143.1903132748497
143.3470377057871
143.50377466600514
143.6605354312029
143.81733070686676
143.9741706218175
144.1310647223264
144.28802196680192
144.44505072104846
144.60215875409847
144.75935323461897
144.91664072789274
145.0740271933738
145.23151798281617
145.38911783897345
145.54683089486696
145.70466067361883
145.86261008884514
146.02068144560405
146.17887644189443
146.3371961706997
146.49564112257065
146.65421118874076
146.81290566476798
146.971723254695
147.13066207572138
147.2897196633794
147.44889297720533
147.6081784068965
147.76757177894683
147.92706836375305
148.0866628831859
148.24634951861844
148.40612191940318
148.56597321178788
148.72589600826086
148.88588241731713
149.04592405363564
149.20601204865852
149.36613706156368
149.52628929062325
149.68645848493952
149.84663395654889
150.00680459288594
150.16695886959988
150.32708486371567
150.4871702671327
150.64720240045213
150.80716822712353
150.96705436790072
151.12684711559578
151.28653245012006
151.4460960538003
151.60552332695684
151.76479940372965
151.92390916813648
152.08283727034737
152.2415681431602
152.4000860186617
152.55837494505695
152.7164188036492
152.87420132595085
153.03170611090687
153.18891664220988
153.34581630568678
153.50238840673651
153.6586161877996
153.81448284584067
153.9699715498247
154.12506545816646
154.27974773613383
154.43400157318356
154.58781020020902
154.74115690667978
154.8940250576542
155.04639811064717
155.1982596323359
155.34959331508858
155.50038299330154
155.65061265953037
155.80026648040226
155.94932881229684
156.09778421678553
156.2456174758194
156.3928136066551
156.53935787651008
156.6852358169373
156.83043323791085
156.9749362416143
157.11873123592355
157.26180494757764
157.40414443503042
157.54573710097603
157.68657070454256
157.82663337314776
157.96591361401002
158.10440032530792
158.24208280698159
158.3789507711705
158.51499435228143
158.6502041166781
158.78457107198383
158.9180866759863
159.05074284513503
159.18253196262177
159.3134468860334
159.44348095456567
159.5726279957859
159.70088233193374
159.8282387857495
159.95469268582033
160.08023987143534
160.20487669694094
160.3286000355869
160.451407282853
160.57329635924648
160.69426571256
160.81431431958018
160.93344168723743
161.0516478531894
161.1689333858316
161.2852993837313
161.40074747448116
161.51527981297014
161.62889907907075
161.74160847474187
161.85341172054714
161.96431305158845
162.0743172128547
162.18342945398868
162.2916555234755
162.39900166225712
162.50547459677787
162.61108153146634
162.71583014065928
162.81972855997324
162.92278537712914
163.02500962223726
163.1264107575511
163.226998666701
163.32678364342124
163.42577637978562
163.52398795396826
163.621429817547
163.71811378236694
163.81405200698092
163.90925698268498
164.00374151916517
164.09751872977327
164.1906020164503
164.2830050543179
164.37474177595882
164.46582635540895
164.5562731918839
164.64609689326304
164.73531225935417
164.82393426496074
164.9119780427749
164.99945886611764
165.08639213154825
165.17279334136688
165.25867808603394
165.34406202653022
165.42896087668092
165.513390385465
165.59736631933075
165.68090444453915
165.76402050955826
165.84673022753205
165.92904925884696
166.01099319381652
166.09257753550415
166.17381768270403
166.25472891310042
166.33532636662372
166.4156250290204
166.4956397156549
166.57538505556195
166.6548754757695
166.73412518591422
166.81314816317231
166.89195813752795
166.97056857740054
167.0489926756501
167.12724333597922
167.205333159748
167.28327443321874
167.36107911524542
167.43875882542207
167.51632483270296
167.59378804450776
167.6711589963251
167.74844784182702
167.8256643435058
167.9028178638413
167.97991735700649
168.0569713611184
168.13398799104166
168.2109749317489
168.28793943224164
168.36488830003523
168.44182789621064
168.51876413103665
168.5957024601643
168.6726478813952
168.74960493202335
168.82657768675077
168.90356975617684
168.98058428586083
169.05762395595448
169.13469098139936
169.2117871126833
169.2889136371488
169.36607138084528
169.443260710916
169.52048153850947
169.5977333222044
169.6750150719378
169.75232535342565
169.82966229306334
169.90702358329185
169.9844064884166
170.06180785086616
170.13922409787727
170.2166512485905
170.29408492154124
170.37152034253148
170.44895235286862
170.5263754179586
170.60378363624199
170.68117074845935
170.75853014723242
170.83585488694638
170.91313769391826
170.9903709768352
171.06754683744492
171.14465708147912
171.2216932297917
171.29864652969326
171.37550796646445
171.45226827503137
171.52891795178738
171.6054472665466
171.6818462746159
171.7581048289714
171.8342125925248
171.91015905046646
171.9859335226733
172.06152517617255
172.1369230376519
172.2121160060073
172.28709286492057
172.36184229545933
172.43635288869285
172.51061315831697
172.58461155328217
172.6583364704183
172.73177626704904
172.80491927358906
172.87775380611646
172.9502681789101
173.02245071694182
173.0942897683114
173.16577371661305
173.23689099322172
173.30763008948765
173.37797956882645
173.44792807869266
173.51746436242473
173.58657727094936
173.65525577433385
173.72348897317642
173.79126610982524
173.8585765794175
173.92540994072846
173.99175592682076
174.05760445548293
174.12294563944664
174.1877697963734
174.25206745860027
174.31582938263517
174.37904655839083
174.44171021814617
174.50381184522388
174.56534318237294
174.62629623984475
174.68666330315108
174.74643694049445
174.8056100098633
174.8641756657841
174.92212736572304
174.97945887613076
175.03616427812443
175.09223797280214
175.14767468618396
175.202469473774
175.25661772473876
175.3101151656985
175.36295786412887
175.41514223137
175.46666502524016
175.51752335225268
175.56771466943468
175.61723678574612
175.6660878630957
175.71426641695274
175.76177131655294
175.80860178469737
175.85475739714383
175.9002380815902
175.9450441162507
175.9891761280282
176.03263509028687
176.07542232023155
176.1175394759004
176.15898855277914
176.1997718800464
176.23989211646102
176.2793522459021
176.3181555725734
176.35630571588257
176.3938066050061
176.4306624731518
176.46687785152966
176.50245756304201
176.53740671570466
176.57173069580875
176.60543516083334
176.63852603211916
176.67100948731417
176.70289195259937
176.73418009470328
176.7648808127114
176.79500122967778
176.82454868404506
176.853530720881
176.88195508293978
176.90982970155477
176.93716268736983
176.96396232091791
176.99023704305563
177.01599544526465
177.04124625983167
177.06599834991806
177.0902606995307
177.11404240340534
177.13735265681242
177.16020074529473
177.1825960343453
177.2045479590346
177.2260660135984
177.24715974099777
177.2678387224627
177.28811256702843
177.30799090107453
177.32748335787429
177.34659956716305
177.36534914473341
177.38374168206693
177.40178673601318
177.4194938185273
177.43687238647718
177.4539318315332
177.47068147015048
177.48713053365796
177.50328815846675
177.51916337641083
177.53476510523447
177.55010213923893
177.5651831401
177.58001662786515
177.59461097214094
177.6089743834797
177.6231149049742
177.6370404040687
177.6507585645958
177.6642768790472
177.67760264108838
177.69074293832514
177.70370464532985
177.71649441693526
177.72911868180373
177.7415836362774
177.75389523851587
177.76605920292846
177.77808099490713
177.78996582586402
177.80171864857599
177.81334415283814
177.82484676142863
177.83623062638813
177.8474996256181
177.85865735980101
177.8697071496471
177.88065203347188
177.89149476510912
177.90223781216233
177.91288335459708
177.92343328367556
177.93388920123212
177.94425241928835
177.95452396000692
177.96470455598333
177.97479465087386
177.98479440035558
177.99470367341442
178.00452205395814
178.0142488427497
178.02388305965738
178.03342344621834
178.0428684685111
178.0522163203306
178.06146492665985
178.07061194743474
178.0796547815959
178.08859057142027
178.09741620712535
178.10612833174187
178.11472334624992
178.1231974149754
178.13154647124443
178.13976622329338
178.14785216043165
178.1557995594516
178.16360349127868
178.17125882785413
178.17876024924195
178.18610225095372
178.19327915148565
178.20028510006014
178.20711408456478
178.2137599396814
178.22021635519846
178.22647688449902
178.23253495321651
178.23838386804974
178.24401682572866
178.24942692212235
178.25460716147828
178.25955046578352
178.26424968423785
178.2686976028273
178.2728869539848
178.27681042632472
178.28046067443475
178.28383032870752
178.28691200519475
178.28969831546593
178.29218187645452
178.29435532027483
178.29621130399224
178.2977425193309
178.29894170230605
178.29980164276677
178.30031519383638
178.30047528123683
178.30027491248248
178.29970718592986
178.29876529967092
178.29744256025984
178.29573239126253
178.29362834161967
178.29112409381528
178.2882134718424
178.28489044895824
178.28114915522193
178.27698388480863
178.2723891030943
178.26735945350575
178.26188976413178
178.25597505409033
178.2496105396473
178.24279164008377
178.2355139833068
178.22777341120073
178.21956598471652
178.2108879886961
178.20173593642963
178.1921065739438
178.1819968840188
178.17140408993183
178.16032565892274
178.1487593053786
178.13670299373476
178.1241549410885
178.11111361952217
178.0975777581315
178.083546344756
178.06901862740816
178.0539941153992
178.03847258015858
178.02245405574573
178.00593883905177
177.9889274896888
177.9714208295642
177.95341994213882
177.93492617137022
177.91594112034286
177.89646664958755
177.8765048750926
177.85605816600915
177.83512914205394
177.81372067061116
177.79183586353557
177.76947807366028
177.7466508910151
177.72335813876262
177.6996038688591
177.6753923574462
177.6507280999796
177.6256158060975
177.60006039423266
177.57406698597052
177.54764090015684
177.52078764675812
177.4935129204795
177.46582259414518
177.43772271184994
177.40921948188898
177.38031926947238
177.35102858922974
177.32135409750882
177.29130258447336
177.26088096600543
177.23009627541992
177.1989556549992
177.16746634735787
177.13563568664964
177.10347108962733
177.07098004656714
177.03817011206766
177.00504889573554
176.971624052772
176.93790327447314
176.90389427865912
176.8696048000476
176.83504258058784
176.8002153597744
176.76513086495916
176.72979680168115
176.69422084403243
176.65841062507764
176.62237372734637
176.58611767341642
176.54964991660438
176.5129778317811
176.47610870632877
176.43904973125643
176.4018079924898
176.36439046235193
176.3268039912499
176.28905529958308
176.25115096988964
176.21309743924792
176.17490099194845
176.13656775245238
176.0981036786485
176.05951455542106
176.02080598854002
175.98198339888506
175.9430520170148
175.90401687809197
175.86488281717527
175.82565446488445
175.78633624344582
175.74693236312294
175.7074468190359
175.66788338837148
175.62824562798562
175.58853687239878
175.54876023218037
175.50891859271894
175.46901461337518
175.42905072701444
175.38902913991353
175.34895183203378
175.3088205576513
175.26863684633543
175.22840200426492
175.1881171158717
175.14778304580034
175.10740044117108
175.06696973413352
175.02649114469648
174.98596468381982
174.94539015675434
174.9047671666159
174.8640951181793
174.82337322187925
174.78260049800576
174.74177578108345
174.7008977244226
174.65996480482897
174.61897532745968
174.5779274308121
174.5368190918349
174.49564813114864
174.45441221836643
174.41310887750353
174.3717354924653
174.33028931260458
174.2887674583418
174.2471669268408
174.20548459773488
174.16371723889722
174.12186151225012
174.07991397960802
174.0378711085474
173.99572927829706
173.9534847856429
173.91113385083906
173.86867262351973
173.82609718860556
173.78340357220043
173.7405877474738
173.6976456405249
173.6545731362263
173.6113660840423
173.56802030381857
173.52453159153822
173.48089572503943
173.43710846969077
173.39316558401958
173.34906282529062
173.30479595503346
173.26036074451702
173.2157529801683
173.17096846893503
173.1260030435934
173.08085256800302
173.03551294231
172.98998010810158
172.94425005351616
172.89831881831185
172.8521824988976
172.8058372533286
172.7592793062662
172.7125049539012
172.6655105688393
172.61829260494494
172.57084760213922
172.52317219114764
172.47526309819239
172.4271171496224
172.37873127647447
172.33010251895973
172.28122803087
172.23210508389604
172.18273107184916
172.1331035147765
172.08322006295896
172.03307850078124
171.98267675046384
171.93201287564727
171.88108508481935
171.82989173457497
171.77843133269937
171.72670254106617
171.6747041783409
171.62243522248025
171.56989481301923
171.51708225314007
171.46399701151915
171.41063872394815
171.3570071947266
171.3031023978227
171.2489244778004
171.19447375051195
171.13975070355454
171.0847559964876
171.02949046080775
170.97395509968086
170.91815108742944
170.86207976877344
170.80574265782215
170.74914143681653
170.69227795462288
170.6351542249789
170.5777724244932
170.52013489040004
170.4622441180712
170.40410275828626
170.34571361426273
170.28707963844735
170.228203929072
170.16908972647693
170.10974040920436
170.05015948986565
169.9903506107856
169.93031753942782
169.8700641636036
169.8095944864659
169.7489126212889
169.68802278603548
169.62692929771592
169.56563656654188
169.5041490898794
169.44247144600544
169.38060828767183
169.31856433548054
169.25634437107473
169.19395323015314
169.13139579531648
169.0686769887553
169.00580176478897
168.94277510226638
168.8796019968389
168.81628745311522
168.75283647670662
168.68925406617026
168.6255452048591
168.56171485268564
168.4977679378081
168.43370934824824
168.36954392344987
168.30527644578783
168.24091163203988
168.17645412483498
168.11190848409123
168.04727917845852
167.98257057678106
167.9177869395963
167.85293241068948
167.78801100872133
167.72302661894682
167.6579829850426
167.5928837010634
167.5277322035473
167.46253176378772
167.39728548029106
167.33199627143594
167.26666686835264
167.20129980804026
167.1358974267408
167.07046185359067
167.00499500456962
166.9394985767652
166.87397404297153
166.8084226466402
166.74284539720142
166.67724306577233
166.6116161812689
166.54596502693684
166.48028963731653
166.41458979565581
166.3488650317848
166.28311462046403
166.217337580215
166.1515326726388
166.08569840222512
166.019833016653
165.95393450758326
165.88800061194007
165.82202881367613
165.7560163460144
165.6899601941587
165.62385709846336
165.5577035580498
165.49149583485593
165.42522995810583
165.35890172918545
165.29250672690915
165.2260403131632
165.15949763891177
165.09287365055167
165.0261630965984
164.9593605346866
164.89246033886712
164.8254567071852
164.7583436695257
164.69111509571127
164.62376470383816
164.55628606883153
164.48867263120275
164.42091770599228
164.35301449188256
164.2849560804662
164.21673546565472
164.148345553213
164.0797791704038
164.0110290757287
163.9420879687528
163.87294850000313
163.80360328093053
163.73404489392675
163.66426590238694
163.5942588608048
163.52401632488937
163.45353086169263
163.38279505973725
163.3118015391338
163.24054296167793
163.1690120409176
163.09720155218002
163.0251043425488
162.95271334078194
162.88002156716294
162.80702214327818
162.73370830171444
162.66007339567096
162.58611090847768
162.51181446301194
162.43717783100448
162.36219494222638
162.28685989355
162.2111669578781
162.13511059293324
162.05868544989772
161.98188638189305
161.90470845228907
161.8271469428326
161.74919736158546
161.6708554506625
161.59211719375918
161.51297882345926
161.43343682831124
161.3534879596628
161.2731292382403
161.19235796046092
161.1111717044658
161.02956833586273
160.94754601316714
160.86510319292807
160.7822386345279
160.69895140464251
160.61524088134962
160.5311067578744
160.44654904596138
160.36156807886374
160.27616451394198
160.1903393348653
160.10409385341046
160.01742971085224
159.93034887894174
159.84285366046998
159.75494668941684
159.66663093068775
159.5779096794409
159.48878656000744
159.39926552440835
159.3093508504731
159.2190471395666
159.12835931393153
159.03729261365385
158.94585259325942
158.85404511794974
158.7618763594872
158.66935279173782
158.57648118587923
158.48326860528329
158.38972240008349
158.29585020143764
158.20165991549703
158.10715971709288
158.0123580431503
157.9172635858402
157.82188528548002
157.72623232319464
157.63031411334853
157.53414029575927
157.4377207277021
157.3410654757145
157.24418480720945
157.14708918190584
157.04978924308173
156.95229580865637
156.8546198621057
156.7567725432166
156.65876513868514
156.56060907256327
156.46231589656034
156.36389728020256
156.2653650008556
156.1667309336165
156.06800704108153
155.96920536299743
155.87033800580187
155.77141713206063
155.67245494980878
155.57346370180383
155.47445565469778
155.37544308813452
155.27643828378066
155.17745351429792
155.07850103226772
154.97959305908014
154.88074177379943
154.78195930201653
154.68325770469804
154.5846489670421
154.48614498735085
154.38775756592784
154.28949839401255
154.1913790427632
154.09341095230027
153.99560542082398
153.89797359381808
153.8005264533522
153.70327480749395
153.60622927984335
153.50940029920187
153.41279808938796
153.3164326592112
153.220313792619
153.12445103903045
153.02885370387187
152.93353083932882
152.8384912353263
152.74374341074875
152.6492956049099
152.55515576928113
152.46133155948658
152.36783032757333
152.27465911456537
152.18182464330906
152.089333311616
151.99719118570945
151.90540399397972
151.81397712105357
151.72291560218358
151.6322241179644
151.54190698938308
151.4519681732086
151.3624112577243
151.27323945880588
151.18445561634692
151.09606219103333
151.00806126146657
150.92045452163555
150.833243278737
150.7464284513433
150.66001056791606
150.57398976566446
150.4883657897467
150.40313799281307
150.31830533489006
150.23386638360284
150.1498193147345
150.06616191312037
149.9828915738783
149.90000530397538
149.8174997241324
149.73537107106745
149.65361520007923
149.57222758797081
149.49120333631265
149.41053717504326
149.3302234664062
149.25025620922145
149.17062904348734
149.091335255309
149.01236778214798
148.93371921838866
148.85538182121627
148.77734751680055
148.69960790677828
148.62215427502747
148.54497759472542
148.46806853568182
148.39141747193685
148.31501448961467
148.23884939502273
148.16291172298656
148.08719074540818
148.01167548003696
147.93635469944275
147.86121694017993
147.78625051213112
147.71144350801933
147.63678381307886
147.56225911487536
147.48785691326634
147.4135645304941
147.33936912140211
147.2652576837661
147.19121706873193
147.1172339913519
147.04329504121142
146.9693866931384
146.89549531798957
146.82160719350895
146.74770851525363
146.6737854075834
146.59982393471023
146.5258101118036
146.45172991614868
146.37756929835518
146.30331419361437
146.22895053300135
146.1544642548197
146.07984131598573
146.00506770345032
145.93012944565407
145.8550126240126
145.77970338442572
145.70418794880345
145.6284526266012
145.5524838263542
145.47626806720052
145.39979199037987
145.32304237069582
145.24600612792653
145.16867033816754
145.09102224509058
145.01304927110175
144.93473902838275
144.85607932979894
144.77705819965797
144.69766388430287
144.61788486252374
144.5377098557725
144.45712783816577
144.37612804626258
144.2946999886054
144.21283345501283
144.13051852561293
144.0477455796059
143.96450530374395
143.88078870051694
143.7965870960339
143.7118921475895
143.62669585090552
143.54099054703747
143.4547689289387
143.3680240476743
143.28074931827913
143.1929385252557
143.1045858277108
143.01568576412964
142.92623325678787
142.83622361580305
142.74565254282706
142.65451613438094
142.5628108848334
142.47053368902377
142.37768184453236
142.2842530535997
142.19024542469694
142.09565747374901
142.00048812501356
141.90473671161837
141.80840297575966
141.7114870685618
141.61398954959847
141.51591138607293
141.41725395165415
141.31801902496565
141.2182087877238
141.11782582252292
141.01687311026419
140.91535402722658
140.8132723417784
140.71063221072924
140.60743817532327
140.50369515687473
140.39940845204725
140.29458372777933
140.18922701585936
140.08334470715428
139.9769435454966
139.87003062123446
139.7626133644503
139.65469953785302
139.54629722935076
139.43741484431038
139.32806109751127
139.21824500479906
139.10797587444594
138.99726329822474
138.88611714220505
138.77454753727883
138.66256486942265
138.5501797697062
138.43740310405778
138.32424596279802
138.21071964995403
138.09683567236456
137.98260572858734
137.86804169762019
137.75315562744737
137.63795972342342
137.52246633650685
137.406687951356
137.2906371743
137.17432672119804
137.05776940519883
136.94097812441288
136.82396584951135
136.70674561126435
136.58933048803038
136.47173359320715
136.35396806265345
136.23604704209225
136.11798367450575
135.99979108753263
135.88148238087746
135.76307061374376
135.64456879230255
135.5259898572089
135.40734667117948
135.28865200664308
135.16991853347776
135.0511588068477
134.93238525515397
134.81361016811314
134.69484568497745
134.5761037829115
134.45739626553967
134.33873475167792
134.22013066426297
134.10159521948998
133.98313941616806
133.8647740253038
133.74650957992247
133.62835636513654
133.51032440847
133.39242347044632
133.27466303544628
133.15705230284237
133.0396001784149
132.92231526605514
132.80520585975972
132.68827993592123
132.57154514591963
132.4550088090187
132.33867790557116
132.2225590705355
132.10665858730664
131.9909823818644
131.8755360172441
131.7603246883321
131.64535321698992
131.53062604750954
131.41614724240395
131.3019204785367
131.18794904359427
131.07423583290418
130.96078334660277
130.84759368715984
130.73466855726568
130.62200925808614
130.50961668788958
130.3974913410481
130.2856333074141
130.17404227207138
130.06271751545958
129.9516579138689
129.84086194030286
129.73032766570648
129.62005276055757
129.510034496818
129.40026975024003
129.29075500302238
129.1814863468119
129.0724594860467
128.96366974163791
128.8551120549861
128.7467809923293
128.63867074941973
128.53077515652743
128.42308768376793
128.31560144675225
128.20830921255654
128.10120340600886
127.99427611629054
127.88751910384818
127.78092380761169
127.67448135251325
127.56818255730244
127.46201794265247
127.35597773955058
127.25005189796425
127.14423009577413
127.0385017479629
126.93285601604966
126.82728181775873
126.72176783691192
126.61630253353259
126.51087415414942
126.4054707422887
126.30008014914496
126.1946900444192
126.08928792731344
125.98386113766902
125.87839686723602
125.77288217106094
125.66730397898108
125.56164910721226
125.45590427001731
125.35005609144459
125.24409111712488
125.1379958261157
125.0317566427815
124.92535994869935
124.81879209457954
124.71203941219063
124.60508822627811
124.49792486646574
124.39053567912937
124.28290703923257
124.1750253621134
124.06687711521181
123.95844882972642
123.84972711219052
123.74069865595766
123.63135025258748
123.5216688031229
123.41164132924916
123.30125498432619
123.19049706428564
123.07935501838381
122.9678164598015
122.85586917608111
122.74350113939113
122.6307005166085
122.51745567921034
122.40375521296676
122.28958792742606
122.17494286518274
122.05980931091881
121.9441768002091
121.82803512808141
121.71137435732203
121.59418482651927
121.47645715783688
121.35818226451067
121.23935135806266
121.11995595522647
120.99998788457798
120.87943929286563
120.75830265103535
120.63657075994409
120.5142367557555
120.39129411501186
120.26773665937672
120.14355856004407
120.01875434180975
119.89331888680191
119.76724743786677
119.64053560160754
119.51317935107487
119.38517502810713
119.25651934531878
119.12720938773565
118.99724261407663
118.86661685768068
118.73533032707813
118.60338160620516
118.47076965426139
118.33749380521088
118.20355376692872
118.06894961999646
117.93368181615014
117.79775117638516
117.66115888872204
117.52390650563709
117.38599594116224
117.24742946765943
117.10820971227517
116.9683396530805
116.82782261490078
116.68666226484001
116.54486260750511
116.40242797993662
116.25936304625233
116.11567279201117
115.97136251830372
115.82643783557612
115.68090465719385
115.53476919275258
115.38803794114287
115.240717683376
115.09281547517978
114.94433863937363
114.79529475803199
114.64569166444548
114.49553743489022
114.34484038021556
114.19360903726029
114.04185216010838
113.88957871119585
113.73679785228099
113.58351893529034
113.42975149305421
113.27550522994495
113.12079001243042
112.96561585955506
112.8099929333617
112.65393152926772
112.49744206640806
112.34053507795711
112.1832212014419
112.0255111690579
111.86741579799907
111.70894598081266
111.55011267579023
111.39092689740592
111.23139970681287
111.07154220240939
110.91136551048483
110.75088077595349
110.59009915318548
110.42903179694277
110.26768985342932
110.10608445146335
109.94422669377985
109.78212764847075
109.61979834056962
109.45724974378794
109.29449277240923
109.13153827334719
108.96839701837251
108.8050796965129
108.64159690662979
108.4779591501752
108.3141768241315
108.15026021413615
107.98621948779424
107.82206468818123
107.6578057275388
107.49345238116683
107.32901428151439
107.1645009124723
106.99992160386961
106.8352855261756
106.6706016854078
106.50587891824483
106.34112588734392
106.1763510768631
106.01156278818796
105.84676913586229
105.68197804372214
105.51719724123329
105.35243426003164
105.18769643066678
105.02299087954877
104.85832452609877
104.6937040801045
104.52913603928191
104.36462668704387
104.20018209047673
104.03580809852501
103.87151034038497
103.70729422410834
103.54316493541619
103.37912743672238
103.21518646636575
103.05134653804923
102.88761194048338
102.72398673723119
102.56047476675126
102.3970796426353
102.23380475403454
102.07065326626869
101.90762812161157
101.74473204024676
101.58196752138795
101.4193368445572
101.25684207101452
101.09448504533205
100.93226739710715
100.77019054280893
100.60825568775229
100.44646382819363
100.28481575354331
100.1233120486909
99.96195309643863
99.80073908003877
99.6396699858307
99.47874560597384
99.31796554127303
99.1573292040928
98.99683582135802
98.83648443763778
98.67627391831152
98.5162029528159
98.35627005797075
98.19647358138276
98.03681170492588
97.87728244829727
97.71788367264709
97.55861308428054
97.39946823843037
97.2404465430982
97.08154526296336
96.922761523359
96.76409231431411
96.60553449466069
96.447084796205
96.28873982796075
96.13049608044209
95.97234993001395
95.81429764329677
95.65633538162275
95.49845920554027
95.34066507936247
95.1829488757569
95.02530638037321
94.86773329650522
94.71022524978345
94.55277779289293
94.39538641031083
94.23804652305785
94.080753493457
93.92350262989441
93.76628919157645
93.60910839327869
93.45195541008252
93.29482538209459
93.13771341914435
92.98061460545364
92.82352400427283
92.66643666247921
92.50934761513338
92.3522518899889
92.19514451195232
92.03802050749016
91.88087490898079
91.7237027590088
91.5664991146001
91.40925905139511
91.25197766775909
91.0946500888274
90.93727147048378
90.77983700327025
90.62234191622598
90.46478148065317
90.30715101380746
90.14944588251068
89.99166150668383
89.833793362798
89.67583698724137
89.51778797960024
89.3596420058535
89.20139480148042
89.04304217448258
88.88458000831984
88.72600426476116
88.56731098665078
88.40849630059004
88.24955641953555
88.0904876453145
87.93128637105802
87.77194908355396
87.61247236552047
87.45285289780234
87.29308746149103
87.13317293997055
86.97310632089157
86.81288469807588
86.6525052733533
86.49196535833218
86.33126237610472
86.17039386288738
86.00935746959644
85.84815096335794
85.68677222895164
85.52521927018856
85.36349021122075
85.20158329778153
85.03949689835494
84.87722950527368
84.71477973574414
84.5521463327984
84.38932816617157
84.22632423310321
84.06313365906144
83.89975569838768
83.73618973486143
83.5724352821845
83.40849198438409
83.24435961613366
83.0800380829904
82.91552742154656
82.75082779949318
82.58593951559439
82.42086299957131
82.25559881189459
82.09014764348542
81.92451031532478
81.75868777797048
81.5926811109825
81.42649152225631
81.26012034726303
81.09356904819545
80.92683921301894
80.75993255442616
80.59285090869476
80.4255962344475
80.2581706113153
80.09057623850386
79.92281543326574
79.75489062928018
79.58680437494293
79.41855933156837
79.2501582715068
79.0816040761783
78.91289973402418
78.74404833837714
78.57505308525147
78.40591727105569
78.23664429022934
78.06723763280554
77.89770088190113
77.72803771113587
77.55825188198179
77.38834724104407
77.21832771727526
77.04819731912454
76.87796013162432
76.7076203134165
76.53718209372158
76.36664976925346
76.19602770108332
76.02532031145591
75.85453208056089
75.68366754326286
75.51273128579277
75.34172794240311
75.17066219198995
74.99953875468447
74.82836238841656
74.65713788545321
74.48587006891432
74.31456378926941
74.14322392081806
73.97185535815765
73.80046301264144
73.6290518088299
73.45762668093845
73.28619256928458
73.11475441673677
72.94331716516716
72.77188575191029
72.60046510623009
72.42906014579704
72.25767577317804
72.08631687234121
71.91498830517814
71.74369490804649
71.57244148833517
71.40123282105337
71.23007364544496
71.05896866162952
70.88792252727107
70.71693985427605
70.54602520552184
70.37518309161719
70.20441796769613
70.03373423024765
69.86313621398322
69.69262818874539
69.52221435646048
69.35189884813938
69.18168572093006
69.01157895522508
68.84158245182638
68.67170002916939
68.50193542060762
68.33229227175931
68.16277413791735
67.99338448152437
67.82412666971462
67.65500397192412
67.48601955757081
67.31717649380678
67.14847774334524
66.97992616236539
66.8115244984987
66.64327538889907
66.47518135839962
66.30724481775829
66.13946806199513
65.97185326882473
65.80440249718649
65.63711768587538
65.47000065227493
65.30305309119407
65.13627657380974
64.96967254671718
64.80324233109026
64.63698712195442
64.47090798757445
64.30500586895904
64.13928157948375
63.97373580463405
63.8083691018701
63.6431819006137
63.47817450235756
63.313347080896804
63.14869968268239
62.98423222729612
62.81994450804656
62.655836192685584
62.491906824245305
62.328155821995736
62.16458248252282
62.00118598092634
61.83796537213648
61.67491959234731
61.512047460565334
61.34934768027154
61.18681884119503
61.02445942119619
60.86226778825739
60.70024220257881
60.53838081877695
60.37668168818295
60.21514276123839
60.053761889986056
59.892536830653064
59.731465246323985
59.57054470970139
59.40977270595119
59.249146635630154
59.08866381769241
58.92832149257168
58.76811682533577
58.60804690890967
58.44810876736432
58.28829935926734
58.128615581093015
57.969054270687764
57.80961221078809
57.65028613258744
57.49107271934787
57.3319686100528
57.17297040309762
57.014074660014955
56.85527790923157
56.6965766498539
56.53796735547905
56.37944647802714
56.221010451591034
56.062655696299366
55.90437862218942
55.746175633086686
55.58804313048807
55.42997751744547
55.27197520244646
55.11403260328864
54.95614615094461
54.798312293414305
54.64052749956118
54.48278826292862
54.32509110553376
54.16743258163619
54.009809281479576
53.85221783500337
53.694654915522264
53.537117243370275
53.37960158950618
53.222104779077014
53.06462369493663
52.907155281116715
52.74969654624708
52.59224456692168
52.43479649100725
52.27734954089162
52.119901016668656
51.9624482992567
51.804988853447334
51.64752023088145
51.49004007294972
51.33254611361472
51.17503618215168
51.017508205804724
50.85996021235511
50.70239033259836
50.544796802727696
50.3871779666213
50.22953227803098
50.071858302669604
49.914154720194716
49.75642032608593
49.59865403341374
49.44085487449743
49.28302200245011
49.12515469260822
48.96725234384351
48.80931447975499
48.65134074973824
48.49333092993041
48.33528492402897
48.177202763982535
48.01908461055265
47.860930753745635
47.70274161311337
47.544517737921886
47.386259807186
47.22796862956866
47.06964514314355
46.91129041501946
46.75290564082527
46.59449214405512
46.436051375272164
46.277584911169775
46.11909445348876
45.96058182778997
45.80204898208179
45.643497985303114
45.48493102566222
45.32635040883174
45.16775855599987
45.009158001778545
44.85055139196983
44.691941481191364
44.53333113036241
44.37472330405218
44.2161210676917
44.057527584650316
43.8989461131779
43.74038000321424
43.58183269306796
43.42330770596744
43.26480864648699
43.106339196851145
42.94790311311994
42.78950422125843
42.63114641309415
42.47283364216634
42.31456991947136
42.15635930910873
41.99820592383248
41.84011392051253
41.68208749551076
41.52413087997661
41.366248335066985
41.208444147095406
41.05072262261615
40.893088083449186
40.73554486165165
40.57809729444131
40.420749719077946
40.26350646770868
40.10637186218304
39.94935020884361
39.79244579329827
39.63566287518005
39.47900568290071
39.322478408404486
39.16608520192852
39.00983016677599
38.853717354107964
38.697750757760154
38.5419343090906
38.38627187186375
38.23076723717616
38.075424118429446
37.92024614635647
37.76523686410705
37.61039972239966
37.45573807474527
37.30125517274921
37.14695416149631
36.99283807502432
36.83890983189052
36.68517223083664
36.53162794655729
36.378279525576815
36.22512938223933
36.07217979481608
35.91943290173403
35.766890697930315
35.61455503133738
35.46242759950349
35.31050994635314
35.15880345909125
35.00730936525466
34.856028729914364
34.704962453032216
34.55411126697576
34.40347573419454
34.25305624506124
34.10285301588113
33.9528660870729
33.80309532152365
33.65354040312036
33.50420083545987
33.35507594073971
33.206164858832096
33.057466546543225
32.90897977706001
32.76070313958613
32.61263503916891
32.46477369671837
32.31711714921957
32.16966325013976
32.02240967003175
31.87535389733446
31.728493239371456
31.581824823547404
31.43534559874257
31.289052336904856
31.142941634838643
30.997009916189505
30.85125343362383
30.70566827120185
30.560250346942347
30.414995415576776
30.269899071490208
30.124956751846344
29.98016373989363
29.835515168449565
29.69100602356004
29.54663114833055
29.40238524692599
29.258262888735562
29.11425851269918
28.97036643179156
28.826580837659932
28.682895805411093
28.539305298543425
28.39580317401918
28.252383187471807
28.10903899854308
27.965764176344532
27.822552205037578
27.679396489526635
27.536290361259557
27.393227084129602
27.250199860473185
27.10720183715754
26.96422611175212
26.82126573877722
26.678313736023348
26.535363090934887
26.392406767051604
26.24943771050122
26.106448856536137
25.963433136107373
25.820383482468518
25.6772928378025
25.534154159863764
25.39096042862852
25.247704652945888
25.10437987718285
24.96097918785594
24.81749572024256
24.673922664964806
24.530253274538524
24.3864808698805
24.242598846766725
24.09860068223494
23.954479940924752
23.810230281348193
23.66584546208369
23.521319347886784
23.37664591571092
23.231819260631536
23.08683360166662
22.94168328748696
22.796362802009632
22.650866769868536
22.505189961755825
22.359327299628113
22.21327386177142
22.067024887719004
21.920575783016137
21.7739221238259
21.627059661370414
21.47998432620209
21.33269223229978
21.18517968098492
21.037443164653254
20.889479370317858
20.74128518295923
20.592857688678393
20.444194177649038
20.295292146865037
20.146149302679945
19.996763563135442
19.847133060075617
19.697256141044203
19.547131370962187
19.396757533583536
19.246133632727105
19.095258893283194
18.94413276199348
18.79275490800348
18.641125223186926
18.48924382224167
18.337111042557304
18.18472744385486
18.0320938075992
17.879211136184995
17.72608065189745
17.572703795649065
17.41908222549407
17.265217814922355
17.111112650935045
16.956769031904248
16.80218946521974
16.647376664725456
16.492333547948874
16.337063233126827
16.181569036031505
16.025854466600848
15.86992322537783
15.713779199763207
15.557426460086372
15.400869255499227
15.244112009698252
15.08715931648015
14.93001593513666
14.772686785694399
14.61517694400579
14.45749163669715
14.299636235980095
14.141616254332753
13.983437339057339
13.825105266720717
13.666625937484588
13.508005369332059
13.349249692197677
13.190365142007966
13.031358054639671
12.872234859802763
12.713002074855483
12.553666298558683
12.394234204776895
12.234712536133543
12.075108097627663
11.915427750219465
11.755678404392114
11.595867013697072
11.436000568290295
11.276086088466483
11.116130618198508
10.956141218689023
10.796124961941157
10.63608892435496
10.476040180356316
10.315985796064803
10.15593282300693
9.995888291880938
9.835859206379062
9.675852537073077
9.515875215368771
9.355934127534715
9.196036108810537
9.036187937599825
8.876396329752648
8.716667932942581
8.557009321143031
8.39742698920754
8.237927347558548
8.07851671698886
7.919201323579828
7.759987293740154
7.600880649369039
7.441887303147246
7.283013053959492
7.124263582451482
6.9656444467248
6.8071610781727445
6.648818777460041
6.490622710649223
6.332577905476274
6.1746892477779864
6.016961478073435
5.859399188301795
5.702006818718588
5.544788654952236
5.387748825222708
5.230891297723829
5.074219878170672
4.917738207513287
4.761449759817941
4.6053578403168896
4.449465583627622
4.293775952142358
4.138291734588449
3.983015544760224
3.827949820422698
3.6730968223874663
3.5184586337609343
3.364037159364917
3.2098341253294835
3.055851078857778
2.902089388162402
2.7485502425727932
2.595234652812951
2.442143451448717
2.2892772935037105
2.1366366572428706
1.9842218451224578
1.8320329849052455
1.6800700309395307
1.528332765600474
1.3768208008921272
1.2255335802084084
1.0744703802511726
0.9236303131034105
0.7730123284555059
0.6226152159823753
0.47243760786921485
0.3224779814834734
0.17273466219055605
0.02320582631065246
-0.1261104957860151
-0.2752164164483361
-0.42411418738076556
-0.572806196150106
-0.7212949625657377
-0.8695831349365148
-1.0176734862076446
-1.1655689099809647
-1.3132724164221286
-1.4607871280583031
-1.6081162754700815
-1.7552631928813944
-1.9022313136512983
-2.0490241656715997
-2.195645366674391
-2.342098619453648
-2.4883877070051286
-2.6345164875888876
-2.7804888897187623
-2.926308907083291
-3.0719805934025985
-3.2175080572258734
-3.3628954566741096
-3.508146994132865
-3.6532669108998665
-3.7982594817923507
-3.9431290097190876
-4.087879820222115
-4.232516255993277
-4.377042671370716
-4.521463426820541
-4.665782883408958
-4.810005397270157
-4.954135314075309
-5.098176963508032
-5.242134653751777
-5.386012665994622
-5.529815248956959
-5.673546613447566
-5.817210926953538
-5.9608123082696265
-6.104354822172457
-6.247842474145141
-6.391279205157727
-6.534668886508972
-6.678015314734877
-6.821322206589448
-6.964593194103094
-7.107831819724026
-7.251041531548004
-7.394225678641789
-7.537387506465542
-7.680530152399364
-7.823656641379075
-7.966769881646238
-8.109872660617343
-8.252967640876962
-8.396057356299524
-8.539144208304304
-8.682230462248054
-8.82531824395949
-8.968409536419731
-9.111506176592538
-9.25460985240815
-9.397722099904284
-9.540844300527715
-9.68397767859968
-9.827123298948116
-9.970282064709473
-10.113454715302645
-10.256641824577493
-10.39984379914025
-10.54306087685796
-10.686293125543893
-10.82954044182568
-10.972802550197622
-11.116079002258298
-11.259369176134381
-11.402672276091348
-11.545987332331432
-11.689313200978955
-11.832648564252946
-11.975991930826664
-12.119341636373475
-12.262695844298248
-12.406052546653212
-12.549409565236955
-12.692764552874905
-12.83611499487941
-12.979458210687369
-13.122791355673257
-13.2661114231351
-13.409415246450777
-13.55269950140182
-13.695960708661802
-13.83919523644616
-13.98239930332018
-14.125568981161594
-14.268700198274136
-14.41178874264816
-14.55483026536432
-14.697820284136245
-14.840754186988168
-14.98362723606339
-15.126434571559235
-15.269171215783961
-15.41183207733099
-15.5544119553657
-15.696905544019707
-15.839307436887474
-15.981612131619933
-16.1238140346098
-16.265907465763014
-16.407886663350602
-16.549745788935248
-16.69147893236677
-16.833080116840758
-16.974543304014556
-17.115862399174656
-17.257031256449377
-17.398043684060763
-17.53889344960977
-17.679574285389133
-17.82007989371827
-17.960403952294353
-18.10054011955398
-18.240482040039918
-18.38022334976759
-18.51975768158573
-18.659078670525446
-18.798179959132142
-18.937055202774687
-19.075698074926223
-19.21410227241124
-19.35226152061368
-19.490169578640987
-19.627820244439036
-19.765207359852965
-19.90232481562892
-20.03916655635199
-20.175726585315818
-20.311998969319706
-20.447977843389356
-20.583657415417253
-20.719031970718863
-20.85409587650084
-20.988843586237653
-21.12326964395321
-21.257368688404217
-21.391135457161845
-21.52456479058832
-21.65765163570517
-21.79039104994984
-21.92277820481757
-22.05480838938538
-22.186477013715027
-22.317779612132078
-22.448711846378238
-22.57926950863446
-22.70944852441223
-22.839244955310583
-22.9686550016367
-23.09767500488817
-23.226301450095317
-23.354530968022143
-23.48236033722483
-23.609786485967046
-23.736806493991534
-23.863417594147645
-23.98961717387453
-24.115402776539664
-24.240772102632572
-24.36572301081412
-24.490253518821703
-24.61436180423081
-24.73804620507343
-24.86130522031391
-24.984137510182762
-25.106541896369293
-25.22851736207417
-25.350063051923172
-25.471178271743298
-25.591862488202707
-25.712115328316116
-25.831936578817448
-25.951326185401715
-26.07028425183808
-26.188811038955922
-26.306906963505984
-26.42457259689883
-26.54180866382288
-26.658616040744082
-26.774995754289368
-26.890948979516256
-27.006477038071186
-27.121581396239012
-27.236263662886333
-27.350525587301238
-27.46436905693185
-27.577796095025953
-27.690808858173973
-27.8034096337579
-27.915600837308666
-28.027385009774697
-28.13876481470431
-28.2497430353445
-28.360322571658834
-28.470506437267098
-28.580297756309655
-28.68969976023954
-28.798715784545443
-28.907349265408765
-29.015603736298072
-29.12348282450419
-29.2309902476192
-29.33812980996255
-29.44490539895757
-29.551320981461668
-29.65738060005354
-29.763088369280847
-29.868448471872153
-29.973465154916777
-30.078142726016193
-30.182485549410284
-30.28649804208196
-30.39018466984355
-30.49354994340841
-30.596598414451236
-30.699334671660452
-30.801763336785896
-30.903889060685188
-31.005716519372257
-31.1072504100715
-31.208495447280953
-31.309456358847953
-31.410137882060766
-31.51054475975947
-31.610681736469346
-31.71055355456021
-31.81016495043527
-31.90952065075327
-32.008625368687504
-32.10748380022501
-32.206100620509105
-32.30448048022832
-32.40262800205439
-32.50054777713154
-32.59824436161929
-32.69572227329103
-32.792985988190445
-32.89003993734794
-32.98688850355929
-33.083536018228095
-33.17998675827439
-33.2762449431118
-33.372314731695944
-33.46820021964714
-33.563905436450334
-33.659434342734805
-33.754790827636036
-33.84997870624215
-33.945001717126836
-34.039863519970304
-34.13456769326961
-34.229117732139734
-34.32351704620691
-34.41776895759596
-34.51187669901389
-34.60584341193188
-34.699672144867826
-34.79336585177159
-34.88692739051489
-34.98035952148759
-35.07366490630218
-35.16684610660789
-35.25990558301581
-35.35284569413582
-35.44566869572603
-35.5383767399546
-35.6309718747743
-35.72345604340907
-35.815831083952304
-35.90809872907647
-36.00026060585395
-36.092318235688936
-36.18427303436022
-36.276126312174824
-36.367879274232166
-36.45953302079772
-36.551088547785014
-36.642546747344454
-36.73390840855768
-36.82517421823616
-36.91634476182287
-37.007420524396025
-37.09840189177328
-37.189289151714746
-37.280082495222786
-37.37078201793659
-37.4613877216199
-37.55189951574005
-37.64231721913644
-37.73264056177664
-37.8228691865985
-37.91300265143651
-38.00304043103058
-38.09298191911535
-38.182826430587745
-38.27257320375015
-38.36222140262624
-38.45177011934573
-38.541218376594266
-38.630565130124644
-38.719809271325296
-38.80894962984201
-38.89798497624924
-38.986914024767096
-39.075735436020416
-39.164447819836546
-39.25304973807864
-39.341539707511465
-39.42991620269658
-39.51817765891361
-39.606322475104214
-39.694349016835424
-39.782255619278665
-39.870040590201036
-39.957702212965394
-40.045238749536125
-40.13264844348761
-40.21992952301271
-40.30708020392855
-40.39409869267685
-40.480983189316206
-40.56773189050422
-40.65434299246739
-40.74081469395641
-40.82714519918433
-40.91333272074492
-40.99937548250831
-41.08527172249087
-41.1710196956965
-41.256617676926126
-41.342063963552405
-41.42735687825713
-41.51249477172952
-41.5974760253235
-41.682299053671514
-41.76696230725214
-41.85146427490885
-41.93580348631737
-42.01997851439974
-42.10398797768319
-42.187830542602015
-42.271504925740444
-42.3550098960147
-42.43834427679226
-42.52150694794661
-42.6044968478458
-42.68731297527298
-42.7699543912777
-42.85242022095647
-42.93470965516095
-43.01682195213228
-43.098756439059706
-43.18051251356203
-43.26208964509075
-43.34348737625404
-43.424705324061186
-43.50574318108729
-43.58660071655836
-43.66727777735681
-43.747774288947106
-43.82809025622108
-43.90822576426219
-43.988180979028265
-44.06795614795154
-44.14755160045504
-44.2269677483845
-44.30620508635476
-44.385264192009934
-44.46414572619735
-44.5428504330554
-44.62137914001553
-44.699732757718685
-44.777912279846674
-44.8559187828686
-44.933753425702236
-45.01141744929063
-45.088912176094226
-45.16623900949858
-45.243399433137625
-45.32039501013165
-45.397227382239436
-45.473898268924444
-45.55040946633508
-45.626762846199455
-45.70296035463528
-45.77900401087632
-45.85489590591672
-45.93063820107429
-46.00623312647397
-46.08168297945312
-46.156990122890505
-46.232156983461124
-46.30718604981817
-46.382079870703166
-46.456841052984856
-46.53147225962803
-46.60597620759373
-46.680355665671726
-46.75461345224633
-46.82875243299722
-46.902775518537595
-46.97668566199215
-47.050485856517675
-47.12417913276963
-47.197768556317875
-47.27125722501487
-47.344648266319645
-47.417944834581
-47.4911501082834
-47.56426728725936
-47.63729958987191
-47.71025025017017
-47.78312251502124
-47.855919641220886
-47.928644892586
-48.00130153703211
-48.07389284363931
-48.146422079710455
-48.21889250782571
-48.29130738289715
-48.363669949227564
-48.43598343757723
-48.50825106224247
-48.580476018149376
-48.65266147796624
-48.72481058923828
-48.7969264715479
-48.86901221370315
-48.94107087095714
-49.01310546226089
-49.08511896755167
-49.15711432507894
-49.229094428769976
-49.30106212563769
-49.373020213233225
-49.44497143714629
-49.51691848855681
-49.5888640018412
-49.66081055223678
-49.73276065356764
-49.804716756035006
-49.87668124407536
-49.948656434288964
-50.020644573441174
-50.09264783653781
-50.16466832497558
-50.23670806476831
-50.30876900484951
-50.3808530154523
-50.45296188656725
-50.52509732647876
-50.59726096038007
-50.66945432906594
-50.74167888770221
-50.81393600467213
-50.8862269604998
-50.95855294685093
-51.030915065611836
-51.10331432804695
-51.17575165403535
-51.248227871386845
-51.320743715237356
-51.39329982752399
-51.465896756540175
-51.53853495657107
-51.611214787609796
-51.68393651515491
-51.75670031008916
-51.82950624863922
-51.902354312415966
-51.975244388534506
-52.048176269813546
-52.12114965505355
-52.194164149393536
-52.26721926474584
-52.34031442030879
-52.41344894315687
-52.48662206890827
-52.55983294246948
-52.63308061885652
-52.70636406409238
-52.77968215618011
-52.85303368615029
-52.92641735918158
-52.99983179579328
-53.073275533108465
-53.14674702618611
-53.220244649420685
-53.293766698007396
-53.36731138947169
-53.44087686526108
-53.51446119239727
-53.5880623651862
-53.661678306983724
-53.735306872014625
-53.808945847242335
-53.8825929542865
-53.95624585138528
-54.02990213539959
-54.103559343856254
-54.17721495702795
-54.250866400047464
-54.32451104505417
-54.398146213370175
-54.471769177703315
-54.54537716437391
-54.618967355562624
-54.692536891576474
-54.76608287312985
-54.83960236363805
-54.913092391521616
-54.98654995252002
-55.05997201201376
-55.1333555073536
-55.20669735019612
-55.279994428844134
-55.35324361059082
-55.426441744066665
-55.49958566158756
-55.57267218150304
-55.645698110543435
-55.718660246165655
-55.791555378896874
-55.864380294676096
-55.93713177719326
-56.009806610225894
-56.08240157997341
-56.154913477388845
-56.227339100508175
-56.299675256776595
-56.37191876537145
-56.44406645952046
-56.5161151888135
-56.58806182150499
-56.659903246803935
-56.73163637714816
-56.8032581504591
-56.874765532373715
-56.94615551845084
-57.01742513634929
-57.08857144797582
-57.15959155160141
-57.23048258394431
-57.30124172221878
-57.3718661861484
-57.442353239942754
-57.51270019423641
-57.5829044079892
-57.65296329034704
-57.72287430246207
-57.79263495927092
-57.8622428312296
-57.931695546003375
-58.00099079011046
-58.07012631051783
-58.13909991618767
-58.20790947957324
-58.27655293806317
-58.34502829537326
-58.413333622885325
-58.481467060932694
-58.54942682003213
-58.6172111820618
-58.684818501385
-58.75224720591945
-58.81949579815194
-58.88656285609813
-58.953447034207564
-59.020147064213866
-59.086661755930216
-59.152989997989955
-59.219130758532636
-59.285083085835886
-59.35084610889323
-59.41641903793761
-59.48180116491006
-59.54699186387331
-59.61199059136983
-59.67679688672429
-59.74141037229016
-59.80583075364082
-59.87005781970545
-59.93409144285006
-59.9979315789043
-60.06157826713532
-60.12503163017023
-60.188291873868494
-60.251359287146
-60.314234241752516
-60.376917192003944
-60.439408674470954
-60.50170930762489
-60.563819791442214
-60.625740906968375
-60.68747351584189
-60.749018559778804
-60.81037706001747
-60.871550116723384
-60.93253890835361
-60.993344690980805
-61.05396879757696
-61.11441263725756
-61.174677694487244
-61.23476552824782
-61.29467777116976
-61.354416128628046
-61.413982377803066
-61.47337836670694
-61.532606013175396
-61.59166730382505
-61.650564292975574
-61.709299101536104
-61.76787391585545
-61.82629098653572
-61.884552627208244
-61.942661213271286
-62.000619180587954
-62.05842902414346
-62.11609329666086
-62.17361460717492
-62.23099561956402
-62.28823905104044
-62.34534767059974
-62.402324297429764
-62.45917179927957
-62.515893090788914
-62.57249113177911
-62.62896892550585
-62.685329516874695
-62.741575990619786
-62.79771146944679
-62.853739112141135
-62.90966211164257
-62.9654836930874
-63.02120711182024
-63.076835651376676
-63.13237262143857
-63.18782135576375
-63.24318521009214
-63.29846756002981
-63.353671798912465
-63.40880133565016
-63.46385959255493
-63.51885000315266
-63.57377600998077
-63.628641062373184
-63.683448614234145
-63.73820212180268
-63.79290504140905
-63.84756082722421
-63.90217292900265
-63.95674478981973
-64.01127984380403
-64.06578151386569
-64.12025320942129
-64.17469832411584
-64.22912023354215
-64.283522292958
-64.33790783500112
-64.39228016740262
-64.44664257069948
-64.50099829594691
-64.5553505624313
-64.60970255538447
-64.66405742369992
-64.71841827765209
-64.77278818662032
-64.8271701768185
-64.88156722903202
-64.93598227636326
-64.99041820198713
-65.044877836918
-65.09936395779019
-65.1538792846529
-65.20842647878143
-65.26300814050583
-65.31762680705825
-65.37228495044067
-65.42698497531492
-65.48172921691574
-65.5365199389876
-65.59135933174596
-65.64624950986425
-65.70119251048826
-65.75619029127964
-65.81124472848981
-65.86635761506662
-65.92153065879566
-65.97676548047914
-66.03206361215601
-66.08742649536774
-66.14285547947489
-66.19835182002899
-66.25391667720444
-66.30955111429503
-66.36525609627907
-66.42103248845686
-66.47688105516514
-66.53280245857266
-66.58879725756097
-66.64486590669483
-66.70100875528672
-66.7572260465598
-66.81351791691301
-66.86988439529202
-66.92632540266911
-66.98284075163494
-67.03943014610465
-67.09609318114028
-67.15282934289027
-67.20963800864669
-67.2665184470205
-67.32346981823488
-67.38049117453576
-67.43758146071795
-67.4947395147652
-67.55196406860179
-67.60925374895245
-67.66660707830667
-67.7240224759839
-67.78149825929607
-67.83903264480317
-67.89662374965756
-67.95426959303312
-68.01196809763483
-68.0697170912856
-68.12751430858701
-68.18535739265211
-68.243243896909
-68.30117128697508
-68.35913694260249
-68.41713815969534
-68.47517215240076
-68.5332360552752
-68.5913269255277
-68.6494417453416
-68.7075774242761
-68.76573080174875
-68.82389864960008
-68.88207767474039
-68.94026452187852
-68.99845577633214
-69.05664796691921
-69.11483756893033
-69.1730210071809
-69.23119465914321
-69.28935485815764
-69.34749789672314
-69.40562002986557
-69.46371747858193
-69.52178643335769
-69.57982305775458
-69.6378234920658
-69.69578385703498
-69.75370025763463
-69.81156878689892
-69.86938552980523
-69.92714656719947
-69.98484797975918
-70.04248585198802
-70.10005627623597
-70.1575553567399
-70.21497921367897
-70.27232398723963
-70.32958584168539
-70.38676096942565
-70.44384559507834
-70.5008359795202
-70.55772842391939
-70.61451927374496
-70.6712049227488
-70.72778181691585
-70.78424645837906
-70.84059540929552
-70.89682529568124
-70.95293281120131
-71.00891472091199
-71.06476786495112
-71.12048916217246
-71.17607561372016
-71.23152430653987
-71.286832416823
-71.34199721338051
-71.39701606094239
-71.45188642338029
-71.50660586685079
-71.5611720628567
-71.6155827912231
-71.66983594298539
-71.72392952318567
-71.77786165357462
-71.83163057521504
-71.88523465098363
-71.93867236796665
-71.99194233974593
-72.04504330857173
-72.09797414741831
-72.15073386191864
-72.20332159217446
-72.2557366144382
-72.3079783426632
-72.36004632991887
-72.41194026966764
-72.4636599969001
-72.51520548912538
-72.56657686721337
-72.61777439608557
-72.66879848525116
-72.71964968918576
-72.77032870754977
-72.82083638524477
-72.87117371230624
-72.92134182363043
-72.97134199853338
-73.02117566014022
-73.0708443746031
-73.12034985014611
-73.16969393593581
-73.21887862077585
-73.26790603162544
-73.31677843194177
-73.36549821984755
-73.41406792612537
-73.4624902120417
-73.51076786700361
-73.55890380605143
-73.6069010671909
-73.65476280856825
-73.70249230549183
-73.75009294730461
-73.79756823411236
-73.84492177337239
-73.8921572763474
-73.93927855442956
-73.98628951534005
-74.03319415920924
-74.07999657454246
-74.12670093407581
-74.17331149052717
-74.21983257224718
-74.26626857877528
-74.31262397630559
-74.3589032930683
-74.405111114632
-74.45125207913355
-74.49733087244141
-74.54335222325955
-74.58932089817796
-74.63524169667613
-74.68111944608614
-74.72695899652246
-74.772765215785
-74.81854298424167
-74.86429718969652
-74.91003272224935
-74.95575446915296
-75.00146730967327
-75.04717610995834
-75.092885717922
-75.13860095814726
-75.18432662681408
-75.23006748665574
-75.2758282619481
-75.32161363353572
-75.36742823389812
-75.41327664225986
-75.45916337974728
-75.50509290459496
-75.55106960740437
-75.59709780645773
-75.64318174309045
-75.68932557712543
-75.73553338237167
-75.78180914219018
-75.82815674512932
-75.87457998063229
-75.92108253481962
-75.96766798634889
-76.01433980235407
-76.06110133446674
-76.1079558149217
-76.15490635274926
-76.20195593005616
-76.24910739839692
-76.29636347523905
-76.34372674052537
-76.39119963333616
-76.43878444865464
-76.48648333423972
-76.53429828761051
-76.58223115314746
-76.63028361931532
-76.67845721601265
-76.72675331205215
-76.7751731127758
-76.82371765780925
-76.87238781896036
-76.92118429826638
-76.97010762619476
-77.0191581600032
-77.06833608226492
-77.11764139956409
-77.1670739413666
-77.21663335907095
-77.26631912524459
-77.31613053305028
-77.36606669586702
-77.41612654710953
-77.46630884025087
-77.51661214905148
-77.56703486799775
-77.61757521295313
-77.66823122202398
-77.71900075664242
-77.76988150286793
-77.82087097290908
-77.87196650686572
-77.92316527469161
-77.97446427837686
-78.02586035434827
-78.07735017608532
-78.12893025694821
-78.18059695321456
-78.23234646732006
-78.28417485129803
-78.33607801041269
-78.38805170698033
-78.44009156437262
-78.49219307119559
-78.54435158563781
-78.59656233998062
-78.64882044526242
-78.70112089608934
-78.75345857558416
-78.80582826046493
-78.85822462624533
-78.91064225254918
-78.96307562853231
-79.01551915840453
-79.06796716704453
-79.12041390570057
-79.1728535577707
-79.22528024465733
-79.27768803169211
-79.33007093412603
-79.38242292317962
-79.4347379321484
-79.48700986255876
-79.5392325903701
-79.59139997221901
-79.64350585170207
-79.69554406569337
-79.74750845069259
-79.79939284919915
-79.85119111610682
-79.90289712511317
-79.954504775138
-80.00600799674483
-80.05740075855915
-80.10867707367716
-80.15983100605804
-80.21085667689256
-80.26174827094003
-80.31250004282624
-80.36310632329453
-80.41356152540205
-80.46386015065328
-80.51399679506297
-80.56396615514036
-80.61376303378695
-80.66338234610016
-80.71281912507568
-80.76206852720152
-80.81112583793693
-80.85998647706897
-80.90864600393986
-80.95710012253797
-81.00534468644612
-81.05337570364232
-81.10118934114776
-81.14878192951751
-81.19614996716832
-81.24329012453912
-81.29019924808013
-81.33687436406679
-81.38331268223462
-81.42951159923265
-81.47546870189294
-81.52118177031409
-81.56664878075682
-81.61186790835038
-81.65683752960874
-81.70155622475622
-81.74602277986193
-81.79023618878236
-81.83419565491064
-81.87790059273206
-81.92135062918496
-81.96454560482718
-82.00748557480844
-82.05017080964885
-82.09260179582381
-82.13477923615639
-82.17670405001772
-82.21837737333632
-82.25980055841816
-82.30097517357953
-82.34190300259613
-82.38258604397149
-82.42302651002726
-82.46322682581805
-82.5031896278733
-82.54291776276816
-82.58241428552466
-82.62168245784446
-82.66072574617428
-82.69954781960618
-82.7381525476138
-82.77654399762534
-82.81472643243305
-82.8527043074383
-82.89048226773306
-82.92806514501783
-82.96545795435722
-83.00266589077486
-83.03969432568951
-83.07654880319498
-83.11323503618618
-83.14975890233379
-83.18612643991
-83.2223438434672
-83.25841745937177
-83.29435378119544
-83.3301594449666
-83.36584122428539
-83.40140602530616
-83.43686088159117
-83.47221294883954
-83.5074694994955
-83.5426379172404
-83.57772569137259
-83.61274041107944
-83.64768975960598
-83.68258150832466
-83.71742351071018
-83.7522236962237
-83.78699006411145
-83.82173067712333
-83.85645365515686
-83.89116716883242
-83.92587943300575
-83.96059870022381
-83.99533325413014
-84.03009140282526
-84.0648814721878
-84.09971179916144
-84.13459072501311
-84.16952658856835
-84.20452771942925
-84.23960243118083
-84.27475901459069
-84.31000573080642
-84.34535080455508
-84.38080241734939
-84.416368700706
-84.45205772937958
-84.4878775146169
-84.52383599743608
-84.55994104193586
-84.59620042864081
-84.63262184788901
-84.66921289326977
-84.70598105511975
-84.7429337140852
-84.78007813475868
-84.81742145939982
-84.85497070174993
-84.89273274095113
-84.93071431558052
-84.96892201781019
-85.00736228770278
-85.0460414076516
-85.08496549697291
-85.12414050665744
-85.16357221428812
-85.20326621913067
-85.24322793740292
-85.28346259772955
-85.32397523678809
-85.36477069515102
-85.40585361332874
-85.44722842801808
-85.48889936856095
-85.53087045361757
-85.57314548805788
-85.61572806007403
-85.65862153851593
-85.70182907045101
-85.7453535789483
-85.78919776108567
-85.83336408617991
-85.87785479423813
-85.9226718946304
-85.96781716498195
-86.01329215028237
-86.05909816220729
-86.10523627864812
-86.15170734344473
-86.19851196631735
-86.24565052299475
-86.29312315553612
-86.34092977284375
-86.38907005136342
-86.43754343597037
-86.48634914104001
-86.53548615170199
-86.58495322527675
