4.832425473285218e-13
8.137182590926439e-12
6.86735422384849e-11
3.89956175257465e-10
1.6868639782178556e-09
5.962755151755707e-09
1.8024144511304543e-08
4.809469141520958e-08
1.1594920452293738e-07
2.570289032763605e-07
5.310269294385103e-07
1.0334492973715801e-06
1.910662261200959e-06
3.3789335456542122e-06
5.747963055841342e-06
9.449379508385679e-06
1.507065381163157e-05
2.3394848808770277e-05
3.5446588972653105e-05
5.2544593540464706e-05
7.636107308604035e-05
0.00010898824328557373
0.0001530121612313418
0.000211594039636706
0.00028855914316116643
0.0003884933193341954
0.0005168471646008037
0.0006800477742440666
0.0008856179737194757
0.0011423028785896457
0.001460203581071297
0.0018509177134657833
0.0023276865926780002
0.0029055486058480427
0.00360149845501215
0.004434651838837218
0.005426415111977017
0.0066006594275977585
0.007983898836215524
0.00960547178425962
0.011497725428787953
0.013696202160580364
0.016239827706455524
0.019171100163113658
0.022536279299105455
0.026385575448658397
0.030773337311035626
0.03575823796182851
0.04140345837805172
0.0477768677770699
0.05495120007018003
0.06300422573503793
0.07201891841698006
0.08208361557757357
0.0932921725193458
0.10574410912850975
0.11954474869252103
0.13480534816637937
0.15164321928062127
0.17018183990483854
0.19055095510319342
0.21288666734267875
0.23733151534068153
0.2640345410656438
0.293151344433163
0.32484412526962403
0.35928171214629706
0.39663957771866176
0.43709984023841353
0.4808512509390626
0.528089167030148
0.5790155100697506
0.6338387095200944
0.6927736313264683
0.7560414913953976
0.8238697538838198
0.8964920142469105
0.9741478670280439
1.0570827584100748
1.1455478235826113
1.2397997090151143
1.340100379760438
1.4467169119477459
1.5599212706574934
1.6799900734043272
1.8072043394862003
1.941849225489728
2.0842137472726954
2.234590488774662
2.3932752980357153
2.5605669708315277
2.7367669223599163
2.9221788474401507
3.117108369711161
3.3218626803385076
3.5367501667625545
3.7620800320416223
3.998161905363977
4.245305444321302
4.503819929553793
4.774013852393215
5.056194496145071
5.350667511664607
5.657736487893512
5.9777025180350405
6.310863762054711
6.657515006201786
7.0179472202534345
7.3924471131888945
7.7812966880049155
8.184772796386461
8.603146693947956
9.036683596760355
9.485642239878104
9.950274438577436
10.430824653013628
10.927529556999756
11.440617611603185
11.97030864424853
12.51681343400723
13.080333303744265
13.66105971978163
14.259173899726289
14.874846429097426
15.50823688737392
16.159493484068115
16.82875270541603
17.516138972257473
18.221764309661772
18.945728028836577
19.688116421837968
20.44900246958027
21.228445563623374
22.0264912421941
22.843170940876337
23.67850175838247
24.532486237795883
25.40511216365086
26.296352375192544
27.206164596135682
28.134491281216317
29.081259479805667
30.046380716830285
31.029750891217233
32.03125019205744
33.050743032654836
34.088078002603126
35.14308783800628
36.215589409932406
37.30538373116478
38.412255981287686
39.53597555011889
40.67629609947538
41.83295564323371
43.00567664562195
44.194166137655635
45.39811585160593
46.617202373364
47.85108731254147
49.09941749012328
50.36182514346641
51.63792814841546
52.927330258284236
54.22962135943093
55.54437774313343
56.87116239345088
58.20952529073791
59.55900373045839
60.91912265692722
62.289395011590415
63.66932209543651
65.05839394511483
66.4560897223204
67.86187811599004
69.2752177568386
70.6955576437509
72.12233758153192
73.55498862950569
74.99293356044106
76.43558732927201
77.88235755106948
79.33264498771277
80.78584404269972
82.24134326352552
83.69852585105318
85.15677017529171
86.61545029699252
88.07393649446894
89.53159579503992
90.98779251049572
92.44188877598114
93.89324509169134
95.34122086677515
96.78517496484092
98.22446625046071
99.6584541360697
101.0864991286589
102.50796337566108
103.92221120943232
105.3286096897361
106.72652914364103
108.11534370225077
109.49443183369165
110.86317687179015
112.2209675398794
113.56719846918232
114.90127071122727
116.22259224376178
117.5305784696397
118.82465270816768
120.1042466784083
121.36880097394926
122.61776552865986
123.85060007296939
125.06677458021495
126.26576970261983
127.44707719647711
128.61020033612812
129.75465431633967
130.8799666426999
131.98567750966737
133.07134016592448
134.1365212667028
135.18080121276415
136.20377447573964
137.20504990954504
138.18425104760917
139.14101638566848
140.0749996498991
140.9858700501738
141.87331251824907
142.73702793070487
143.576733316476
144.39216204883286
145.1830640216869
145.94920581011405
146.69037081500431
147.40635939176462
148.09698896301683
148.76209411524945
149.4015266793994
150.0151557953581
150.60286796041368
151.1645670616578
151.70017439240172
152.2096286526616
152.6928859337906
153.1499196873528
153.58072067834968
153.98529692292544
154.36367361069205
154.7158930118316
155.0420143691494
155.34211377526702
155.6162840351605
155.8646345142612
156.0872909723511
156.28439538349713
156.45610574228422
156.6025958566171
156.72405512737228
156.82068831518941
156.89271529470366
156.94037079652858
156.9639041373088
156.96357893817154
156.93967283191583
156.89247715928823
156.82229665470246
156.729449121768
156.6142650990013
156.47708751609972
156.31827134116716
156.13818321928798
155.93720110285236
155.71571387404325
155.47412095989935
155.21283194037338
154.93226614980986
154.63285227227098
154.3150279311416
153.97923927344632
153.62594054931233
153.2555936870148
152.8686678640428
152.4656390746226
152.0469896941335
151.61320804085167
151.1647879354563
150.70222825873034
150.2260325078884
149.7367083519613
149.2347671866634
148.72072368916523
148.1950953731928
147.65840214487005
147.11116585971877
146.55390988122554
145.98715864138148
145.41143720359514
144.82727082837414
144.2351845421647
143.63570270973264
143.02934861046424
142.416644018959
141.7981087902815
141.17426045023058
140.5456137909756
139.9126804724009
139.27596862948883
138.6359824860641
137.993221975211
137.34818236666695
136.70135390148664
136.05322143426145
135.40426408316864
134.75495488811373
134.1057604772194
133.45714074190403
132.80954852078082
132.16342929259974
131.5192208784439
130.87735315338102
130.23824776775962
129.6023178783281
128.96996788934587
128.34159320384288
127.7175799851726
127.09830492899185
126.48413504578956
125.87542745407528
125.27252918432542
124.67577699377453
124.08549719212714
123.50200547825499
122.92560678793346
122.35659515265966
121.79525356958355
121.24185388257114
120.69665667440823
120.15991117014129
119.63185515154179
119.11271488267072
118.60270504651031
118.10202869262
117.6108771957631
117.12943022543922
116.65785572624756
116.19630990899643
115.74493725246529
115.30387051571594
114.87323076084053
114.45312738602487
114.04365816879667
113.6449093193198
113.25695554358762
112.87986011635994
112.51367496367922
112.15844075479319
111.81418700330298
111.48093217734956
111.15868381864377
110.84743867013921
110.54718281214146
110.25789180664079
109.979530849651
109.7120549313317
109.45540900366639
109.20952815546362
108.97433779444414
108.74975383617205
108.5356828995835
108.33202250886184
108.13866130140384
107.95547924161981
107.78234784030663
107.61913037933034
107.4656821413533
107.32185064433754
107.1874758805546
107.0623905598297
106.94642035674775
106.83938416154723
106.74109433442806
106.65135696299973
106.56997212259517
106.49673413917634
106.43143185455807
106.37384889367644
106.32376393362784
106.28095097420663
106.24517960966926
106.21621530145438
106.19381965158942
106.17775067651525
106.16776308106358
106.16360853232442
106.16503593314252
106.17179169498576
106.18362000993254
106.20026312152895
106.22146159427068
106.24695458146907
106.27648009126487
106.30977525055714
106.34657656661913
106.38662018617815
106.4296421517411
106.47537865495296
106.52356628678028
106.57394228431842
106.62624477402714
106.6802130112058
106.73558761552435
106.79211080243253
106.84952661027505
106.90758112294684
106.96602268792881
107.02460212954989
107.0830729573278
107.1411915692469
107.19871744983689
107.25541336292261
107.31104553892183
107.36538385657494
107.41820201899728
107.46927772395307
107.51839282825634
107.56533350621103
107.60989040200926
107.65185877601292
107.69103864485092
107.72723491527054
107.76025751168767
107.78992149738703
107.81604718933046
107.8384602665375
107.85699187200784
107.8714787081624
107.8817631257855
107.88769320645851
107.88912283848221
107.88591178629169
107.87792575337461
107.86503643871028
107.84712158675349
107.82406503099334
107.79575673112187
107.7620928038531
107.72297554743876
107.67831345993466
107.62802125127598
107.57201984922574
107.51023639926359
107.44260425848722
107.36906298360384
107.28955831309418
107.20404214363498
107.11247250087138
107.01481350463416
106.91103532870113
106.80111415520628
106.68503212380438
106.56277727570239
106.4343434926742
106.299730431179
106.15894345170703
106.01199354347874
105.85889724462503
105.69967655797903
105.53435886261194
105.36297682124699
105.18556828368888
105.00217618640737
104.81284844841547
104.61763786358516
104.41660198954536
104.20980303330826
103.99730773377176
103.77918724124685
103.55551699416081
103.32637659308806
103.0918496722612
102.85202376871732
102.60699018923398
102.35684387521084
102.10168326565358
101.84161015841775
101.57672956987014
101.30714959312488
101.03298125501075
100.75433837192506
100.4713374047287
100.18409731283654
99.89273940765472
99.5973872055159
99.2981662802625
98.99520411562614
98.68862995755053
98.37857466660371
98.06517057062258
97.74855131773172
97.42885172987549
97.10620765699953
96.7807558320156
96.45263372668212
96.12197940853021
95.78893139896157
95.45362853264255
95.11620981831625
94.77681430115088
94.43558092673909
94.09264840685849
93.74815508710067
93.40223881647415
93.05503681908357
92.70668556798563
92.35732066131828
92.00707670079652
91.6560871726652
91.30448433119619
90.95239908481295
90.59996088492181
90.24729761752684
89.89453549770059
89.54179896697991
89.18921059375208
88.83689097669372
88.48495865132196
88.13352999971248
87.7827191634364
87.43263795976274
87.0833958011688
86.73509961819677
86.38785378569166
86.04176005245272
85.69691747432675
85.35342235076682
85.01136816487592
84.67084552695205
84.33194212154653
83.99474265804365
83.65932882476561
83.32577924660454
82.99416944617909
82.66457180851037
82.33705554920826
82.01168668615563
81.68852801467543
81.36763908616243
81.04907619015947
80.73289233985409
80.41913726096837
80.1078573840123
79.7990958398673
79.4928924586633
79.18928377191006
78.88830301784063
78.58998014992292
78.29434184849232
78.00141153545566
77.71120939201502
77.42375237935791
77.13905426225666
76.85712563551853
76.57797395322486
76.30160356069577
76.02801572911473
75.75720869274552
75.48917768867183
75.22391499898846
74.96140999537262
74.70164918596164
74.44461626446169
74.19029216141115
73.93865509752203
73.68968063902156
73.44334175491537
73.19960887609324
72.95844995619734
72.71983053417148
72.4837137984083
72.25006065241098
72.01882978188644
71.78997772318723
71.56345893301875
71.33922585932868
71.11722901329568
70.89741704233364
70.6797368040274
70.46413344091609
70.25055045603987
70.03892978916694
69.82921189361791
69.6213358136058
69.41523926201045
69.21085869850707
69.00812940796867
68.80698557906247
68.60736038296044
68.40918605208479
68.21239395881018
68.01691469404538
67.82267814561935
67.6296135763977
67.43764970205726
67.24671476844688
67.05673662846303
66.86764281837023
66.6793606334978
66.49181720324643
66.30493956533994
66.11865473925897
65.93288979879591
65.74757194367211
65.56262857015983
65.3779873406522
65.19357625212652
65.0093237034487
64.82515856146856
64.64101022585733
64.45680869264062
64.27248461638159
64.0879693709718
63.903195108988896
63.71809481958174
63.53260238484667
63.34665263466009
63.16018139993453
62.97312556426728
62.78542311395252
62.59701318633002
62.40783611644543
62.21783348199842
62.026948146556556
61.835124301015135
61.642307503284776
61.44844471619087
61.25348434357091
61.05737626455806
60.860071866040755
60.661524073290025
60.461687378747854
60.260517868972215
60.057973249735824
59.854012869277426
59.64859773970625
59.44169055656186
59.233255716533385
59.023259333343496
58.81166925180434
58.598455060054384
58.38358809998709
58.1670414758837
57.94879006126393
57.72881050396954
57.5070812294973
57.283582442599354
57.05829612717075
56.831206044445466
56.602297729523954
56.37155848625643
56.13897738050728
55.904545231827036
55.66825460355941
55.430099791411614
55.190076810517304
54.948183381021785
54.7044189122199
54.458784485278414
54.211282834575144
53.96191832768798
53.71069694406779
53.45762625243
53.20271538690028
52.94597502195015
52.6874173461592
52.427056034840994
52.16490622156973
51.90098446864541
51.63530873653607
51.367898352336475
51.09877397728294
50.82795757336387
50.55547236906632
50.281342824298875
50.005594594531274
49.72825449419095
49.44935045935695
49.168911509792466
48.88696771035758
48.60355013184398
48.31869081127338
48.032422711701265
47.744779681568
47.455796413639014
47.165508403576446
46.87395190818393
46.58116390336602
46.28718204184298
45.99204461066182
45.69579048854382
45.39845910310913
45.10009038801866
44.800724740073065
44.500402976308685
44.19916629112918
43.89705621351134
43.59411456432269
43.29038341378895
42.985905039148626
42.68072188253188
42.374876509101156
42.06841156548994
41.76136973857551
41.4537937146208
41.14572613881931
40.8372095752765
40.528286467460006
40.218999099150416
39.909389555923816
39.59949968719642
39.28937106886102
38.97904496654443
38.66856229951461
38.357963605265844
38.047289004809016
37.73657816869317
37.42587028378378
37.11520402082223
36.80461750279014
36.494148274100695
36.1838332706385
35.87370879066827
35.56381046663176
35.25417323785131
34.944831324157256
34.635818200455354
34.32716657224923
34.01890835213134
33.71107463725535
33.40369568780197
33.096800906448706
32.790418818853155
32.484577055158425
32.17930233252862
31.874620438721063
31.570556216700634
31.267133550301036
30.964375350936685
30.66230354536777
30.36093906451996
30.060301833359436
29.76041076182307
29.461283736802503
29.16293761518006
28.865388217913676
28.568650325167084
28.272737672480417
27.977662947975684
27.683437790590855
27.390072789335672
27.097577483561277
26.80596036423494
26.515228876210237
26.225389421481758
25.936447363412572
25.64840703192174
25.361271729618426
25.07504373886839
24.78972432977774
24.505313769078143
24.221811329896795
23.93921530239369
23.65752300524805
23.376730797974925
23.096834094052365
22.817827374838693
22.539704204259216
22.262457244240927
21.98607827087327
21.7105581912725
21.43588706112664
21.162054102897603
20.889047724656507
20.616855539527364
20.34546438571428
20.07486034708674
19.805028774297366
19.53595430640618
19.26762089298509
19.000011816676384
18.73310971617888
18.466896609635278
18.20135391839417
17.93646249112007
17.672202628224827
17.4085541065938
17.145496204580144
16.88300772724037
16.621067031784747
16.35965205321618
16.098740330131132
15.838309030656301
15.578334978494947
15.318794679056987
15.05966434564723
14.800919925686223
14.54253712693842
14.284491443722535
14.0267581830792
13.769312490871247
13.512129377792123
13.255183745258366
12.99845041116231
12.741904135461567
12.485519645582128
12.229271661612357
11.973134921265622
11.717084204589764
11.461094358402159
11.205140320429559
10.949197143132388
10.693240017193864
10.437244294654894
10.181185511676293
9.925039410910347
9.6687819634642
9.41238939043811
9.155838184022187
8.899105128135801
8.64216731859438
8.38500218278888
8.127587498863864
7.869901414380872
7.611922464454446
7.353629589348842
7.095002151524106
6.83601995212075
6.5766632468729025
6.316912761440489
6.056749706151652
5.79615579014734
5.535113234920609
5.2736047872438405
5.011613731477708
4.749123901256359
4.48611969054397
4.222586064058522
3.9585085670593285
3.6938733344954446
3.428667099512748
3.1628772013180924
2.8964915923995123
2.6294988451020926
2.3618881575596835
2.093649358983249
1.8247729143072091
1.555249928195731
1.2850721484114909
1.014231968550015
0.7427224301432824
0.47053722413682036
0.19767069174507357
-0.07588217530963942
-0.35012573516873935
-0.6250636968132092
-0.9006991216367676
-1.1770344256090408
-1.4540713820209015
-1.7318111248036714
-2.0102541524134296
-2.289400332271244
-2.5692489057497214
-2.8497984936958716
-3.1310471024798696
-3.4129921305589104
-3.695630375544975
-3.9789580417649906
-4.262970748301524
-4.547663537501835
-4.833030883942794
-5.119066703838933
-5.405764364880605
-5.693116696489009
-5.981116000474575
-6.269754062084933
-6.5590221614285
-6.848911085259558
-7.139411139110486
-7.430512159756675
-7.722203527999563
-8.014474181753048
-8.307312629418437
-8.60070696353297
-8.894644874676876
-9.18911366562385
-9.484100265719755
-9.779591245474416
-10.075572831351248
-10.372030920739487
-10.668951097093709
-10.96631864522554
-11.264118566732492
-11.562335595548873
-11.86095421360365
-12.159958666570294
-12.45933297969383
-12.759060973680482
-13.05912628063536
-13.359512360033769
-13.660202514711834
-13.961179906862336
-14.262427574021723
-14.563928445034247
-14.865665355979415
-15.167621066049092
-15.469778273360902
-15.772119630694746
-16.07462776113948
-16.377285273636932
-16.68007477841059
-16.9829789022664
-17.28598030375317
-17.58906168817044
-17.892205822412016
-18.195395549633695
-18.498613803733758
-18.80184362363512
-19.10506816735818
-19.408270725873702
-19.711434736725238
-20.014543797411108
-20.31758167851629
-20.620532336585033
-20.923379926725406
-21.226108814937394
-21.528703590156173
-21.831149076002312
-22.13343034223096
-22.43553271587235
-22.737441792056025
-23.039143444511478
-23.340623835738096
-23.64186942683757
-23.942866987002176
-24.24360360265287
-24.54406668622154
-24.84424398457223
-25.144123587056203
-25.443693933196545
-25.742943819998164
-26.041862408879457
-26.340439232222188
-26.638664199536514
-26.936527603238595
-27.234020124038516
-27.531132835936514
-27.82785721082598
-28.124185122701927
-28.42010885147414
-28.715621086384488
-29.01071492902841
-29.30538389598067
-29.599621921025804
-29.893423356993626
-30.18678297720061
-30.47969597649811
-30.772157971928728
-31.06416500299253
-31.355713531524835
-31.646800441187573
-31.937423036576643
-32.22757904194794
-32.51726659956499
-32.80648426767168
-33.09523101809357
-33.38350623347195
-33.6713097041346
-33.95864162460758
-34.245502589772386
-34.53189359067359
-34.81781600998195
-35.10327161711822
-35.388262563043234
-35.672791374719786
-35.95686094925218
-36.24047454771004
-36.523635788642984
-36.80634864129271
-37.08861741850924
-37.37044676937845
-37.65184167156812
-37.93280742340011
-38.2133496356563
-38.49347422312695
-38.77318739590987
-39.052495650469154
-39.33140576046213
-39.609924767343905
-39.88805997075929
-40.16581891873222
-40.44320939766295
-40.72023942214367
-40.99691722460262
-41.27325124478666
-41.549250119093195
-41.82492266976227
-42.10027789393935
-42.37532495261878
-42.65007315947834
-42.9245319696155
-43.19871096819641
-43.47261985902834
-43.74626845306632
-44.01966665686446
-44.29282446098315
-44.56575192836291
-44.83845918267624
-45.110956396669245
-45.38325378050492
-45.65536157012004
-45.92729001560772
-46.19904936963737
-46.470649875923726
-46.7421017577565
-47.01341520660279
-47.2846003707937
-47.55566734430673
-47.82662615565468
-48.097486756892266
-48.368259012751054
-48.638952689913054
-48.90957744643257
-49.180142821316146
-49.450658224270605
-49.721132925628844
-49.99157604646238
-50.26199654888965
-50.53240322658812
-50.80280469551847
-51.07320938486871
-51.34362552822578
-51.614061154981684
-51.88452408198167
-52.15502190542132
-52.42556199299962
-52.696151476334066
-52.96679724364422
-53.237505932709254
-53.50828392410459
-53.77913733472239
-54.05007201158025
-54.3210935259222
-54.59220716761569
-54.86341793984757
-55.13473055412236
-55.40614942556555
-55.67767866853472
-55.94932209254073
-56.22108319848035
-56.49296517518092
-56.764970896257466
-57.03710291728254
-57.309363473269116
-57.58175447646704
-57.85427751447298
-58.12693384865349
-58.399724412880346
-58.672649812577276
-58.94571032407697
-59.218905894286536
-59.492236140658925
-59.765700351467224
-60.03929748637899
-60.313026177327124
-60.58688472967339
-60.86087112366045
-61.13498301614829
-61.40921774263064
-61.68357231952684
-61.95804344674452
-62.23262751050841
-62.50732058645049
-62.78211844295659
-63.05701654476407
-63.3320100568056
-63.60709384829353
-63.882262497039065
-64.15751029400043
-64.43283124805409
-64.70821909098369
-64.983667282681
-65.25916901655263
-65.53471722512639
-65.81030458584958
-66.08592352707224
-66.3615662342074
-66.6372246560613
-66.91289051132694
-67.18855529523509
-67.46421028635788
-67.7398465535592
-68.01545496308691
-68.29102618580103
-68.56655070453192
-68.84201882156188
-69.1174206662237
-69.3927462026094
-69.6679852373824
-69.94312742768628
-70.21816228914409
-70.49307920394156
-70.76786742898801
-71.04251610414823
-71.31701426053777
-71.59135082887448
-71.86551464787837
-72.13949447271224
-72.4132789834557
-72.6868567936052
-72.96021645859217
-73.2333464843109
-73.5062353356493
-73.77887144501538
-74.05124322085236
-74.32333905613477
-74.59514733683845
-74.86665645037583
-75.13785479398875
-75.40873078309043
-75.67927285954833
-75.94946949990019
-76.21930922349502
-76.48878060055056
-76.75787226011839
-77.02657289794836
-77.29487128424323
-77.56275627129507
-77.83021680099505
-78.09724191220975
-78.3638207480182
-78.62994256280348
-78.89559672919421
-79.16077274485059
-79.42546023908989
-79.68964897934558
-79.95332887745423
-80.21648999576456
-80.47912255306306
-80.74121693031174
-81.00276367619534
-81.2637535124756
-81.52417733915041
-81.78402623941548
-82.04329148442542
-82.30196453785157
-82.56003706023336
-82.81750091311977
-83.07434816299684
-83.33057108499753
-83.58616216639058
-83.84111410984548
-84.09541983647085
-84.34907248862447
-84.6020654324937
-84.85439226044622
-85.10604679315105
-85.35702308147057
-85.60731540812385
-85.85691828912145
-86.10582647497218
-86.35403495166152
-86.60153894140213
-86.84833390315664
-87.09441553293284
-87.33977976385218
-87.5844227659929
-87.8283409460076
-88.07153094651535
-88.3139896452695
-88.555714154103
-88.79670181765466
-89.03695021187941
-89.27645714234605
-89.51522064232707
-89.75323897068502
-89.99051060955851
-90.22703426185213
-90.46280884853566
-90.69783350575854
-90.93210758178459
-91.16563063375334
-91.39840242427381
-91.63042291785708
-91.86169227719354
-92.09221085928114
-92.32197921141001
-92.55099806700954
-92.77926834136449
-93.0067911272067
-93.23356769018764
-93.45959946423736
-93.68488804681678
-93.90943519407003
-94.13324281588334
-94.35631297085874
-94.57864786121124
-94.8002498275973
-95.0211213438823
-95.24126501185353
-95.46068355588554
-95.67937981756413
-95.89735675027495
-96.11461741376272
-96.33116496866634
-96.54700267103496
-96.76213386682932
-96.97656198641343
-97.1902905390418
-97.40332310734695
-97.61566334183257
-97.82731495537868
-98.0382817177643
-98.24856745021279
-98.45817601996438
-98.66711133487988
-98.87537733807923
-99.08297800262014
-99.289917326221
-99.49619932603295
-99.70182803346526
-99.90680748906809
-100.111141737476
-100.31483482241536
-100.51789078177795
-100.72031364276414
-100.92210741709776
-101.1232760963163
-101.3238236471394
-101.52375400691982
-101.72307107918208
-101.92177872925423
-102.11988077999762
-102.31738100764106
-102.51428313772452
-102.71059084115653
-102.90630773038912
-103.10143735571351
-103.29598320167882
-103.48994868363603
-103.68333714440926
-103.87615185109608
-104.0683959919994
-104.26007267369322
-104.4511849182246
-104.64173566045473
-104.83172774554201
-105.02116392656795
-105.21004686230593
-105.3983791151329
-105.58616314908305
-105.77340132804282
-105.9600959140863
-106.1462490659495
-106.33186283764188
-106.51693917719204
-106.70147992552505
-106.88548681546773
-107.06896147087888
-107.2519054059013
-107.43432002433188
-107.61620661910614
-107.7975663718929
-107.9784003527967
-108.15870952016517
-108.3384947205003
-108.51775668847175
-108.69649604703271
-108.87471330763867
-109.05240887056948
-109.22958302535426
-109.40623595129944
-109.58236771812028
-109.75797828667612
-109.93306750980912
-110.10763513328641
-110.2816807968452
-110.45520403534056
-110.62820427999497
-110.80068085974801
-110.9726330027031
-111.1440598376679
-111.31496039578519
-111.4853336122519
-111.65517832812418
-111.82449329220731
-111.99327716302935
-112.16152851089782
-112.32924582003977
-112.49642749082466
-112.66307184206926
-112.82917711342395
-112.99474146783996
-113.15976299411648
-113.32423970952607
-113.48816956251653
-113.65155043548714
-113.81438014763648
-113.97665645787947
-114.13837706783079
-114.2995396248524
-114.46014172516175
-114.62018091699736
-114.77965470383765
-114.93856054766763
-115.09689587228695
-115.25465806665238
-115.41184448824811
-115.5684524664772
-115.72447930606916
-115.8799222904978
-116.03477868540358
-116.1890457420136
-116.3427207005526
-116.49580079363852
-116.6482832496564
-116.80016529610464
-116.95144416290907
-117.10211708570114
-117.25218130905637
-117.40163408969136
-117.55047269961756
-117.69869442925096
-117.84629659047641
-117.99327651966587
-118.13963158064962
-118.28535916764008
-118.43045670810636
-118.5749216655969
-118.71875154250746
-118.86194388279206
-119.00449627461514
-119.14640635294337
-119.2876718020756
-119.42829035810918
-119.5682598113416
-119.70757800860521
-119.84624285553402
-119.98425231876094
-120.12160442804385
-120.25829727831957
-120.39432903168576
-120.5296979193105
-120.66440224326881
-120.79844037830482
-120.93181077351836
-121.06451195397484
-121.19654252223712
-121.32790115981994
-121.45858662856803
-121.58859777195939
-121.71793351633484
-121.84659287205535
-121.97457493458866
-122.10187888552572
-122.22850399352662
-122.3544496151949
-122.47971519587885
-122.60430027039753
-122.72820446368941
-122.85142749138198
-122.97396916028119
-123.09582936878054
-123.21700810718973
-123.3375054579824
-123.45732159596311
-123.57645678835344
-123.69491139479932
-123.81268586730154
-123.92978075007194
-124.04619667931708
-124.16193438295069
-124.27699468023742
-124.39137848137035
-124.50508678698533
-124.61812068761425
-124.73048136307911
-124.84217008182829
-124.95318820021613
-125.06353716172602
-125.17321849613712
-125.28223381863485
-125.39058482886414
-125.49827330992538
-125.60530112731398
-125.71167022780493
-125.8173826382838
-125.92244046452494
-126.02684588991771
-126.13060117414172
-126.23370865179233
-126.33617073095662
-126.43798989174049
-126.53916868474711
-126.63970972950712
-126.73961571285987
-126.83888938728627
-126.93753356919366
-127.0355511371538
-127.13294503009412
-127.22971824544142
-127.32587383721831
-127.42141491409281
-127.516344637383
-127.61066621901786
-127.70438291945585
-127.79749804556299
-127.89001494845094
-127.98193702127595
-128.07326769699924
-128.16401044611044
-128.2541687743167
-128.34374622019917
-128.4327463528388
-128.5211727694132
-128.60902909276686
-128.69631896895854
-128.78304606478972
-128.86921406531658
-128.95482667134868
-129.03988759693746
-129.12440056685742
-129.20836931408147
-129.2917975772522
-129.3746890981494
-129.45704761915422
-129.5388768807101
-129.62018061877998
-129.70096256230048
-129.78122643063105
-129.86097593099774
-129.9402147559313
-130.01894658069946
-130.09717506073244
-130.17490382904012
-130.25213649361868
-130.32887663484362
-130.40512780284703
-130.48089351487752
-130.55617725264224
-130.63098245963172
-130.7053125384272
-130.77917084798915
-130.85256070092638
-130.92548536074528
-130.99794803908085
-131.06995189291106
-131.1415000217568
-131.21259546487127
-131.28324119842333
-131.35344013268005
-131.4231951091937
-131.49250889799978
-131.561384194834
-131.62982361837604
-131.69782970752718
-131.76540491872984
-131.83255162333458
-131.8992721050203
-131.96556855727331
-132.03144308093252
-132.0968976818073
-132.1619342683754
-132.22655464956748
-132.29076053264467
-132.35455352117688
-132.41793511312713
-132.48090669904755
-132.5434695603914
-132.60562486794552
-132.66737368038767
-132.72871694297115
-132.78965548633929
-132.85019002547133
-132.91032115876092
-132.97004936722797
-133.02937501386432
-133.08829834311373
-133.14681948048647
-133.20493843230784
-133.26265508559973
-133.31996920809425
-133.37688044837856
-133.43338833617045
-133.489492282724
-133.545191581365
-133.60048540815674
-133.65537282269761
-133.70985276905108
-133.76392407680842
-133.81758546228562
-133.87083552985624
-133.92367277342183
-133.97609557802062
-134.0281022215751
-134.07969087677898
-134.13085961312404
-134.1816063990656
-134.23192910432536
-134.28182550233
-134.33129327278348
-134.3803300043709
-134.42893319759278
-134.4771002677284
-134.52482854792848
-134.5721152924365
-134.6189576799367
-134.66535281702673
-134.71129774181182
-134.75678942761775
-134.80182478682028
-134.8464006747876
-134.89051389393208
-134.93416119786949
-134.97733929568417
-135.0200448563002
-135.06227451295618
-135.10402486778267
-135.14529249648118
-135.18607395310406
-135.2263657749319
-135.2661644874444
-135.30546660938117
-135.34426865788978
-135.38256715375738
-135.42035862672165
-135.45763962085644
-135.49440670002733
-135.5306564534118
-135.56638550107837
-135.6015904996183
-135.6362681478246
-135.6704151924122
-135.7040284337726
-135.73710473175484
-135.7696410114651
-135.8016342690768
-135.83308157764364
-135.86398009290784
-135.8943270590961
-135.92411981469547
-135.9533557982005
-135.98203255382225
-136.01014773714894
-136.03769912074847
-136.064684599702
-136.09110219705929
-136.11695006920615
-136.14222651113334
-136.1669299615977
-136.19105900816578
-136.21461239212942
-136.237589013282
-136.25998793454448
-136.2818083864305
-136.3030497713413
-136.32371166768382
-136.34379383380463
-136.36329621173275
-136.3822189307249
-136.40056231060646
-136.41832686490227
-136.43551330375192
-136.45212253660532
-136.46815567469423
-136.483614033276
-136.49849913364585
-136.51281270491324
-136.52655668553882
-136.539733224629
-136.5523446829867
-136.56439363391576
-136.57588286377643
-136.5868153722887
-136.59719437257957
-136.60702329097046
-136.6163057665018
-136.62504565019128
-136.63324700402256
-136.64091409966147
-136.64805141689783
-136.65466364181282
-136.66075566467418
-136.66633257756246
-136.67139967173182
-136.67596243470973
-136.68002654713985
-136.683597879373
-136.68668248781285
-136.6892866110221
-136.69141666559642
-136.6930792418126
-136.69428109905732
-136.6950291610416
-136.6953305108051
-136.6951923855139
-136.69462217105468
-136.6936273964294
-136.69221572795527
-136.69039496327514
-136.68817302518437
-136.68555795527823
-136.68255790742273
-136.67918114105146
-136.67543601429156
-136.67133097692295
-136.66687456317254
-136.66207538434605
-136.65694212130052
-136.65148351676044
-136.64570836747998
-136.6396255162531
-136.63324384377347
-136.62657226034867
-136.619619697472
-136.61239509925645
-136.60490741373633
-136.59716558404216
-136.58917853945582
-136.5809551863549
-136.57250439905715
-136.56383501057712
-136.55495580330785
-136.5458754996389
-136.53660275252287
-136.52714613600165
-136.51751413570446
-136.50771513933046
-136.4977574271286
-136.48764916238815
-136.47739838195525
-136.46701298678954
-136.4565007325748
-136.4458692203973
-136.43512588750673
-136.42427799817438
-136.41333263466413
-136.40229668833126
-136.39117685086262
-136.37997960567213
-136.36871121946547
-136.35737773398955
-136.3459849579831
-136.33453845934355
-136.32304355752672
-136.31150531619573
-136.29992853613612
-136.28831774845276
-136.27667720806403
-136.2650108875082
-136.25332247107713
-136.2416153492934
-136.22989261374573
-136.21815705229665
-136.20641114467503
-136.1946570584655
-136.18289664550684
-136.17113143871234
-136.15936264932316
-136.14759116460527
-136.13581754599863
-136.12404202772677
-136.1122645158748
-136.10048458794176
-136.0887014928719
-136.07691415157024
-136.06512115790497
-136.05332078019933
-136.04151096321448
-136.02968933062448
-136.0178531879833
-136.0059995261836
-135.99412502540486
-135.98222605954766
-135.97029870114898
-135.95833872677213
-135.94634162286343
-135.93430259206593
-135.9222165599797
-135.9100781823579
-135.89788185272914
-135.8856217104352
-135.8732916490709
-135.86088532531096
-135.84839616810734
-135.8358173882392
-135.8231419881971
-135.8103627723816
-135.79747235759407
-135.78446318379736
-135.7713275251225
-135.75805750109782
-135.74464508807557
-135.73108213083094
-135.71736035430888
-135.70347137549345
-135.68940671537428
-135.67515781098462
-135.66071602748377
-135.64607267025679
-135.63121899700639
-135.6161462298138
-135.60084556714457
-135.58530819577766
-135.569525302638
-135.55348808651422
-135.537187769644
-135.52061560915
-135.50376290831048
-135.48662102764922
-135.46918139583056
-135.4514355203438
-135.43337499796178
-135.4149915249592
-135.39627690707846
-135.37722306923035
-135.35782206491797
-135.33806608537256
-135.31794746839032
-135.29745870686097
-135.27659245698018
-135.25534154613828
-135.2336989804779
-135.21165795211468
-135.1892118460149
-135.1663542465263
-135.1430789435593
-135.11937993841443
-135.09525144925473
-135.07068791622223
-135.0456840061996
-135.02023461721782
-134.9943348825121
-134.96798017422893
-134.9411661067887
-134.91388853990892
-134.88614358129198
-134.85792758898296
-134.82923717340358
-134.80006919906836
-134.77042078598933
-134.74028931077768
-134.70967240745117
-134.67856796795772
-134.64697414242605
-134.61488933915334
-134.58231222434014
-134.54924172158061
-134.51567701111512
-134.48161752885275
-134.44706296517083
-134.41201326349787
-134.37646861868674
-134.34042947518398
-134.303896525
-134.26687070548402
-134.22935319690825
-134.19134541986656
-134.1528490324924
-134.11386592749884
-134.0743982290439
-134.03444828942563
-133.99401868560946
-133.95311221559356
-133.91173189461708
-133.86988095121748
-133.8275628231431
-133.7847811531271
-133.74153978452816
-133.6978427568417
-133.65369430108555
-133.60909883506085
-133.56406095848953
-133.51858544802982
-133.47267725217145
-133.42634148601357
-133.37958342592785
-133.33240850411013
-133.2848223030255
-133.23683054975092
-133.18843911022006
-133.13965398337515
-133.09048129523123
-133.0409272928566
-132.99099833827424
-132.94070090228817
-132.89004155823997
-132.8390269757003
-132.78766391410042
-132.73595921630928
-132.68391980216276
-132.63155266195255
-132.5788648498835
-132.52586347750864
-132.47255570715058
-132.41894874531815
-132.36504983612755
-132.31086625473742
-132.25640530080656
-132.2016742919836
-132.1466805574382
-132.09143143144317
-132.03593424701555
-131.98019632962402
-131.92422499097026
-131.86802752284936
-131.81161119109422
-131.75498322960786
-131.69815083448722
-131.64112115824193
-131.5839013041119
-131.52649832048778
-131.4689191954386
-131.4111708513511
-131.3532601396865
-131.29519383585952
-131.23697863424454
-131.17862114331328
-131.12012788090723
-131.06150526964788
-131.002759632487
-130.9438971883993
-130.8849240482194
-130.8258462106247
-130.766669558266
-130.70739985405007
-130.64804273757736
-130.5886037217384
-130.52908818947216
-130.46950139068835
-130.4098484393546
-130.35013431074796
-130.29036383886952
-130.23054171401915
-130.17067248052703
-130.11076053463827
-130.05081012254624
-129.99082533856955
-129.930810123468
-129.87076826289234
-129.8107033859639
-129.7506189639808
-129.69051830924758
-129.63040457402525
-129.5702807496005
-129.51014966547365
-129.45001398866685
-129.38987622315432
-129.3297387094155
-129.2696036241128
-129.20947297989443
-129.1493486253225
-129.0892322449252
-129.0291253593719
-128.9690293257675
-128.90894533806346
-128.84887442758367
-128.78881746366432
-128.7287751544065
-128.66874804754121
-128.6087365314059
-128.54874083602982
-128.48876103432605
-128.42879704338844
-128.36884862589403
-128.30891539161047
-128.24899679900938
-128.1890921569855
-128.12920062668303
-128.06932122343056
-128.00945281878518
-127.94959414268538
-127.88974378571442
-127.82990020147491
-127.77006170907549
-127.71022649572893
-127.65039261946066
-127.59055801192682
-127.53072048134328
-127.47087771552691
-127.41102728505126
-127.35116664651827
-127.29129314594735
-127.23140402228279
-127.17149641101975
-127.11156734794935
-127.05161377302278
-126.99163253433454
-126.93162039222551
-126.87157402350641
-126.81149002580065
-126.75136492200335
-126.69119516485245
-126.63097714160807
-126.57070717883545
-126.51038154728559
-126.44999646686705
-126.38954811170134
-126.32903261525354
-126.26844607552988
-126.20778456033378
-126.14704411257043
-126.08622075558952
-126.02531049855514
-125.96430934183223
-125.90321328237798
-125.84201831912759
-125.78072045836444
-125.71931571906345
-125.65780013819705
-125.59616977599325
-125.5344207211362
-125.472549095901
-125.41055106121365
-125.34842282162725
-125.28616063020587
-125.22376079330735
-125.16121967525675
-125.09853370290244
-125.03569937004687
-124.97271324174523
-124.90957195846572
-124.8462722401055
-124.78281088985652
-124.71918479791684
-124.65539094504406
-124.59142640594784
-124.52728835251882
-124.46297405689124
-124.39848089433762
-124.33380634599443
-124.26894800141854
-124.20390356097612
-124.1386708380658
-124.07324776117837
-124.00763237579513
-123.94182284612809
-123.87581745670506
-123.80961461380313
-123.74321284673412
-123.6766108089851
-123.6098072792161
-123.5428011621165
-123.47559148912175
-123.40817741899086
-123.34055823824546
-123.27273336147054
-123.20470233147743
-123.13646481932987
-123.06802062423303
-122.99936967328601
-122.93051202109807
-122.86144784926948
-122.79217746573788
-122.72270130399174
-122.6530199221542
-122.58313400193906
-122.51304434748117
-122.4427518840436
-122.37225765660371
-122.3015628283204
-122.23066867888456
-122.15957660275494
-122.08828810728316
-122.01680481073087
-121.9451284401819
-121.87326082935299
-121.80120391630628
-121.7289597410675
-121.65653044315358
-121.58391825901269
-121.5111255193796
-121.4381546465502
-121.36500815157845
-121.2916886313989
-121.21819876587861
-121.14454131480264
-121.07071911479639
-120.99673507618857
-120.92259217981714
-120.84829347378107
-120.77384207014146
-120.69924114157564
-120.6244939179874
-120.54960368307607
-120.47457377086837
-120.39940756221702
-120.32410848127043
-120.24867999191784
-120.1731255942141
-120.09744882078783
-120.02165323323678
-119.9457424185147
-119.86971998531422
-119.79358956044965
-119.71735478524388
-119.6410193119232
-119.56458680002439
-119.48806091281986
-119.411445313766
-119.33474366297949
-119.25795961374641
-119.18109680906778
-119.1041588782447
-119.027149433505
-118.95007206667381
-118.87293034589075
-118.79572781237655
-118.71846797725235
-118.64115431841392
-118.56379027746314
-118.48637925669905
-118.40892461617196
-118.33142967080269
-118.25389768756864
-118.17633188275775
-118.09873541929213
-118.02111140412288
-117.94346288569878
-117.86579285151119
-117.78810422571736
-117.71039986684424
-117.63268256557434
-117.55495504261616
-117.47721994666178
-117.399479852435
-117.32173725883219
-117.24399458715642
-117.16625417944432
-117.08851829688344
-117.01078911831827
-116.9330687388432
-116.85535916848097
-116.77766233094498
-116.69998006248262
-116.62231411079689
-116.54466613404328
-116.4670376998994
-116.38943028470455
-116.31184527266738
-116.23428395514044
-116.156747529962
-116.07923710086608
-116.0017536769608
-115.92429817227539
-115.84687140537598
-115.76947409905053
-115.69210688006218
-115.61477027897162
-115.53746473002947
-115.46019057114007
-115.38294804389717
-115.30573729369247
-115.22855836989812
-115.15141122612273
-115.07429572054026
-114.9972116162918
-114.9201585819592
-114.84313619210936
-114.76614392790886
-114.6891811778079
-114.61224723829265
-114.53534131470474
-114.45846252212687
-114.38160988633376
-114.30478234480665
-114.2279787478094
-114.15119785952436
-114.07443835924516
-113.997698842624
-113.92097782297094
-113.84427373260269
-113.76758492423778
-113.69090967243551
-113.61424617507589
-113.53759255487807
-113.46094686095466
-113.38430707039822
-113.30767108989608
-113.2310367573699
-113.15440184363717
-113.07776405409163
-113.00112103040146
-112.92447035222301
-112.84780953892857
-112.77113605134787
-112.69444729352279
-112.61774061447636
-112.54101330999595
-112.46426262443072
-112.38748575250372
-112.31067984113827
-112.23384199129873
-112.15696925984673
-112.08005866141502
-112.00310717030186
-111.92611172238855
-111.84906921708352
-111.77197651929589
-111.69483046144205
-111.61762784548932
-111.54036544504004
-111.46304000745829
-111.38564825604112
-111.3081868922344
-111.23065259789325
-111.15304203758681
-111.07535186094684
-110.99757870505867
-110.91971919689296
-110.84176995577592
-110.7637275958949
-110.68558872883544
-110.60734996614507
-110.5290079219203
-110.45055921541369
-110.37200047365842
-110.29332833410784
-110.2145394472876
-110.13563047945671
-110.0565981152739
-109.97743906046479
-109.8981500444854
-109.81872782317895
-109.7391691814223
-109.65947093575913
-109.57962993701663
-109.4996430729028
-109.41950727058132
-109.33921949922022
-109.25877677251002
-109.17817615114619
-109.09741474527026
-109.01648971686448
-108.93539828209542
-108.85413771360173
-108.772705342722
-108.69109856165856
-108.6093148255744
-108.52735165462137
-108.4452066358982
-108.36287742533703
-108.28036174951806
-108.19765740741308
-108.11476227205922
-108.03167429216556
-107.94839149365485
-107.86491198114219
-107.78123393935049
-107.69735563446224
-107.61327541540626
-107.52899171507849
-107.4445030514963
-107.35980802888625
-107.27490533870534
-107.18979376059596
-107.1044721632754
-107.01893950536075
-106.93319483612933
-106.84723729621552
-106.76106611824443
-106.67468062740326
-106.5880802419517
-106.50126447367128
-106.41423292825479
-106.32698530563673
-106.23952140026606
-106.15184110132154
-106.0639443928703
-105.97583135397028
-105.88750215871673
-105.79895707623209
-105.7101964705989
-105.62122080073536
-105.5320306202137
-105.4426265770214
-105.3530094132644
-105.26317996481211
-105.17313916088355
-105.08288802357421
-104.99242766732365
-104.90175929832319
-104.8108842138623
-104.7198038016131
-104.6285195388526
-104.53703299162314
-104.44534581383218
-104.35345974629283
-104.2613766157045
-104.16909833357269
-104.0766268950666
-103.98396437781398
-103.89111294063339
-103.79807482220379
-103.70485233967095
-103.61144788719089
-103.51786393441041
-103.42410302488504
-103.33016777443488
-103.2360608694399
-103.14178506507615
-103.04734318349433
-102.952738111942
-102.85797280083143
-102.76305026175551
-102.66797356545392
-102.57274583973101
-102.4773702673261
-102.381850083737
-102.28618857499744
-102.19038907540842
-102.09445496522433
-101.99838966829357
-101.90219664965464
-101.80587941308939
-101.70944149863574
-101.61288648006287
-101.51621796231252
-101.41943957891165
-101.32255498936077
-101.22556787650281
-101.12848194387682
-101.03130091306134
-100.93402852101197
-100.83666851739697
-100.7392246619333
-100.64170072172529
-100.54410046860785
-100.44642767649584
-100.34868611874056
-100.25087956549483
-100.15301178108764
-100.05508652140958
-99.95710753130976
-99.85907854200497
-99.7610032685023
-99.66288540703664
-99.56472863252458
-99.46653659603697
-99.36831292229346
-99.2700612071813
-99.1717850153023
-99.0734878775508
-98.97517328872533
-98.87684470517576
-98.77850554248704
-98.6801591731998
-98.58180892456761
-98.48345807635116
-98.38510985864929
-98.2867674497673
-98.18843397412303
-98.09011250019176
-97.99180603849044
-97.8935175396021
-97.79524989224132
-97.69700592136172
-97.59878838630726
-97.50059997900888
-97.40244332222875
-97.30432096785347
-97.20623539523757
-97.10818900959936
-97.01018414047138
-96.91222304020692
-96.81430788254369
-96.71644076122567
-96.61862368868282
-96.52085859476739
-96.42314732554581
-96.32549164214589
-96.2278932196595
-96.13035364610067
-96.03287442141907
-95.93545695656933
-95.8381025726366
-95.74081250001886
-95.64358787766598
-95.5464297523768
-95.44933907815634
-95.35231671563513
-95.25536343155197
-95.15847989830063
-95.06166669354029
-94.96492429986965
-94.86825310456497
-94.77165339938294
-94.6751253804296
-94.57866914809613
-94.48228470706367
-94.38597196638095
-94.28973073961701
-94.1935607450918
-94.09746160618754
-94.00143285174379
-93.90547391653881
-93.80958414185947
-93.713762776162
-93.6180089758257
-93.52232180600076
-93.42670024155034
-93.33114316808637
-93.23564938309828
-93.14021759717404
-93.04484643531389
-92.94953443833622
-92.85428006437489
-92.75908169046652
-92.66393761422789
-92.56884605562395
-92.473805158827
-92.37881299416703
-92.28386756017316
-92.18896678570665
-92.09410853218564
-91.99929059590208
-91.90451071043042
-91.80976654912789
-91.71505572772665
-91.62037580701625
-91.5257242956142
-91.43109865282193
-91.33649629156233
-91.24191458139492
-91.14735085160433
-91.05280239435663
-90.95826646791764
-90.86374029992604
-90.76922109071361
-90.67470601666483
-90.5801922336083
-90.48567688023402
-90.39115708153113
-90.29662995224115
-90.20209260032132
-90.10754213041324
-90.01297564731217
-89.91839025943389
-89.82378308227592
-89.72915124187014
-89.63449187822405
-89.53980214874835
-89.4450792316683
-89.35032032941527
-89.25552267199376
-89.16068352032019
-89.06580016952901
-88.9708699522412
-88.8758902417907
-88.78085845540502
-88.68577205733587
-88.59062856193489
-88.49542553667018
-88.40016060507915
-88.30483144965368
-88.20943581465284
-88.11397150883843
-88.01843640812947
-87.92282845817252
-87.82714567682595
-87.73138615655674
-87.63554806674907
-87.53962965592372
-87.44362925386658
-87.34754527366432
-87.25137621364492
-87.15512065922077
-87.05877728463328
-86.96234485459765
-86.86582222584765
-86.76920834858016
-86.67250226779869
-86.57570312455529
-86.47881015709096
-86.38182270187396
-86.28474019453598
-86.18756217070667
-86.09028826674593
-85.9929182203738
-85.8954518711969
-85.79788916113047
-85.70023013471543
-85.60247493933117
-85.50462382530453
-85.40667714591486
-85.30863535729601
-85.21049901823598
-85.1122687898751
-85.01394543530434
-84.91552981906524
-84.81702290655302
-84.71842576332496
-84.61973955431712
-84.52096554297113
-84.42210509027201
-84.32315965369857
-84.22413078608794
-84.12502013441703
-84.02582943850292
-83.92656052962492
-83.82721532907011
-83.7277958466034
-83.62830417886188
-83.52874250767401
-83.42911309830403
-83.32941829762161
-83.2296605321967
-83.12984230632071
-83.02996619995577
-82.93003486661337
-82.8300510311634
-82.73001748757554
-82.6299370965952
-82.5298127833563
-82.42964753493209
-82.32944439782523
-82.22920647539854
-82.12893692524767
-82.02863895651717
-81.92831582716053
-81.82797084114543
-81.7276073456045
-81.62722872793177
-81.52683841282521
-81.42643985927555
-81.32603655750233
-81.22563202583876
-81.1252298075666
-81.02483346770362
-80.92444658974648
-80.82407277237189
-80.72371562609874
-80.62337876991432
-80.52306582786821
-80.42278042563737
-80.32252618706616
-80.22230673068464
-80.12212566620917
-80.02198659102953
-79.92189308668674
-79.82184871534548
-79.72185701626461
-79.62192150226906
-79.52204565622651
-79.42223292753226
-79.3224867286059
-79.22281043140276
-79.12320736394327
-79.02368080686311
-78.92423398998822
-78.8248700889386
-78.7255922217655
-78.62640344562554
-78.52730675349595
-78.42830507093525
-78.32940125289393
-78.23059808058007
-78.13189825838548
-78.03330441087802
-77.93481907986562
-77.83644472153695
-77.73818370368325
-77.640038303006
-77.5420107025145
-77.44410298901731
-77.34631715071156
-77.24865507487458
-77.15111854566133
-77.05370924201075
-76.95642873566281
-76.85927848928826
-76.7622598547333
-76.6653740713816
-76.56862226463578
-76.47200544452049
-76.37552450440988
-76.27918021988135
-76.1829732476982
-76.08690412492307
-75.99097326816478
-75.89518097296069
-75.79952741329667
-75.70401264126666
-75.60863658687354
-75.51339905797316
-75.41829974036237
-75.32333819801168
-75.22851387344177
-75.13382608824371
-75.03927404374325
-74.9448568218089
-74.85057338580383
-74.75642258168129
-74.66240313922303
-74.5685136734201
-74.47475268599445
-74.38111856705976
-74.2876095969198
-74.19422394800202
-74.10095968692374
-74.00781477668866
-73.91478707901152
-73.8218743567692
-73.72907427657677
-73.6363844114857
-73.54380224380091
-73.45132516801235
-73.35895049383615
-73.26667544936069
-73.17449718429268
-73.08241277329884
-72.99041921943896
-72.89851345768611
-72.80669235853006
-72.7149527316594
-72.62329132971828
-72.53170485213386
-72.4401899490102
-72.34874322508526
-72.25736124374632
-72.16604053110026
-72.07477758009415
-71.98356885468124
-71.89241079402618
-71.80129981674301
-71.71023232515958
-71.6192047096018
-71.5282133526907
-71.43725463364464
-71.34632493257979
-71.25542063480165
-71.16453813508068
-71.07367384190482
-70.98282418170189
-70.8919856030241
-70.80115458068795
-70.7103276198633
-70.61950126010632
-70.52867207933096
-70.43783669771508
-70.34699178153747
-70.25613404694231
-70.16526026362818
-70.0743672584589
-69.98345191899365
-69.89251119693462
-69.80154211148967
-69.71054175264693
-69.6195072843583
-69.52843594762795
-69.43732506350183
-69.3461720359543
-69.25497435466833
-69.16372959770537
-69.07243543406067
-68.98108962610054
-68.8896900318776
-68.79823460731969
-68.70672140828897
-68.61514859250879
-68.5235144213561
-68.4318172615179
-68.34005558651047
-68.2482279780606
-68.15633312734913
-68.06436983611736
-67.97233701763749
-67.88023369754838
-67.78805901455844
-67.6958122210162
-67.60349268334899
-67.51109988237052
-67.41863341345807
-67.3260929865997
-67.23347842631138
-67.14078967142423
-67.04802677474261
-66.95518990257342
-66.86227933412648
-66.76929546078635
-66.67623878525605
-66.5831099205732
-66.48990958899948
-66.396638620785
-66.30329795280922
-66.2098886271008
-66.11641178923857
-66.02286868663704
-65.92926066672
-65.8355891749859
-65.74185575296872
-65.64806203609805
-65.55420975146274
-65.46030071548228
-65.36633683149103
-65.27232008724013
-65.17825255232299
-65.08413637552962
-64.98997378213522
-64.89576707112849
-64.80151861238534
-64.70723084379381
-64.6129062683359
-64.5185474511303
-64.42415701643978
-64.32973764464634
-64.23529206919727
-64.14082307352504
-64.04633348794465
-63.95182618653132
-63.8573040839828
-63.76277013247051
-63.668227318483446
-63.573678659668246
-63.47912720166937
-63.38457601497288
-63.290028191757074
-63.195486842753496
-63.100955094122355
-63.006436084346205
-62.91193296114574
-62.81744887842149
-62.722986993226016
-62.62855046277082
-62.534142441472284
-62.43976607804092
-62.345424512617456
-62.25112087395899
-62.15685827667817
-62.06263981853811
-61.968468577805304
-61.8743476106627
-61.78027994868415
-61.68626859637123
-61.59231652875405
-61.498426689057105
-61.40460198643188
-61.31084529375726
-61.21715944550913
-61.123547235699895
-61.0300114158889
-60.936554693264036
-60.84317972879426
-60.749889135452854
-60.65668547651108
-60.5635712639019
-60.47054895665297
-60.377620959388416
-60.284789620899055
-60.19205723278082
-60.09942602814157
-60.00689818037636
-59.91447580201127
-59.822160943616595
-59.72995559278978
-59.63786167320863
-59.54588104375527
-59.45401549771013
-59.36226676201498
-59.27063649660384
-59.179126293800195
-59.08773767777949
-58.99647210409613
-58.905330959274565
-58.814315560463896
-58.723427155155306
-58.63266692096208
-58.54203596546169
-58.4515353260994
-58.36116597015284
-58.27092879475684
-58.18082462698747
-58.09085422400413
-58.00101827324862
-57.91131739270013
-57.82175213118482
-57.73232296873856
-57.64303031702091
-57.553874519778425
-57.46485585335527
-57.37597452724933
-57.28723068471195
-57.198624403389125
-57.11015569600264
-57.02182451106919
-56.9336307336557
-56.84557418616934
-56.75765462918017
-56.669871762274205
-56.582225224933985
-56.49471459744431
-56.40733940182091
-56.32009910275983
-56.23299310860549
-56.14602077233591
-56.059181392563495
-55.972474214549756
-55.88589843123234
-55.799453184262724
-55.713137565053195
-55.62695061583177
-55.540891330703836
-55.4549586567197
-55.369151494946976
-55.28346870154709
-55.1979090888548
-55.112471426460644
-55.02715444229622
-54.94195682372188
-54.85687721861697
-54.77191423647341
-54.68706644949296
-54.60233239368901
-54.51771056999317
-54.43319944536731
-54.34879745392155
-54.264502998038864
-54.18031444950654
-54.096230150654634
-54.01224841550217
-53.928367530911345
-53.844585757749854
-53.76090133206159
-53.677312466245525
-53.593817350243484
-53.5104141527373
-53.427101022355515
-53.34387608889014
-53.260737464523764
-53.17768324506735
-53.094711511208935
-53.011820329773876
-52.92900775499694
-52.846271829806334
-52.76361058711952
-52.68102205115061
-52.59850423872947
-52.516055160632526
-52.43367282292555
-52.351355228318106
-52.26910037752909
-52.1869062706622
-52.10477090858998
-52.02269229434531
-51.94066843451875
-51.85869734066002
-51.776777030681465
-51.694905530260904
-51.61308087424097
-51.53130110802166
-51.449564288943314
-51.36786848765754
-51.28621178948375
-51.204592295749265
-51.12300812511087
-51.04145741485594
-50.95993832218092
-50.87844902544499
-50.7969877253973
-50.715552646375855
-50.634142037476764
-50.55275417369246
-50.47138735701755
-50.39003991752118
-50.3087102143851
-50.22739663690682
-50.146097605467574
-50.06481157246431
-49.983537023204704
-49.902272476764395
-49.82101648680573
-49.73976764235711
-49.658524568552096
-49.57728592732782
-49.49605041808174
-49.41481677828621
-49.33358378406047
-49.25235025069998
-49.17111503316301
-49.08987702651394
-49.008635166322456
-48.92738842901759
-48.84613583219511
-48.764876434876676
-48.68360933771863
-48.60233368316876
-48.52104865556982
-48.43975348120939
-48.35844742831558
-48.277129806998296
-48.19579996913581
-48.11445730820652
-48.033101259065525
-47.951731297665624
-47.87034694072225
-47.78894774532228
-47.707533308476464
-47.62610326661554
-47.54465729503074
-47.46319510725897
-47.38171645441321
-47.300221124458915
-47.2187089414366
-47.137179764631355
-47.055633487690045
-46.97407003768734
-46.89248937414209
-46.81089148798549
-46.72927640048249
-46.64764416210721
-46.56599485137315
-46.484328573618825
-46.40264545974969
-46.320945664937256
-46.23922936727661
-46.15749676640394
-46.075748082076416
-45.993983552716884
-45.912203433926095
-45.83040799696528
-45.748597527211814
-45.666772322590134
-45.58493269197964
-45.50307895360185
-45.42121143338948
-45.33933046333981
-45.257436379855044
-45.17552952207216
-45.09361023018567
-45.011678843766155
-44.92973570007728
-44.847781132393656
-44.765815468322096
-44.68383902812865
-44.60185212307402
-44.51985505375989
-44.43784810848887
-44.355831561640734
-44.27380567206841
-44.19177068151736
-44.109726813072136
-44.0276742696339
-43.94561323243243
-43.863543859575934
-43.7814662846423
-43.699380615315064
-43.61728693206719
-43.53518528689533
-43.45307570210694
-43.37095816916205
-43.28883264757171
-43.20669906385534
-43.1245573105587
-43.042407245334616
-42.960248690088164
-42.878081430187976
-42.79590521374563
-42.71371975096558
-42.63152471356766
-42.5493197342834
-42.46710440642708
-42.38487828354208
-42.30264087912279
-42.22039166641166
-42.138130078270464
-42.05585550712543
-41.973567304985565
-41.8912647835338
-41.80894721429017
-41.72661382884636
-41.64426381917102
-41.56189633798531
-41.47951049920798
-41.3971053784695
-41.31468001369442
-41.23223340575144
-41.14976451916963
-41.06727228292002
-40.9847555912613
-40.902213304648434
-40.81964425070286
-40.73704722524301
-40.65442099337381
-40.571764290633304
-40.4890758241954
-40.40635427412767
-40.32359829470281
-40.2408065157633
-40.15797754413851
-40.07510996511386
-39.992202343951455
-39.909253227461285
-39.82626114562189
-39.74322461324906
-39.66014213171176
-39.57701219069461
-39.49383327000626
-39.41060384143307
-39.327322370636836
-39.24398731909477
-39.16059714608028
-39.07715031068304
-38.993645273866974
-38.910080500564646
-38.82645446180655
-38.742765636883604
-38.659012515541036
-38.575193600201914
-38.49130740821849
-38.40735247414929
-38.32332735206015
-38.23923061784663
-38.155060871575046
-38.07081673983916
-37.98649687812966
-37.902099973213154
-37.81762474551792
-37.733069951523106
-37.64843438614852
-37.56371688514204
-37.478916327461576
-37.39403163764817
-37.309061788186625
-37.22400580185001
-37.138862754024046
-37.05363177500714
-36.96831205228181
-36.88290283275273
-36.797403424946644
-36.71181320116943
-36.62613159961568
-36.540358126426604
-36.45449235769237
-36.36853394139583
-36.282482599294745
-36.19633812873965
-36.110100404424905
-36.023769380069915
-35.93734509002726
-35.850827650814175
-35.76421726256361
-35.67751421039136
-35.590718865676216
-35.503831687250305
-35.4168532224971
-35.32978410835508
-35.242625072225216
-35.15537693278099
-35.068040600679346
-34.98061707917122
-34.893107464610175
-34.80551294685824
-34.717834809587984
-34.63007443048029
-34.54223328131671
-34.45431292796563
-34.36631503026159
-34.27824134177716
-34.19009370948713
-34.101874073324964
-34.013584465631894
-33.92522701049883
-33.83680392300165
-33.74831750833012
-33.65977016081088
-33.571164362825485
-33.48250268362422
-33.39378777803695
-33.30502238508224
-33.21620932647643
-33.12735150504439
-33.03845190303362
-32.94951358033403
-32.86053967260527
-32.77153338931355
-32.68249801167944
-32.59343689053843
-32.50435344411543
-32.41525115571486
-32.32613357132758
-32.23700429715627
-32.147866997060426
-32.05872538992225
-31.96958324693481
-31.880444388813522
-31.791312682932507
-31.702192040387168
-31.613086412984536
-31.523999790162982
-31.434936195843143
-31.345899685212352
-31.25689434144534
-31.167924272364196
-31.078993607040594
-30.99010649234319
-30.90126708943342
-30.81247957021299
-30.72374811372646
-30.635076902522318
-30.546470118976035
-30.457931941578725
-30.369466541194843
-30.281078077292623
-30.192770694151054
-30.104548517047395
-30.016415648429046
-29.928376164073626
-29.840434109241016
-29.752593494821127
-29.66485829348116
-29.5772324358162
-29.489719806507026
-29.40232424048898
-29.315049519135698
-29.227899366461543
-29.140877445346604
-29.053987353788298
-28.967232621183424
-28.88061670464455
-28.794142985354366
-28.707814764961395
-28.621635262020245
-28.53560760847969
-28.449734846221585
-28.364019923653554
-28.27846569235859
-28.19307490380484
-28.10785020611899
-28.0227941409268
-27.937909140264445
-27.853197523564596
-27.768661494721037
-27.684303139235418
-27.60012442144943
-27.51612718186572
-27.43231313456092
-27.348683864694088
-27.265240826113818
-27.18198533906709
-27.09891858801284
-27.01604161954346
-26.933355340417638
-26.850860515707854
-26.768557767065932
-26.686447571109557
-26.6045302579325
-26.522806009741448
-26.441274859622087
-26.35993669043693
-26.278791233857493
-26.19783806953312
-26.117076624398393
-26.036506172121065
-25.956125832692138
-25.875934572159693
-25.795931202507987
-25.71611438168314
-25.636482613766717
-25.557034249298184
-25.47776748574701
-25.398680368135032
-25.31977078980971
-25.24103649336847
-25.162475071733933
-25.084083969379446
-25.005860483704264
-24.927801766557604
-24.84990482591051
-24.772166527674454
-24.694583597665467
-24.61715262371221
-24.539870057906153
-24.462732218991885
-24.38573529489575
-24.3088753453908
-24.23214830489611
-24.155549985408392
-24.079076079563755
-24.002722163827322
-23.92648370180806
-23.85035604769599
-23.774334449818674
-23.698414054313737
-23.622589908913888
-23.546856966840927
-23.471210090804796
-23.39564405710346
-23.32015355981944
-23.244733215108973
-23.169377565579573
-23.09408108475154
-23.018838181599225
-22.943643205167806
-22.868490449261177
-22.793374157196812
-22.718288526623358
-22.643227714396662
-22.568185841510118
-22.493156998075055
-22.418135248346804
-22.34311463579238
-22.26808918819569
-22.19305292279626
-22.117999851457004
-22.042923985857044
-21.967819342705326
-21.892679948970823
-21.817499847124964
-21.74227310039211
-21.666993798003915
-21.59165606045326
-21.51625404474322
-21.440781949626427
-21.365234020830144
-21.289604556262447
-21.213887911194718
-21.138078503415585
-21.06217081835143
-20.986159414148542
-20.91003892671173
-20.83380407469428
-20.757449664434287
-20.680970594832242
-20.60436186216486
-20.527618564830075
-20.450735908018057
-20.37370920830298
-20.296533898150468
-20.219205530335696
-20.141719782267128
-20.064072460210888
-19.986259503410842
-19.908276988099594
-19.830121131395394
-19.751788295079898
-19.673274989251972
-19.594577875852927
-19.515693772058903
-19.436619653536177
-19.357352657555246
-19.277890085959676
-19.198229407985842
-19.118368262929796
-19.03830446265771
-18.958035993956504
-18.877561020721448
-18.796877885977455
-18.715985113731012
-18.6348814106499
-18.553565667568183
-18.472036960813927
-18.39029455335727
-18.30833789577665
-18.226166627041238
-18.14378057510777
-18.061179757330223
-17.9783643806808
-17.895334841781008
-17.81209172674197
-17.728635810813117
-17.64496805783837
-17.56108961951911
-17.47700183448353
-17.39270622716225
-17.3082045064703
-17.223498564295763
-17.138590473795457
-17.053482487498595
-16.968177035219536
-16.88267672178115
-16.796984324550504
-16.71110279078867
-16.625035234816476
-16.5387849349982
-16.452355330545252
-16.365750018142215
-16.278972748397784
-16.19202742212331
-16.10491808644189
-16.01764893073119
-15.930224282403408
-15.842648602526033
-15.754926481287105
-15.667062633308694
-15.579061892812609
-15.49092920864266
-15.402669639148206
-15.314288346933925
-15.225790593480841
-15.13718173364386
-15.048467210031237
-14.959652547271718
-14.870743346175134
-14.781745277792284
-14.692664077380146
-14.603505538278585
-14.514275505705001
-14.42497987047338
-14.335624562644384
-14.24621554511323
-14.156758807142154
-14.067260357844402
-13.977726219626744
-13.888162421597512
-13.79857499294725
-13.708969956309089
-13.619353321106058
-13.529731076892542
-13.440109186697011
-13.350493580373293
-13.260890147967695
-13.171304733109162
-13.08174312642961
-12.99221105902158
-12.902714195940257
-12.81325812975681
-12.72384837417001
-12.63449035768307
-12.545189417352681
-12.45595079261711
-12.366779619210169
-12.277680923167713
-12.188659614933163
-12.099720483568438
-12.010868191076415
-11.922107266840928
-11.833442102190237
-11.744876945089661
-11.656415894969076
-11.56806289769081
-11.479821740663555
-11.391696048107635
-11.303689276476662
-11.215804710040445
-11.128045456633785
-11.040414443575472
-10.952914413761548
-10.865547921936681
-10.778317331147333
-10.6912248093802
-10.604272326389191
-10.517461650713825
-10.430794346891854
-10.344271772868762
-10.257895077606758
-10.171665198895678
-10.08558286136799
-9.999648574719737
-9.913862632138995
-9.82822510894328
-9.742735861427072
-9.657394525920346
-9.572200518058871
-9.487153032266868
-9.402251041452422
-9.317493296915847
-9.232878328470894
-9.14840444477847
-9.064069733892264
-8.979872064015435
-8.895809084467192
-8.811878226857917
-8.728076706471194
-8.644401523850798
-8.560849466590527
-8.4774171113246
-8.394100825916034
-8.31089677184027
-8.227800906761075
-8.144808987295576
-8.061916571964991
-7.979119024327444
-7.896411516289048
-7.813789031589306
-7.731246369456689
-7.648778148429944
-7.566378810340435
-7.484042624450583
-7.401763691743436
-7.319535949358249
-7.23735317516684
-7.155208992485371
-7.073096874916183
-6.991010151314121
-6.908942010871712
-6.826885508317338
-6.744833569220574
-6.662778995398645
-6.580714470417943
-6.498632565184484
-6.416525743617261
-6.334386368398409
-6.252206706794066
-6.169978936539901
-6.087695151785221
-6.005347369089586
-5.922927533465804
-5.840427524463153
-5.757839162284704
-5.675154213932707
-5.5923643993761365
-5.50946139773449
-5.426436853472024
-5.343282382596632
-5.259989578857575
-5.176550019936291
-5.092955273624472
-5.009196903983739
-4.92526647748124
-4.841155569095679
-4.7568557683883075
-4.672358685533518
-4.5876559573036895
-4.5027392530030355
-4.417600280345258
-4.332230791269985
-4.246622587693049
-4.160767527185827
-4.07465752857893
-3.988284577485662
-3.901640731740763
-3.8147181267500656
-3.7275089807468222
-3.6400055999505794
-3.5522003836245895
-3.464085829027853
-3.3756545362580512
-3.2868992129817305
-3.197812679048205
-3.1083878709837687
-3.018617846362946
-2.928495788053605
-2.8380150083329005
-2.7471689528711645
-2.655951204580973
-2.5643554873287684
-2.4723756695065506
-2.3800057674612902
-2.2872399487798436
-2.1940725354272987
-2.1004980067368217
-2.006511002249202
-1.9121063244003957
-1.8172789410554995
-1.722023987887717
-1.6263367706010143
-1.5302127669952832
-1.4336476288729727
-1.3366371837862747
-1.239177436624098
-1.1412645710382054
-1.0428949507080258
-0.9440651204437899
-0.8447718071277732
-0.7450119204935598
-0.6447825537433667
-0.544080984003605
-0.44290467261898625
-0.34125126528562777
-0.2391185920237564
-0.13650466699074823
-0.03340768813538461
0.07017396330565509
0.17424172346790742
0.2787968466745507
0.38384040640571243
0.48937329642009314
0.5953962320272049
0.7019097515083925
0.808914217684671
0.9164098196292831
1.0243965745227457
1.1328743296480308
1.241842764523401
1.3513013931702853
1.461249566513465
1.5716864749107164
1.6826111508089296
1.7940224715236104
1.9059191621385767
2.0182997985225324
2.1311628104590747
2.2445064848865903
2.3583289692443916
2.4726282749213544
2.5874022808032424
2.70264873691481
2.818365268152669
2.9345493781047884
3.051198452952411
3.168309765450096
3.285880478979521
3.4039076516726112
3.522388240599512
3.64131910601686
3.760697015671779
3.8805186491570245
4.000780602312637
4.121479391669421
4.242611458929571
4.364173175479733
4.486160846931805
4.608570717686731
4.731398975516612
4.854641756160454
4.978295147928919
5.102355196313463
5.226817908595281
5.351679258449496
5.476935190540036
5.602581625100672
5.7286144624977
5.855029587769769
5.981822875140471
6.1089901924993475
6.236527405847021
6.3644303837002525
6.492695001452774
6.62131714568782
6.750292718438362
6.8796176413911025
7.009287860030387
7.1392993477183255
7.269648109707501
7.400330187082792
7.531341660628882
7.662678654620059
7.794337340529012
7.926313940651469
8.058604731643728
8.191206047970207
8.324114285258307
8.457325903557898
8.59083743050282
8.724645464371944
8.858746677047405
8.993137816867693
9.127815711373486
9.262777269944195
9.398019486323356
9.533539441031133
9.669334303662334
9.80540133506852
9.941737889422864
10.078341416166605
10.21520946183608
10.352339671769398
10.489729791692026
10.627377669180731
10.76528125500549
10.90343860434925
11.041847877905598
11.1805073428544
11.319415373715547
11.458570453081254
11.597971172227407
11.737616231604497
11.877504441208876
12.017634720835197
12.158006100211033
12.298617719014707
12.439468826777508
12.580558782671654
12.72188705518543
12.86345322168712
13.0052569678794
13.147298087146082
13.289576479793267
13.432092152187238
13.57484521579137
13.717835886104552
13.86106448150362
14.004531421992498
14.148237227860864
14.292182518255178
14.436368009665035
14.580794514327911
14.725462938555372
14.870374280983803
15.015529630752717
15.160930165613799
15.306577149973913
15.452471932875378
15.598615945916801
15.745010701117874
15.89165778873149
16.03855887500654
16.185715699904804
16.33313007477541
16.480803879990205
16.628739062543175
16.77693763361718
16.925401666121193
17.0741332922012
17.223134700728043
17.372408134765426
17.52195588902143
17.67178030728693
17.821883779864102
17.972268740988305
18.12293766624648
18.27389306999508
18.42513750278057
18.576673548765424
18.72850382316224
18.880630969678375
19.03305765797373
19.18578658113438
19.33882045316483
19.492162006501474
19.645813989549907
19.79977916424841
19.954060303659904
20.108660189594648
20.26358161026565
20.418827357978905
20.574400226860412
20.730303010621903
20.886538500367102
21.043109482440293
21.200018736318565
21.357269032549294
21.51486313073418
21.67280377756124
21.83109370488621
21.989735627864675
22.148732243135854
22.308086227059093
22.467800234003775
22.62787689469322
22.788318814603077
22.949128572414782
23.110308718524397
23.27186177360686
23.433790227235498
23.59609653655638
23.758783125017082
23.921852381149073
24.085306657403063
24.249148269036677
24.413379493053892
24.578002567195593
24.743019688980493
24.908433014795577
25.0742446590356
25.240456693290753
25.40707114558134
25.57408999963832
25.74151519422853
25.9093486225236
26.077592131511555
26.246247521450446
26.415316545363233
26.58480090857322
26.75470226827941
26.925022233171212
27.095762363081985
27.266924168680827
27.438509111202233
27.61051860221313
27.782954003416748
27.95581662649279
28.12910773297348
28.302828534154983
28.476980191043836
28.65156381433805
28.826580464442333
29.002031151516906
29.177916835559035
29.354238426516353
29.530996784431203
29.70819271961539
29.885826992854724
30.06390031564271
30.2424133504428
30.421366710978614
30.600760962551615
30.7805966223857
30.960874159998156
31.14159399759646
31.322756510500653
31.50436202759113
31.68641083178156
31.868903160516712
32.05183920629518
32.235219117217135
32.419042997557035
32.60331090836082
32.78802286806758
32.973178853155794
33.158778798814275
33.344822599637936
33.531310110348485
33.71824114654031
33.905615485451804
34.093432866762114
34.28169299341302
34.47039553245567
34.659540115921786
34.84912634171905
35.03915377455046
35.229621946857144
35.420530359784
35.61187848416804
35.803665761548494
35.99589160519823
36.18855540117573
36.381656509397146
36.57519426472771
36.76916797809176
36.96357693760089
37.158420409700256
37.35369764033251
37.54940785611933
37.74555026556036
37.942124060249604
38.13912841610935
38.33656249464159
38.534425444196565
38.73271640125828
38.93143449174696
39.13057883233846
39.33014853180019
39.53014269234363
39.730560410992766
39.93140078096802
40.13266289308454
40.33434583716381
40.53644870345743
40.73897058408203
40.94191057446414
41.145267774794256
41.34904129148918
41.55323023866122
41.757833739593416
41.962850928219545
42.168280950608164
42.37412296644959
42.58037615054525
42.787039694298926
42.99411280720966
43.201594718365754
43.409484677939474
43.61778195868187
43.82648585741715
44.035595696535445
44.24511082548191
44.45503062224049
44.66535449481092
44.87608188267695
45.08721225826385
45.29874512838303
45.51068003566208
45.72301655995848
45.93575431975559
46.14889297353888
46.362432221151224
46.57637180512565
46.790711511994196
47.00545117357088
47.22059066820693
47.4361299220159
47.65206891006593
47.86840765753603
48.0851462408331
48.302284788666185
48.519823483075214
48.73776256041057
48.95610231226064
49.17484308632439
49.393985287226
49.613529377268755
49.83347587712516
50.05382536646071
50.27457848448828
50.495735930449975
50.71729846402352
50.93926690565056
51.1616421367842
51.384425100053804
51.60761679934488
51.83121829979238
52.05523072768567
52.27965527028316
52.50449317553476
52.7297457517103
52.95541436693241
53.18150044861289
53.408005482791445
53.63493101337678
53.86227864129011
54.0900500235117
54.31824687203129
54.546870952703216
54.775924084007386
55.00540813571763
55.23532502747895
55.465676727295204
55.696465249928906
55.927692655214514
56.15936104628651
56.39147256772373
56.62402940361165
56.85703377552523
57.09048794043452
57.32439418853563
57.55875484100938
57.79357224770986
58.02884878478473
58.26458685222924
58.50078887137586
58.7374572823219
58.97459454129792
59.21220311797983
59.450285492747774
59.68884415389547
59.927881594793824
60.16740031101269
60.40740279740472
60.647891545155595
60.88886903880493
61.1303377532424
61.372300150683344
61.61475867762786
61.85771576180716
62.101173809120695
62.34513520056751
62.589602289175026
62.83457739692833
63.08006281170302
63.32606078420506
63.57257352492113
63.81960320108292
64.06715193364862
64.31522179430594
64.56381480250137
64.81293292250085
65.06257806048687
65.31275206169612
65.56345670760167
65.81469371314397
66.06646472401518
66.3187713140013
66.571614982386
66.8249971514208
67.07891916386598
67.3333822806062
67.5883876783443
67.84393644737571
68.1000295894467
68.3566680157
68.61385254471139
68.87158390062058
69.12986271135895
69.38868950697793
69.64806471808095
69.90798867436264
70.16846160325896
70.42948362871131
70.69105477004781
70.95317494098431
71.2158439487476
71.47906149332341
71.7428271668311
72.0071404530266
72.27200072693411
72.53740725460786
72.80335919302526
73.06985559011277
73.33689538490515
73.60447740783823
73.87260038117452
74.14126291956123
74.41046353071985
74.6802006162662
74.95047247265902
75.22127729227404
75.49261316460033
75.7644780775556
76.03686991891786
76.3097864778708
76.58322544665974
76.85718442235519
77.13166090872117
77.40665231818558
77.68215597391018
77.95816911195799
78.23468888355477
78.51171235744162
78.78923652231536
79.06725828935338
79.34577449481968
79.62478190274884
79.90427720770344
80.18425703760113
80.46471795660727
80.74565646808935
81.02706901762849
81.3089519960838
81.59130174270433
81.87411454828418
82.15738665835693
82.44111427642417
82.72529356721282
83.00992065995524
83.29499165168853
83.58050261056998
83.86644957920636
84.15282857799424
84.43963560846841
84.72686665665539
85.01451769642917
85.30258469286629
85.59106360559828
85.87995039215743
86.16924101131191
86.45893142638592
86.74901760856054
87.03949554015176
87.33036121786304
87.62161065601109
87.91323988972218
88.20524497809723
88.4976220073435
88.7903670938712
89.08347638735316
89.37694607374672
89.67077237827712
89.96495156838175
90.25947995661515
90.55435390351481
90.84956982042654
91.14512417228916
91.44101348037809
91.73723432500849
92.0337833481971
92.33065725628221
92.62785282250108
92.92536688952423
93.22319637194568
93.5213382587296
93.81978961561259
94.11854758746
94.41760940057515
94.71697236495999
95.01663387652656
95.31659141925871
95.61684256732434
95.91738498713738
96.21821643936829
96.51933478090137
96.82073796673713
97.12242405183754
97.4243911929121
97.7266376501412
98.02916178883488
98.33196208102454
98.63503710698576
98.93838555669079
99.24200623118959
99.54589804391863
99.85006002193548
100.15449130707734
100.45919115704086
100.76415894638157
101.06939416743032
101.37489643112426
101.68066546774841
101.98670112758438
102.29300338146365
102.59957232122267
102.90640816005745
103.2135112327754
103.52088199594333
103.8285210279307
104.1364290288469
104.44460682037116
104.75305534547452
105.06177566803295
105.37076897233133
105.68003656245718
105.98957986158267
106.29940041113387
106.60949986984404
106.91988001268828
107.2305427296983
107.5414900246567
107.85272401367035
108.16424692362307
108.47606109050764
108.78816895763782
109.1005730737412
109.41327609093389
109.72628076257695
110.0395899410147
110.35320657519414
110.66713370816503
110.98137447446017
111.29593209735721
111.61080988602352
111.92601123254691
112.24153960885543
112.55739856353013
112.87359171851439
113.19012276572404
113.50699546356238
113.82421363334404
114.14178115563007
114.45970196647559
114.77798005359219
115.09661945242775
115.41562424216741
115.73499854165973
116.05474650527256
116.3748723186832
116.6953801946078
117.01627436847482
117.33755909404866
117.65923863900791
117.98131728048342
118.30379930056021
118.62668898174688
118.94999060241575
119.27370843221767
119.59784672747553
119.92240972655979
120.24740164525001
120.5728266720859
120.89868896371176
121.22499264021809
121.55174178048463
121.87894041752969
122.20659253387015
122.53470205689638
122.8632728542662
123.19230872932275
123.52181341654165
123.85179057701401
124.18224379397162
124.51317656836062
124.84459231446972
125.17649435561937
125.50888591991789
125.84177013608935
126.17515002937724
126.50902851752717
126.84340840685213
127.17829238838233
127.51368303410136
127.84958279327073
128.1859939888462
128.5229188139899
128.86035932868182
129.19831745643555
129.53679498111953
129.8757935438875
130.2153146402205
130.55535961708412
130.8959296702046
131.23702584146642
131.57864901643435
131.9207999220025
132.2634791241746
132.60668702598159
132.95042386554118
133.2946897142668
133.63948447523134
133.98480788169206
134.33065949578247
134.6770387073767
135.0239447331311
135.37137661570398
135.7193332231551
136.06781324852466
136.4168152095931
136.76633744882201
137.11637813347784
137.46693525593946
137.8180066341888
138.16958991248202
138.52168256219852
138.87428188286435
139.22738500334663
139.5809888832148
139.93509031426447
140.28968592219928
140.64477216846615
141.00034535223983
141.35640161255185
