2.255893844275197e-13
3.798600028277529e-12
3.205784885925406e-11
1.8203527270928696e-10
7.874337756614807e-10
2.7833936093908774e-09
8.413476492899717e-09
2.2449708547626833e-08
5.412198362282114e-08
1.1997201353672773e-07
2.478599265938748e-07
4.823591319300395e-07
8.917777237259354e-07
1.5770430037221468e-06
2.682680130200673e-06
4.410106905151423e-06
7.033454709339325e-06
1.091811098123495e-05
1.6542161778393276e-05
2.452089420254581e-05
3.563449813278794e-05
5.085908509286288e-05
7.140111945548004e-05
9.873533381546203e-05
0.00013464617648142419
0.00018127281486094105
0.00024115769424717015
0.00031729862733946383
0.0004132043659145914
0.0005329535825614602
0.0006812571674385741
0.0008635237227339413
0.0010859281160127945
0.0013554829330280343
0.0016801126509287917
0.0020687303342099644
0.00253131663826559
0.0030790008890971107
0.0037241439926302337
0.004480422913249004
0.005362916448592413
0.00638819201639931
0.007574393159246111
0.00894132746440691
0.01051055458877899
0.012305474072854473
0.014351412623071371
0.016675710538530238
0.019307806955996966
0.02227932358630479
0.02562414661569188
0.029378506447234633
0.03358105496032658
0.038272939970072084
0.04349787657347323
0.04930221507534657
0.05573500519396916
0.06284805625447591
0.07069599308696548
0.07933630735607136
0.08882940405937013
0.09923864294337882
0.1106303745979873
0.12307397100292859
0.1366418503132589
0.15140949568474965
0.16745546795453217
0.1848614120072305
0.20371205667211975
0.22409520801250313
0.24610173588446163
0.2698255536583448
0.295363591012795
0.32281575972767956
0.35228491241899795
0.38387679417559
0.41769998707424894
0.4538658475666012
0.4924884367478049
0.5336844435337074
0.5775731007895422
0.6242760944695044
0.6739174658425776
0.7266235068957654
0.7825226490213832
0.841745345110238
0.9044239451873396
0.9706925657412302
1.0406869529120368
1.1145443397169554
1.1924032975050023
1.2744035818455264
1.3606859730671348
1.4513921116753126
1.5466643288881143
1.6466454725398425
1.7514787286125992
1.8613074386649822
1.9762749134359796
2.0965242429102933
2.222198103138893
2.3534385601155594
2.490386871016484
2.633183283115694
2.781966830694112
2.9368751302644487
3.0980441744379177
3.26560812476187
3.4396991038599447
3.6204469872081906
3.8079791948818564
4.0024204836081765
4.203892739460493
4.412514771528456
4.6284021068978225
4.851666787271536
5.08241716756144
5.320757716776962
5.566788821533629
5.8206065925002415
6.082302674098913
6.351964057767064
6.629672899084795
6.915506339065047
7.209536329897354
7.511829465429002
7.8224468166599115
8.14144377251977
8.468869886187646
8.804768727205753
9.149177739630032
9.502128106450831
9.863644620507198
10.233745562108336
10.612442583565478
10.999740600826922
11.395637692398136
11.80012500571794
12.213186671150519
12.634799723741716
13.064934032876488
13.503552239962696
13.950609704254598
14.406054456917452
14.86982716342272
15.341861094351465
15.82208210467153
16.310408621542074
16.806751640687047
17.31101473136696
17.823094049966166
18.342878362200768
18.870249073940332
19.40508027062491
19.94723876524704
20.496584154856652
21.052968885535325
21.616238325774805
22.186230848183545
22.76277791943379
23.345704198350905
23.934827642035927
24.529959619901987
25.130905035494962
25.73746245595889
26.349424248996982
26.96657672716988
27.58870029936351
28.215569629250083
28.84695380055696
29.48261648894983
30.12231614032866
30.765806155327066
31.412835079798622
32.063146801066594
32.71648074970703
33.372572106629015
34.03115201521016
34.69194779824003
35.35468317941909
36.01907850915601
36.684850994401394
37.35171493225187
38.019381947054406
38.68756123073758
39.3559597860936
40.02428267273178
40.69223325542237
41.35951345454817
42.0258239983802
42.690864676892325
43.3543345968289
44.01593243773909
44.67535670869165
45.33230600538394
45.9864792673597
46.63757603505178
47.28529670636732
47.929342792534555
48.56941717293222
49.20522434862448
49.83647069432703
50.46286470853278
51.084117261529286
51.69994184104337
52.310054795251574
52.914175572899694
53.5120269602794
54.10333531481495
54.687830795018264
55.265247586575974
55.83532412433731
56.39780330997774
56.95243272511896
57.498964839692285
58.037157215338816
58.56677270364684
59.08757963903343
59.59935202608374
60.10186972116889
60.59491860817035
61.078290768147255
61.55178464279065
62.01520519151698
62.46836404206066
62.911079634433165
63.34317735812435
63.76448968242981
64.17485627979663
64.57412414208771
64.96214768967319
65.3387888732659
65.70391726842631
66.05741016267159
66.3991526351317
66.72903762870384
67.0469660146649
67.35284664971049
67.6465964253973
67.9281403099743
68.1974113825955
68.45435085991605
68.69890811508034
68.93104068911973
69.15071429478539
69.35790281285105
69.55258828092755
69.73476087483905
69.90441888261833
70.06156867118594
70.20622464578585
70.33840920225683
70.45815267222602
70.56549326131838
70.66047698048195
70.74315757053503
70.8135964200475
70.87186247667435
70.91803215206599
70.95218922048556
70.97442471126882
70.984836795267
70.98353066541856
70.9706184116013
70.94621888992215
70.91045758660796
70.86346647666478
70.80538387747806
70.73635429752933
70.65652828040966
70.56606224431398
70.46511831720296
70.3538641678223
70.23247283277205
70.10112253982142
69.95999652766706
69.80928286233622
69.64917425043826
69.47986784947012
69.30156507538233
69.11447140761358
68.91879619180305
68.71475244038977
68.50255663130834
68.28242850499016
68.05459085987975
67.81926934667509
67.57669226150068
67.32709033822078
67.0706965401003
66.80774585102012
66.53847506645258
66.26312258440083
65.98192819650484
65.6951328795144
65.40297858732742
65.10570804378972
64.80356453644976
64.49679171145863
64.18563336980185
63.870333265047066
63.55113490278899
63.22828134196942
62.90201499824729
62.5725774495907
62.240209244259454
61.905149711341544
61.567636774003226
61.22790676560833
60.886194248857855
60.54273183809607
60.19775002492457
59.851477007261046
59.50413852197499
59.15595768122772
58.80715481263938
58.45794730339985
58.10854944843571
57.759172302740225
57.41002353796789
57.06130730339048
56.71322409130646
56.3659706069901
56.0197396432615
55.67471995975277
55.33109616694018
54.98904861500663
54.64875328759425
54.310381700500876
53.974100805368984
53.640072898410246
53.308455534203325
52.97940144459714
52.65305846274638
52.32956945230089
52.00907224176498
51.691699564037975
51.377579001141356
51.0668329341336
50.75957849820898
50.45592754297215
50.15598659787494
49.85985684279703
49.567634083746974
49.279408733656076
48.995265798232104
48.715284866835155
48.439540108333766
48.168100271895035
47.901028692657995
47.638383302235205
47.38021664398351
47.12657589298029
46.877502880637806
46.63303412388417
46.3932008588359
46.15802907888293
45.9275395771041
45.70174799292751
45.480664862947336
45.26429567580483
45.052640931038766
44.845696201807876
44.64345220138569
44.445894853325235
44.25300536518831
44.06476030573209
43.88113168544317
43.702087040307454
43.52758951870204
43.35759797129453
43.192067043832765
43.030947272706385
42.874185183161046
42.721723390044815
42.57350070096567
42.42945222173773
42.289509463992886
42.153600454833395
42.021649848400955
41.89357903923683
41.769306277307344
41.64874678456885
41.53181287294654
41.418414063601396
41.30845720735987
41.20184660618116
41.09848413553765
40.99826936758466
40.90109969499604
40.80687045534329
40.71547505589642
40.62680509872574
40.54075050598446
40.45719964525351
40.376039454831
40.29715556885064
40.220432442114586
40.145753474528064
40.07300113502514
40.002057084876846
39.932802300275206
39.86511719408836
39.7988817366842
39.733975575721594
39.6702781548103
39.607668830942465
39.54602699060124
39.485232164454295
39.42516414054288
39.36570307587945
39.30672960636949
39.24812495497602
39.18977103804795
39.13155056973599
39.07334716442287
39.01504543709669
38.95653110159904
38.897691066682825
38.838413529817984
38.77858806868587
38.71810573030532
38.6568591177361
38.59474247430821
38.531651765328284
38.46748475721696
38.402141094033674
38.335522371348155
38.267532207421276
38.19807631166045
38.1270625503176
38.054401009400706
37.980004054772635
37.90378638941441
37.82566510783285
37.745559747595806
37.663392337980966
37.579087445727296
37.492572217880664
37.40377642172775
37.31263248181555
37.21907551405648
37.12304335692156
37.02447659972683
36.923318608020345
36.81951554608009
36.71301639653547
36.60377297712788
36.49173995462841
36.37687485593287
36.25913807635661
36.138492885154136
36.01490542829106
35.88834472849777
35.758782682636195
35.62619405641266
35.49055647647239
35.351850419913234
35.21005920125801
35.06516895692655
34.91716862724959
34.76604993606923
34.61180736797257
34.454438143206794
34.293942190325474
34.130322116616746
33.96358317636574
33.79373323700476
33.62078274320591
33.444744678971986
33.26563452778258
33.08347023085376
32.89827214357091
32.71006299015521
32.51886781662533
32.324713942116674
32.12763090862135
31.927650429213184
31.724806334822922
31.519134519629382
31.310672885132625
31.099461282975888
30.885541456583503
30.668956981682417
30.449753205775185
30.227977186632362
30.00367762987202
29.77690482569452
29.54771058484087
29.316148173842834
29.082272249632695
28.846138793580565
28.607805045026904
28.367329434378004
28.12477151583172
27.88019189980056
27.633652185098523
27.385214890957734
27.134943388940762
26.88290183481393
26.629155100446432
26.373768705799584
26.116808751069602
25.858341849046543
25.598435057751022
25.337155813409414
25.07457186382739
24.81075120222043
24.545762001558742
24.27967254948301
24.01255118384607
23.74446622893451
23.47548593242301
23.205678403112767
22.935111549504324
22.663853019253917
22.39197013956096
22.119529858532566
21.846598687569504
21.573242644816737
21.299527199720192
21.025517218730048
20.7512769121893
20.47686978244528
20.20235857322027
19.927805220275502
19.653270803401227
19.37881549976379
19.104498538639234
18.830378157561366
18.556511559910458
18.28295487396711
18.00976311345408
17.736990139587302
17.4646886246556
17.192910017146865
16.92170450843684
16.65112100105491
16.381207078539568
16.112008976894575
15.8435715576552
15.575938282572114
15.309151189919065
15.043250872428688
14.778276456859375
14.514265585194522
14.251254397473843
13.989277516254871
13.728368032701253
13.468557494292806
13.209875894150809
12.952351661970535
12.696011656551656
12.440881159915756
12.186983872998802
11.934341912905005
11.682975811707228
11.43290451677773
11.18414539263174
10.936714224264978
10.690625221965139
10.445891027576154
10.202522722193097
9.960529835264255
9.719920355075956
9.480700740594656
9.242875934639924
9.006449378360847
8.771423026987476
8.53779736682802
8.305571433481628
8.074742831235769
7.845307753616355
7.61726100505807
7.390596023661736
7.165304905004965
6.9413784269716805
6.7188060755655155
6.497576071671529
6.277675398730114
6.059089831286502
5.841803964378857
5.625801243727631
5.411063996688491
5.19757346393083
4.9853098318035824
4.7742522653498005
4.564378941931194
4.3556670854237085
4.148093000945135
3.9416321100756835
3.736258986532372
3.5319473922580453
3.3286703138858913
3.1263999995404004
2.925107995935853
2.7247651857336046
2.5253418251196162
2.3268075815639095
2.129131571723875
1.9322823994536242
1.7362281938819002
1.5409366475213577
1.3463750543723976
1.1525103479851426
0.959309139443588
0.7667377552364092
0.574762274979383
0.38334856895487956
0.19246233543440847
0.0020691377507467256
-0.18786555891324683
-0.3773763510514279
-0.5664978607084538
-0.7552646997322021
-0.9437114344349031
-1.1318725506926832
-1.3197824195125165
-1.5074752630948671
-1.6949851214195666
-1.8823458193817229
-2.0695909345036827
-2.25675376524829
-2.4438672999578843
-2.6309641864426894
-2.8180767022414135
-3.005236725576045
-3.1924757070219862
-3.3798246419138485
-3.5673140435063395
-3.7549739169087752
-3.9428337338108164
-4.130922408016118
-4.319268271799667
-4.507899053103667
-4.696841853585853
-4.8861231275331765
-5.075768661652833
-5.265803555751656
-5.456252204313987
-5.647138278987154
-5.838484711982764
-6.030313680401021
-6.222646591484356
-6.4155040688056175
-6.608905939395201
-6.802871221810458
-6.9974181151498085
-7.192563989012992
-7.388325374407995
-7.584717955604202
-7.781756562930417
-7.979455166515456
-8.177826870968161
-8.376883910992724
-8.576637647934321
-8.777098567249107
-8.978276276891773
-9.180179506613033
-9.38281610815849
-9.586193056359454
-9.790316451105438
-9.995191520187262
-10.200822622998842
-10.407213255085011
-10.614366053521978
-10.82228280311634
-11.030964443408
-11.240411076461715
-11.450621975431352
-11.66159559388044
-11.873329575842055
-12.085820766600428
-12.299065224176182
-12.513058231496553
-12.72779430923138
-12.943267229275119
-13.159470028854553
-13.37639502524139
-13.594033831048405
-13.812377370087573
-14.031415893768212
-14.251138998012905
-14.471535640668705
-14.692594159390952
-14.914302289976833
-15.136647185125629
-15.359615433602475
-15.583193079782195
-15.807365643549522
-16.032118140532113
-16.257435102642695
-16.483300598906645
-16.70969825655113
-16.936611282331775
-17.164022484072827
-17.39191429239656
-17.620268782617853
-17.849067696779894
-18.078292465807063
-18.307924231751088
-18.537943870106716
-18.76833201217319
-18.999069067437958
-19.23013524595929
-19.461510580724525
-19.69317494996098
-19.925108099376803
-20.157289664309122
-20.38969919175692
-20.622316162276427
-20.85512001171727
-21.088090152778243
-21.32120599636189
-21.55444697270746
-21.78779255228221
-22.02122226641134
-22.25471572762734
-22.48825264972015
-22.721812867470017
-22.955376356045548
-23.18892325005018
-23.422433862200762
-23.655888701622246
-23.88926849174311
-24.12255418777659
-24.355726993773775
-24.58876837923518
-24.821660095268133
-25.05438419027798
-25.28692302518173
-25.519259288133362
-25.751376008750732
-25.983256571834694
-26.214884730571708
-26.446244619211637
-26.67732076521325
-26.90809810085072
-27.138561974275103
-27.368698160025517
-27.59849286898536
-27.827932757779436
-28.057004937608625
-28.285696982519553
-28.513996937107454
-28.741893323651244
-28.969375148680445
-29.196431908973995
-29.423053596991757
-29.649230705740017
-29.87495423307322
-30.100215685434613
-30.325007081039267
-30.549320952503418
-30.773150348924784
-30.996488837418976
-31.219330504117604
-31.441669954634076
-31.663502314003296
-31.8848232261017
-32.105628852554844
-32.32591587114027
-32.54568147369389
-32.76492336352828
-32.983639752371744
-33.201829356837294
-33.419491394430885
-33.636625579108546
-33.85323211639267
-34.069311698057824
-34.284865496396954
-34.49989515807881
-34.714402797607484
-34.92839099039487
-35.141862765456786
-35.354821597743616
-35.567271400116205
-35.779216514978245
-35.9906617055767
-36.20161214698207
-36.41207341676072
-36.62205148535135
-36.831552706157666
-37.04058380536931
-37.24915187152301
-37.4572643448159
-37.66492900618276
-37.872153966149554
-38.07894765347529
-38.28531880359443
-38.491276446871744
-38.6968298966814
-38.90198873732222
-39.1067628117814
-39.31116220935868
-39.51519725316282
-39.71887848749221
-39.922216665110646
-40.12522273442956
-40.32790782660785
-40.530283242580225
-40.732360440025076
-40.93415102028271
-41.13566671523543
-41.33691937416049
-41.53792095056727
-41.73868348902985
-41.939219112025825
-42.13954000679277
-42.33965841221348
-42.5395866057402
-42.73933689036827
-42.938921581669526
-43.13835299489606
-43.3376434321651
-43.53680516973592
-43.73585044538974
-43.93479144592349
-44.13364029476808
-44.332409039741925
-44.53110964095041
-44.729753958841606
-44.92835374242768
-45.12692061768142
-45.32546607611725
-45.52400146356659
-45.72253796915719
-45.92108661450577
-46.11965824313289
-46.31826351010919
-46.516912871941756
-46.71561657670877
-46.91438465445053
-47.113226907824796
-47.31215290303367
-47.51117196102944
-47.71029314900681
-47.90952527218854
-48.10887686591132
-48.30835618801881
-48.507971211568695
-48.70772961786019
-48.90763878978827
-49.107705805529854
-49.30793743256651
-49.50834012204831
-49.70892000350284
-49.90968287989284
-50.1106342230251
-50.311779169312445
-50.5131225158903
-50.7146687170889
-50.9164218812619
-51.11838576797214
-51.320563785534716
-51.52295898891731
-51.72557407799724
-51.92841139617406
-52.13147292933633
-52.3347603051804
-52.53827479287913
-52.74201730309807
-52.94598838835726
-53.1501882437363
-53.354616707920236
-53.559273264583176
-53.764157044107044
-53.96926682563248
-54.17460103943876
-54.380157769648584
-54.58593475725293
-54.79192940345082
-54.99813877329861
-55.20455959966337
-55.41118828747484
-55.61802091826975
-55.825053255022354
-56.03228074725469
-56.23969853641951
-56.44730146154906
-56.65508406516285
-56.86304059942758
-57.07116503256176
-57.27945105547749
-57.4878920886513
-57.69648128921542
-57.90521155826067
-58.114075548341724
-58.32306567117583
-58.532174105526074
-58.74139280526034
-58.95071350757669
-59.16012774138587
-59.36962683584172
-59.579201929010054
-59.788843976666755
-59.99854376121564
-60.20829190071677
-60.41807885801515
-60.62789494995937
-60.83773035669989
-61.047575131057584
-61.25741920795335
-61.46725241388995
-61.677064476477
-61.88684503399011
-62.096583644955764
-62.306269797753295
-62.51589292022616
-62.725442389294734
-62.93490754056277
-63.14427767790969
-63.35354208306095
-63.56269002512793
-63.771710770108406
-63.98059359033832
-64.1893277738851
-64.39790263387248
-64.6063075177269
-64.81453181633559
-65.02256497310678
-65.23039649292257
-65.43801595097482
-65.64541300147606
-65.85257738623794
-66.0594989431106
-66.26616761427543
-66.47257345438355
-66.6787066385317
-66.88455747006695
-67.09011638821151
-67.29537397549812
-67.50032096500716
-67.70494824739602
-67.9092468777129
-68.11320808198836
-68.31682326359855
-68.520084009395
-68.72298209559601
-68.92550949343472
-69.12765837455974
-69.32942111618449
-69.5307903059815
-69.73175874671784
-69.93231946062764
-70.13246569351742
-70.33219091860047
-70.53148884005617
-70.73035339631059
-70.92877876303515
-71.12675935586032
-71.32428983280187
-71.52136509639865
-71.71798029556146
-71.91413082713359
-72.10981233716325
-72.30502072188835
-72.49975212843526
-72.69400295523292
-72.88776985214429
-73.08104972031708
-73.27383971175573
-73.46613722861696
-73.65793992223234
-73.84924569186103
-74.04005268317644
-74.23035928649006
-74.42016413471481
-74.60946610107078
-74.7982642965357
-74.9865580670434
-75.17434699043292
-75.36163087315128
-75.54840974671322
-75.7346838639221
-75.92045369485709
-76.1057199226318
-76.29048343893034
-76.47474533932645
-76.6585069183924
-76.84176966460463
-77.02453525505372
-77.20680554996672
-77.38858258704921
-77.56986857565563
-77.7506658907969
-77.93097706699497
-78.1108047919936
-78.29015190033444
-78.46902136680787
-78.6474162997879
-78.82533993445988
-79.00279562594973
-79.17978684236427
-79.35631715775231
-79.53239024499727
-79.70800986865142
-79.88317987772247
-80.05790419842334
-80.23218682689664
-80.40603182192503
-80.57944329763883
-80.7524254162321
-80.92498238069847
-81.09711842759795
-81.2688378198658
-81.44014483967295
-81.61104378134645
-81.78153894435708
-81.95163462638142
-82.12133511644517
-82.29064468815525
-82.45956759302797
-82.62810805392124
-82.79627025858
-82.96405835330361
-83.13147643674486
-83.2985285538488
-83.4652186899406
-83.63155076497154
-83.79752862793148
-83.96315605143698
-84.12843672650254
-84.2933742575025
-84.45797215732924
-84.62223384275254
-84.78616262998517
-84.94976173045907
-85.11303424681617
-85.27598316911852
-85.4386113712824
-85.60092160774084
-85.7629165103389
-85.92459858546582
-86.08597021142694
-86.24703363605741
-86.40779097457951
-86.56824420770525
-86.72839517998491
-86.8882455984025
-87.0477970312177
-87.20705090705374
-87.36600851423091
-87.52467100034383
-87.68303937208069
-87.84111449528136
-87.99889709523045
-88.15638775718132
-88.31358692710687
-88.47049491267141
-88.6271118844192
-88.78343787717522
-88.93947279165381
-89.09521639627
-89.2506683291487
-89.40582810032633
-89.56069509413946
-89.7152685717944
-89.86954767411162
-90.02353142443887
-90.17721873172654
-90.3306083937595
-90.48369910054014
-90.63648943781645
-90.78897789074908
-90.9411628477108
-91.09304260421167
-91.24461536694268
-91.39587925793028
-91.54683231879294
-91.6974725150897
-91.84779774075086
-91.99780582258056
-92.14749452482003
-92.2968615537607
-92.4459045623967
-92.5946211551066
-92.74300889235558
-92.89106529541043
-93.03878785105898
-93.18617401632564
-93.33322122317479
-93.47992688319464
-93.6262883922547
-93.7723031351308
-93.91796849009124
-94.06328183343787
-94.2082405439965
-94.35284200755113
-94.49708362121673
-94.64096279774462
-94.78447696975529
-94.92762359389353
-95.07040015490104
-95.21280416960217
-95.35483319079883
-95.49648481107027
-95.63775666647331
-95.77864644013806
-95.91915186575449
-96.0592707309442
-96.19900088051185
-96.3383402195704
-96.47728671653527
-96.61583840598252
-96.75399339136692
-96.89174984759501
-97.02910602344679
-97.16606024384174
-97.30261091194467
-97.43875651110676
-97.57449560663764
-97.7098268474046
-97.8447489672563
-97.97926078626841
-98.11336121180904
-98.24704923942198
-98.38032395352701
-98.51318452793629
-98.64563022618785
-98.777660401697
-98.90927449772738
-99.04047204718375
-99.17125267222963
-99.30161608373277
-99.43156208054114
-99.5610905485924
-99.69020145986002
-99.81889487113955
-99.94717092267723
-100.07502983664307
-100.2024719154503
-100.3294975399237
-100.45610716731977
-100.58230132920306
-100.7080806291828
-100.83344574051529
-100.95839740357741
-101.08293642321684
-101.20706366598455
-101.3307800572565
-101.45408657825061
-101.57698426294479
-101.69947419490217
-101.82155750400915
-101.94323536313124
-102.0645089846908
-102.18537961717078
-102.30584854154819
-102.42591706766046
-102.54558653050782
-102.66485828649394
-102.78373370960702
-102.9022141875435
-103.02030111777714
-103.13799590357615
-103.25529994997106
-103.37221465967679
-103.48874142897358
-103.60488164355178
-103.7206366743257
-103.83600787322297
-103.95099656895599
-104.0656040627834
-104.17983162426953
-104.29368048704981
-104.40715184461027
-104.52024684609006
-104.63296659211579
-104.74531213067593
-104.85728445304352
-104.9688844897558
-105.08011310665876
-105.19097110102479
-105.30145919775049
-105.41157804564199
-105.52132821379547
-105.63071018808029
-105.73972436773232
-105.84837106206459
-105.95665048730262
-106.06456276355249
-106.17210791190786
-106.27928585170315
-106.3860963979194
-106.4925392587491
-106.59861403332508
-106.70432020961795
-106.80965716250677
-106.9146241520263
-107.01922032179522
-107.12344469762826
-107.22729618633485
-107.33077357470535
-107.43387552868654
-107.53660059274858
-107.63894718944385
-107.74091361915833
-107.8424980600567
-107.94369856822112
-108.04451307798234
-108.14493940244148
-108.24497523418069
-108.34461814616014
-108.44386559279798
-108.5427149112299
-108.6411633227446
-108.73920793439157
-108.83684574075602
-108.93407362589602
-109.03088836543719
-109.1272866288204
-109.22326498169804
-109.31881988847437
-109.413947714985
-109.50864473131054
-109.60290711471902
-109.69673095273225
-109.7901122463116
-109.88304691315847
-109.9755307911251
-110.06755964173038
-110.1591291537747
-110.25023494704777
-110.34087257612401
-110.4310375342389
-110.52072525724037
-110.60993112760895
-110.69865047854006
-110.78687859808264
-110.87461073332832
-110.96184209464667
-111.048567859961
-111.13478317905998
-111.22048317794003
-111.30566296317312
-111.39031762629469
-111.47444224820691
-111.55803190359376
-111.64108166534362
-111.72358660897538
-111.80554181706356
-111.88694238365798
-111.9677834186935
-112.04806005238521
-112.12776743960472
-112.20690076423256
-112.28545524348107
-112.36342613218204
-112.44080872703256
-112.51759837079243
-112.59379045642612
-112.6693804311821
-112.74436380060246
-112.8187361324554
-112.89249306058247
-112.96563028865245
-113.0381435938155
-113.1100288302519
-113.18128193261026
-113.25189891932968
-113.32187589584049
-113.39120905763883
-113.45989469323098
-113.5279291869436
-113.59530902159605
-113.66203078103098
-113.72809115250021
-113.79348692890363
-113.85821501087906
-113.92227240874291
-113.9856562442813
-114.04836375239194
-114.11039228257613
-114.17173930028042
-114.23240238808847
-114.29237924676448
-114.35166769615051
-114.41026567592047
-114.468171246194
-114.52538258801366
-114.58189800368808
-114.63771591700453
-114.69283487331353
-114.74725353948867
-114.80097070376536
-114.85398527546243
-114.90629628458981
-114.95790288134646
-115.00880433551339
-115.05900003574601
-115.10848948876952
-115.1572723184816
-115.20534826496629
-115.2527171834227
-115.2993790430126
-115.34533392563009
-115.39058202459631
-115.43512364328234
-115.47895919366255
-115.52208919480239
-115.56451427128303
-115.6062351515655
-115.64725266629745
-115.68756774656441
-115.72718142208868
-115.76609481937948
-115.80430915983897
-115.84182575782796
-115.87864601869472
-115.91477143676963
-115.95020359332847
-115.98494415452711
-116.0189948693108
-116.0523575673015
-116.0850341566665
-116.117026621972
-116.14833702202594
-116.17896748771528
-116.20892021984292
-116.238197486969
-116.26680162326141
-116.29473502636023
-116.3220001552599
-116.34859952821199
-116.3745357206505
-116.39981136314128
-116.42442913935639
-116.44839178407295
-116.47170208119627
-116.49436286180656
-116.51637700222835
-116.53774742212084
-116.55847708258744
-116.57856898430231
-116.59802616565223
-116.61685170089224
-116.63504869831381
-116.65262029842499
-116.66956967214132
-116.68590001898603
-116.70161456529927
-116.71671656245603
-116.73120928509256
-116.74509602934113
-116.75838011107298
-116.7710648641485
-116.78315363867414
-116.79464979926574
-116.8055567233179
-116.81587779927911
-116.8256164249323
-116.83477600568055
-116.84335995283645
-116.85137168191493
-116.8588146109294
-116.86569215869206
-116.87200774311843
-116.877764779537
-116.8829666790039
-116.88761684662306
-116.89171867987254
-116.89527556693626
-116.89829088504057
-116.9007679987947
-116.9027102585341
-116.90412099866505
-116.90500353601026
-116.90536116815433
-116.90519717178874
-116.90451480105575
-116.90331728589062
-116.90160783036178
-116.89938961100886
-116.89666577517885
-116.89343943936107
-116.8897136875219
-116.88549156944036
-116.88077609904558
-116.87557025275753
-116.86987696783301
-116.86369914071945
-116.85703962541952
-116.8499012318694
-116.84228672433385
-116.83419881982222
-116.82564018652913
-116.81661344230331
-116.80712115314911
-116.79716583176541
-116.78674993612724
-116.77587586811528
-116.7645459721986
-116.75276253417569
-116.74052777997751
-116.72784387453649
-116.71471292072354
-116.70113695835519
-116.68711796327173
-116.67265784648649
-116.6577584534057
-116.64242156311846
-116.62664888775535
-116.61044207191495
-116.59380269215777
-116.57673225656791
-116.55923220438254
-116.54130390569017
-116.52294866119817
-116.50416770206996
-116.48496218983306
-116.46533321635891
-116.44528180391652
-116.42480890530115
-116.40391540403974
-116.38260211467403
-116.36086978312258
-116.33871908712175
-116.31615063674715
-116.29316497501671
-116.26976257857635
-116.24594385846993
-116.22170916099506
-116.19705876864671
-116.17199290114971
-116.14651171658048
-116.12061531257862
-116.09430372764965
-116.06757694256001
-116.04043488182506
-116.01287741529043
-115.98490435980844
-115.9565154810106
-115.92771049517731
-115.89848907120634
-115.86885083268194
-115.83879536004534
-115.808322192867
-115.77743083222018
-115.74612074315465
-115.71439135726885
-115.68224207537926
-115.64967227028458
-115.61668128962211
-115.58326845881291
-115.54943308409216
-115.51517445562095
-115.48049185067569
-115.44538453691112
-115.40985177569317
-115.37389282549705
-115.3375069453646
-115.300693398415
-115.26345145540282
-115.22578039831629
-115.18767952400927
-115.14914814785973
-115.11018560744847
-115.07079126625129
-115.03096451733849
-114.99070478707496
-114.95001153881437
-114.90888427658093
-114.86732254873438
-114.8253259516131
-114.78289413315032
-114.74002679645811
-114.69672370337334
-114.65298467796062
-114.60880960996634
-114.56419845821735
-114.5191512539575
-114.47366810411485
-114.42774919449211
-114.38139479287248
-114.33460525203283
-114.28738101265755
-114.23972260614654
-114.19163065731097
-114.14310588695038
-114.09414911430623
-114.04476125938665
-113.99494334515761
-113.94469649959616
-113.89402195760205
-113.84292106276474
-113.79139526898281
-113.73944614193319
-113.6870753603887
-113.63428471738281
-113.58107612122195
-113.52745159634709
-113.47341328404606
-113.41896344301894
-113.36410444979823
-113.3088387990273
-113.25316910359983
-113.19709809466464
-113.14062862149969
-113.08376365125879
-113.02650626859453
-112.96885967516052
-112.91082718899601
-112.85241224379583
-112.79361838806689
-112.73444928417395
-112.67490870727683
-112.61500054416094
-112.55472879196306
-112.49409755679382
-112.43311105225759
-112.37177359787133
-112.31008961738463
-112.24806363700488
-112.18570028353078
-112.12300428239759
-112.05998045563628
-111.99663371974852
-111.93296908349829
-111.86899164562135
-111.80470659245293
-111.74011919547411
-111.67523480877776
-111.6100588664566
-111.54459687991539
-111.4788544351079
-111.4128371897001
-111.34655087016176
-111.28000126878896
-111.21319424065916
-111.14613570052131
-111.07883161962388
-111.01128802248274
-110.9435109835905
-110.87550662406818
-110.8072811082601
-110.7388406402722
-110.67019146045459
-110.60133984182892
-110.53229208646167
-110.46305452178456
-110.39363349686357
-110.32403537861751
-110.25426654798855
-110.18433339606747
-110.1142423201768
-110.04399971991552
-109.97361199316936
-109.90308553209013
-109.83242671904748
-109.76164192255601
-109.69073749318125
-109.61971975942743
-109.54859502361114
-109.47736955772461
-109.40604959929158
-109.3346413472193
-109.2631509576513
-109.19158453982595
-109.11994815194703
-109.04824779707212
-108.97648941902594
-108.90467889834565
-108.83282204826662
-108.76092461075575
-108.6889922525994
-108.61703056155227
-108.54504504255397
-108.47304111402059
-108.40102410421923
-108.32899924773324
-108.25697168202544
-108.18494644410656
-108.11292846731418
-108.04092257820751
-107.96893349358275
-107.8969658176138
-107.82502403912143
-107.75311252897369
-107.68123553761914
-107.60939719275426
-107.53760149712569
-107.46585232646815
-107.39415342757819
-107.32250841652431
-107.25092077699342
-107.17939385877354
-107.10793087637272
-107.03653490777366
-106.96520889332349
-106.89395563475817
-106.8227777943607
-106.75167789425335
-106.68065831582372
-106.60972129928551
-106.53886894337357
-106.46810320517305
-106.39742590008278
-106.32683870191373
-106.25634314312343
-106.1859406151858
-106.11563236909556
-106.0454195160065
-105.97530302800259
-105.90528373900098
-105.8353623457849
-105.76553940916266
-105.695815355249
-105.62619047686552
-105.55666493505645
-105.48723876071732
-105.41791185633404
-105.34868399782964
-105.27955483651589
-105.21052390114663
-105.14159060006862
-105.07275422346582
-105.00401394569279
-104.93536882769295
-104.8668178194989
-104.79835976281241
-104.72999339366264
-104.66171734514022
-104.59353015020461
-104.52543024456246
-104.45741596961533
-104.38948557547575
-104.32163722404958
-104.25386899218437
-104.186178874883
-104.11856478858316
-104.0510245745022
-103.98355600204717
-103.91615677228889
-103.84882452149849
-103.78155682474583
-103.71435119956014
-103.6472051096532
-103.58011596870459
-103.51308114420725
-103.44609796137125
-103.37916370708307
-103.31227563391734
-103.24543096419721
-103.17862689409864
-103.11186059779456
-103.04512923163347
-102.97842993834692
-102.91175985127958
-102.84511609863429
-102.7784958077253
-102.71189610923315
-102.64531414145367
-102.57874705453511
-102.51219201469664
-102.44564620842115
-102.37910684661537
-102.31257116872948
-102.24603644682915
-102.17949998961294
-102.11295914636818
-102.04641131085916
-101.97985392514019
-101.91328448328701
-101.84670053503962
-101.78009968935018
-101.71347961782928
-101.6468380580836
-101.58017281693841
-101.5134817735387
-101.44676288232378
-101.38001417587108
-101.31323376760676
-101.24641985438083
-101.17957071890655
-101.11268473206414
-101.04576035507031
-100.97879614151529
-100.91179073926875
-100.84474289225622
-100.77765144210761
-100.71051532968065
-100.64333359646113
-100.57610538584171
-100.50882994428147
-100.44150662234924
-100.37413487565274
-100.30671426565559
-100.2392444603839
-100.17172523502379
-100.1041564724105
-100.03653816341156
-99.96887040720614
-99.90115341146245
-99.83338749241452
-99.76557307483878
-99.69771069193209
-99.62980098509192
-99.5618447035989
-99.49384270420202
-99.42579595060735
-99.35770551287166
-99.28957256670341
-99.22139839267194
-99.15318437532582
-99.08493200222037
-99.01664286285549
-98.94831864752572
-98.87996114608424
-98.81157224662294
-98.74315393407105
-98.67470828871464
-98.60623748463965
-98.53774378809973
-98.46922955581098
-98.40069723317512
-98.33214935243356
-98.26358853075473
-98.19501746825651
-98.12643894596542
-98.05785582371422
-97.98927103798005
-97.92068759966419
-97.85210859181446
-97.78353716729073
-97.71497654637592
-97.6464300143336
-97.57790091891395
-97.50939266780843
-97.4409087260528
-97.37245261337758
-97.30402790150511
-97.23563821139267
-97.16728721042041
-97.09897860952385
-97.03071616027087
-96.96250365188389
-96.89434490820732
-96.82624378462067
-96.75820416489894
-96.69022995802216
-96.62232509493647
-96.55449352526871
-96.48673921399593
-96.41906613807062
-96.35147828300292
-96.28397963940127
-96.21657419947333
-96.14926595348943
-96.08205888621042
-96.01495697328205
-95.94796417759808
-95.88108444563461
-95.81432170375952
-95.74767985452031
-95.68116277291399
-95.61477430264297
-95.54851825236217
-95.48239839192202
-95.41641844861188
-95.3505821034092
-95.28489298723987
-95.21935467725582
-95.15397069313629
-95.08874449341916
-95.02367947186868
-94.95877895388601
-94.89404619296734
-94.82948436721377
-94.7650965758972
-94.70088583608545
-94.63685507932935
-94.57300714841354
-94.50934479417272
-94.44587067237599
-94.38258734068195
-94.31949725566751
-94.25660276993194
-94.19390612927778
-94.1314094699696
-94.06911481607047
-94.00702407685601
-93.94513904430626
-93.88346139067535
-93.82199266613993
-93.76073429652713
-93.69968758112391
-93.63885369057046
-93.57823366483997
-93.5178284113078
-93.4576387029128
-93.39766517641381
-93.33790833074461
-93.2783685254703
-93.219045979349
-93.15994076900319
-93.10105282770513
-93.04238194428154
-92.98392776214263
-92.92568977844059
-92.86766734336226
-92.80985965956182
-92.75226578174005
-92.69488461637656
-92.6377149216209
-92.58075530734783
-92.52400423538171
-92.46746001989453
-92.41112082798253
-92.35498468042528
-92.29904945263178
-92.2433128757778
-92.18777253813727
-92.13242588660984
-92.07727022844671
-92.02230273317633
-91.9675204347306
-91.91292023377088
-91.85849890021274
-91.80425307594777
-91.75017927775872
-91.69627390042314
-91.6425332199995
-91.58895339728844
-91.53553048146051
-91.48226041384277
-91.42913903185496
-91.37616207308776
-91.32332517951482
-91.27062390183022
-91.21805370390172
-91.16560996733125
-91.11328799611437
-91.06108302139131
-91.00899020628225
-90.95700465079875
-90.90512139682363
-90.85333543315113
-90.80164170057964
-90.75003509704885
-90.69851048281413
-90.64706268565175
-90.59568650608918
-90.54437672265414
-90.4931280971362
-90.44193537985558
-90.39079331493366
-90.33969664556088
-90.28864011925663
-90.23761849311728
-90.18662653904897
-90.13565904898138
-90.08471084005856
-90.0337767598034
-89.98285169125239
-89.93193055805722
-89.88100832954973
-89.83008002576747
-89.77914072243692
-89.7281855559117
-89.67720972806336
-89.62620851112246
-89.57517725246686
-89.52411137935354
-89.47300640359043
-89.42185792614401
-89.3706616416776
-89.31941334301615
-89.2681089255338
-89.21674439145926
-89.16531585409354
-89.1138195419349
-89.0622518027065
-89.01060910728137
-88.95888805349949
-88.90708536987148
-88.85519791916448
-88.80322270186679
-88.75115685952852
-88.69899767797682
-88.64674259040402
-88.59438918032839
-88.54193518442736
-88.48937849524299
-88.43671716376008
-88.38394940185611
-88.3310735846216
-88.27808825254846
-88.22499211358291
-88.1717840450404
-88.11846309537958
-88.06502848583335
-88.01147961189378
-87.95781604464815
-87.90403753196341
-87.85014399951655
-87.79613555166912
-87.7420124721836
-87.68777522477995
-87.63342445353072
-87.57896098309283
-87.5243858187743
-87.46970014643472
-87.41490533221742
-87.36000292211185
-87.30499464134488
-87.24988239360056
-87.19466826006845
-87.13935449832155
-87.08394354102523
-87.02843799447936
-86.97284063699607
-86.91715441711636
-86.86138245166848
-86.805528023671
-86.74959458008283
-86.69358572940263
-86.63750523912046
-86.58135703302486
-86.52514518836921
-86.46887393290119
-86.41254764175908
-86.35617083423885
-86.2997481704363
-86.24328444776783
-86.18678459737389
-86.13025368040898
-86.07369688422311
-86.01711951843917
-85.96052701093201
-85.90392490371384
-85.84731884873024
-85.79071460357129
-85.73411802710227
-85.67753507501804
-85.62097179532513
-85.5644343237547
-85.50792887910943
-85.45146175854613
-85.39503933279563
-85.33866804132224
-85.28235438742529
-85.22610493328538
-85.16992629495762
-85.11382513731444
-85.0578081689403
-85.0018821369802
-84.94605382194372
-84.89033003246713
-84.83471760003629
-84.77922337367288
-84.72385421458641
-84.66861699079554
-84.61351857172228
-84.55856582276276
-84.50376559983845
-84.44912474393236
-84.39465007561607
-84.34034838957284
-84.28622644912234
-84.23229098075255
-84.1785486686645
-84.1250061493361
-84.07167000611143
-84.01854676382167
-83.96564288344364
-83.91296475680194
-83.86051870132057
-83.80831095482976
-83.75634767043464
-83.70463491145203
-83.65317864642218
-83.60198474420251
-83.55105896915079
-83.50040697640456
-83.4500343072646
-83.39994638469027
-83.35014850891405
-83.30064585318193
-83.25144345962626
-83.20254623527823
-83.15395894822784
-83.10568622393843
-83.0577325417227
-83.01010223138535
-82.96279947003784
-82.91582827908967
-82.8691925214204
-82.82289589873714
-82.77694194912094
-82.73133404476475
-82.68607538990447
-82.64116901894356
-82.59661779477067
-82.5524244072681
-82.50859137200807
-82.4651210291343
-82.42201554242597
-82.37927689853989
-82.33690690642679
-82.29490719691789
-82.25327922247861
-82.21202425712583
-82.17114339650452
-82.1306375581194
-82.09050748171744
-82.05075372981723
-82.01137668838173
-81.9723765676304
-81.93375340298694
-81.89550705615811
-81.85763721633934
-81.82014340154244
-81.78302496004157
-81.74628107193341
-81.7099107508083
-81.67391284552939
-81.63828604211567
-81.60302886572553
-81.5681396827378
-81.53361670292797
-81.49945798173762
-81.46566142263411
-81.43222477955833
-81.39914565945735
-81.36642152489951
-81.33404969676921
-81.30202735703908
-81.27035155161518
-81.23901919325105
-81.20802706452643
-81.17737182088653
-81.14704999373843
-81.11705799360111
-81.08739211330628
-81.05804853124737
-81.02902331467367
-81.00031242302684
-80.97191171131719
-80.94381693353732
-80.91602374611038
-80.88852771136992
-80.86132430106754
-80.83440889990452
-80.80777680908288
-80.78142324987225
-80.75534336718879
-80.72953223318329
-80.70398485083619
-80.67869615755664
-80.65366102878345
-80.62887428158608
-80.60433067826436
-80.58002492994596
-80.55595170018027
-80.53210560852715
-80.50848123413964
-80.48507311934047
-80.46187577319249
-80.43888367506331
-80.41609127818428
-80.39349301320378
-80.37108329173593
-80.34885650990536
-80.32680705188811
-80.30492929344875
-80.28321760547412
-80.26166635750444
-80.24026992126203
-80.2190226741781
-80.19791900291754
-80.17695330690178
-80.1561200018297
-80.1354135231956
-80.1148283298035
-80.09435890727677
-80.0739997715613
-80.0537454724212
-80.0335905969253
-80.01352977292395
-79.99355767251522
-79.9736690154994
-79.95385857282069
-79.93412116999541
-79.91445169052547
-79.89484507929528
-79.87529634594982
-79.85580056825204
-79.83635289541762
-79.81694855142477
-79.7975828382968
-79.77825113935505
-79.75894892244007
-79.73967174309898
-79.72041524773674
-79.70117517672934
-79.68194736749585
-79.66272775752513
-79.64351238735314
-79.62429740348664
-79.60507906126911
-79.58585372768452
-79.56661788409433
-79.5473681289041
-79.52810118015525
-79.50881387803638
-79.48950318730867
-79.47016619964045
-79.45080013584554
-79.4314023480196
-79.4119703215694
-79.39250167713082
-79.37299417237163
-79.35344570367458
-79.33385430769708
-79.31421816280401
-79.29453559037078
-79.27480505595433
-79.25502517032969
-79.23519469039006
-79.2153125199092
-79.19537771016535
-79.17538946042525
-79.15534711828745
-79.13525017988472
-79.11509828994603
-79.09489124171891
-79.07462897675298
-79.05431158454546
-79.03393930205043
-79.01351251305361
-78.9930317474139
-78.97249768017268
-78.95191113053333
-78.93127306071328
-78.9105845746714
-78.88984691671321
-78.86906146997721
-78.8482297548051
-78.82735342699827
-78.80643427596276
-78.78547422274464
-78.7644753179574
-78.74343973960235
-78.72236979078177
-78.70126789730345
-78.68013660517492
-78.6589785779867
-78.63779659418292
-78.61659354421742
-78.59537242759363
-78.57413634978666
-78.55288851904656
-78.53163224308211
-78.51037092562481
-78.48910806287213
-78.46784723980866
-78.44659212640468
-78.42534647369226
-78.40411410971856
-78.38289893537561
-78.36170492010618
-78.34053609748551
-78.31939656067883
-78.29829045777538
-78.27722198700022
-78.2561953918055
-78.23521495584433
-78.21428499783067
-78.19340986629064
-78.17259393421025
-78.15184159358594
-78.13115724988316
-78.11054531640937
-78.0900102086081
-78.0695563382815
-78.04918810774964
-78.02890990395477
-78.00872609251772
-77.98864101175448
-77.96865896666114
-77.94878422287607
-77.9290210006283
-77.90937346868034
-77.88984573827432
-77.8704418570907
-77.85116580322975
-77.83202147922557
-77.81301270610246
-77.79414321748303
-77.7754166537583
-77.75683655632989
-77.73840636193532
-77.72012939706761
-77.70200887249987
-77.68404787792579
-77.66624937672626
-77.6486162008728
-77.63115104597821
-77.61385646650447
-77.5967348711371
-77.57978851833539
-77.56301951206754
-77.5464297977392
-77.53002115832342
-77.51379521069967
-77.49775340220836
-77.4818970074273
-77.46622712517595
-77.45074467575265
-77.43545039840936
-77.42034484906699
-77.40542839827438
-77.39070122941305
-77.3761633371495
-77.36181452613644
-77.34765440996401
-77.33368241036138
-77.3198977566498
-77.30629948544745
-77.29288644062629
-77.27965727351992
-77.26661044338121
-77.25374421808797
-77.24105667509392
-77.22854570262157
-77.21620900109363
-77.20404408479843
-77.1920482837842
-77.1802187459754
-77.16855243950354
-77.1570461552449
-77.14569650955585
-77.13449994719693
-77.12345274443626
-77.11255101232294
-77.10179070012114
-77.09116759889528
-77.08067734523652
-77.07031542512144
-77.06007717789433
-77.04995780036452
-77.03995235101027
-77.03005575428122
-77.02026280499197
-77.0105681727994
-77.0009664067575
-76.99145193994391
-76.98201909415255
-76.97266208464796
-76.96337502497718
-76.95415193183445
-76.94498672997443
-76.93587325716945
-76.92680526920654
-76.91777644492029
-76.90878039125747
-76.89981064836925
-76.89086069472731
-76.88192395225954
-76.8729937915015
-76.86406353675889
-76.85512647127715
-76.84617584241519
-76.83720486682071
-76.82820673560437
-76.81917461951039
-76.81010167408115
-76.80098104481365
-76.79180587230681
-76.78256929739862
-76.77326446629243
-76.763884535671
-76.75442267779695
-76.74487208559756
-76.73522597773106
-76.72547760363196
-76.71562024853361
-76.70564723846704
-76.69555194523517
-76.68532779136129
-76.67496825500976
-76.66446687487704
-76.65381725505134
-76.64301306983944
-76.63204806855904
-76.6209160802953
-76.60961101861974
-76.59812688626906
-76.58645777978157
-76.57459789408884
-76.56254152706029
-76.55028308399906
-76.53781708208717
-76.52513815477826
-76.51224105613588
-76.49912066511561
-76.48577198978936
-76.47219017150977
-76.45837048901288
-76.44430836245672
-76.42999935739309
-76.41543918866958
-76.40062372425942
-76.3855489890158
-76.37021116834754
-76.35460661181187
-76.33873183662027
-76.32258353105149
-76.30615855776651
-76.28945395701966
-76.27246694976022
-76.25519494061747
-76.23763552076242
-76.21978647063976
-76.20164576256367
-76.18321156317167
-76.16448223573015
-76.1454563422849
-76.12613264564926
-76.10651011122253
-76.08658790863196
-76.066365413192
-76.04584220717506
-76.02501808088745
-76.00389303354463
-75.9824672739394
-75.96074122089705
-75.9387155035114
-75.91639096115752
-75.89376864327632
-75.87084980892679
-75.84763592610183
-75.82412867080417
-75.80032992587907
-75.7762417796006
-75.75186652400863
-75.72720665299416
-75.70226486013168
-75.67704403625886
-75.65154726680375
-75.6257778288598
-75.59973918800962
-75.5734349948989
-75.5468690815626
-75.52004545750675
-75.49296830554955
-75.46564197742613
-75.4380709891616
-75.41026001621698
-75.38221388841306
-75.35393758463808
-75.32543622734592
-75.29671507685192
-75.26777952543308
-75.23863509124045
-75.20928741203149
-75.1797422387307
-75.15000542882673
-75.1200829396138
-75.08998082128473
-75.05970520988309
-75.02926232012204
-74.99865843807778
-74.96789991376512
-74.93699315360278
-74.90594461277693
-74.8747607875123
-74.8434482072603
-74.81201342681375
-74.78046301835691
-74.7488035634595
-74.71704164502269
-74.68518383918486
-74.65323670719484
-74.6212067872603
-74.58910058637942
-74.5569245721634
-74.52468516465802
-74.49238872817301
-74.46004156312898
-74.42764989793233
-74.39521988088796
-74.3627575721602
-74.33026893579182
-74.29775983179212
-74.26523600830484
-74.23270309386754
-74.20016658977437
-74.1676318625536
-74.13510413657133
-74.10258848677228
-74.07008983156919
-74.03761292589132
-74.00516235440278
-73.97274252490246
-73.9403576619174
-73.90801180050124
-73.87570878024758
-73.8434522395271
-73.81124560995613
-73.77909211110443
-73.74699474544923
-73.71495629358242
-73.68297930967628
-73.65106611721217
-73.6192188049763
-73.58743922332712
-73.55572898073808
-73.52408944061915
-73.49252171842011
-73.461026679018
-73.42960493439205
-73.39825684158882
-73.36698250098027
-73.33578175481625
-73.304654186074
-73.27359911760743
-73.24261561159881
-73.21170246931501
-73.18085823117087
-73.15008117710181
-73.11936932724814
-73.08872044295367
-73.05813202808099
-73.0276013306451
-72.99712534476714
-72.96670081294883
-72.93632422866744
-72.90599183929078
-72.87569964931095
-72.84544342389552
-72.81521869275457
-72.78502075432232
-72.7548446802515
-72.72468532021776
-72.69453730703083
-72.66439506204858
-72.63425280089041
-72.60410453944519
-72.57394410016894
-72.5437651186665
-72.513561050551
-72.48332517857449
-72.45305062002154
-72.42273033435634
-72.39235713111208
-72.36192367801135
-72.33142250930524
-72.30084603431834
-72.27018654618638
-72.23943623077224
-72.20858717574566
-72.17763137981188
-72.14656076207422
-72.11536717151563
-72.08404239658404
-72.05257817486614
-72.02096620283515
-71.98919814565834
-71.95726564705016
-71.92516033915722
-71.89287385246125
-71.86039782568666
-71.8277239156984
-71.79484380737692
-71.76174922345676
-71.72843193431599
-71.69488376770407
-71.66109661839612
-71.6270624577625
-71.59277334324308
-71.5582214277154
-71.52339896874678
-71.48829833772054
-71.45291202882758
-71.417232667915
-71.38125302118344
-71.34496600372533
-71.30836468789657
-71.2714423115144
-71.23419228587476
-71.19660820358148
-71.15868384617998
-71.1204131915873
-71.08179042131086
-71.0428099274486
-71.00346631946375
-70.9637544307278
-70.92366932482581
-70.88320630161728
-70.84236090304601
-70.80112891869145
-70.75950639105393
-70.71748962056652
-70.67507517032594
-70.63225987053612
-70.58904082265813
-70.54541540326021
-70.50138126756234
-70.45693635267104
-70.41207888049995
-70.3668073603727
-70.32112059130553
-70.27501766396755
-70.22849796231638
-70.1815611649075
-70.1342072458758
-70.08643647558812
-70.0382494209657
-69.98964694547509
-69.94063020878683
-69.89120066610154
-69.84136006714378
-69.79111045482516
-69.74045416357914
-69.68939381737032
-69.63793232738094
-69.5860728893786
-69.53381898076911
-69.48117435733893
-69.42814304969129
-69.37472935938028
-69.32093785474744
-69.26677336646598
-69.21224098279838
-69.15734604457298
-69.10209413988585
-69.04649109853406
-68.99054298618674
-68.93425609830027
-68.87763695378456
-68.8206922884273
-68.76342904808328
-68.70585438163599
-68.64797563373887
-68.5898003373442
-68.53133620602685
-68.47259112611053
-68.41357314860389
-68.35429048095412
-68.29475147862613
-68.23496463651563
-68.1749385802054
-68.1146820570743
-68.05420392726987
-67.99351315455553
-67.93261879704377
-67.8715299978264
-67.8102559755134
-67.7488060146919
-67.68718945631653
-67.6254156880427
-67.56349413451377
-67.50143424761436
-67.43924549670086
-67.3769373588203
-67.31451930892749
-67.25200081011084
-67.18939130383703
-67.12670020022412
-67.06393686835324
-67.00111062662788
-66.93823073319001
-66.87530637640171
-66.81234666540118
-66.74936062074144
-66.68635716511986
-66.62334511420616
-66.56033316757706
-66.49732989976556
-66.43434375143286
-66.37138302067049
-66.30845585444084
-66.24557024016487
-66.18273399746592
-66.11995477007862
-66.05724001793307
-65.99459700942374
-65.93203281387197
-65.86955429418994
-65.8071680997539
-65.7448806594938
-65.68269817520651
-65.62062661509812
-65.55867170756154
-65.49683893519439
-65.4351335290615
-65.37356046320618
-65.3121244494135
-65.2508299322297
-65.18968108424163
-65.12868180162094
-65.06783569993668
-65.0071461102399
-64.94661607542396
-64.88624834686415
-64.8260453813407
-64.76600933824842
-64.70614207709595
-64.64644515529797
-64.58691982626347
-64.52756703778267
-64.4683874307154
-64.40938133798268
-64.35054878386269
-64.29188948359048
-64.23340284326078
-64.17508796003331
-64.11694362264014
-64.05896831219412
-64.00116020329706
-63.94351716544555
-63.88603676473185
-63.82871626583677
-63.771552634311156
-63.714542539142265
-63.65768235560092
-63.60096816836563
-63.5443957749198
-63.487960689217864
-63.4316581456165
-63.37548310306705
-63.319430249565194
-63.26349400685422
-63.207668535378055
-63.151947739480256
-63.0963252728451
-63.04079454417615
-62.98534872310728
-62.92998074634005
-62.87468332400027
-62.819448946206194
-62.76426988984031
-62.709138225516654
-62.65404582473519
-62.598984367214825
-62.54394534839656
-62.48892008710828
-62.43389973338276
-62.37887527642073
-62.32383755269086
-62.26877725415886
-62.21368493663772
-62.158551028251
-62.10336583800097
-62.048119564433705
-61.99280230439376
-61.937404061861116
-61.881914756863125
-61.82632423445432
-61.77062227375665
-61.71479859705277
-61.658842878925206
-61.602744755433996
-61.546493833324966
-61.4900796992606
-61.43349192906543
-61.3767200969778
-61.319753784899085
-61.262582591632274
-61.20519614210155
-61.1475840965449
-61.089736159671354
-61.031642089774145
-60.973291707790786
-60.91467490630111
-60.855781658454354
-60.79660202681662
-60.73712617212998
-60.67734436197514
-60.61724697932952
-60.55682453101342
-60.49606765601639
-60.43496713369585
-60.373513891839124
-60.311699014580526
-60.24951375016501
-60.186949518550406
-60.1239979188404
-60.060650736540296
-59.99689995062782
-59.932737740431705
-59.86815649231123
-59.80314880613024
-59.737707501519466
-59.67182562392064
-59.60549645040628
-59.53871349526922
-59.47147051537614
-59.40376151528026
-59.33558075208871
-59.26692274007966
-59.197782255064716
-59.128154338492756
-59.05803430129155
-58.98741772744385
-58.916300477294705
-58.844678690587024
-58.77254878922245
-58.69990747974507
-58.626751755545435
-58.55307889878268
-58.47888648202312
-58.40417236959426
-58.32893471865308
-58.25317197996808
-58.1768828984144
-58.1000665131817
-58.02272215769469
-57.944849459246285
-57.866448338343815
-57.787519007768566
-57.70806197135002
-57.62807802245672
-57.54756824220581
-57.466533997393725
-57.38497693815063
-57.30289899532076
-57.22030237757107
-57.13718956823058
-57.05356332186321
-56.969426660576886
-56.884782870072144
-56.79963549543347
-56.71398833666685
-56.62784544398712
-56.541211112859706
-56.454089878801675
-56.36648651194698
-56.278406011381286
-56.18985359925173
-56.10083471465733
-56.01135500732649
-55.92142033108822
-55.83103673714364
-55.74021046714423
-55.64894794608292
-55.557255775004556
-55.46514072354252
-55.37260972228849
-55.27966985500275
-55.18632835067298
-55.092592575429606
-54.99847002432638
-54.903968312994905
-54.80909516918241
-54.71385842418273
-54.618266004170906
-54.52232592145158
-54.42604626563134
-54.32943519472498
-54.232500926205105
-54.13525172800434
-54.03769590947895
-53.939841812343225
-53.84169780158391
-53.743272256363305
-53.64457356091982
-53.54561009547519
-53.44639022715774
-53.34692230095096
-53.24721463067619
-53.147275490018224
-53.047113103602506
-52.9467356381328
-52.84615119359842
-52.745367794559854
-52.64439338152175
-52.54323580240214
-52.44190280410629
-52.34040202421414
-52.238740982790034
-52.13692707432352
-52.034967559809616
-51.93286955897685
-51.83064004267186
-51.7282858254091
-51.62581355809397
-51.52322972092736
-51.420540616499295
-51.31775236307822
-51.21487088810266
-51.11190192188143
-51.00885099150883
-50.90572341500103
-50.80252429565996
-50.69925851667056
-50.595930735937195
-50.492545381164454
-50.38910664518732
-50.28561848155493
-50.18208460037237
-50.07850846440538
-49.97489328545225
-49.871242020986685
-49.76755737107531
-49.66384177557255
-49.560097411595095
-49.45632619127808
-49.35252975981483
-49.2487094937819
-49.14486649975133
-49.041001613191256
-48.93711539765643
-48.83320814426939
-48.72927987149306
-48.62533032519495
-48.521358979003125
-48.41736503495353
-48.31334742442821
-48.20930480938424
-48.105235583872606
-48.00113787584613
-47.897009549255394
-47.79284820643122
-47.68865119075216
-47.58441558959428
-47.48013823756035
-47.37581571998519
-47.27144437671328
-47.16702030614355
-47.06253936953639
-46.95799719557746
-46.85338918519224
-46.74871051660543
-46.643956150638616
-46.53912083623962
-46.434199116236385
-46.32918533330789
-46.22407363616409
-46.118857985927065
-46.0135321627055
-45.908089772354714
-45.802524253414475
-45.6968288842165
-45.59099679015261
-45.48502095109469
-45.37889420895757
-45.2726092753958
-45.16615873962515
-45.059535076359644
-44.952730653855234
-44.84573774205139
-44.73854852080179
-44.631155088185004
-44.52354946888587
-44.41572362263829
-44.30766945272031
-44.19937881449239
-44.09084352397009
-43.98205536642179
-43.87300610498143
-43.76368748926633
-43.65409126398983
-43.544209177558415
-43.4340329906433
-43.32355448471607
-43.212765470538685
-43.10165779659873
-42.99022335748067
-42.87845410216426
-42.76634204224104
-42.65387926004025
-42.54105791665507
-42.42787025986042
-42.31430863191344
-42.200365477228395
-42.086033349917905
-41.97130492119317
-41.85617298661561
-41.74063047319249
-41.6246704463091
-41.50828611649025
-41.39147084598346
-41.274218155157314
-41.15652172870824
-41.03837542166997
-40.919773265219476
-40.80070947227364
-40.68117844287059
-40.56117476932985
-40.44069324118567
-40.31972884988858
-40.19827679327096
-40.07633247977276
-39.953891532423306
-39.83094979257594
-39.70750332339201
-39.58354841307078
-39.45908157782218
-39.33409956458001
-39.2085993534539
-39.082578159918675
-38.95603343673951
-38.828962875632094
-38.701364408657405
-38.57323620935129
-38.44457669358927
-38.31538452018724
-38.18565859123906
-38.05539805219216
-37.92460229166265
-37.79327094099203
-37.66140387354771
-37.52900120376988
-37.39606328596675
-37.26259071286081
-37.12858431388902
-36.99404515326007
-36.85897452777255
-36.72337396439793
-36.58724521763225
-36.450590266620544
-36.3134113120581
-36.17571077287298
-36.03749128269383
-35.89875568610743
-35.759507034711085
-35.61974858296475
-35.47948378384842
-35.3387162843307
-35.19744992065483
-35.0556887134486
-34.91343686266495
-34.77069874236062
-34.62747889531997
-34.48378202753125
-34.33961300252324
-34.194976835570145
-34.04987868777306
-33.9043238600259
-33.758317786873754
-33.61186603027169
-33.46497427325232
-33.31764831351051
-33.169894056913584
-33.02171751094496
-32.87312477808947
-32.72412204916852
-32.57471559663329
-32.424911767824135
-32.274716978204644
-32.12413770457848
-31.973180478297554
-31.821851878470415
-31.670158525179332
-31.5181070727143
-31.36570420283188
-31.212956618046675
-31.059871034963393
-30.906454177657068
-30.752712771109042
-30.59865353470617
-30.444283175810465
-30.2896083834063
-30.134635821831875
-29.97937212460145
-29.823823888324632
-29.66799766672873
-29.51189996478991
-29.355537232978755
-29.198915861625643
-29.04204217541147
-28.88492242798873
-28.72756279673769
-28.569969377662066
-28.412148180428407
-28.254105123553334
-28.09584602974229
-27.937376621382924
-27.77870251619609
-27.619829223047162
-27.460762137920284
-27.30150654005828
-27.14206758827046
-26.98245031741052
-26.822659635026437
-26.662700318184218
-26.50257701046689
-26.342294219149828
-26.18185631255337
-26.021267517573555
-25.860531917391476
-25.699653449361726
-25.53863590308031
-25.377482918632342
-25.21619798501958
-25.05478443876733
-24.893245462709974
-24.73158408495395
-24.569803178016983
-24.407905458141883
-24.245893484783423
-24.083769660266384
-23.921536229612926
-23.759195280537323
-23.59674874360611
-23.43419839256175
-23.27154584480787
-23.10879256205386
-22.945939851116243
-22.782988864874234
-22.619940603376655
-22.456795915097224
-22.293555498335117
-22.130219902757663
-21.966789531082018
-21.803264640892568
-21.63964534659073
-21.475931621473624
-21.31212329993804
-21.148220079805895
-20.984221524767094
-20.82012706693584
-20.655936009516154
-20.49164752957222
-20.327260680899084
-20.162774396989132
-19.998187494089787
-19.833498674347847
-19.668706529035827
-19.503809541855723
-19.338806092315615
-19.173694459174577
-19.008472823951216
-18.843139274491158
-18.67769180858888
-18.512128337659224
-18.34644669045402
-18.180644616819183
-18.014719791487597
-17.848669817902817
-17.68249223206854
-17.51618450641888
-17.34974405370447
-17.183168230889365
-17.016454343053933
-16.849599647299126
-16.68260135664752
-16.515456643936613
-16.348162645700068
-16.180716466032546
-16.013115180433793
-15.845355839627821
-15.677435473353022
-15.50935109411913
-15.34109970092715
-15.17267828294836
-15.004083823158584
-14.835313301924192
-14.66636370053648
-14.497232004691357
-14.327915207911305
-14.158410314906831
-13.988714344874694
-13.81882433473035
-13.648737342272055
-13.478450449274176
-13.307960764507296
-13.13726542668297
-12.966361607321
-12.795246513537345
-12.623917390750728
-12.452371525306212
-12.280606247014127
-12.108618931602754
-11.936407003083167
-11.763967936024818
-11.591299257740506
-11.418398550379496
-11.245263452927789
-11.0718916631146
-10.898280939224392
-10.724429101813797
-10.550334035332938
-10.375993689650697
-10.201406081483539
-10.026569295727679
-9.851481486694492
-9.676140879249257
-9.500545769853469
-9.32469452751105
-9.14858559461885
-8.972217487721878
-8.79558879817373
-8.618698192702736
-8.441544413884335
-8.264126280520241
-8.086442687925047
-7.90849260812121
-7.730275089943406
-7.551789259053252
-7.3730343178654465
-7.194009545386435
-7.014714296966829
-6.835148003968923
-6.655310173350796
-6.475200387168588
-6.294818301998677
-6.114163648281499
-5.933236229588788
-5.75203592181606
-5.5705626723022945
-5.388816498878838
-5.206797488849594
-5.024505797904557
-4.841941648968889
-4.659105330989764
-4.475997197663335
-4.292617666104194
-4.108967215459757
-3.9250463854720437
-3.740855774989313
-3.5563960404300397
-3.371667894201637
-3.1866721030763623
-3.001409486526857
-2.8158809150237714
-2.630087308297922
-2.4440296335694263
-2.257708903746274
-2.071126175594745
-1.8842825478840683
-1.6971791595076888
-1.5098171875834694
-1.322197845535129
-1.134322381157184
-0.9461920746656205
-0.7578082367364776
-0.5691722065344903
-0.3802853497338945
-0.19114905653344982
-0.0017647396677009438
0.18786616758354602
0.3777422133855957
0.5678619293371896
0.7582238324549347
0.9488264271520268
1.1396682072095048
1.3307476577383208
1.5220632571305592
1.7136134789981914
1.9053967940977856
2.0974116722396303
2.2896565841797942
2.4821300034937064
2.6748304084298864
2.867756283742512
3.060906122501536
3.2542784278790875
3.447871714910916
3.6416845122316768
3.8357153637829
4.029962830492512
4.224425491924828
4.41910194789991
4.613990820081263
4.809090753530868
5.004400418230611
5.199918510569186
5.395643754793621
5.591574904424665
5.787710743635314
5.984050088591828
6.180591788756614
6.377334728152327
6.574277826586596
6.7714200408367535
6.968760365794014
7.166297835566585
7.364031524541166
7.561960548402352
7.760084065109431
7.958401275830084
8.1569114258305
8.355613805321385
8.55450775025937
8.753592643103357
8.952867913525214
9.152333039074291
9.351987545795188
9.5518310087983
9.751863052782653
9.952083352510527
10.15249163323344
10.353087671069078
10.553871293328744
10.754842378794894
10.956000857948345
11.157346713144781
11.358879978740298
11.560600741165565
11.762509138948312
11.96460536268385
12.16688965495329
12.3693623101891
12.572023674487664
12.774874145368399
12.97791417147907
13.181144252246924
13.384564937475304
13.58817682688556
13.791980569604094
13.995976863594326
14.200166455033443
14.404550137633795
14.609128751908832
14.813903184383653
15.018874366750289
15.224043274967975
15.429410928308636
15.634978388348069
15.840746757903357
16.04671717991712
16.25289083628922
16.45926894665655
16.66585276712169
16.87264358893131
17.079642737105175
17.286851569016804
17.49427147292693
17.701903866471046
17.90975019510252
18.11781193049278
18.32609056889033
18.534587629440445
18.743304652467337
18.95224319772074
19.161404842588947
19.370791180280374
19.580403817975704
19.790244374952774
20.000314480686452
20.210615772925905
20.421149895751768
20.631918497615658
20.842923229364345
21.054165742251005
21.265647685935992
21.477370706479466
21.68933644432818
21.901546532299
22.11400259356146
22.326706239621224
22.53965906830647
22.752862661759035
22.966318584432212
23.180028381097014
23.393993574858666
23.608215665184968
23.822696125948042
24.03743640348104
24.252437914651395
24.467702044952077
24.683230146612193
24.89902353672831
25.11508349541798
25.331411263997058
25.54800804318284
25.76487499132491
25.982013222665607
26.199423805632016
26.417107761161386
26.635066061062044
26.853299626411964
27.071809325996863
27.29059597478999
27.509660332475647
27.729003102018396
27.948624928279884
28.168526396685337
28.388708031941636
28.609170296808575
28.82991359092495
29.050938249690862
29.272244543207712
29.493832675277424
29.715702782461996
29.93785493320454
30.160289127012625
30.383005293704354
30.606003292717542
30.829282912482068
31.052843869855604
31.276685809623004
31.50080830405959
31.725210852558533
31.949892881322384
32.17485374311879
32.40009271710032
32.62560900868847
32.851401749521806
33.077469997468306
33.30381273670201
33.53042887784405
33.75731725816839
33.984476641872355
34.211905720412084
34.43960311290234
34.66756736658032
34.89579695733295
35.12429029028732
35.353045700463724
35.582061453490525
35.81133574638014
36.04086670836503
36.2706524017926
36.50069082307721
36.730979903707464
36.961517511306745
37.19230145074449
37.4233294652961
37.65459923784878
37.88610839215094
38.117854494102495
38.34983505308342
38.58204752331765
38.81448930526958
39.04715774706993
39.28005014596771
39.51316374980523
39.74649575851309
39.98004332562202
40.21380355978867
40.447773526332625
40.68195024878206
40.916330710425925
41.15091185587044
41.385690592597534
41.62066379252331
41.855828293554616
42.09118090114139
42.326718389822695
42.56243750476414
42.798334963284724
43.03440745637095
43.2706516501766
43.507064187506785
43.74364168928554
43.980380756005786
44.21727796916076
44.45432989265635
44.69153307420356
44.9288840466902
45.16637932953074
45.40401542999371
45.641788844505705
45.87969605993147
46.11773355482962
46.355897800683586
46.594185263107086
46.832592403023575
47.07111567781909
47.30975154246791
47.548496450630935
47.78734685572654
48.026299211974404
48.26534997541292
48.50449560489041
48.743732563030804
48.98305731717467
49.222466340296776
49.46195611190094
49.70152311889344
49.941163856436184
50.18087482878072
50.42065255008466
50.66049354521194
50.900394350518546
51.14035151462493
51.38036159917609
51.6204211795899
51.86052684579457
52.100675202956296
52.34086287219796
52.58108649130955
52.82134271545104
53.06162821784861
53.301939690484716
53.54227384478245
53.782627412284775
54.022997145329306
54.26337981771966
54.50377222539468
54.74417118709707
54.98457354504311
55.22497616559455
55.46537593993439
55.70576978474837
55.94615464291381
56.18652748419764
56.42688530596472
56.66722513389753
56.90754402272823
57.14783905698327
57.38810735174188
57.62834605340941
57.868552340506646
58.10872342447572
58.34885655050322
58.58894899836127
58.82899808326743
59.06900115676398
59.308955607616944
59.54885886273553
59.788708388112354
60.02850168978506
60.26823631481989
60.50790985231805
60.747519934445165
60.987064237483935
61.22654048290963
61.46594643848795
61.70527991939441
61.94453878935452
62.183720961804404
62.42282440107159
62.66184712357586
62.90078719904967
63.13964275177711
63.37841196185014
63.617093066440034
63.85568436108174
64.0941842009686
64.33259100225446
64.57090324335987
64.80911946627954
65.04723827788912
65.28525835124903
65.5231784269039
65.76099731417607
65.99871389245136
66.23632711245473
66.47383599751318
66.71123964480327
66.94853722658021
67.1857279913863
67.42281126523628
67.65978645277741
67.89665303842142
68.13341058744632
68.370058747066
68.60659724746463
68.84302590279245
69.0793446121194
69.3155533603439
69.55165221905341
69.78764134733458
70.02352099252991
70.25929149093733
70.49495326844905
70.73050684112557
70.96595281570067
71.20129189001248
71.43652485335552
71.67165258674923
71.90667606311852
72.1415963473825
72.37641459644776
72.61113205910287
72.84575007581104
73.08027007839796
73.31469358963254
73.54902222269804
73.7832576805511
74.01740175516748
74.2514563266735
74.48542336236322
74.71930491560202
74.95310312461788
75.18682021118099
75.42045847917387
75.65402031305433
75.88750817621286
76.12092460922696
76.35427222801462
76.58755372188983
76.82077185152303
77.05392944680972
77.2870294046507
77.52007468664766
77.75306831671736
77.98601337862675
78.21891301345096
78.45177041695564
78.6845888369058
78.91737157030293
79.15012196055302
79.38284339456807
79.61553929980376
79.84821314123595
80.08086841827954
80.31350866165333
80.5461374301944
80.77875830762555
81.01137489927949
81.2439908287841
81.47660973471325
81.70923526720897
81.94187108458068
82.1745208498872
82.40718822750723
82.63987687970356
82.87259046318499
83.10533262567023
83.3381070024586
83.57091721301285
83.80376685755888
84.03665951370644
84.26959873309508
84.50258803806989
84.73563091839091
84.96873082798012
85.20189118170933
85.43511535223305
85.66840666687014
85.90176840453793
86.135203792743
86.3687160046322
86.60230815610711
86.83598330300491
87.06974443834905
87.30359448967225
87.53753631641358
87.77157270739109
88.00570637835175
88.23993996960131
88.47427604371727
88.70871708334788
88.94326548909974
89.1779235775176
89.41269357915984
89.64757763677231
89.88257780356263
90.11769604157733
90.35293422018445
90.58829411466296
90.82377740490006
91.0593856741965
91.29512040817997
91.53098299382668
91.76697471859154
92.00309676964696
92.23935023323054
92.47573609410131
92.71225523510418
92.94890843684254
93.18569637745838
93.42261963251963
93.65967867501377
93.8968738754462
94.13420550204114
94.3716737210425
94.60927859711319
94.8470200938316
95.08489807428442
95.32291230175521
95.56106244050774
95.79934805666268
96.03776861916619
96.27632350084845
96.51501197956885
96.7538332394437
96.9927863721531
97.23187037832385
97.47108416898472
97.71042656709155
97.94989630911847
98.18949204671232
98.42921234840686
98.66905570139456
98.9090205133531
99.14910511432393
99.38930775864029
99.62962662690282
99.87005982800113
100.11060540117924
100.35126131814289
100.59202548520491
100.83289574546487
101.07386988101908
101.31494561519733
101.55612061482182
101.79739249248465
102.03875880884019
102.28021707490987
102.52176475439674
102.76339926600795
103.00511798578376
103.2469182494323
103.48879735466953
103.73075256356326
103.97278110487973
104.21488017642996
104.45704694741316
104.69927856075473
104.94157213543615
105.18392476881415
105.42633353892715
105.66879550678668
105.91130771865237
106.15386720828887
106.39647099920334
106.63911610686175
106.88179954088132
107.12451830719674
107.36726941019803
107.61004985483866
107.852856648712
108.09568680409319
108.33853733994334
108.58140528387281
108.82428767405946
109.06718156111816
109.31008400991817
109.55299210134564
109.7959029340081
110.03881362587873
110.28172131587706
110.52462316538225
110.76751635967452
111.01039810930132
111.25326565136612
111.49611625073811
111.7389472011817
111.98175582640437
112.2245394810214
112.46729555143571
112.71002145663165
112.9527146488834
113.19537261437911
113.43799287376244
113.68057298259323
113.92311053172848
114.16560314762496
114.4080484925649
114.65044426480593
114.8927881986569
115.13507806448168
115.37731166863371
115.61948685332466
115.86160149643054
116.10365351123865
116.3456408461388
116.58756148426137
116.82941344306455
117.07119477387262
117.31290356136567
117.55453792302157
117.79609600850969
118.0375759990379
118.278976106655
118.52029457351225
118.76152967108746
119.00267969937428
119.24374298603911
119.4847178855484
119.72560277826946
119.96639606954702
120.20709618875819
120.44770158834737
120.68821074284253
120.92862214785347
121.16893431905302
121.40914579114153
121.64925511679505
121.88926086559817
122.12916162296287
122.36895598903457
122.60864257758713
122.84822001490873
123.08768693868079
123.32704199685087
123.56628384650035
123.80541115270636
124.0444225873989
124.28331682821532
124.52209255735396
124.7607484604291
124.99928322532945
125.2376955410824
125.4759840967266
125.71414758019453
125.95218467720632
126.19009407017641
126.42787443713415
126.66552445066019
126.90304277684127
127.14042807424413
127.37767899290907
127.6147941733658
127.85177224567337
128.08861182848568
128.32531152814477
128.5618699378058
128.79828563659737
129.03455718882105
129.2706831431948
129.5066620321437
129.74249237114145
129.97817265810465
130.21370137284396
130.44907697657584
130.68429791149913
130.91936260043974
131.15426944656667
131.3890168331826
131.6236031235909
131.8580266610394
132.09228576874068
132.3263787499676
132.5603038882208
132.79405944746418
133.02764367242344
133.2610547889435
133.49429100440125
133.7273505081714
133.96023147214373
134.19293205128724
134.4254503842601
134.6577845940626
134.88993278872977
135.12189306206076
135.35366349438257
135.58524215334663
135.81662709475634
136.04781636342298
136.2788079940474
136.50960001212573
136.74019043487718
136.9705772721932
137.20075852760422
137.43073219926103
137.66049628092563
137.89004876296704
138.11938763335607
138.348510878653
138.5774164849835
138.80610243899665
139.0345667287983
139.26280734485354
139.49082228085345
139.7186095345434
139.94616710851088
140.17349301093228
140.40058525627833
140.62744186597993
140.85406086905542
141.0804403027004
141.30657821284208
141.53247265465953
141.75812169307156
141.98352340319357
142.20867587076523
142.43357719255155
142.65822547671988
142.88261884319368
143.1067554239842
143.33063336350008
143.55425081883325
143.77760596001988
144.0006969702752
144.22352204620213
144.44607939797655
144.66836724951193
144.89038383860682
145.11212741707803
145.33359625088366
145.55478862024034
145.7757028197389
145.99633715846272
146.2166899601139
146.43675956315093
146.65654432094067
146.87604260192626
147.09525278981238
147.3141732837699
147.5328024986614
147.75113886528771
147.96918083065674
148.18692685827813
148.40437542848548
148.62152503878787
148.8383742042526
149.05492145792067
149.27116535125623
149.48710445463024
149.70273735783752
149.91806267064652
150.1330790233796
150.34778506752235
150.5621794763619
150.7762609456533
150.99002819431297
151.20347996513846
151.41661502555365
151.62943216837988
151.84193021263258
152.05410800434328
152.26596441740634
152.47749835445
152.68870874773228
152.89959456006312
153.11015478575445
153.32038845159872
153.5302946178776
153.73987237940145
153.94912086658013
154.15803924652363
154.36662672416963
154.57488254343338
154.78280598837495
154.9903963843803
155.19765309935107
155.40457554489873
155.61116317753655
155.81741549986302
156.0233320617285
156.22891246137712
156.43415634655705
156.6390634155948
156.84363341842842
157.04786615759505
157.25176148916896
157.45531932364744
157.65853962678236
157.86142242035518
158.06396778289374
158.26617585032884
158.4680468165911
158.66958093414812
158.8707785144836
159.071639928522
159.2721656070016
159.47235604079899
159.6722117812055
159.8717334401558
160.07092169040763
160.269777265672
160.46830096069127
160.66649363126155
160.864356194196
161.06188962722533
161.25909496883148
161.45597331801193
161.6525258339702
161.8487537357298
162.04465830166893
162.24024086897518
162.43550283302054
162.63044564665958
162.82507081945343
163.01937991682163
163.21337455912405
163.40705642067493
163.6004272286918
163.79348876218225
163.98624285077128
164.1786913734713
164.37083625739726
164.5626794764273
164.7542230498104
164.94546904072055
165.13641955475643
165.3270767383874
165.51744277734565
165.70751989496625
165.89731035047635
166.0868164372339
166.2760404809169
166.46498483766368
166.65365189216413
166.8420440557013
167.0301637641444
167.2180134758944
167.40559566978368
167.5929128429309
167.77996750855527
167.966762193754
168.15329943724805
168.33958178710304
168.52561179843292
168.71139203109328
168.89692504736877
169.0822134096586
169.26725967816515
169.4520664085917
169.63663614985512
169.8209714418192
170.00507481305294
170.18894877861817
170.37259583789023
170.55601847241405
170.73921914379798
170.92220029164787
171.10496433154253
171.28751365305334
171.4698506178106
171.65197755761847
171.83389677261948
172.01561052951092
172.19712105981193
172.37843055818098
172.5595411807824
172.74045504370156
172.92117422140745
173.10170074526104
173.2820366020685
173.46218373267902
173.64214403062692
173.8219193408204
174.00151145827772
174.18092212691067
174.36015303835302
174.53920583083323
174.7180820880899
174.8967833383299
175.07531105323028
175.2536666469828
175.43185147538318
175.60986683496847
175.78771396220603
175.9653940327378
176.142908160683
176.32025739800227
176.497442733928
176.67446509446634
176.8513253419765
177.02802427483132
177.20456262716132
177.38094106868428
177.55716020462322
177.7332205757141
177.90912265830391
178.08486686453742
178.2604535426306
178.43588297722752
178.61115538983907
178.78627093936305
178.9612297226868
179.1360317753736
179.31067707243577
179.48516552919617
179.65949700223885
179.83367129044976
180.0076881361479
180.18154722630769
180.35524819387277
180.52879061916158
180.70217403136397
180.87539791012753
181.0484616872325
181.2213647483559
181.3941064349256
181.56668604606242
181.7391028406087
181.91135603924093
182.08344482666465
182.25536835388883
182.42712574057626
182.59871607746416
182.7701384288487
182.9413918351261
183.1124753153811
183.28338787001215
183.45412848338268
183.62469612648786
183.79508975962725
183.96530833507452
184.1353507997376
184.30521609780297
184.47490317336045
184.64441097300488
184.81373844841283
184.98288455889343
185.15184827391164
185.32062857558032
185.4892244611181
185.65763494527147
185.8258590626986
185.99389587031357
186.16174444959034
186.3294039088292
186.49687338538553
186.66415204786387
186.83123909827924
186.9981337741877
187.16483535078493
187.3313431429704
187.49765650737282
187.66377484433139
187.8296975998283
187.99542426736735
188.16095438979215
188.32628756103674
188.4914234278022
188.65636169115174
188.82110210801676
188.98564449260795
