-3.1840462945860377
-3.196732422325523
-3.209594916777247
-3.222632624024401
-3.2358443075144177
-3.249228649009675
-3.262784249576443
-3.276509630610869
-3.2904032349008236
-3.3044634277224194
-3.3186884979700633
-3.333076659318868
-3.3476260514182936
-3.3623347411158893
-3.377200723710013
-3.3922219242304106
-3.4073961987455537
-3.422721335695625
-3.4381950572500752
-3.453815020688703
-3.46957881980523
-3.4854839863323708
-3.5015279913874213
-3.5177082469374334
-3.534022107283063
-3.5504668705601916
-3.567039780258414
-3.583738026755475
-3.6005587488667268
-3.6174990354086902
-3.6345559267758305
-3.6517264165296788
-3.6690074529994363
-3.6863959408932154
-3.7038887429190646
-3.7214826814149355
-3.7391745399867617
-3.7569610651538334
-3.7748389680006356
-3.792804925834331
-3.810855583847085
-3.8289875567824603
-3.8471974306051053
-3.8654817641729857
-3.883837090911394
-3.9022599204880053
-3.92074674048825
-3.9392940180902607
-3.9578982017386424
-3.976555722816331
-3.9952629973137754
-4.014016427494665
-4.032812403557413
-4.051647305291594
-4.070517503728501
-4.089419362785032
-4.1083492409000915
-4.127303492662742
-4.146278470431264
-4.165270525942292
-4.1842760119091995
-4.203291283608936
-4.222312700456493
-4.2413366275662145
-4.260359437299167
-4.279377510795841
-4.298387239493403
-4.317385026626718
-4.336367288712369
-4.355330457014896
-4.374270978994582
-4.3931853197360855
-4.412069963357228
-4.430921414397256
-4.449736199183919
-4.468510867178766
-4.487241992300115
-4.505926174223164
-4.524560039656729
-4.543140243596101
-4.5616634705516095
-4.580126435752449
-4.598525886325385
-4.616858602447929
-4.635121398475549
-4.65331112404254
-4.671424665136181
-4.689458945143857
-4.707410925872848
-4.725277608542546
-4.743056034748923
-4.760743287401061
-4.778336491629615
-4.795832815667082
-4.813229471699841
-4.830523716691942
-4.847712853180695
-4.864794230044061
-4.881765243239918
-4.898623336517246
-4.915366002099382
-4.931990781339485
-4.9484952653484475
-4.964877095595489
-4.981133964481791
-4.997263615887525
-5.013263845692733
-5.029132502272545
-5.044867486967276
-5.060466754527922
-5.075928313537651
-5.091250226809932
-5.10643061176389
-5.121467640777545
-5.136359541519552
-5.151104597260086
-5.165701147161477
-5.18014758654921
-5.194442367163858
-5.208583997394569
-5.222571042494734
-5.236402124780397
-5.250075923811834
-5.263591176558804
-5.276946677549936
-5.290141279006781
-5.303173890963037
-5.316043481369483
-5.32874907618521
-5.341289759455697
-5.353664673378247
-5.365873018355287
-5.377914053035951
-5.389787094346346
-5.401491517508816
-5.413026756050492
-5.424392301801312
-5.4355877048816765
-5.446612573679872
-5.457466574819421
-5.46814943311653
-5.478660931527777
-5.489000911088219
-5.499169270840035
-5.509165967751862
-5.518991016628931
-5.528644490014031
-5.538126518079274
-5.547437288508576
-5.556577046370748
-5.565546093983045
-5.574344790765004
-5.58297355308239
-5.591432854081013
-5.599723223510161
-5.607845247535344
-5.615799568540105
-5.62358688491657
-5.631207950844484
-5.638663576058356
-5.645954625602236
-5.653082019571578
-5.660046732841636
-5.666849794781825
-5.67349228895543
-5.679975352804021
-5.686300177315964
-5.6924680066784035
-5.6984801379120995
-5.704337920488413
-5.71004275592778
-5.715596097378956
-5.720999449178323
-5.726254366388617
-5.731362454316504
-5.736325368008424
-5.741144811724163
-5.745822538387693
-5.75036034901487
-5.754760092117622
-5.759023663084265
-5.763153003535543
-5.767150100655997
-5.771016986500244
-5.77475573727378
-5.778368472587865
-5.7818573546880865
-5.785224587656217
-5.788472416585052
-5.79160312672584
-5.7946190426079704
-5.797522527130583
-5.800315980625819
-5.803001839893583
-5.805582577207695
-5.8080606992933435
-5.810438746275801
-5.812719290600435
-5.81490493592407
-5.816998315977835
-5.819002093401687
-5.820918958550849
-5.822751628274433
-5.824502844666555
-5.82617537379035
-5.827772004375292
-5.829295546488312
-5.830748830179233
-5.832134704101167
-5.833456034106634
-5.834715701820302
-5.835916603189412
-5.837061647013025
-5.8381537534513175
-5.839195852516214
-5.840190882544691
-5.841141788656126
-5.842051521195154
-5.842923034161588
-5.843759283628922
-5.844563226153037
-5.845337817172721
-5.846086009403708
-5.846810751228
-5.847514985080254
-5.848201645832967
-5.848873659182241
-5.849533940035899
-5.850185390905759
-5.8508309003058745
-5.85147334115859
-5.852115569210244
-5.85276042145833
-5.853410714591912
-5.8540692434470385
-5.854738779478896
-5.8554220692523655
-5.8561218329526765
-5.856840762917886
-5.857581522194894
-5.858346743120651
-5.859139025930186
-5.859960937393022
-5.860815009479448
-5.861703738058028
-5.862629581625678
-5.863594960071562
-5.864602253476025
-5.865653800945696
-5.866751899485922
-5.867898802911621
-5.86909672079761
-5.870347817469361
-5.871654211035053
-5.873017972459695
-5.874441124682117
-5.87592564177547
-5.877473448151856
-5.8790864178116315
-5.880766373637858
-5.8825150867363085
-5.884334275821363
-5.886225606648086
-5.88819069149071
-5.890231088667672
-5.892348302113273
-5.894543780995942
-5.896818919383104
-5.8991750559526
-5.901613473750583
-5.904135399995798
-5.90674200593001
-5.909434406714237
-5.912213661370419
-5.915080772768047
-5.918036687655256
-5.9210822967338395
-5.924218434777469
-5.92744588079243
-5.930765358220068
-5.934177535180044
-5.937683024753422
-5.941282385304564
-5.944976120840732
-5.948764681408246
-5.952648463524003
-5.956627810641098
-5.960703013647265
-5.964874311394826
-5.969141891260893
-5.973505889736533
-5.977966393043648
-5.982523437778351
-5.987177011579643
-5.991927053822207
-5.996773456332112
-6.001716064124236
-6.006754676160196
-6.011889046125657
-6.017118883225916
-6.022443852998696
-6.027863578143038
-6.033377639363242
-6.038985576226705
-6.0446868880345805
-6.050481034704132
-6.056367437661625
-6.0623454807446935
-6.068414511113073
-6.0745738401666545
-6.080822744469846
-6.0871604666813655
-6.093586216488593
-6.100099171545634
-6.106698478414164
-6.113383253506162
-6.120152584027676
-6.12700552892282
-6.133941119817213
-6.140958361960171
-6.148056235164934
-6.155233694746241
-6.162489672454524
-6.169823077406105
-6.177232797008746
-6.184717697881949
-6.192276626771422
-6.1999084114571925
-6.207611861654881
-6.215385769909764
-6.2232289124832985
-6.231140050231849
-6.239117929477407
-6.247161282870101
-6.255268830242292
-6.26343927945411
-6.2716713272303135
-6.279963659988374
-6.288314954657727
-6.296723879490193
-6.3051890948616585
-6.313709254065193
-6.322283004095786
-6.3309089864269605
-6.339585837779529
-6.3483121908826865
-6.357086675227641
-6.365907917813991
-6.374774543889102
-6.383685177680731
-6.392638443123231
-6.401632964577678
-6.410667367546245
-6.419740279381116
-6.428850329988129
-6.437996152525286
-6.447176384096195
-6.456389666438603
-6.465634646608151
-6.474909977657474
-6.48421431931073
-6.493546338633634
-6.502904710699119
-6.512288119248637
-6.521695257349115
-6.531124828045512
-6.54057554500887
-6.550046133179662
-6.559535329406266
-6.569041883078349
-6.578564556754955
-6.588102126787021
-6.597653383934045
-6.607217133974629
-6.61679219831057
-6.6263774145641605
-6.635971637168382
-6.645573737949668
-6.655182606702972
-6.664797151758805
-6.674416300541893
-6.684039000121068
-6.693664217749969
-6.7032909413980875
-6.7129181802716715
-6.722544965324005
-6.732170349754554
-6.741793409496488
-6.751413243692014
-6.761028975154915
-6.770639750819733
-6.780244742177032
-6.789843145694206
-6.799434183221288
-6.809017102381277
-6.818591176944445
-6.8281557071861
-6.837710020227278
-6.847253470357942
-6.856785439342262
-6.866305336705595
-6.875812600002711
-6.885306695066789
-6.8947871162387395
-6.904253386576408
-6.9137050580431785
-6.923141711675606
-6.932562957729645
-6.941968435805124
-6.9513578149481114
-6.96073079373084
-6.970087100308832
-6.979426492454913
-6.988748757569746
-6.998053712668566
-7.007341204343903
-7.016611108704091
-7.025863331287376
-7.0350978069515
-7.044314499738677
-7.053513402715874
-7.06269453779033
-7.0718579555003505
-7.081003734781428
-7.09013198270779
-7.099242834209564
-7.108336451765824
-7.1174130250738745
-7.12647277069509
-7.135515931677704
-7.144542777156923
-7.153553601932737
-7.162548726025806
-7.171528494211879
-7.180493275535236
-7.189443462801728
-7.198379472052034
-7.207301742015781
-7.2162107335472445
-7.225106929043358
-7.2339908318447455
-7.242862965620392
-7.251723873736554
-7.260574118610466
-7.26941428104941
-7.278244959575804
-7.287066769739009
-7.295880343414605
-7.304686328091971
-7.3134853861509965
-7.322278194128766
-7.331065441977063
-7.33984783231153
-7.3486260796533385
-7.357400909664274
-7.366173058376208
-7.374943271415968
-7.383712303226648
-7.392480916286434
-7.401249880326038
-7.410019971545854
-7.418791971833915
-7.4275666679856975
-7.436344850926805
-7.445127314939523
-7.453914856894212
-7.462708275486502
-7.471508370481249
-7.480315941964211
-7.4891317896024425
-7.497956711914366
-7.506791505550435
-7.515636964585294
-7.5244938798223195
-7.533363038111394
-7.542245221680713
-7.55114120748343
-7.560051766559934
-7.568977663416587
-7.577919655421678
-7.5868784922193315
-7.5958549151619765
-7.604849656761982
-7.613863440162999
-7.622896978631542
-7.6319509750693415
-7.641026121546948
-7.650123098859059
-7.659242576101971
-7.66838521027351
-7.677551645895709
-7.686742514660372
-7.695958435097621
-7.705200012267481
-7.714467837474578
-7.723762488006029
-7.733084526892574
-7.742434502692879
-7.751812949300989
-7.761220385776822
-7.770657316199637
-7.780124229544347
-7.789621599580519
-7.799149884793833
-7.808709528329713
-7.81830095795886
-7.827924586064397
-7.837580809650354
-7.8472700103711395
-7.856992554581644
-7.866748793407473
-7.87653906283485
-7.886363683819687
-7.896222962415435
-7.906117189919292
-7.916046643036281
-7.926011584060681
-7.936012261074274
-7.946048908160882
-7.9561217456366
-7.966230980295172
-7.976376805667846
-7.9865594022970825
-7.9967789380233825
-8.007035568284621
-8.01732943642724
-8.027660674028695
-8.038029401230638
-8.048435727082271
-8.058879749893414
-8.069361557596821
-8.079881228119334
-8.090438829761368
-8.101034421584252
-8.111668053804898
-8.12233976819725
-8.133049598499873
-8.143797570828994
-8.154583704096218
-8.165408010430177
-8.176270495601287
-8.187171159448837
-8.198109996309526
-8.209086995446526
-8.220102141478193
-8.231155414805627
-8.242246792038218
-8.253376246416325
-8.264543748230311
-8.27574926523515
-8.286992763059901
-8.298274205611323
-8.309593555470956
-8.320950774284954
-8.332345823145873
-8.343778662965564
-8.355249254838244
-8.366757560392822
-8.378303542133489
-8.38988716376769
-8.401508390520656
-8.41316718943572
-8.42486352965974
-8.436597382712927
-8.44836872274251
-8.460177526759773
-8.472023774860071
-8.483907450425457
-8.49582854030964
-8.507787035005075
-8.519782928792035
-8.531816219869564
-8.543886910468183
-8.55599500694421
-8.568140519855513
-8.5803234640186
-8.592543858546827
-8.60480172686957
-8.617097096732154
-8.629430000176344
-8.641800473501165
-8.654208557204003
-8.666654295901965
-8.679137738233594
-8.69165893674091
-8.704217947731836
-8.71681483112309
-8.729449650263764
-8.74212247173995
-8.754833365160795
-8.767582402926312
-8.780369659977357
-8.793195213528154
-8.806059142781823
-8.818961528629277
-8.831902453331825
-8.844882000187756
-8.857900253183235
-8.870957296627797
-8.884053214774685
-8.897188091426319
-8.910362009525226
-8.923575050730829
-8.936827294982574
-8.950118820049877
-8.963449701069433
-8.976820010070494
-8.990229815488757
-9.003679181669451
-9.017168168360282
-9.030696830194895
-9.044265216167556
-9.057873369099735
-9.071521325099308
-9.085209113013175
-9.09893675387401
-9.112704260341953
-9.126511636141995
-9.140358875497906
-9.154245962563618
-9.16817287085291
-9.18213956266828
-9.196145988529846
-9.210192086605144
-9.224277782140586
-9.238402986895405
-9.252567598578988
-9.266771500292574
-9.281014559976331
-9.295296629862822
-9.3096175459379
-9.32397712741012
-9.338375176189718
-9.352811476378282
-9.367285793770282
-9.381797875367564
-9.396347448907843
-9.410934222408141
-9.425557883724007
-9.440218100125318
-9.454914517889375
-9.46964676191197
-9.484414435336912
-9.49921711920447
-9.514054372119201
-9.528925729937596
-9.543830705475981
-9.558768788239062
-9.573739444169489
-9.588742115418766
-9.60377622013982
-9.618841152301483
-9.633936281525093
-9.649060952943342
-9.664214487081535
-9.67939617976141
-9.694605302027652
-9.709841100097277
-9.725102795332075
-9.740389584234206
-9.755700638465013
-9.771035104887131
-9.786392105630041
-9.80177073817917
-9.817170075488532
-9.832589166116803
-9.848027034386787
-9.863482680568138
-9.878955081083332
-9.894443188736856
-9.9099459329676
-9.925462220124414
-9.94099093376485
-9.95653093497698
-9.972081062724142
-9.987640134212482
-10.003206945281148
-10.01878027081487
-10.034358865178659
-10.04994146267421
-10.065526778017611
-10.081113506837921
-10.09670032619614
-10.112285895124073
-10.127868855182681
-10.14344783103948
-10.159021431064444
-10.17458824794407
-10.190146859313087
-10.20569582840339
-10.221233704709745
-10.23675902467154
-10.252270312369872
-10.267766080239069
-10.283244829791782
-10.298705052356764
-10.314145229828396
-10.329563835427036
-10.344959334469321
-10.360330185147545
-10.375674839317368
-10.390991743293041
-10.406279338649354
-10.421536063029405
-10.436760350957256
-10.451950634654635
-10.467105344860995
-10.482222911656292
-10.497301765286094
-10.512340336988698
-10.527337059823976
-10.542290369503645
-10.557198705222687
-10.572060510491665
-10.586874233969708
-10.601638330297986
-10.616351260933653
-10.631011494984193
-10.645617510042158
-10.660167793020193
-10.67466084098632
-10.68909516199956
-10.703469275945935
-10.717781715374855
-10.732031026335903
-10.746215769216036
-10.760334519577256
-10.77438586899487
-10.788368425896493
-10.80228081640196
-10.816121685164262
-10.829889696211552
-10.843583533790337
-10.857201903209884
-10.870743531687921
-10.884207169197651
-10.89759158931605
-10.910895590073508
-10.924117994804774
-10.937257653001211
-10.950313441164312
-10.963284263660498
-10.976169053577266
-10.988966773580756
-11.001676416774771
-11.014297007561298
-11.026827602502623
-11.039267291185086
-11.05161519708456
-11.063870478433659
-11.076032329090681
-11.08809997941019
-11.10007269711494
-11.11194978816883
-11.12373059765041
-11.135414510626434
