144.58304363660915
144.62510676490325
144.6668274138372
144.70820222059916
144.74922781308334
144.78990081455805
144.83021784834665
144.8701755425157
144.90977053456464
144.94899947611117
144.98785903756817
145.02634591280622
145.06445682379518
145.10218852521876
145.13953780905564
145.17650150912124
145.21307650556383
145.2492597293081
145.2850481664414
145.3204388625382
145.35542892691802
145.39001553683266
145.42419594157747
145.4579674665211
145.49132751704684
145.52427358239976
145.55680323943517
145.588914156263
145.62060409578277
145.6518709191044
145.6827125888513
145.71312717234042
145.74311284463357
145.77266789145511
145.80179071197136
145.83047982142858
145.85873385364613
145.8865515633609
145.91393182842017
145.94087365181946
145.96737616358433
145.99343862249435
146.01906041764806
146.04424106986886
146.06898023295213
146.09327769475368
146.11713337811926
146.14054734165512
146.16351978033964
146.18605102597627
146.20814154748797
146.22979195105364
146.25100298008766
146.27177551506344
146.2921105731819
146.31200930788629
146.3314730082255
146.35050309806712
146.3691011351612
146.38726881005624
146.40500794486962
146.42232049191358
146.43920853217838
146.45567427367502
146.47172004964028
146.48734831660846
146.5025616523531
146.51736275370223
146.53175443423066
146.5457396218349
146.55932135619702
146.57250278614498
146.58528716691723
146.59767785733908
146.60967831691875
146.62129210286827
146.63252286705512
146.64337435289036
146.6538503921591
146.6639549017985
146.6736918806278
146.68306540603527
146.69207963062678
146.70073877884153
146.70904714353907
146.7170090825627
146.72462901528382
146.73191141913156
146.7388608261121
146.74548181932204
146.75177902945887
146.75775713133197
146.76342084037827
146.76877490918713
146.77382412403716
146.77857330144883
146.78302728475677
146.787190940706
146.79106915607616
146.7946668343381
146.7979888923473
146.8010402570764
146.80382586238892
146.80635064585425
146.80861954560572
146.81063749724257
146.81240943077768
146.81394026763286
146.81523491768388
146.81629827635805
146.81713522178728
146.81775061201887
146.81814928228613
146.8183360423406
146.81831567384705
146.81809292784277
146.81767252226285
146.81705913953186
146.81625742422233
146.8152719807801
146.81410737131608
146.81276811346396
146.8112586783024
146.80958348833877
146.80774691555115
146.80575327948685
146.80360684541614
146.80131182253893
146.7988723622438
146.79629255641993
146.7935764358221
146.79072796848908
146.78775105821632
146.78464954308487
146.7814271940478
146.77808771357644
146.77463473436882
146.77107181812306
146.7674024543782
146.76363005942557
146.75975797529276
146.7557894688029
146.75172773071057
146.74757587491553
146.74333693775583
146.73901387738164
146.73460957321066
146.73012682546522
146.72556835479094
146.7209368019582
146.71623472764549
146.7114646123038
146.7066288561013
146.7017297789452
146.696769620579
146.69175054075203
146.68667461945887
146.68154385724478
146.67636017557282
146.67112541724754
146.6658413468901
146.66050965146127
146.6551319408274
146.6497097483654
146.64424453160285
146.6387376728896
146.63319048009743
146.62760418734246
146.62197995572518
146.6163188740831
146.6106219597504
146.60489015931802
146.59912434938832
146.59332533731882
146.58749386194918
146.58163059430595
146.5757361382788
146.5698110312634
146.56385574476636
146.55787068496866
146.55185619324325
146.54581254662358
146.5397399582204
146.53363857758555
146.52750849102281
146.5213497218455
146.51516223058061
146.50894591511988
146.50270061081997
146.49642609055687
146.49012206473995
146.48378818129154
146.4774240255969
146.47102912042843
146.46460292584734
146.45814483908512
146.45165419440914
146.44513026297628
146.43857225267712
146.43197930797524
146.42535050974553
146.4186848751148
146.41198135730693
146.4052388454933
146.39845616464905
146.3916320754162
146.3847652739736
146.37785439191512
146.37089799613832
146.36389458874683
146.3568426069684
146.34974042309196
146.3425863444253
146.3353786132756
146.32811540695403
146.32079483780709
146.31341495327607
146.30597373598803
146.29846910388133
146.2908989103702
146.28326094455193
146.2755529314608
146.26777253237256
146.25991734516188
146.2519849047159
146.2439726834065
146.23587809162464
146.22769847837972
146.21943113196826
146.21107328071562
146.20262209379362
146.19407468211548
146.18542809931003
146.17667934277713
146.16782535482665
146.15886302390257
146.14978918589352
146.1406006255302
146.13129407786872
146.1218662298575
146.11231372198588
146.10263315001296
146.09282106677304
146.0828739840545
146.0727883745483
146.06256067386406
146.0521872826114
146.0416645685464
146.03098886878095
146.02015649205444
146.00916372106647
145.9980068148714
145.98668201133435
145.97518552964883
145.96351357291545
145.95166233078206
145.93962798214355
145.92740669790012
145.91499464377037
145.90238798315593
145.88958288005486
145.87657550201996
145.86336202315854
145.84993862716854
145.8363015104069
145.82244688498625
145.80837098189502
145.79407005413717
145.77954037988505
145.76477826563953
145.74978004938978
145.73454210376693
145.71906083918546
145.7033327069669
145.68735420244118
145.67112186802208
145.65463229625473
145.63788213283354
145.62086807958806
145.60358689743614
145.5860354093027
145.56821050300258
145.5501091340864
145.53172832864905
145.5130651861007
145.49411688189778
145.47488067023076
145.45535388666556
145.43553395073562
145.4154183684814
145.39500473493447
145.37429073654314
145.35327415353666
145.3319528622251
145.31032483723337
145.28838815366728
145.2661409892112
145.2435816261557
145.2207084533541
145.1975199681074
145.17401477797742
145.15019160252703
145.12604927498708
145.10158674384755
145.07680307437184
145.05169745003153
145.0262691738574
145.00051766970208
144.9744424834096
144.94804328388707
144.92131986407415
144.89427214180571
144.86690016056176
144.8392040900981
144.81118422695275
144.78284099482303
144.75417494480885
144.72518675551865
144.695877233036
144.66624731074572
144.63629804901908
144.6060306347578
144.575446380797
144.54454672516832
144.5133332302252
144.4818075816319
144.44997158721813
144.4178271756995
144.385376395264
144.35262141202352
144.31956450833005
144.2862080809563
144.25255463913996
144.2186068024893
144.18436729874807
144.14983896141885
144.11502472724456
144.07992763354778
144.0445508154268
144.00889750280876
143.9729710173614
143.93677476926396
143.90031225384078
143.86358704806153
143.82660280691303
143.78936325964779
143.75187220591388
143.7141335117698
143.6761511055894
143.63792897386398
143.5994711569098
143.56078174449058
143.52186487136342
143.48272471275746
143.4433654797948
143.40379141486358
143.36400678695293
143.32401588695996
143.28382302297757
143.2434325155724
143.20284869306226
143.16207588680243
143.1211184264904
143.07998063549837
143.03866682624277
142.99718129560063
142.95552832038368
142.91371215288189
142.87173701648805
142.82960710141504
142.78732656051545
142.74489950521263
142.70233000155088
142.65962206637266
142.61677966362947
142.57380670083273
142.53070702564958
142.4874844226482
142.44414261019767
142.400685237527
142.3571158819483
142.31343804624782
142.2696551562493
142.2257705585538
142.18178751846006
142.13770921806838
142.0935387545693
142.04927913872018
142.00493329351218
141.96050405302992
141.9159941615054
141.87140627256474
141.82674294866445
141.78200666071268
141.73719978786949
141.69232461751858
141.64738334540357
141.60237807592057
141.55731082256034
141.51218350849308
141.46699796729013
141.42175594377522
141.37645909499702
141.3311089913143
141.28570711758584
141.2402548744551
141.19475357971965
141.14920446977453
141.1036087011189
141.05796735191552
141.01228142359355
140.96655184248516
140.92077946148834
140.87496506174807
140.82910935434916
140.7832129820149
140.73727652080697
140.69130048182092
140.64528531287328
140.59923140017509
140.5531390699864
140.50700859024778
140.46084017218504
140.41463397188386
140.3683900918311
140.32210858242138
140.27578944342736
140.2294326254323
140.18303803122535
140.13660551715975
140.0901348944758
140.04362593059
139.99707835035338
139.95049183728088
139.9038660347544
139.85720054720286
139.8104949412632
139.76374874692624
139.71696145867077
139.67013253658797
139.62326140749974
139.57634746607255
139.5293900759291
139.4823885707592
139.43534225543203
139.3882504071114
139.34111227637686
139.29392708835235
139.2466940438444
139.19941232049177
139.15208107392868
139.10469943896578
139.05726653079296
139.00978144620808
138.96224326487481
138.91465105061388
138.8670038527314
138.81930070738827
138.77154063901526
138.72372266177604
138.67584578108108
138.62790899515426
138.5799112966547
138.53185167435618
138.48372911488582
138.43554260452333
138.38729113106092
138.33897368572298
138.29058926514654
138.24213687342194
138.1936155241924
138.14502424280897
138.0963620685353
138.04762805679695
137.99882128146885
137.94994083719587
137.90098584173927
137.851955438343
137.80284879811154
137.75366512238918
137.70440364512945
137.65506363524253
137.60564439890902
137.55614528184685
137.50656567151884
137.45690499926957
137.40716274238105
137.35733842603702
137.30743162518695
137.2574419663007
137.20736912900645
137.15721284760536
137.10697291245572
137.0566491712217
137.0062415299825
136.9557499541969
136.90517446951787
136.85451516245246
136.8037721808622
136.75294573429994
136.70203609417842
136.65104359376812
136.5999686280228
136.54881165323184
136.49757318650006
136.44625380505693
136.39485414539865
136.34337490226596
136.29181682745946
136.24018072849515
136.188467467104
136.13667795757974
136.08481316497986
136.0328741031852
135.9808618328237
135.92877745906603
135.87662212930135
135.82439703070312
135.7721033876961
135.71974245933583
135.6673155366121
135.6148239396874
135.56226901508157
135.5096521328131
135.45697468350758
135.4042380754848
135.35144373183547
135.2985930874987
135.24568758635118
135.19272867831828
135.13971781651716
135.08665645444293
135.03354604320734
134.98038802883988
134.92718384965937
134.8739349337246
134.82064269637326
134.7673085378577
134.71393384108532
134.66051996947098
134.60706826490863
134.55358004586978
134.50005660563588
134.44649921067102
134.3929090991406
134.33928747958302
134.2856355297407
134.2319543955558
134.17824519033465
134.1245089940845
134.07074685302481
134.0169597792743
133.96314875071297
133.9093147110187
133.85545856987514
133.80158120334826
133.7476834544262
133.6937661337166
133.6398300202945
133.58587586269343
133.5319043800316
133.47791626326577
133.42391217656402
133.36989275878838
133.31585862507856
133.2618103685265
133.2077485619313
133.1536737596234
133.0995864993474
133.04548730419512
132.9913766845809
132.93725514025252
132.8831231623303
132.82898123536822
132.77482983943148
132.72066945218532
132.6665005509901
132.61232361499785
132.558139127246
132.5039475767414
132.44974946052818
132.39554528573214
132.34133557157585
132.2871208513579
132.23290167438878
132.17867860787575
132.1244522387494
132.07022317542393
132.01599204948363
131.96175951728694
131.90752626147898
131.85329299240445
131.79906044941342
131.744829402053
131.69060065113874
131.63637502970207
131.58215340381204
131.5279366732693
131.47372577217104
131.41952166934695
131.36532536866682
131.31113790922174
131.2569603653803
131.2027938467206
131.14863949783873
131.09449849803443
131.04037206087352
130.9862614336291
130.9321678966032
130.87809276233108
130.8240373746696
130.7700031077736
130.71599136496454
130.66200357749537
130.6080412032172
130.5541057251538
130.50019864999032
130.44632150648326
130.3924758437973
130.3386632297747
130.28488524914232
130.2311435016638
130.1774396002423
130.12377516897968
130.07015184119857
130.01657125743301
129.96303506339356
129.90954490791407
129.85610244088534
129.80270931117954
129.74936716456884
129.69607764164047
129.6428423757104
129.58966299073788
129.53654109924318
129.48347830023087
129.43047617712168
129.37753629569633
129.3246602020558
129.2718494206018
129.21910545204136
129.16642977142018
129.11382382618908
129.06128903430906
129.00882678240018
128.95643842393903
128.9041252775098
128.85188862511288
128.79972971053357
128.74764973777312
128.69564986954535
128.64373122584217
128.5918948825716
128.54014187027107
128.48847317289855
128.43688972670256
128.38539241917098
128.3339820880586
128.2826595204942
128.23142545216805
128.1802805666002
128.12922549449112
128.0782608131553
128.02738704603902
127.97660466232476
127.92591407662412
127.87531564876072
127.82480968364321
127.77439643122837
127.72407608657245
127.673848789969
127.62371462717176
127.57367362970122
127.52372577523393
127.47387098807367
127.42410913970271
127.37444004941092
127.32486348500113
127.27537916356796
127.2259867523481
127.17668586963892
127.12747608578145
127.0783569242031
127.02932786251445
126.98038833365509
126.93153772708202
126.88277538999405
126.83410062858634
126.78551270932901
126.73701086026445
126.68859427231696
126.64026210060725
126.59201346576431
126.54384745522835
126.49576312453799
126.44775949859509
126.39983557290118
126.35199031476027
126.30422266444414
126.25653153631715
126.20891581991846
126.16137438099925
126.11390606251491
126.06650968557263
126.01918405033491
125.97192793687937
125.92474010601536
125.87761930005998
125.83056424357547
125.78357364407107
125.7366461926717
125.68978056475596
125.6429754205654
125.59622940578647
125.54954115210587
125.50290927773956
125.45633238793603
125.40980907545493
125.36333792102353
125.31691749377349
125.27054635166026
125.22422304186632
125.17794610119024
125.13171405642295
125.08552542471314
125.03937871392448
124.99327242298814
124.94720504225491
124.90117505385076
124.8551809320398
124.80922114359767
124.76329414819902
124.71739839882294
124.67153234218024
124.62569441916749
