-94.31478984893755
-94.25720347908276
-94.19956884330423
-94.14188599911921
-94.08415501185385
-94.02637595249479
-93.96854889552282
-93.91067391673158
-93.85275109103412
-93.79478049026073
-93.73676218095142
-93.6786962221451
-93.62058266316757
-93.56242154141972
-93.50421288016861
-93.44595668634298
-93.38765294833621
-93.32930163381894
-93.27090268756496
-93.21245602929417
-93.15396155153718
-93.09541911752473
-93.03682855910534
-92.97818967469442
-92.9195022272591
-92.860765942343
-92.80198050613461
-92.74314556358405
-92.68426071657149
-92.62532552213082
-92.56633949073063
-92.50730208461465
-92.44821271620259
-92.38907074655089
-92.32987548387422
-92.27062618212885
-92.2113220396581
-92.15196219790089
-92.09254574016408
-92.03307169045972
-91.97353901240778
-91.91394660820542
-91.85429331766356
-91.79457791731276
-91.73479911958025
-91.67495557204045
-91.61504585674122
-91.55506848960776
-91.49502191992717
-91.43490452991641
-91.37471463437673
-91.3144504804366
-91.25411024738405
-91.19369204658896
-91.13319392151531
-91.07261384782275
-91.0119497335575
-90.9511994194326
-90.89036067919714
-90.82943122009424
-90.76840868340837
-90.70729064510276
-90.64607461654707
-90.58475804533491
-90.52333831618971
-90.46181275195788
-90.4001786146885
-90.33843310679815
-90.27657337231965
-90.21459649823377
-90.15249951588423
-90.09027940247624
-90.02793308265886
-89.96545743019219
-89.90284926970064
-89.84010537851377
-89.77722248859645
-89.71419728856986
-89.6510264258234
-89.5877065087167
-89.52423410887005
-89.46060576353992
-89.39681797807557
-89.33286722845199
-89.26874996387417
-89.20446260944712
-89.14000156890555
-89.07536322739716
-89.0105439543137
-88.94554010616403
-88.88034802948371
-88.8149640637753
-88.74938454447434
-88.6836058059371
-88.6176241844469
-88.55143602123533
-88.48503766551599
-88.41842547752745
-88.35159583158273
-88.28454511912119
-88.21726975175855
-88.14976616433015
-88.08203081792263
-88.01406020288769
-87.94585084183157
-87.87739929257387
-87.80870215106987
-87.73975605429055
-87.67055768305502
-87.60110376480978
-87.53139107635005
-87.46141644647949
-87.39117675860544
-87.3206689532681
-87.2498900306031
-87.17883705273688
-87.10750714611414
-87.03589750375637
-86.96400538745117
-86.89182812987134
-86.81936313662278
-86.74660788821838
-86.67355994197477
-86.60021693382852
-86.52657658006798
-86.45263667897656
-86.37839511238441
-86.3038498471259
-86.22899893640125
-86.1538405210405
-86.07837283066841
-86.00259418476891
-85.92650299364767
-85.85009775929213
-85.77337707612811
-85.69633963167213
-85.61898420707804
-85.54130967757716
-85.46331501281044
-85.38499927705188
-85.30636162932252
-85.22740132339449
-85.14811770768439
-85.0685102250359
-84.98857841239136
-84.90832190035361
-84.82774041263862
-84.74683376542113
-84.66560186657512
-84.58404471480958
-84.50216239869962
-84.41995509561309
-84.33742307053296
-84.25456667477704
-84.17138634461764
-84.0878825998027
-84.00405604197988
-83.91990735302579
-83.8354372932821
-83.7506466997005
-83.66553648389856
-83.5801076301293
-83.49436119316738
-83.40829829611425
-83.32192012812493
-83.23522794205837
-83.14822305205382
-83.06090683103469
-82.97328070814228
-82.88534616610218
-82.7971047385256
-82.70855800714935
-82.61970759901851
-82.5305551836176
-82.44110246995558
-82.3513512036102
-82.26130316373565
-82.17096016003791
-82.08032402972026
-81.98939663440159
-81.89817985701039
-81.80667559865763
-81.71488577549279
-81.62281231554788
-81.53045715557481
-81.4378222378816
-81.3449095071736
-81.25172090740669
-81.15825837865951
-81.06452385403178
-80.97051925657625
-80.87624649627058
-80.78170746703528
-80.68690404380332
-80.59183807964551
-80.49651140295542
-80.40092581469877
-80.30508308573211
-80.20898495419588
-80.11263312298637
-80.01602925731025
-79.91917498232509
-79.82207188086873
-79.7247214912803
-79.62712530531529
-79.52928476615772
-79.43120126653228
-79.33287614691947
-79.23431069387685
-79.1355061384687
-79.0364636548056
-78.93718435869536
-78.8376693064067
-78.73791949354629
-78.63793585404946
-78.53771925928399
-78.437270517266
-78.33659037198626
-78.23567950284584
-78.13453852419966
-78.03316798500609
-77.93156836858017
-77.82974009244796
-77.72768350829958
-77.62539890203968
-77.52288649393333
-77.4201464388452
-77.31717882657037
-77.21398368225479
-77.11056096690342
-77.00691057797448
-76.90303235005749
-76.79892605563325
-76.69459140591286
-76.5900280517528
-76.48523558464305
-76.38021353776591
-76.27496138712328
-76.16947855273074
-76.06376439987703
-75.95781824044828
-75.85163933431643
-75.7452268907925
-75.63858007014422
-75.53169798517702
-75.42457970287553
-75.31722424610287
-75.20963059535445
-75.10179769056295
-74.99372443295017
-74.88540968692287
-74.77685228200842
-74.66805101482664
-74.55900465109353
-74.4497119276527
-74.34017155453087
-74.23038221701377
-74.12034257773912
-74.0100512788036
-73.89950694388024
-73.78870818034206
-73.67765358138708
-73.56634172816054
-73.45477119187002
-73.34294053588964
-73.23084831784979
-73.11849309170975
-73.00587340980985
-72.89298782490039
-72.77983489214546
-72.66641317110066
-72.55272122766394
-72.4387576359984
-72.32452098042592
-72.21000985729057
-72.09522287679016
-71.98015866477391
-71.8648158645048
-71.74919313838478
-71.63328916964025
-71.51710266396498
-71.40063235111785
-71.28387698647322
-71.16683535252133
-71.0495062603174
-70.93188855087817
-70.81398109652537
-70.69578280217502
-70.57729260657175
-70.45850948346674
-70.33943244273722
-70.22006053144524
-70.10039283483285
-69.98042847725047
-69.8601666230163
-69.7396064772041
-69.61874728635699
-69.4975883391251
-69.37612896682565
-69.25436854392471
-69.13230648844142
-69.00994226227503
-68.88727537145466
-68.76430536631055
-68.64103184156606
-68.5174544363487
-68.39357283411941
-68.26938676251989
-68.14489599313826
-68.02010034119398
-67.89499966514278
-67.76959386620318
-67.6438828878065
-67.51786671497358
-67.39154537362127
-67.2649189298015
-67.13798748887629
-67.01075119463232
-66.88321022833779
-66.75536480774448
-66.62721518603857
-66.49876165074372
-66.37000452258033
-66.24094415428388
-66.11158092938561
-65.98191526095903
-65.85194759033632
-65.72167838579938
-65.59110814124963
-65.46023737486112
-65.32906662772123
-65.19759646246362
-65.06582746189801
-64.93376022764156
-64.80139537875621
-64.66873355039596
-64.53577539246797
-64.40252156831141
-64.26897275339726
-64.1351296340522
-64.00099290621002
-63.866563274193446
-63.73184144952946
-63.59682814980001
-63.46152409753025
-63.32593001911569
-63.19004664378981
-63.05387470263328
-62.91741492762539
-62.78066805073793
-62.64363480307078
-62.50631591402892
-62.36871211054138
-62.23082411632295
-62.092652651179336
-61.95419843035616
-61.81546216393151
-61.67644455625226
-61.537146305414474
-61.39756810278755
-61.25771063258089
-61.11757457145155
-60.9771605881515
-60.83646934321343
-60.69550148867439
-60.55425766783646
-60.41273851506407
-60.27094465561721
-60.12887670551987
-59.98653527146314
-59.84392095074219
-59.70103433122631
-59.557875991360675
-59.41444650019827
-59.270746417460316
-59.126776293623664
-58.98253667003354
-58.838028079040214
-58.69325104415799
-58.54820608024522
-58.40289369370475
-58.25731438270366
-58.11146863741157
-57.965356940256235
-57.81897976619614
-57.672337583009714
-57.525430851600895
-57.37826002632044
-57.23082555530174
-57.08312788081013
-56.93516743960429
-56.786944663308354
-56.63845997879348
-56.489713808568226
-56.340706571177336
-56.19143868160852
-56.04191055170661
-55.8921225905941
-55.74207520509712
-55.591768800176496
-55.44120377936365
-55.29038054520139
-55.139299499689386
-54.9879610447338
-54.836365582600685
-54.68451351637234
-54.532405250406306
-54.38004119079674
-54.227421745838434
-54.07454732649317
-53.92141834685797
-53.76803522463505
-53.61439838160303
-53.460508244089034
-53.30636524344116
-53.151969816500554
-52.997322406072016
-52.842423461392315
-52.68727343859533
-52.531872801172966
-52.3762220204309
-52.22032157593847
-52.0641719559724
-51.907773657953925
-51.75112718887877
-51.59423306573959
-51.43709181594047
-51.279703977702944
-51.122070100462416
-50.96419074525382
-50.806066485085545
-50.647697905300866
-50.489085603926945
-50.33023019201081
-50.17113229394149
-50.0117925477576
-49.852211605439514
-49.692390133185384
-49.532328811670325
-49.37202833628807
-49.21148941737421
-49.050712780409825
-48.88969916620415
-48.72844933105553
-48.56696404688974
-48.40524410137563
-48.243290298017556
-48.08110345622465
-47.91868441135734
-47.7560340147515
-47.59315313372111
-47.43004265154014
-47.26670346740463
-47.10313649637596
-46.93934266930615
-46.77532293274613
-46.611078248838005
-46.44660959519263
-46.28191796475364
-46.117004365648825
-45.9518698210299
-45.78651536890152
-45.6209420619403
-45.45515096730537
-45.28914316644148
-45.122919754875625
-44.956481842007804
-44.789830550896056
-44.62296701803615
-44.45589239313625
-44.28860783888729
-44.12111453072975
-43.95341365661738
-43.785506416778325
-43.617394023474496
-43.44907770076008
-43.280558684239615
-43.111838220826364
-42.942917568501734
-42.773797996075864
-42.60448078294916
-42.434967218875094
-42.2652586037248
-42.09535624725457
-41.92526146887711
-41.75497559743728
-41.58449997099295
-41.413835936601046
-41.2429848501083
-41.07194807594588
-40.90072698692698
-40.72932296404615
-40.55773739627931
-40.38597168038368
-40.21402722069693
-40.04190542893506
-39.86960772398894
-39.697135531718665
-39.52449028474562
-39.35167342224205
-39.178686389718145
-39.00553063880668
-38.83220762704534
-38.6587188176562
-38.48506567932171
-38.3112496859562
-38.13727231647212
-37.96313505454012
-37.788839388342325
-37.614386810318166
-37.43977881690185
-37.26501690825083
-37.09010258796488
-36.9150373627956
-36.73982274234652
-36.564460238764006
-36.38895136641906
-36.21329764158002
-36.03750058207668
-35.861561706956046
-35.685482536130245
-35.50926459001706
-35.33290938917374
-35.15641845392471
-34.979793303984046
-34.80303545807396
-34.62614643354003
-34.44912774596462
-34.27198090877941
-34.09470743287805
-33.91730882622956
-33.739786593493434
-33.56214223563747
-33.384377249558966
-33.2064931277102
-33.028491357727845
-32.85037342206651
-32.67214079763686
-32.493794955448756
-32.31533736026007
-32.136769470231265
-31.95809273658569
-31.779308603275474
-31.600418506653632
-31.42142387515316
-31.242326128973765
-31.06312667977716
-30.883826930391823
-30.704428274527945
-30.52493209650311
-30.34533977097934
-30.165652662712063
-29.98587212631142
-29.805999506016207
-29.626036135480604
-29.445983337573608
-29.26584242419105
-29.08561469607997
-28.905301442675178
-28.7249039419475
-28.544423460262916
-28.36386125225206
-28.18321856068942
-28.00249661638184
-27.821696638066122
-27.640819832315195
-27.459867393452548
-27.27884050347435
-27.097740331978702
-26.9165680361014
-26.735324760457747
-26.55401163709009
-26.372629785420646
-26.191180312209312
-26.009664311515948
-25.82808286466677
-25.6464370402244
-25.464727893961324
-25.282956468836588
-25.10112379497546
-24.919230889651782
-24.73727875727253
-24.555268389364084
-24.373200764559822
-24.19107684858856
-24.008897594263495
-23.826663941471544
-23.644376817162602
-23.46203713533857
-23.279645797041873
-23.097203690343097
-22.914711690327525
-22.7321706590802
-22.549581445669023
-22.36694488612537
-22.184261803421663
-22.001533007445488
-21.818759294969908
-21.63594144961985
-21.45308024183433
-21.270176428824126
-21.08723075452445
-20.904243949542117
-20.721216731096998
-20.538149802957772
-20.355043855372028
-20.171899564991143
-19.988717594790295
-19.805498593983735
-19.622243197935738
-19.43895202806771
-19.25562569176184
-19.07226478226166
-18.888869878569995
-18.705441545344417
-18.52198033279048
-18.338486776553083
-18.15496139760603
-17.971404702140035
-17.78781718144937
-17.604199311817368
-17.420551554400756
-17.23687435511277
-17.053168144505033
-16.869433337648143
-16.685670334011046
-16.50187951733906
-16.318061255530488
-16.13421590051174
-15.950343788110793
-15.76644523792897
-15.582520553211117
-15.398570020714123
-15.214593910573644
-15.030592476168852
-14.846565953985124
-14.662514563474533
-14.478438506913976
-14.29433796926071
-14.11021311800505
-13.926064103020067
-13.741891056408148
-13.557694092344276
-13.373473306915882
-13.189228777959098
-13.00496056489133
-12.820668708540163
-12.636353230968803
-12.452014135298407
-12.267651405527623
-12.083265006349784
-11.898854882968285
-11.714420960910763
-11.52996314584279
-11.34548132338185
-11.160975358912413
-10.976445097402948
-10.79189036322562
-10.607310959979417
-10.422706670317538
-10.238077255779885
-10.053422456631296
-9.868741991706157
-9.684035558259962
-9.499302831828384
-9.314543466094445
-9.12975709276439
-8.944943321452827
-8.760101739577808
-8.575231912266469
-8.390333382271919
-8.205405669902042
-8.020448272960953
-7.83546066670373
-7.650442303805069
-7.465392614342602
-7.2803110057956
-7.095196863059836
-6.9100495484793445
-6.724868401895842
-6.5396527407165275
-6.354401860000962
-6.169115032567709
-5.9837915091214295
-5.7984305184011244
-5.613031267350178
-5.42759294130882
-5.242114704229624
-5.056595698916598
-4.871035047288382
-4.685431850666014
-4.499785190085753
-4.314094126637318
-4.128357701827869
-3.942574937971953
-3.7567448386076605
-3.570866388939177
-3.384938556305894
-3.1989602906781966
-3.0129305251799985
-2.826848176638039
-2.6407121461579246
-2.454521319726833
-2.2682745688427763
-2.0819707511702785
-1.8956087112222535
-1.7091872810677975
-1.5227052810655481
-1.3361615206221855
-1.1495547989756012
-0.9628839060022168
-0.7761476230479057
-0.5893447237819197
-0.40247397507317617
-0.21553413788822862
-0.028523968210208858
0.15855778202200305
0.3457123639551597
0.5329410308443899
0.7202450370581536
0.9076256370662922
1.0950840844120946
1.2826216306693266
1.4702395243852084
1.6579390100103442
1.845721326816633
2.0335877078042377
2.221539378598716
2.409577556339439
2.597703448560456
2.7859182520649717
2.9742231517946305
