-118.05445294766987
-118.05367731853705
-118.05299046117575
-118.05239274983872
-118.05188445415475
-118.05146573912312
-118.05113666518749
-118.0508971883897
-118.05074716060354
-118.05068632984838
-118.05071434068152
-118.05083073466865
-118.05103495093141
-118.05132632677106
-118.05170409836677
-118.05216740154646
-118.05271527262761
-118.05334664932622
-118.05406037173117
-118.05485518334234
-118.05572973216994
-118.05668257189296
-118.05771216307409
-118.05881687442837
-118.05999498414457
-118.06124468125762
-118.06256406707206
-118.06395115663526
-118.06540388026013
-118.06692008509657
-118.06849753675095
-118.07013392095342
-118.0718268452718
-118.07357384087203
-118.07537236432455
-118.07721979945626
-118.07911345924725
-118.08105058777284
-118.08302836219065
-118.08504389477292
-118.08709423498402
-118.08917637160238
-118.09128723488635
-118.09342369878351
-118.0955825831831
-118.0977606562115
-118.09995463656975
-118.10216119591195
-118.10437696126377
-118.10659851748022
-118.10882240974178
-118.11104514608775
-118.11326319998574
-118.11547301293416
-118.11767099709442
-118.11985353794847
-118.12201699697704
-118.12415771435354
-118.1262720116494
-118.12835619454569
-118.1304065555459
-118.1324193766846
-118.13439093222729
-118.13631749135783
-118.13819532084932
-118.14002068771521
-118.14178986183691
-118.14349911856362
-118.1451447412797
-118.14672302393495
-118.14823027353344
-118.14966281257506
-118.15101698144548
-118.15228914074993
-118.15347567358668
-118.15457298775704
-118.15557751790783
-118.15648572760432
-118.1572941113314
-118.15799919642012
-118.15859754489628
-118.15908575524821
-118.15946046411142
-118.1597183478678
-118.15985612415722
-118.15987055329907
-118.15975843962161
-118.15951663269817
-118.15914202849041
-118.15863157039888
-118.15798225022121
-118.1571911090179
-118.15625523788714
-118.15517177865064
-118.15393792445417
-118.15255092028559
-118.15100806341462
-118.14930670375821
-118.14744424417466
-118.14541814068963
-118.14322590265755
-118.14086509286182
-118.13833332755695
-118.1356282764553
-118.13274766266085
-118.12968926255434
-118.1264509056328
-118.12303047430686
-118.11942590365976
-118.11563518117197
-118.11165634641492
-118.10748749071666
-118.10312675680285
-118.09857233841734
-118.0938224799259
-118.0888754759057
-118.0837296707229
-118.07838345810143
-118.07283528068461
-118.06708362959199
-118.06112704397361
-118.05496411056498
-118.04859346324605
-118.04201378260763
-118.03522379552857
-118.02822227476753
-118.02100803857269
-118.0135799503127
-118.00593691813145
-117.99807789462812
-117.99000187656412
-117.98170790459784
-117.97319506304797
-117.96446247968589
-117.95550932555801
-117.94633481483862
-117.93693820471361
-117.927318795296
-117.9174759295741
-117.90740899339272
-117.89711741546847
-117.8866006674387
-117.87585826394405
-117.86488976274353
-117.85369476486011
-117.84227291475344
-117.8306239005156
-117.8187474540859
-117.80664335147975
-117.79431141302751
-117.78175150361795
-117.76896353294165
-117.75594745572931
-117.74270327198036
-117.72923102717624
-117.71553081247288
-117.70160276486655
-117.68744706732758
-117.67306394889619
-117.65845368473498
-117.64361659613307
-117.62855305045655
-117.61326346104174
-117.59774828702773
-117.58200803312484
-117.56604324931611
-117.54985453048964
-117.53344251600122
-117.51680788916637
-117.49995137668195
-117.48287374797796
-117.46557581450024
-117.44805842892599
-117.43032248431489
-117.41236891319765
-117.39419868660484
-117.37581281303873
-117.35721233739154
-117.33839833981237
-117.31937193452636
-117.30013426861005
-117.28068652072731
-117.26102989982967
-117.24116564382557
-117.22109501822392
-117.20081931475652
-117.18033984998333
-117.15965796388552
-117.138775018452
-117.11769239626499
-117.0964114990898
-117.07493374647429
-117.05326057436382
-117.03139343373736
-117.00933378927054
-116.98708311803095
-116.96464290821068
-116.9420146579004
-116.91919987391036
-116.8962000706412
-116.87301676900749
-116.84965149541624
-116.8261057808018
-116.80238115971751
-116.77847916948456
-116.75440134939667
-116.73014923997839
-116.70572438229367
-116.68112831730211
-116.65636258525869
-116.63142872515304
-116.60632827418401
-116.58106276726487
-116.55563373655541
-116.53004271101751
-116.50429121599113
-116.47838077278747
-116.45231289829523
-116.42608910459766
-116.3997108985988
-116.37317978165679
-116.34649724922319
-116.31966479048667
-116.29268388801897
-116.26555601742204
-116.23828264697549
-116.21086523728302
-116.18330524091566
-116.15560410205005
-116.12776325610052
-116.09978412934463
-116.07166813854126
-116.04341669054126
-116.01503118189048
-115.98651299842452
-115.95786351485565
-115.92908409435294
-115.9001760881171
-115.87114083495116
-115.84197966082813
-115.81269387845684
-115.78328478684755
-115.75375367087888
-115.72410180086801
-115.6943304321449
-115.66444080463195
-115.63443414243004
-115.60431165341156
-115.57407452882119
-115.54372394288548
-115.51326105243201
-115.48268699651992
-115.45200289608356
-115.42120985359138
-115.39030895272201
-115.35930125805935
-115.32818781480835
-115.29696964853217
-115.26564776491128
-115.23422314952487
-115.20269676765398
-115.1710695641057
-115.13934246305749
-115.10751636792148
-115.075592161228
-115.04357070452718
-115.01145283830661
-114.97923938192415
-114.94693113355416
-114.91452887014546
-114.88203334738924
-114.84944529969428
-114.81676544016696
-114.78399446059419
-114.7511330314284
-114.7181818017738
-114.68514139937261
-114.65201243058996
-114.61879548039602
-114.58549111234507
-114.55209986855155
-114.51862226966378
-114.48505881483575
-114.45140998169737
-114.41767622632281
-114.3838579831968
-114.3499556651798
-114.31596966347277
-114.28190034758168
-114.2477480652822
-114.21351314258405
-114.17919588369583
-114.14479657099062
-114.11031546497296
-114.07575280424751
-114.04110880549038
-114.00638366342403
-113.97157755079846
-113.93669061838105
-113.90172299495762
-113.8666747873472
-113.83154608043381
-113.7963369372184
-113.76104739889425
-113.72567748494944
-113.69022719329908
-113.65469650044989
-113.61908536169895
-113.5833937113679
-113.54762146307317
-113.51176851003223
-113.47583472540649
-113.43981996268056
-113.40372405607721
-113.36754682100755
-113.33128805455547
-113.29494753599525
-113.25852502734247
-113.22202027393942
-113.18543300507557
-113.14876293464377
-113.11200976183162
-113.07517317184593
-113.03825283666859
-113.00124841584173
-112.96415955728017
-112.9269858981086
-112.88972706552047
-112.85238267765683
-112.81495234450361
-112.7774356688058
-112.73983224699671
-112.70214167014072
-112.6643635248877
-112.62649739443808
-112.58854285951705
-112.55049949935588
-112.51236689267833
-112.47414461868996
-112.4358322580679
-112.39742939394822
-112.35893561290871
-112.32035050594517
-112.28167366943912
-112.24290470611562
-112.20404322599019
-112.16508884730321
-112.12604119744141
-112.08689991384496
-112.04766464489911
-112.00833505080836
-111.96891080445143
-111.92939159221511
-111.88977711480437
-111.85006708802634
-111.81026124354459
-111.77035932959951
-111.73036111168928
-111.69026637320623
-111.6500749160232
-111.60978656102453
-111.56940114857754
-111.52891853893995
-111.48833861259972
-111.44766127054494
-111.40688643446175
-111.36601404685906
-111.32504407111891
-111.28397649147145
-111.24281131289423
-111.20154856093508
-111.16018828145833
-111.1187305403139
-111.07717542292927
-111.03552303382527
-110.99377349605744
-110.95192695058519
-110.90998355557112
-110.86794348561342
-110.82580693091406
-110.78357409638672
-110.74124520070963
-110.69882047532862
-110.65630016341687
-110.61368451879879
-110.57097380484574
-110.52816829335269
-110.48526826340493
-110.44227400024376
-110.39918579413997
-110.35600393928372
-110.31272873269917
-110.26936047319136
-110.22589946033214
-110.18234599349104
-110.1387003709158
-110.09496288886659
-110.05113384080711
-110.00721351665608
-109.96320220210147
-109.91910017797865
-109.87490771971285
-109.83062509682635
-109.78625257251066
-109.74179040326432
-109.6972388385965
-109.65259812079627
-109.60786848476586
-109.56305015791715
-109.5181433601298
-109.47314830377071
-109.4280651937744
-109.38289422778384
-109.33763559635169
-109.29228948320123
-109.2468560655458
-109.2013355144651
-109.15572799533608
-109.11003366831609
-109.06425268887598
-109.01838520838068
-108.9724313747147
-108.92639133294882
-108.88026522604412
-108.83405319558995
-108.78775538257253
-108.74137192817113
-108.69490297457924
-108.64834866584783
-108.60170914874857
-108.55498457365525
-108.50817509544231
-108.46128087439865
-108.4143020771545
-108.36723887761843
-108.32009145791972
-108.27286000935078
-108.22554473330433
-108.1781458422007
-108.1306635604011
-108.08309812510333
-108.03544978721675
-107.98771881221296
-107.93990548095053
-107.89201009047213
-107.8440329547717
-107.79597440553005
-107.74783479281734
-107.69961448576169
-107.65131387318263
-107.60293336418897
-107.55447338874069
-107.50593439817533
-107.45731686569911
-107.40862128684205
-107.35984817987651
-107.31099808619979
-107.26207157068075
-107.21306922197152
-107.16399165278517
-107.11483950013985
-107.06561342556972
-107.01631411530332
-106.96694228040985
-106.91749865691372
-106.86798400587759
-106.81839911345537
-106.76874479091634
-106.7190218746415
-106.6692312260925
-106.61937373175408
-106.56945030305121
-106.5194618762431
-106.46940941229548
-106.41929389673282
-106.36911633947182
-106.31887777463749
-106.26857926036269
-106.21822187857151
-106.16780673474727
-106.11733495768681
-106.06680769924276
-106.01622613405539
-105.96559145927563
-105.91490489428122
-105.86416768038805
-105.81338108055888
-105.76254637911188
-105.71166488143047
-105.6607379136758
-105.60976682250282
-105.55875297478053
-105.50769775731783
-105.45660257659483
-105.40546885850085
-105.35429804807939
-105.30309160928027
-105.25185102471903
-105.20057779544334
-105.14927344070588
-105.09793949774314
-105.04657752155833
-104.99518908470736
-104.94377577708713
-104.89233920572633
-104.8408809945787
-104.78940278431799
-104.73790623213438
-104.68639301153144
-104.63486481212169
-104.58332333942008
-104.53177031463474
-104.4802074744556
-104.4286365708416
-104.37705937080773
-104.32547765621085
-104.27389322353302
-104.22230788366049
-104.1707234616566
-104.11914179652705
-104.06756474097561
-104.01599416114867
-103.96443193636513
-103.91287995882804
-103.86134013331353
-103.80981437683293
-103.75830461826284
-103.7068127979379
-103.65534086720105
-103.60389078790614
-103.55246453186759
-103.50106408025236
-103.44969142291119
-103.39834855764637
-103.34703748941466
-103.29576022946388
-103.24451879440254
-103.1933152052013
-103.1421514861256
-103.09102966359897
-103.03995176499755
-102.9889198173755
-102.93793584612136
-102.88700187354537
-102.83611991739905
-102.7852919893288
-102.7345200932666
-102.68380622376115
-102.63315236425409
-102.58256048530528
-102.53203254277183
-102.48157047594565
-102.43117620565407
-102.38085163232732
-102.33059863403751
-102.28041906451413
-102.2303147511402
-102.18028749293204
-102.13033905850612
-102.08047118403543
-102.03068557119762
-101.980983885118
-101.93136775230992
-101.8818387586159
-101.83239844715102
-101.78304831625188
-101.73378981743382
-101.68462435335935
-101.63555327582127
-101.58657788374363
-101.53769942120424
-101.48891907548192
-101.44023797513226
-101.39165718809635
-101.34317771984625
-101.2948005115711
-101.24652643840703
-101.19835630771557
-101.15029085741502
-101.1023307543686
-101.054476592834
-101.00672889297992
-100.95908809947478
-100.91155458015281
-100.8641286247631
-100.8168104438082
-100.7696001674776
-100.722497844681
-100.67550344218544
-100.6286168438612
-100.58183785004051
-100.53516617699334
-100.48860145652371
-100.44214323569018
-100.39579097665374
-100.34954405665631
-100.30340176813341
-100.2573633189637
-100.21142783285755
-100.16559434988618
-100.1198618271519
-100.07422913960032
-100.0286950809742
-99.98325836490777
-99.93791762615955
-99.89267142198103
-99.84751823361839
-99.80245646794307
-99.75748445920632
-99.71260047091184
-99.66780269780085
-99.62308926794489
-99.57845824494049
-99.53390763020022
-99.4894353653344
-99.4450393346186
-99.40071736754098
-99.35646724142268
-99.31228668410367
-99.26817337668646
-99.2241249563302
-99.18013901908759
-99.13621312277743
-99.09234478988489
-99.04853151048266
-99.00477074516672
-98.96105992800116
-98.91739646946607
-98.87377775940271
-98.83020116995064
-98.78666405847227
-98.74316377046031
-98.6996976424243
-98.6562630047533
-98.61285718455267
-98.56947750845288
-98.5261213053885
-98.48278590934544
-98.43946866207486
-98.39616691577268
-98.35287803572336
-98.30959940290697
-98.2663284165686
-98.22306249674998
-98.1797990867818
-98.13653565573608
-98.09326970083666
-98.04999874982522
-98.00672036328089
-97.96343213689144
-97.92013170367417
-97.87681673614381
-97.83348494842537
-97.79013409831086
-97.74676198925906
-97.70336647233702
-97.65994544810357
-97.61649686843575
-97.57301873829837
-97.52950911745629
-97.48596612212847
-97.44238792658379
-97.39877276467686
-97.35511893132227
-97.31142478390572
-97.26768874363049
-97.22390929679736
-97.18008499601692
-97.13621446135389
-97.09229638140286
-97.04832951429327
-97.00431268862187
-96.96024480431171
-96.9161248333962
-96.87195182072705
-96.82772488460475
-96.78344321732968
-96.73910608567311
-96.69471283126629
-96.65026287090629
-96.60575569677835
-96.56119087659428
-96.51656805364789
-96.4718869467882
-96.42714735031208
-96.38234913377718
-96.3374922417373
-96.29257669340242
-96.2476025822252
-96.20257007541531
-96.15747941338404
-96.11233090911989
-96.06712494749601
-96.02186198451076
-95.97654254646235
-95.93116722905901
-95.88573669646595
-95.84025168028981
-95.79471297850122
-95.74912145429639
-95.703478034899
-95.65778371030385
-95.61203953196306
-95.56624661141709
-95.52040611887318
-95.47451928173481
-95.42858738308459
-95.38261176012335
-95.33659380256833
-95.29053495101309
-95.24443669525178
-95.19830057257101
-95.15212816601272
-95.10592110261139
-95.05968105160873
-95.01340972264866
-94.9671088639554
-94.9207802604969
-94.87442573213532
-94.82804713176695
-94.78164634345428
-94.73522528055419
-94.68878588384571
-94.64233011966083
-94.59585997802067
-94.5493774707788
-94.50288462977365
-94.4563835049915
-94.40987616274181
-94.363364683846
-94.31685116184072
-94.27033770119677
-94.22382641555494
-94.17731942597955
