2.5864210975039773e-13
4.355180655598159e-12
3.675524316642166e-11
2.0870991776435e-10
9.028269147299922e-10
3.1913049531241527e-09
9.646564637987691e-09
2.574018636749187e-08
6.205527846774807e-08
1.3755907744187674e-07
2.8419742075688575e-07
5.530813856672073e-07
1.0225394723897082e-06
1.8083068076923833e-06
3.0761165021972177e-06
5.056948024778734e-06
8.065173741945879e-06
1.2519828060224912e-05
1.896920432745884e-05
2.8118963188858974e-05
4.086391282292087e-05
5.8323596742434937e-05
8.1881798953761e-05
0.00011323004951707527
0.00015441518621298322
0.00020789100034688225
0.00027657396694152415
0.00036390303189083367
0.0004739034012663078
0.0006112542510559112
0.0007813602493323704
0.0009904267573354205
0.0012455385513381128
0.0015547418835638218
0.0019271296779277932
0.0023729296350819104
0.0029035950012186794
0.0035318977364038823
0.004272023800910159
0.005139670262159154
0.006152143910481602
0.007328461058997604
0.008689448191519898
0.010257843112500333
0.01205839624467598
0.014117971713221905
0.01646564784987161
0.01913281674660694
0.022153282486124835
0.025563357675332236
0.02940195790857188
0.03371069378910521
0.03853396014053508
0.04391902204429875
0.04991609734505578
0.056578435272688146
0.06396239083767097
0.07212749466571006
0.08113651794772263
0.09105553219240645
0.10195396348074305
0.11390464093475622
0.12698383912663813
0.14127131416890484
0.15685033324148942
0.1738076973275683
0.19223375694638326
0.21222242068830963
0.23387115637487177
0.25728098468425925
0.28255646510109717
0.30980567406771475
0.33914017523288065
0.3706749817128782
0.4045285102988231
0.44082252756323137
0.4796820878379721
0.5212354630548318
0.5656140644589427
0.6129523562242304
0.6633877610187742
0.7170605575864986
0.7741137704298865
0.8346930516963904
0.8989465553888673
0.9670248040376397
1.0390805479886664
1.1152686174787565
1.1957457676847438
1.2806705169490353
1.370202978398911
1.4645046851913788
1.5637384096292162
1.6680679764070727
1.7776580702591374
1.8926740382918663
2.013281687296618
2.1396470763477344
2.2719363050015984
2.4103152974214934
2.554949582761696
2.706004072152125
2.863642832632087
3.0280288583881636
3.199323839657018
3.3776879296588955
3.5632795099318653
3.756254954440413
3.9567683928348583
4.164971473240177
4.3810131249542525
4.605039321436292
4.837192843966197
5.077613046354927
5.3264356210845785
5.583792367254831
5.849810960709726
6.124614726715401
6.408322415555468
6.701047981406135
7.002900364847974
7.313983279365473
7.634395002179083
7.964228169747592
8.303569578271237
8.652499989518056
9.011093942287609
9.379419569817365
9.757538423427711
10.145505302691738
10.543368092405863
10.951167606626733
11.368937440028908
11.79670382682655
12.234485507490723
12.682293603482
13.140131500206016
13.607994738387239
14.08587091404353
14.57373958723125
15.071572199717755
15.579332001725083
16.09697398787519
16.624444842453702
17.161682894095495
17.70861807998185
18.265171919624894
18.831257498301316
19.40677946018356
19.991634011203008
20.585708931665938
21.18888359862949
21.80102901803149
22.42200786655447
23.051674543191087
23.68987523046464
24.33644796524543
24.991222719090832
25.654021488024444
26.324658391657113
27.002939781540466
27.688664358631502
28.381623299735242
29.081600392780945
29.788372180776168
30.50170811427201
31.221370712162088
31.947115730627292
32.678692340028235
33.41584330953769
34.15830519929584
34.905808559862336
35.65807813873077
36.41483309366275
37.17578721259095
37.940649139832956
38.7091226083506
39.48090667778287
40.255695977974554
41.033180957717164
41.813048138413436
42.59498037237155
43.378657105430605
44.163754643614666
44.9499464235093
45.73690328605103
46.52429375341724
47.311784308701945
48.09903967806066
48.88572311500617
49.67149668653509
50.456021560764626
51.23895829575817
52.01996712921802
52.79870826872333
53.57484218219203
54.34802988824602
55.11793324616089
55.884215245083524
56.64654029220294
57.40457449956223
58.15798596920219
58.9064450763308
59.64962475021652
60.38720075250764
61.11885195268498
61.8442606003597
62.563112594133216
63.275097746741736
63.979910046213675
64.67724791277398
65.3668144512359
66.04831769862723
66.72147086680481
67.38599257981743
68.04160710578391
68.68804458306057
69.32504124047956
69.95233961144744
70.56968874170106
71.17684439052586
71.77356922525054
72.35963300883988
72.9348127804159
73.49889302854628
74.05166585714757
74.59293114386016
75.12249669076142
75.64017836729342
76.14580024529097
76.63919472600595
77.12020265903199
77.58867345304306
78.04446517826831
78.48744466063489
78.91748756752055
79.33447848506763
79.73831098701977
80.1288876950522
80.50612033057588
80.86992975800435
81.22024601948125
81.55700836107509
81.88016525045636
82.18967438608128
82.48550269791532
82.76762633973887
83.03603067308633
83.29071024287772
83.5316687448093
83.75891898457861
83.97248282902832
84.17239114930136
84.35868375610734
84.53140932720784
84.69062532723594
84.83639791997236
84.96880187320836
85.08792045633199
85.19384533078006
85.28667643350504
85.36652185361187
85.43349770232784
85.4877279764735
85.52934441560775
85.55848635302483
85.57530056078544
85.57994108896857
85.57256909933632
85.55335269360842
85.52246673654747
85.48009267405894
85.42641834651465
85.36163779751155
85.28595107828085
85.19956404796574
85.10268816998905
84.99554030473507
84.87834249877153
84.75132177083935
84.61470989483973
84.46874318004916
84.31366224879378
84.14971181181602
83.97714044156612
83.79620034365144
83.60714712667675
83.41023957070854
83.20573939459473
82.99391102236973
82.77502134897338
82.54933950551185
82.31713662428729
82.07868560382133
81.83426087409578
81.58413816223208
81.32859425882839
81.06790678517075
80.80235396153216
80.53221437677064
80.25776675943484
79.9792897505821
79.69706167850882
79.41136033558905
79.12246275741268
78.8306450044098
78.53618194614319
78.239347048446
77.940412163578
77.63964732356919
77.33732053691494
77.0336975887817
76.72904184487743
76.42361405913539
76.11767218535522
75.81147119293962
75.50526288685944
75.19929573197464
74.8938146818341
74.58906101207106
74.28527215850522
73.98268156005713
73.68151850657546
73.38200799167271
73.08437057065908
72.78882222365871
72.49557422398698
72.20483301186141
71.91680007351351
71.63167182576296
71.34963950611007
71.07088906839704
70.7956010840827
70.5239506491697
70.2561072968183
69.99223491567568
69.73249167394431
69.47702994920746
69.2259962640245
68.97953122730303
68.73776948145019
68.50083965529973
68.26886432280537
68.04195996748581
67.82023695260148
67.60379949703781
67.39274565686424
67.18716731253346
66.98715016168092
66.79277371747958
66.60411131249987
66.42123010801981
66.24419110872572
66.07304918273888
65.90785308689857
65.74864549722616
65.5954630444914
65.44833635479637
65.30729009508792
65.17234302350482
65.04350804446261
64.92079226837575
64.80419707591335
64.69371818668071
64.58934573221609
64.49106433318894
64.39885318068286
64.31268612144419
64.23253174697453
64.15835348634272
64.09010970259027
64.02775379260208
63.97123429031307
63.92049497311961
63.87547497136358
63.83610888075537
63.80232687760013
63.77405483669104
63.751214451731975
63.73372335815201
63.721495258174166
63.714440048000306
63.71246394697362
63.71546962857894
63.723356353141405
63.73602010208423
63.75335371360614
63.775247019639316
63.8015869839495
63.83225784124004
63.86714123712357
63.90611636882499
63.9490601264805
63.99584723489834
64.04635039564856
64.10044042934969
64.15798641802182
64.21885584737582
64.28291474891027
64.35002784168857
64.42005867367054
64.49286976247457
64.5683227354479
64.64627846892425
64.7265972265498
64.80913879655934
64.89376262788674
64.98032796499602
65.06869398132174
65.15871991120962
65.25026518025008
65.34318953390054
65.43735316429421
65.53261683513641
65.62884200459278
65.72589094607632
65.82362686684301
65.92191402430898
66.02061784000453
66.11960501108466
66.21874361931837
66.31790323748315
66.41695503309323
66.5157718693947
66.61422840356373
66.71220118204756
66.80956873299031
66.90621165568983
67.00201270703472
67.09685688487399
67.19063150827581
67.28322629463592
67.37453343359992
67.46444765776799
67.55286631015427
67.63968940837741
67.72481970556167
67.80816274793095
67.88962692908136
67.96912354092056
68.04656682126459
68.12187399808589
68.19496533040954
68.26576414585769
68.33419687484535
68.4001930814337
68.46368549084961
68.5246100136831
68.58290576677682
68.6385150908249
68.69138356470266
68.74146001655235
68.78869653165286
68.83304845710443
68.8744744033617
68.9129362426517
68.94839910431647
68.98083136712266
69.01020464858281
69.0364937913353
69.05967684663271
69.07973505499073
69.09665282405153
69.11041770371757
69.12102035861396
69.12845453793936
69.13271704276717
69.13380769086056
69.13172927906594
69.12648754335025
69.11809111654887
69.10655148389188
69.09188293637865
69.07410252207129
69.05322999537921
69.02928776440856
69.00230083645138
68.97229676168993
68.93930557519278
68.90335973728045
68.86449407233866
68.82274570615735
68.77815400187424
68.73076049460136
68.6806088248135
68.62774467057775
68.5722156787024
68.51407139488359
68.45336319292736
68.3901442031246
68.32446923985586
68.25639472850324
68.18597863174662
68.11328037532078
68.03836077331053
67.96128195306014
67.88210727977295
67.80090128087588
67.7177295702223
67.63265877220667
67.54575644586279
67.45709100901749
67.36673166257012
67.27474831496747
67.18121150694284
67.08619233658803
66.98976238482587
66.89199364134967
66.79295843109455
66.69272934130422
66.59137914925506
66.48898075069846
66.3856070890806
66.2813310855972
66.17622557013974
66.07036321318796
65.96381645870255
65.85665745806918
65.7489580051433
65.64078947244329
65.53222274853758
65.42332817666906
65.314175494659
65.20483377613053
65.09537137308891
64.98585585989369
64.87635397865594
64.76693158609194
64.65765360186313
64.5485839584301
64.4397855524467
64.33132019771878
64.22324857975107
64.11563021190372
64.00852339317854
63.90198516765283
63.7960712855777
63.69083616615628
63.586332862015944
63.482613025387046
63.379726875999744
63.277723170708974
63.176649174856685
63.07655063537916
62.97747175566527
62.879455172169706
62.78254193278362
62.686771476963564
62.592181617617335
62.49880852474373
62.40668671082093
62.315849017936806
62.22632660665246
62.13814894658869
62.051343808723196
61.96593725938478
61.881953655929884
61.79941564408514
61.71834415693868
61.63875841556156
61.560675931239324
61.48411250929248
61.40908225446346
61.33559757784635
61.263669205334814
61.1933061875633
61.12451591131573
61.05730411237513
60.991674889785735
60.9276307214981
60.865172481366606
60.80429945746797
60.74500937170827
60.68729840068519
60.631161197771824
60.576590916388014
60.52357923442368
60.472116379777916
60.42219115697681
60.37379097483246
60.32690187510521
60.281508562130526
60.237594433372024
60.195141610861086
60.154130973483134
60.114542190070225
60.07635375325954
60.039543014077324
60.004086217207046
59.96995853690045
59.9371341134903
59.90558609046407
59.87528665205788
59.846207061330304
59.81831769867547
59.79158810073524
59.76598699967043
59.74148236275143
59.7180414322287
59.69563076544405
59.67421627514325
59.653763269951085
59.63423649496953
59.615600172460134
59.5978180425716
59.58085340407406
59.56466915506185
59.54922783358707
59.534491658186894
59.520422568267875
59.50698226431054
59.494132247857934
59.48183386125176
59.470048327079965
59.458736787300396
59.447860342005484
59.4373800877939
59.427257155715566
59.41745274875741
59.40792817883859
59.39864490328462
59.38956456075113
59.38064900656867
59.371860347480954
59.363160975749686
59.3545136025997
59.34588129097933
59.337227487611365
59.32851605431103
59.31971129854754
59.310778003227206
59.30168145567723
59.29238747581025
59.28286244345066
59.27307332480468
59.26298769805715
59.25257377807976
59.2418004402361
59.23063724327074
59.219054451269876
59.20702305468286
59.1945147903947
59.18150216084059
59.16795845215524
59.15385775135105
59.13917496252032
59.12388582205853
59.107966912906654
59.09139567781222
59.07415043161013
59.05621037252525
59.03755559249954
59.01816708654645
58.998026761136664
58.97711744161928
58.95542287868313
58.932927753863176
58.90961768409722
58.88547922533912
58.86049987523524
58.83466807487208
58.80797320960347
58.780405608966426
58.751956545695585
58.722618233846966
58.692383826042324
58.661247409845714
58.629204003284656
58.596249549529034
58.56238091074158
58.527595861114264
58.49189307910598
58.455272138897726
58.41773350108201
58.379278502603825
58.33990934597091
58.29962908775161
58.25844162637907
58.216351689280714
58.17336481935263
58.12948736079835
58.084726444352555
58.03908997190973
57.99258660057842
57.94522572618183
57.89701746622541
57.84797264235175
57.79810276230364
57.7474200014164
57.695937183661215
57.64366776226154
57.590625799904785
57.536825948571675
57.48228342900592
57.427014009847255
57.371033986451835
57.31436015942438
57.25700981288725
57.19900069251105
57.140350983331984
57.081079287381215
57.021204601151965
56.960746292929855
56.89972408001171
56.83815800583824
56.776068417065574
56.713475940600006
56.65040146062006
56.58686609560908
56.52289117542113
56.45849821840272
56.393708908591854
56.328545073015384
56.26302865910525
56.1971817122536
56.131026353525435
56.06458475754737
55.99787913059037
55.930931688863886
55.86376463703828
55.79640014701254
55.72886033694413
55.66116725055729
55.59334283674587
55.52540892948644
55.45738722807675
55.389299277714194
55.32116645042861
55.25300992638335
55.184850675558486
55.1167094398296
55.04860671545452
54.98056273597978
54.91259745557743
54.84473053282243
54.7769813149207
54.7093688223976
54.64191173425615
54.57462837361333
54.50753669382288
54.44065426509285
54.373998261606054
54.30758544915141
54.24143217327349
54.17555434794718
54.109967444783926
54.044686482775425
53.97972601857963
53.91510013735324
53.85082244413427
53.786906055777756
53.723363593446706
53.66020717565958
53.59744841189466
53.53509839675142
53.47316770466868
53.41166638519893
53.35060395883799
53.28998941340909
53.22983120099995
53.170137235451236
53.1109148903934
53.05217099782918
52.99391184725776
52.936143185336775
52.87887021607678
52.82209760156239
52.76582946319341
52.71006938343929
52.654820408099496
52.6000850490622
52.545865287553895
52.49216257787195
52.43897785159167
52.3863115222391
52.33416349042072
52.28253314940069
52.23141939111518
52.18082061261286
52.13073472290999
52.08115915024847
52.03209084974536
51.983526311422494
51.93546156860428
51.88789220667165
51.84081337216007
51.79421978218953
51.74810573421398
51.70246511607739
51.657291416363236
51.61257773502443
51.568316794280335
51.524500949766704
51.48112220192421
51.43817220761126
51.39564229192659
51.35352346022721
51.311806410327485
51.270481544865426
51.22953898382199
51.18896857718014
51.14875991771081
51.10890235387294
51.06938500281493
51.03019676346489
50.991326329697166
50.95276220356275
50.914492708570926
50.87650600300899
50.83879009328738
50.80133284729781
50.76412200777194
50.72714520562787
50.690389973291055
50.653843757975814
50.617493934913774
50.58132782051545
50.54533268545172
50.50949576764223
50.47380428513802
50.4382454488862
50.40280647536546
50.367474599081426
50.33223708491122
50.29708124028688
50.26199442720762
50.226964074071
50.19197768731343
50.1570228628514
50.12208729731547
50.08715879906985
50.05222529901025
50.01727486113325
49.98229569287023
49.947276155179715
49.91220477239191
49.877070241799835
49.84186144299142
49.80656744691752
49.77117752469096
49.73568115611196
49.70006803791487
49.66432809173185
49.62845147176896
49.592428572190194
49.55625003420519
49.519906752856144
49.4833898834996
49.44669084797974
49.409801340489736
49.372713333118185
49.33541908107864
49.29791112762061
49.260182308620614
49.222225756852055
49.18403490593337
49.14560349395444
49.10692556678154
49.067995481041265
49.028807906783385
48.98935782982247
48.94964055375763
48.90965170167041
48.86938721750042
48.82884336709904
48.78801673896194
48.7469042446418
48.705503118843325
48.66381091920303
48.62182552575612
48.57954514009347
48.536968284211895
48.494093799061574
48.45092084279477
48.40744888872027
48.36367772296839
48.31960744187219
48.27523844907026
48.23057145233699
48.18560746014654
48.14034777797704
48.094794004362114
48.048948026697104
48.0028120168067
47.95638842628071
47.909679981585015
47.862689678955206
47.81542077908031
47.76787680158375
47.72006151930876
47.671978952414946
47.62363336229279
47.57502924530282
47.52617132634693
47.47706455227924
47.427714085163835
47.378125295387484
47.328303754635236
47.27825522873726
47.227985670394865
47.17750121179406
47.12680815711459
47.07591297494192
47.0248222905898
46.97354287834107
46.92208165361463
46.870445665066335
46.818642086631336
46.76667820951595
46.71456143414698
46.66229926208651
46.60989928792045
46.55736919112885
46.504716727946196
46.45194972321965
46.39907606227356
46.346103682788474
46.29304056670255
46.23989473214285
46.1866742253932
46.133387112905346
46.080041473360005
46.026645389784015
45.97320694173006
45.91973419752539
45.866235206595626
45.812717991869555
45.75919054227128
45.70566080530599
45.65213667974606
45.59862600842384
45.54513657113798
45.491676077679266
45.43825216098147
45.38487237040182
45.331544165135384
45.27827490776697
45.225071857963954
45.17194216631357
45.118892868308095
45.065930878480984
45.013062984697015
44.96029584259942
44.9076359702171
44.85508974273462
44.80266338742764
44.75036297876632
44.69819443368904
44.64616350704928
44.59427578723803
44.5425366919841
44.49095146433463
44.43952516881872
44.3882626877968
44.337168717999035
44.28624776725543
44.23550415142064
44.184941991496785
44.13456521095715
44.0843775332731
44.034382479646084
43.98458336694604
43.93498330585676
43.88558519922823
43.836391740635875
43.78740541314677
43.738628488292775
43.69006302525089
43.64171087023102
43.59357365607083
43.54565280203731
43.49794951383389
43.450464783811825
43.40319939138466
43.35615390364411
43.30932867617595
43.26272385407471
43.21633937315609
43.1701749613659
43.12423014038406
43.07850422742213
43.03299633721248
42.98770538418627
42.94263008483786
42.897768960273716
42.85312033894372
42.80868235955234
42.76445297414694
42.720429951379806
42.67661087994038
42.63299317215371
42.58957406774079
42.54635063773589
42.503319788555935
42.460478266216406
42.41782266068851
42.375349410392296
42.33305480682038
42.2909349992861
42.24898599979009
42.20720368799858
42.16558381632735
42.12412201512479
42.082813797948184
42.041654566927214
42.00063961820866
41.95976414747634
41.91902325554049
41.878411953990856
41.83792517090814
41.79755775662796
41.75730448955165
41.71716008199832
41.67711918609235
41.63717639968025
41.59732627227124
41.557563310995484
41.517881986573975
41.478276739294024
41.43874198498458
41.39927212098559
41.359861532105874
41.320504596563644
41.281195691903754
41.241929200885984
41.20269951733878
41.16350105197285
41.12432823814908
41.0851755375951
41.046037446065164
41.00690849893778
40.96778327674543
40.928656410630715
40.88952258772333
40.850376556431975
40.81121313164574
40.77202719983899
40.73281372407422
40.69356774889758
40.654284405121984
40.61495891449266
40.575586594230685
40.53616286144984
40.49668323744237
40.45714335182913
40.41753894657052
40.37786587983459
40.33812012971947
40.298297797827104
40.25839511268492
40.21840843301209
40.17833425082705
40.1381691943937
40.09791003100344
40.057553669590334
40.017097163176516
39.976537711145
39.9358726613375
39.89509951197476
39.854215913397184
39.813219669623436
39.77210873972541
39.730881239018004
39.689535440062855
39.648069773485474
39.60648282860558
39.56477335388092
39.5229402571652
39.48098260578115
39.43889962641032
39.39669070480102
39.354355385296515
39.311893370185885
39.26930451888012
39.226588846916115
39.183746524791104
39.14077787663018
39.09768337868974
39.0544636576995
39.011119489046166
38.9676517948015
38.92406164159786
38.88035023835419
38.83651893385558
38.79256921418965
38.7485027000431
38.70432114386238
38.660026426882546
38.61562055602865
38.57110566069405
38.5264839893997
38.48175790633888
38.43692988781219
38.392002518557824
38.34697848798174
38.30186058629288
38.25665170054889
38.211354810617756
38.165972985061096
38.1205093769447
38.07496721958176
38.029349822214435
37.98366056563935
37.937902897782116
37.89208032922624
37.84619642870103
37.800254818533226
37.75425917006691
37.70821319905621
37.66212066103565
37.615985346673135
37.56981107711095
37.523601699300336
37.477361081335225
37.431093107790666
37.38480167507162
37.3384906867773
37.29216404908632
37.245825666168194
37.19947943562649
37.153129243979116
37.10677896218109
37.06043244119498
37.014093507613914
36.96776595934201
36.921453561337124
36.875160041420386
36.82888908615662
36.78264433680904
36.73642938537127
36.690247770679676
36.64410297460934
36.597998418356795
36.55193745881304
36.50592338502965
36.45995941478061
36.41404869122273
36.3681942796572
36.32239916439515
36.27666624572963
36.23099833701694
36.18539816187
36.13986835146635
36.09441144197358
36.04902987209452
36.0037259807347
35.95850200479394
35.91336007708399
35.86830222437361
35.82333036556291
35.77844630998895
35.733651755864614
35.68894828885264
35.64433738077592
35.599820388465034
35.555398552743426
35.511072997550045
35.46684472919928
35.42271463577798
35.378683486679435
35.3347519322741
35.29092050371629
35.24718961288592
35.203559552464085
35.160030496141374
35.116602498957505
35.07327549777092
35.0300493118569
34.98692364363269
34.943898079508145
34.900972090860265
34.85814503513002
34.815416157039586
34.772784589928
34.73024935720344
34.68780937391006
34.64546344840699
34.60321028415655
34.561048481618464
34.51897654024635
34.4769928605831
34.43509574645146
34.393283407235806
34.35155396025085
34.309905433192746
34.268335766668464
34.22684281679924
34.18542435789423
34.14407808519022
34.102801617653576
34.061592500840256
34.02044820981022
33.979366152092304
33.93834367069602
33.897378047167
33.85646650468315
33.815606211188744
33.77479428256428
33.734027785829916
33.69330374238056
33.65261913125048
33.61197089240549
33.57135593006061
33.530771116021334
33.49021329304626
33.44967927822896
33.40916586639654
33.368669833521984
33.32818794014728
33.287716934813524
33.24725355749403
33.206794543026554
33.16633662454064
33.125876536876326
33.08541101999061
33.04493682234801
33.00445070429169
32.9639494413919
32.923429827768594
32.88288867938537
32.84232283731212
32.80172917095383
32.76110458124277
32.720446003791494
32.67975041200373
32.639014820140176
32.59823628633646
32.5574119155705
32.516538862576795
32.475614334705
32.43463559472016
32.39359996354236
32.352504822923436
32.31134761805873
32.27012586013163
32.228837128789394
32.18747907454866
32.14604942112868
32.10454596771024
32.06296659111797
32.0213092479236
31.97957197646761
31.937752898797356
31.895850222519442
31.853862242564475
31.811787342862374
31.769623997926516
31.727370774345104
31.685026332178325
31.642589426259747
31.60005890740058
31.55743372349579
31.51471292053148
31.471895643493212
31.428981137174816
31.385968746887443
31.342857919068706
31.299648201792024
31.256339245176235
31.212930801695393
31.169422726388888
31.12581497697215
31.082107613848365
31.038300800021542
30.994394800911262
30.950389984069428
30.90628681879957
30.86208587567921
30.817787825985814
30.773393441026794
30.728903591374145
30.68431924600429
30.639641471343733
30.5948714302213
30.550010380727823
30.50505967498429
30.460020757819503
30.41489516535827
30.369684523521183
30.32439054643697
30.279015034768687
30.233559873955127
30.188027032369117
30.142418559394596
30.09673658342461
30.050983309782815
30.00516101857115
29.95927206244661
29.91331886432973
29.867303915047607
29.82122977091398
29.775099051249093
29.728914435841823
29.682678662356487
29.63639452368681
29.590064865259556
29.543692582290355
29.497280616994082
29.450831955752243
29.404349626239842
29.35783669451424
29.311296262068417
29.264731462851124
29.218145460256203
29.171541444083253
29.124922627471726
29.07829224381063
29.031653543626266
28.9850097914504
28.938364262671445
28.89172024037133
28.845081012150604
28.79844986694464
28.751830091833785
28.705224968850406
28.658637771786108
28.61207176300228
28.565530190247262
28.519016283483428
28.47253325172746
28.426084279907048
28.37967252573738
28.333301116620834
28.286973146573292
28.24069167318068
28.19445971458926
28.14828024653325
28.10215619940327
28.056090455358987
28.010085845489176
27.964145147022336
27.918271080590827
27.87246630755145
27.826733427365454
27.78107497504091
27.735493418640132
27.689991156855044
27.644570516653417
27.59923375099889
27.55398303664741
27.508820472022776
27.463748075173854
27.418767781815532
27.37388144345546
27.32909082560853
27.28439760610088
27.23980337346505
27.195309625427868
27.150917767492572
27.10662911161687
27.062444874988458
27.01836617889954
26.974394047721532
26.930529407980984
26.88677308753735
26.843125814863342
26.799588218428408
26.75616082618559
26.712844065162198
26.669638261154358
26.626543638525515
26.58356032010904
26.54068832721485
26.497927579739848
26.455277896381983
26.412738994957646
26.37031049282235
26.32799190739446
26.285782656781787
26.24368206051089
26.201689340358467
26.159803621284407
26.118023932465473
26.076349208428763
26.034778290283963
25.993309927053172
25.95194277709687
25.910675409634376
25.869506306356794
25.82843386313051
25.787456391788947
25.74657212201053
25.70577920328078
25.665075706936403
25.62445962828918
25.583928888827167
25.543481338490757
25.503114758021134
25.462826861378552
25.422615298227733
25.382477656487488
25.342411464941513
25.302414195906927
25.262483267957386
25.22261604869758
25.182809857585973
25.143061968802762
25.103369614160194
25.063729986052472
25.024140240442513
24.984597499882945
24.94509885656877
24.9056413754191
24.866222097185222
24.826838041582057
24.7874862104402
24.74816359087533
24.708867158471584
24.66959388047568
24.630340718998504
24.591104634220876
24.551882587600154
24.512671545074404
24.473468480260983
24.434270377646506
24.39507423576533
24.355877070363825
24.31667591754783
24.277467836910606
24.238249914638832
24.19901926659418
24.159773041367973
24.120508423306266
24.081222635502545
24.04191294275501
24.00257665448544
23.963211127616834
23.923813769406824
23.88438204023399
23.8449134563341
23.805405592483485
23.765856084626737
23.72626263244621
23.68662300187066
23.646935027520474
23.60719661508711
23.56740574364449
23.52756046789037
23.48765892031597
23.447699313302284
23.40767994114174
23.367599181983824
23.32745549970335
23.287247445690074
23.2469736605583
23.206632875775288
23.166223915207357
23.125745696582815
23.085197232870915
23.044577633576072
23.00388610594624
22.96312195609426
22.922284590031214
22.88137351461077
22.840388338383576
22.799328772360838
22.75819463068629
22.716985831215823
22.67570239600417
22.634344451698126
22.59291222983586
22.551406067052056
22.509826405188875
22.468173791312665
22.42644887763626
22.3846524213468
22.342785284339215
22.300848432855446
22.258842937029527
22.21676997033876
22.17463080896127
22.13242683104008
22.090159515853856
22.04783044289445
22.00544129085148
21.962993836504353
21.92048995352212
21.877931611171732
21.835320872935455
21.792659895038554
21.749950924888594
21.70719629942812
21.664398443402575
21.62155986754516
21.578683166680094
21.535771017745816
21.49282617773943
21.449851481583973
21.40684983992008
21.36382423682363
21.320777727450885
21.277713435613034
21.23463455128208
21.19154432803023
21.148446080404877
21.10534318124152
21.06223905891704
21.019137194545944
20.976041119122012
20.932954410608144
20.88988069097695
20.846823623204326
20.80378690821834
20.760774281805705
20.717789511478113
20.67483639330069
20.63191874868505
20.589040421149544
20.54620527304962
20.50341718228088
20.46068003895766
20.417997742069698
20.37537419611976
20.332813307745024
20.29031898232523
20.247895120580576
20.205545615162286
20.163274347238875
20.121085183080957
20.078981970647497
20.03696853617634
19.995048680782155
19.953226177065055
19.911504765733063
19.869888152241764
19.828380003454377
19.78698394432552
19.74570355461193
19.704542365613484
19.663503856947948
19.622591453363064
19.581808521589743
19.54115836724008
19.500644231753903
19.460269289397324
19.420036644316717
19.379949327651183
19.340010294706495
19.300222422193336
19.260588505532716
19.22111125623143
19.18179329933036
19.142637170928218
19.10364531578326
19.064820084995254
19.026163733769998
18.987678419268708
18.9493661985445
18.911229026568225
18.873268754345833
18.835487127129216
18.797885782722364
18.760466249884463
18.723229946831356
18.68617817983672
18.649312141934107
18.61263291172087
18.57614145226491
18.539838610115385
18.503725114418206
18.467801576137038
18.432068487380537
18.39652622083644
18.361175029313177
18.326015045389727
18.29104628117425
18.256268628171927
18.221681857262485
18.18728561878756
18.153079442748027
18.11906273911119
18.08523479822769
18.051594791357747
18.01814177130618
17.984874673165738
17.951792315168124
17.918893399642148
17.886176514078333
17.853640132299066
17.82128261573317
17.78910221479387
17.757097070359066
17.725265215352664
17.69360457642557
17.6621129757348
17.630788132818935
17.599627666568068
17.568629097286248
17.537789848844483
17.50710725092233
17.47657854133591
17.446200868449765
17.415971293669926
17.385886794015377
17.355944264765142
17.32614052217825
17.29647230628389
17.266936283739128
17.237529050751405
17.208247136062752
17.179087003992706
17.150045057536673
17.121117641516335
17.092301045778626
17.063591508439785
17.034985219170935
17.006478322521687
16.978066921278227
16.949747079852372
16.921514827698218
16.89336616275304
16.865297054899173
16.83730344944351
16.80938127061117
16.781526425049975
16.75373480534219
16.726002293519826
16.698324764579894
16.670698089995877
16.64311814122166
16.615580793184076
16.588081927760552
16.560617437238502
16.53318322775311
16.505775222700233
16.478389366121203
16.451021626056498
16.423667997865348
16.39632450750852
16.36898721479187
16.341652216568473
16.314315649897264
16.286973695156018
16.259622579106786
16.232258577911946
16.2048780200991
16.1774772894729
16.15005282797193
16.122601138468493
16.09511878750919
16.067602407994112
16.04004870179254
16.012454442293002
15.984816476885523
15.957131729374094
15.929397202317428
15.901609979296136
15.873767227104647
15.845866197866268
15.817904231069772
15.789878755526
15.76178729124312
15.7336274512193
15.705396943151678
15.677093571060405
15.648715236826769
15.620259941644557
15.59172578738393
15.563110977867149
15.534413820055585
15.505632725147516
15.476766209586268
15.447812895978197
15.418771513919902
15.389640900734046
15.360420002113324
15.331107872672115
15.301703676405518
15.272206687055496
15.242616288383966
15.212931974352935
15.183153349211958
15.153280127493298
15.123312133915443
15.093249303195657
15.06309167977235
15.032839417438021
15.002492778883587
14.972052135154875
14.941517965022122
14.910890854263378
14.880171494862758
14.849360684124584
14.818459323704708
14.78746841856033
14.756389075819804
14.725222503573967
14.693970009590508
14.66263299995284
14.631212977624877
14.599711540943169
14.568130382037943
14.536471285184412
14.50473612508582
14.47292686508974
14.441045555339336
14.409094330861357
14.3770754095926
14.344991090346689
14.312843750722983
14.280635844959496
14.248369901731683
14.216048521898875
14.183674376200193
14.151250202901798
14.11877880539736
14.086263049763707
14.05370586227358
14.02111022686737
13.988479182585783
13.955815820965332
13.923123283398644
13.89040475846159
13.857663479209341
13.824902720443324
13.792125795951113
13.759336055721183
13.726536883134449
13.69373169213444
13.660923924378057
13.628117046368818
13.595314546574645
13.562519932532101
13.529736727938914
13.496968469736618
13.46421870518515
13.431490988931248
13.398788880072534
13.36611593921926
13.33347572555589
13.300871793904808
13.268307691794451
13.235786956534103
13.203313112297668
13.170889667218706
13.13852011049902
13.106207909533087
13.073956507050529
13.041769318278783
13.00964972812814
12.977601088401203
12.945626715028867
12.913729885334847
12.88191383533078
12.850181757044028
12.818536795880265
12.786982048022852
12.755520557871266
12.72415531552082
12.692889254285932
12.661725248269123
12.63066610997794
12.599714587992013
12.568873364682377
12.538145053985106
12.507532199231223
12.477037271034733
12.446662665240568
12.416410700934222
12.386283618514852
12.356283577833523
12.326412656398162
12.296672847646875
12.267066059291281
12.237594111731582
12.208258736544906
12.179061575048564
12.15000417693959
12.121087999011948
12.092314403952813
12.063684659219263
12.035199935996744
12.006861308240488
11.978669751801007
11.950626143634764
11.92273126110095
11.89498578134517
11.86739028077065
11.839945234597392
11.81265101650976
11.785507898392778
11.758516050157338
11.73167553965426
11.704986332677008
11.678448293052893
11.652061182822605
11.625824662507936
11.599738291467501
11.573801528340068
11.548013731575038
11.522374160049521
11.496881973771464
11.47153623466822
11.446335907459938
11.421279860617046
11.396366867401126
11.371595606988278
11.346964665673964
11.322472538158207
11.298117628910047
11.273898253610154
11.24981264067041
11.225858932829023
11.202035188819647
11.17833938511296
11.15476941772911
11.131323104119371
11.107998185115303
11.084792326943667
11.061703123305247
11.038728097515783
11.01586470470718
10.993110334087174
10.970462311255513
10.94791790057472
10.925474307593472
10.903128681520652
10.880878117747951
10.858719660418966
10.83665030504265
10.814667001148887
10.792766654983904
10.770946132243036
10.749202260838484
10.727531833699498
10.705931611602363
10.684398326027516
10.662928682041194
10.641519361199013
10.620167024468795
10.598868315170119
10.577619861928023
10.556418281638424
10.535260182442693
10.514142166708888
10.493060834017024
10.472012784145685
10.450994620057282
10.43000295087928
10.409034394878654
10.388085582426891
10.367153158952798
10.34623378788046
10.325324153549625
10.304420964116014
10.283520954429116
10.262620888885147
10.241717564252903
10.220807812470307
10.199888503409392
10.178956547607621
10.158008898963411
10.13704255739385
10.116054571452475
10.095042040905009
10.07400211926099
10.052932016259286
10.031829000305416
10.01069040085863
9.989513610766588
9.968296088545552
9.947035360604014
9.925729023407763
9.9043747455845
9.882970269966075
9.861513415566513
9.840002079494035
9.81843423879534
9.796807952230445
9.77512136197641
9.753372695258456
9.731560265907
9.709682475839209
9.687737816463688
9.665724870006919
9.643642310760136
9.621488906245354
9.599263518299303
9.576965104074056
9.554592716953287
9.532145507383142
9.509622723616694
9.48702371237112
9.464347919396637
9.441594889956427
9.418764269216801
9.395855802547082
9.372869335728687
9.349804815072979
9.326662287447405
9.303441900209506
9.28014390104839
9.256768637733357
9.233316557769411
9.209788207959503
9.186184233873332
9.162505379222663
9.13875248514327
9.114926489383853
9.091028425402433
9.067059421370848
9.043020699088066
9.018913572802978
8.994739447947387
8.97049981977988
8.946196271941423
8.921830474923643
8.897404184450954
8.872919239777678
8.848377561901456
8.823781151694332
8.79913208795301
8.774432525369901
8.749684692426637
8.724890889211803
8.700053485164656
8.675174916746652
8.650257685042728
8.625304353294364
8.600317544366494
8.575299938150483
8.550254268905437
8.52518332254009
8.50008993383766
8.474976983626124
8.44984739589636
8.42470413487057
8.399550202023509
8.374388633059066
8.349222494844806
8.32405488230702
8.298888915288964
8.273727735375084
8.24857450268413
8.223432392634175
8.198304592682542
8.173194299043681
8.148104713388024
8.123039039524814
8.098000480072075
8.072992233116922
8.048017488869442
8.023079426313418
7.998181209857245
7.973325985988439
7.9485168799350285
7.923756992337176
7.899049395932367
7.874397132257408
7.849803208370511
7.825270593596714
7.800802216299922
7.776400960684789
7.752069663631701
7.727811111568016
7.7036280373786425
7.679523117359004
7.655498968213415
7.6315581441018665
7.607703133738212
7.583936357542662
7.560260164851456
7.536676831186603
7.513188555588527
7.489797458014464
7.466505576805402
7.4433148662242905
7.420227194068196
7.3972443393571075
7.374367990102022
7.351599741154905
7.3289410921430385
7.3063934454902135
7.283958104527214
7.261636271693943
7.239429046835417
7.217337425593717
7.195362297897864
7.173504446553435
7.15176454593365
7.13014316077344
7.108640745067977
7.087257641077085
7.06599407843692
7.044850173380223
7.023825928066313
7.002921230021845
6.982135851693269
6.96146945011174
6.940921566671048
6.920491627019093
6.900178941063249
6.879982703089848
6.859901991997841
6.839935771646648
6.820082891318048
6.800342086291888
6.780711978535205
6.7611910775042965
6.741777781059138
6.722470376489479
6.703267041651794
6.684165846216142
6.665164753021837
6.646261619540755
6.627454199446976
6.608740144291462
6.590117005280464
6.571582235156273
6.553133190178829
6.534767132206535
6.516481230874606
6.4982725658691525
6.480138129295073
6.46207482813575
6.44407948680246
6.426148849771268
6.408279584305129
6.390468283258814
6.372711467964132
6.355005591192873
6.337347040194787
6.319732139807849
6.302157155637959
6.284618297305167
6.267111721753374
6.249633536620444
6.232179803665617
6.21474654225105
6.197329732874246
6.179925320748041
6.162529219424806
6.1451373144614445
6.127745467121749
6.110349518112522
6.092945291349907
6.075528597752261
6.058095239055825
6.04064101164942
6.023161710424311
6.005653132635324
5.988111081769347
5.970531371417351
5.952909829145987
5.935242300364806
5.917524652185136
5.899752777266649
5.881922597647645
5.864030068555138
5.8460711821907765
5.828041971488709
5.809938513841494
5.79175693479015
5.773493411674479
5.755144177239834
5.736705523196526
5.718173803728162
5.699545438945285
5.680816918280775
5.661984803823578
5.643045733587356
5.623996424710746
5.604833676585946
5.585554373912421
5.5661554896726155
5.546634088026613
5.5269873271227095
5.50721246182089
5.487306846326261
5.4672679367296535
5.447093293452722
5.426780583594875
5.406327583179445
5.385732179296701
5.364992372141349
5.344106276942367
5.323072125783082
5.301888269309498
5.280553178325012
5.25906544526988
5.2374237855839185
5.215627038951053
5.193674170424434
5.171564271431035
5.1492965606547445
5.126870384797069
5.104285219214649
5.081540668432975
5.058636466535791
5.035572477429813
5.012348694984528
4.988965243046945
4.965422375331318
4.941720475184024
4.917860055223844
4.893841756858091
4.8696663496750885
4.8453347307136765
4.8208479236104536
4.796207077625641
4.771413466548597
4.7464684874841465
4.721373659521045
4.696130622283998
4.67074113437081
4.6452070716763805
4.619530425605396
4.593713301175695
4.567757915014402
4.541666593249081
4.515441769296229
4.489085981549538
4.462601870970483
4.4359921785839465
4.409259742881682
4.382407497136507
4.355438466630188
4.328355765798028
4.301162595293261
4.273862238974499
4.246458060819539
4.218953501768913
4.191352076502619
4.163657370153481
4.135873034960661
4.10800278686692
4.080050402063216
4.052019713484314
4.0239146072591305
3.995739019119544
3.9674969307714467
3.9391923662318433
3.9108293881358698
3.882412094017642
3.8539446125688066
3.8254310998786316
3.796875735659483
3.768282719461538
3.7396562668805724
3.711000605762638
3.682319972409427
3.653618607788096
3.624900753749329
3.5961706492573766
3.5674325266357974
3.5386906078325735
3.5099491007082357
3.4812121953505675
3.4524840604194282
3.423768839525151
3.3950706476439145
3.36639356757342
3.337741646432109
3.309118892205108
3.280529270340013
3.2519767003955717
3.2234650527462256
3.1949981453453815
3.166579740550181
3.138213542010495
3.1099031916248
3.0816522665654995
3.053464276376155
3.0253426601430293
2.997290783743229
2.969311937171622
2.941409331948599
2.9135860986106548
2.885845284285669
2.858189850354652
2.8306226702015884
2.8031465270529026
2.77576411190795
2.74847802156183
2.721290756721707
2.6942047202177366
2.6672222153095855
2.6403454440894047
2.613576505982002
2.5869173963428613
2.5603700051545486
2.5339361158219575
2.5076174040666985
2.481415436920861
2.4553316718202667
2.4293674557972036
2.403524024772528
2.3778025029469045
2.3522039022908157
2.3267291221328583
2.3013789488457497
2.2761540556293567
2.2510550023899603
2.2260822357148724
2.2012360889414184
2.176516782319196
2.151924423264435
2.12745900670517
2.1031204155158587
2.0789084210399604
2.0548226836989265
2.0308627536859567
2.0070280717428086
1.9833179700178445
1.959731673003412
1.9362682985506021
1.9129268589593635
1.8897062621418967
1.8666053128571751
1.8436227140143766
1.820757068042946
1.7980068783269567
1.7753705507013693
1.7528463950077415
1.7304326267069066
1.7081273685460756
1.6859286522777637
1.6638344204279043
1.6418425281104683
1.6199507448858592
1.5981567566603303
1.576458167623638
1.5548525022221305
1.5333372071644302
1.5119096534568408
1.490567138465601
1.469306888003106
1.4481260584352182
1.4270217388068025
1.4059909529826182
1.3850306618007282
1.3641377652355966
1.343309104568067
1.3225414645594329
1.3018315756268393
1.281176116017273
1.260571713977445
1.240014949916885
1.2195023585616018
1.199030431095712
1.178595617288493
1.1581943276043534
1.1378229352932647
1.1174777784592547
1.0971551621046247
1.0768513601476204
1.0565626174113558
1.0362851515818685
1.016015155133247
0.9957487972178425
0.9754822255196545
0.955211568069066
0.9349329350172021
0.9146424203682818
0.8943361036684377
0.8740100516495782
0.8536603198269778
0.8332829540493853
0.8128739920005501
0.7924294646511738
0.7719453976604141
0.751417812726172
0.7308427288835092
0.710216163750651
0.68953413472213
0.6687926601087347
0.6479877602240317
0.6271154584173401
0.6061717820531485
0.5851527634370681
0.5640544406885125
0.5428728585603938
0.5216040692062154
0.5002441328950274
0.47878911867479423
0.457235104984802
0.4355781802178155
0.41381444323276806
0.3919400038188461
0.3699509831118963
0.34784351396414853
0.32561374126830467
0.3032578222370962
0.2807719266394673
0.2581522369945894
0.23539494872495456
0.2124962702698374
0.18945242316044583
0.1662596420581117
0.14291417475689547
0.11941228215200003
0.0957502381754048
0.07192432970014302
0.04793085641465227
0.023766130668630456
-0.0005735227081720569
-0.025091766612798723
-0.049792251900155994
-0.07467861763690233
-0.09975449137676982
-0.12502348945595013
-0.1504892173071976
-0.17615526979132834
-0.20202523154482013
-0.2281026773422465
-0.2543911724723079
-0.2808942731262554
-0.30761552679753557
-0.334558472691518
-0.36172664214420464
-0.3891235590488572
-0.41675274028951886
-0.4446176961804458
-0.4727219309105042
-0.5010689429916244
-0.5296622257104414
-0.5585052675822876
-0.5876015528067419
-0.6169545617239798
-0.6465677712712059
-0.6764446554384869
-0.7065886857233312
-0.737003331583397
-0.7676920608867428
-0.7986583403590652
-0.8299056360274004
-0.8614374136597978
-0.8932571392005062
-0.9253682792002336
-0.9577743012410627
-0.9904786743556235
-1.0234848694401453
-1.0567963596610224
-1.090416620854551
-1.1243491319195107
-1.1585973752022791
-1.1931648368741652
-1.2280550073006606
-1.2632713814023069
-1.2988174590068844
-1.3346967451926335
-1.3709127506222174
-1.4074689918671326
-1.4443689917222722
-1.4816162795103351
-1.5192143913757796
-1.557166870568015
-1.5954772677135243
-1.6341491410765874
-1.6731860568082733
-1.7125915891833656
-1.7523693208248876
-1.792522842915872
-1.833055755398004
-1.8739716671567583
-1.9152741961926334
-1.956966969778053
-1.9990536245994786
-2.041537806884281
-2.0844231725119116
-2.1277133871088876
-2.171412126127099
-2.2155230749049006
-2.2600499287104228
-2.304996392766505
-2.3503661822566224
-2.3961630223111796
-2.442390647973545
-2.4890528041451807
-2.5361532455092255
-2.5836957364318707
-2.631684050840889
-2.6801219720806673
-2.7290132927430597
-2.7783618144733624
-2.828171347750728
-2.8784457116423705
-2.929188733530893
-2.9804042488140507
-3.0320961005762586
-3.084268139231154
-3.13692422213458
-3.1900682131673426
-3.2437039822871223
-3.297835405048925
-3.35246636209347
-3.4076007386029312
-3.463242423723477
-3.519395309954055
-3.576063292500879
-3.633250268597084
-3.6909601367870906
-3.7491967961752346
-3.8079641456382602
-3.867266083001356
-3.9271065041774613
-3.987489302269622
-4.048418366636206
-4.109897581918837
-4.171930827032935
-4.234521974120804
-4.297674887467307
-4.361393422378202
-4.425681424021255
-4.490542726230288
-4.5559811502723635
-4.622000503578378
-4.6886045784373405
-4.755797150654674
-4.823581978174892
-4.8919627996690735
-4.960943333087627
-5.030527274178902
-5.100718294974244
-5.17152004224012
-5.242936135897966
-5.31497016741245
-5.38762569814897
-5.460906257701293
-5.534815342190275
-5.609356412534643
-5.684532892694866
-5.760348167891201
-5.8368055827970196
-5.913908439708685
-5.991659996693273
-6.070063465715571
-6.149122010745851
-6.22883874584993
-6.30921673326313
-6.390258981449893
-6.471968443150897
-6.554348013419568
-6.637400527649914
-6.721128759597624
-6.805535419396398
-6.890623151571624
-6.976394533053551
-7.062852071192169
-7.149998201776009
-7.237835287057118
-7.32636561378452
-7.41559139124853
-7.505514749338278
-7.596137736614861
-7.687462318402465
-7.779490374899856
-7.87222369931458
-7.965663996022292
-8.059812878753633
-8.15467186881115
-8.25024239331873
-8.346525783505998
-8.443523273030076
-8.541235996337125
-8.63966498706596
-8.738811176496053
-8.838675392042196
-8.939258355798001
-9.04056068313052
-9.142582881328174
-9.245325348304235
-9.348788371358054
-9.452972125996164
-9.557876674815335
-9.663501966449589
-9.769847834583008
-9.876913997030105
-9.984700054885527
-10.093205491744717
-10.202429672997146
-10.312371845193788
-10.423031135490412
-10.534406551168281
-10.646496979233826
-10.75930118609879
-10.87281781734236
-10.987045397556582
-11.101982330276197
-11.217626897994005
-11.333977262262819
-11.451031463885
-11.568787423190614
-11.687242940405085
-11.80639569610723
-11.926243251778489
-12.046783050444107
-12.168012417406844
-12.28992856107364
-12.41252857387548
-12.535809433280694
-12.659768002901705
-12.784401033695124
-12.909705165254984
-13.0356769271988
-13.162312740645895
-13.289608919787293
-13.417561673546397
-13.546167107329518
-13.675421224865243
-13.805319930131457
-13.93585902936877
-14.067034233178985
-14.198841158707223
-14.331275331906099
-14.464332189880466
-14.598007083311245
-14.732295278956814
-14.86719196223038
-15.0026922398518
-15.138791142572106
-15.275483627968914
-15.412764583310809
-15.550628828488689
-15.689071119011906
-15.828086149066998
-15.967668554636653
-16.107812916676515
-16.248513764347177
-16.38976557829876
-16.531562794005207
-16.67389980514532
-16.816770967027633
-16.960170600056216
-17.10409299323456
-17.24853240770453
-17.393483080317495
-17.538939227234707
-17.684895047554225
-17.83134472696165
-17.978282441401905
-18.125702360769214
-18.273598652612197
-18.42196548585111
-18.570797034504245
-18.720087481420414
-18.869831022014374
-19.020021868002196
-19.17065425113344
-19.32172242691703
-19.47322067833772
-19.625143319559808
-19.777484699614856
-19.930239206070183
-20.083401268675033
-20.23696536298135
-20.39092601393591
-20.545277799440555
-20.700015353877237
-20.855133371594466
-21.010626610352066
-21.1664898947212
-21.322718119436566
-21.479306252697775
-21.6362493394168
-21.793542504408784
-21.951180955523576
-22.109159986715394
-22.267474981048036
-22.42612141363325
-22.585094854499925
-22.74439097139189
-22.904005532492036
-23.063934409070512
-23.22417357805496
-23.384719124520487
-23.54556724409703
-23.70671424529157
-23.868156551722638
-24.029890704264478
-24.191913363098212
-24.354221309667473
-24.516811448535996
-24.679680809144735
-24.842826547466437
-25.006245947555946
-25.16993642299462
-25.333895518227333
-25.49812090979054
-25.66261040742995
-25.827361955106454
-25.992373631888768
-26.157643652731394
-26.323170369136648
-26.488952269699553
-26.654987980534916
-26.821276265585656
-26.987816026811803
-27.154606304259918
-27.321646276012988
-27.488935258020753
-27.656472703810415
-27.82425820407787
-27.992291486159907
-28.160572413387865
-28.3291009843236
-28.497877331878566
-28.66690172231726
-28.836174554146265
-29.00569635689051
-29.175467789758514
-29.345489640198323
-29.515762822345764
-29.686288375366747
-29.857067461695312
-30.02810136516924
-30.19939148906504
-30.37093935403418
-30.542746595942724
-30.714814963616497
-30.88714631649426
-31.059742622191088
-31.23260595397414
-31.405738488153244
-31.57914250138887
-31.752820367920233
-31.926774556716477
-32.10100762855376
-32.27552223302101
-32.45032110545736
-32.62540706382444
-32.80078300551628
-32.97645190410978
-33.15241680605832
-33.32868082733135
-33.50524715000288
-33.68211901879187
-33.85929973755726
-34.036792665750234
-34.21460121482671
-34.392728844622816
-34.57117905969617
-34.74995540563542
-34.92906146534118
-35.108500855281406
-35.28827722172464
-35.46839423695458
-35.64885559546947
-35.82966501016968
-36.01082620853667
-36.19234292880684
-36.374218916143484
-36.556457918810615
-36.73906368435177
-36.922039955777244
-37.10539046776338
-37.289118942867525
-37.473229087762114
-37.65772458949075
-37.84260911174928
-38.027886291195415
-38.213559733790106
-38.39963301117385
-38.58610965708053
-38.77299316379177
-38.9602869786344
-39.14799450052399
-39.33611907655737
-39.52466399865714
-39.71363250027131
-39.90302775313106
-40.092852864069904
-40.28311087190733
-40.47380474439982
-40.664937375262106
-40.85651158126175
-41.04853009939005
-41.2409955841117
-41.433910604695754
-41.6272776426304
-41.82109908912399
-42.01537724269404
-42.21011430684642
-42.405312387846706
-42.60097349258608
-42.797099526543256
-42.993692291843836
-43.19075348541866
-43.388284697262684
-43.58628740879555
-43.784762991325515
-43.983712704617965
-44.18313769556976
-44.383038996990706
-44.58341752649386
-44.784274085496406
-44.98560935833268
-45.18742391148129
-45.38971819290782
-45.59249253152478
-45.79574713676925
-45.99948209829871
-46.20369738580485
-46.40839284894515
-46.61356821739191
-46.819223100998336
-47.025356990080816
-47.231969255816644
-47.43905915075647
-47.64662580945049
-47.85466824918724
-48.0631853708435
-48.272175959843494
-48.48163868722544
-48.69157211081314
-48.90197467649041
-49.11284471957585
-49.32418046629495
-49.53598003534656
-49.7482414395599
-49.96096258763881
-50.17414128599059
-50.38777524063678
-50.60186205920282
-50.81639925298324
-51.03138423907827
-51.2468143425983
-51.46268679893237
-51.678998756077505
-51.89574727702566
-52.112929342204865
-52.33054185197145
-52.54858162915039
-52.76704542162068
-52.98592990494209
-53.20523168502039
-53.42494730080799
-53.64507322703671
-53.865605876979295
-54.08654160523711
-54.30787671055115
-54.529607438634095
-54.75172998502096
-54.97424049793629
-55.19713508117603
-55.420409797001966
-55.64406066904671
-55.868083685226836
-56.092474800661805
-56.31722994059657
-56.542345003325856
-56.767815863118464
-56.99363837313921
-57.21980836836621
-57.44632166850118
-57.67317408087069
-57.90036140331653
-58.127879427073765
-58.3557239396348
-58.58389072759769
-58.81237557949743
-59.04117428861929
-59.27028265579287
-59.49969649216524
-59.729411621951726
-59.95942388516233
-60.18972914030196
-60.42032326704237
-60.65120216886471
-60.882361775671264
-61.11379804636511
-61.34550697139628
-61.57748457527277
-61.80972691903385
-62.04223010268335
-62.274990267580634
-62.50800359878782
-62.74126632737206
-62.97477473266191
-63.208525144456885
-63.44251394518877
-63.67673757203348
-63.91119251897222
-64.14587533880048
-64.38078264508303
-64.6159111140532
-64.85125748645507
-65.08681856932728
-65.32259123772806
-65.55857243640119
-65.79475918138283
-66.03114856154892
-66.26773774010204
-66.50452395599635
-66.74150452529912
-66.978676842488
-67.21603838168338
-67.4535866978151
-67.69131942772239
-67.92923429118545
-68.16732909188669
-68.40560171829985
-68.6440501445047
-68.8826724309241
-69.12146672498089
-69.36043126167196
-69.59956436405689
-69.83886444365855
-70.07833000077419
-70.31795962469498
-70.5577519938327
-70.79770587575199
-71.03782012710705
-71.27809369348243
-71.51852560913754
-71.7591149966554
-71.99986106649624
-72.24076311645729
-72.48182053104017
-72.72303278072741
-72.96439942116928
-73.2059200922817
-73.44759451725639
-73.68942250148388
-73.93140393139055
-74.17353877319118
-74.41582707155868
-74.65826894821333
-74.90086460043335
-75.14361429948775
-75.38651838899335
-75.62957728319869
-75.87279146519798
-76.11616148507797
-76.35968795800063
-76.60337156222484
-76.8472130370695
-77.09121318082073
-77.33537284858535
-77.57969295009384
-77.82417444745575
-78.06881835287011
-78.31362572629423
-78.55859767307363
-78.80373534153712
-79.04903992055979
-79.29451263709663
-79.54015475368973
-79.78596756595218
-80.03195240003171
-80.2781106100584
-80.52444357558144
-80.77095269899993
-81.01763940299188
-81.26450512794517
-81.51155132939388
-81.75877947546164
-82.00619104431505
-82.25378752163041
-82.50157039807729
-82.74954116682213
-82.99770132105547
-83.24605235154546
-83.49459574421938
-83.74333297777513
-83.99226552132357
-84.24139483206316
-84.49072235298807
-84.7402495106321
-84.98997771285109
-85.23990834664652
-85.49004277603238
-85.74038233994678
-85.9909283502095
-86.24168208952675
-86.49264480954285
-86.74381772893956
-86.99520203158305
-87.24679886471915
-87.49860933721618
-87.75063451785445
-88.00287543366164
-88.25533306829334
-88.50800836045755
-88.76090220238291
-89.01401543833026
-89.26734886314853
-89.52090322087508
-89.774679203382
-90.02867744906905
-90.28289854160357
-90.53734300870656
-90.79201132098501
-91.04690389081146
-91.30202107125059
-91.5573631550334
-91.81293037357956
-92.06872289606908
-92.32474082856437
-92.5809842131837
-92.83745302732633
-93.09414718294978
-93.3510665258997
-93.60821083529437
-93.8655798229653
-94.12317313295502
-94.38099034107167
-94.63903095450009
-94.89729441146825
-95.1557800809683
-95.41448726253057
-95.67341518604943
-95.93256301165982
-96.19192982966356
-96.45151466050393
-96.7113164547873
-96.9713340933504
-97.2315663873724
-97.49201207853051
-97.75266983919951
-98.01353827269455
-98.27461591355782
-98.53590122789004
-98.79739261372723
-99.05908840146337
-99.32098685431917
-99.58308616885647
-99.84538447553761
-100.1078798393301
-100.37057026035738
-100.63345367459765
-100.89652795463091
-101.15979091043509
-101.42324029023113
-101.68687378137797
-101.95068901131815
-102.21468354857488
-102.4788549038007
-102.7432005308779
-103.00771782807061
-103.27240413922851
-103.53725675504262
-103.80227291435193
-104.0674498054995
-104.33278456773581
-104.5982742926679
-104.86391602575333
-105.12970676783681
-105.39564347672712
-105.66172306881191
-105.927942420708
-106.19429837094555
-106.4607877216842
-106.72740724045997
-106.99415366196224
-107.26102368984193
-107.52801399855078
-107.79512123521188
-108.0623420215215
-108.3296729556816
-108.59711061436208
-108.86465155469132
-109.13229231627254
-109.40002942322435
-109.66785938624464
-109.93577870469638
-110.20378386871273
-110.47187136131886
-110.74003766056735
-111.00827924168432
-111.27659257922286
-111.54497414922079
-111.81342043136007
-112.0819279111258
-112.35049308196321
-112.61911244743018
-112.88778252334302
-113.15649983991361
-113.42526094387594
-113.69406240059911
-113.96290079618424
-114.23177273954329
-114.50067486445866
-114.76960383162256
-115.03855633065515
-115.30752908210114
-115.57651883940376
-115.84552239085575
-116.11453656152558
-116.38355821515744
-116.65258425604235
-116.92161163085812
-117.1906373304755
-117.45965839172878
-117.72867189914972
-117.99767498666277
-118.26666483923917
-118.53563869450691
-118.80459384431457
-119.07352763624691
-119.34243747509093
-119.61132082425127
-119.88017520711503
-120.14899820836604
-120.41778747524768
-120.68654071877347
-120.9552557148844
-121.22393030555259
-121.49256239983015
-121.76114997484274
-122.02969107672709
-122.29818382151302
-122.56662639595083
-122.83501705828473
-123.1033541389711
-123.37163604133968
-123.63986124219583
-123.90802829236215
-124.17613581715774
-124.44418251681397
-124.71216716682581
-124.98008861823884
-125.24794579787182
-125.51573770847553
-125.78346342882823
-126.05112211376787
-126.31871299416106
-126.58623537680934
-126.85368864429292
-127.12107225475144
-127.38838574160128
-127.65562871318834
-127.92280085237499
-128.1899019160601
-128.4569317346309
-128.7238902113459
-128.9907773216485
-129.25759311241134
-129.5243377011133
-129.79101127495304
-130.05761408990386
-130.32414646971486
-130.59060880486382
-130.85700155146654
-131.12332523014643
-131.38958042486811
-131.6557677817381
-131.92188800777572
-132.18794186965548
-132.45393019242172
-132.71985385817746
-132.9857138047469
-133.25151102431258
-133.5172465620267
-133.7829215145962
-134.04853702884208
-134.31409430023479
-134.57959457140856
-134.84503913065674
-135.1104293104093
-135.37576648569285
-135.64105207257336
-135.90628752658046
-136.17147434111354
-136.43661404583025
-136.7017082050176
-136.96675841594646
-137.23176630721122
-137.4967335370556
-137.7616617916862
-138.02655278357446
-138.291408249747
-138.55622995006314
-138.82101966547833
-139.08577919629278
-139.35051036038334
-139.6152149914173
-139.87989493704748
-140.14455205708776
-140.40918822166913
-140.6738053093771
-140.93840520537225
-141.20298979949695
-141.4675609843701
-141.7321206534719
-141.99667069921958
-142.2612130110352
-142.52574947340472
-142.79028196392855
-143.05481235136344
-143.31934249365403
-143.5838742359543
-143.84840940863873
-144.11294982530453
-144.37749728076946
-144.64205354907082
-144.90662038147022
-145.17119950446838
-145.43579261783472
-145.70040139265754
-145.96502746941994
-146.2296724561056
-146.4943379263386
-146.7590254175627
-147.02373642926293
-147.28847242123126
-147.55323481187745
-147.81802497658438
-148.08284424610858
-148.3476939050274
-148.61257519023624
-148.87748928949767
-149.14243734004467
-149.40742042724023
-149.67243958329672
-149.93749578605875
-150.20258995785295
-150.46772296440804
-150.73289561384695
-150.99810865575296
-151.26336278031135
-151.52865861752798
-151.7939967365262
-152.05937764492342
-152.32480178828973
-152.59026954969
-152.8557812493109
-153.1213371441761
-153.38693742795226
-153.65258223085038
-153.918271619626
-154.1840055976811
-154.4497841052705
-154.7156070198164
-154.98147415633412
-155.24738526797296
-155.51334004667592
-155.77933812396236
-156.04537907183476
-156.31146240380826
-156.57758757606166
-156.84375398870657
-157.1099609871735
-157.37620786371212
-157.64249385900234
-157.9088181638715
-158.17517992111428
-158.4415782274107
-158.70801213533608
-158.97448065545703
-159.24098275850818
-159.50751737764315
-159.77408341075468
-160.0406797228591
-160.3073051485401
-160.5739584944461
-160.8406385418355
-161.10734404916641
-161.37407375472506
-161.6408263792894
-161.90760062882535
-162.17439519721123
-162.44120876898845
-162.70804002213734
-162.97488763087543
-163.24175026847755
-163.50862661011618
-163.77551533571958
-164.04241513284458
-164.30932469955908
-164.57624274732873
-164.843168003903
-165.11009921619396
-165.37703515313913
-165.64397460854164
-165.91091640387847
-166.17785939106787
-166.44480245518986
-166.71174451715325
-166.97868453630355
-167.24562151296806
-167.51255449093566
-167.77948255986786
-168.0464048576369
-168.3133205725863
-168.58022894571042
-168.8471292727491
-169.1140209061919
-169.3809032571865
-169.6477757973467
-169.91463806045664
-170.1814896440656
-170.44833021096866
-170.71515949056885
-170.98197728011706
-171.24878344582618
-171.51557792385967
-171.78236072119427
-172.04913191635484
-172.31589166002033
-172.58264017549942
-172.84937775907457
-173.1161047802123
-173.3828216816401
-173.64952897928953
-173.9162272621041
-174.18291719171071
-174.44959950195386
-174.71627499829066
-174.98294455704564
-175.2496091245226
-175.5162697159702
-175.7829274143963
-176.04958336922627
-176.31623879480262
-176.5828949687253
-176.84955323003314
-177.1162149772284
-177.38288166614743
-177.64955480767966
-177.91623596533677
-178.18292675267398
-178.4496288305655
-178.716343904338
-178.98307372076906
-179.24982006495597
-179.51658475706049
-179.7833696489375
-180.0501766206531
-180.31700757689677
-180.58386444329253
-180.85074916261087
-181.1176636908825
-181.3846099934145
-181.65159004070946
-181.9186058042886
-182.1856592524201
-182.45275234575624
-182.71988703288534
-182.98706524580538
-183.25428889532654
-183.52155986641114
-183.78888001346021
-184.05625115555526
-184.32367507166518
-184.59115349582734
-184.8586881123102
-185.12628055076547
-185.3939323813778
-185.66164511001887
-185.92942017341204
-186.1972589343119
-186.46516267670142
-186.73313260101042
-187.00116981935855
-187.26927535082507
-187.5374501167472
-187.8056949360497
-188.07401052061016
-188.3423974706667
-188.6108562702742
-188.8793872828163
-189.1479907465797
-189.41666677039746
-189.68541532936922
-189.95423626066588
-190.22312925942504
-190.49209387474355
-190.76112950577306
-191.03023539792446
-191.29941063918966
-191.5686541565891
-191.83796471275207
-192.10734090263588
-192.37678115038977
-192.64628370636945
-192.91584664430718
-193.1854678586427
-193.45514506201914
-193.72487578294783
-193.9946573636454
-194.26448695804663
-194.53436152999677
-194.80427785162522
-195.07423250190357
-195.34422186539052
-195.6142421311655
-195.88428929195277
-196.1543591434396
-196.4244472837912
-196.69454911336527
-196.96465983462613
-197.23477445225777
-197.50488777347337
-197.77499440852026
-198.04508877137974
-198.3151650806598
-198.58521736067874
-198.8552394427367
-199.12522496657076
-199.3951673819919
-199.66505995070057
-199.93489574827927
-200.20466766636073
-200.4743684149693
-200.74399052503364
-201.0135263510696
-201.2829680740305
-201.55230770432345
-201.8215370849895
-202.09064789504478
-202.35963165298008
-202.62847972041791
-202.89718330592555
-203.1657334689841
-203.43412112411298
-203.70233704514786
-203.9703718696684
-204.23821610357086
-204.50586012577824
-204.77329419308163
-205.0405084451062
-205.30749290939767
-205.57423750662556
-205.84073205589962
-206.10696628019392
-206.3729298118748
-206.63861219832953
-206.90400290769267
-207.16909133466802
-207.43386680644258
-207.69831858868784
-207.96243589164206
-208.22620787626775
-208.48962366047786
-208.7526723254238
-209.0153429218382
-209.27762447642263
-209.53950599826968
-209.80097648531083
-210.0620249307821
-210.32264032970002
-210.58281168533873
-210.84252801570065
-211.10177835997587
-211.36055178498367
-211.61883739159197
-211.87662432110955
-212.13390176164597
-212.3906589544328
-212.64688520010048
-212.9025698649054
-213.1577023869026
-213.41227228205906
-213.6662691503024
-213.91968268149952
-214.17250266135937
-214.42471897725426
-214.67632162395302
-214.92730070925944
-215.1776464595511
-215.42734922521294
-215.67639948596064
-215.92478785604993
-216.17250508936644
-216.41954208439068
-216.66588988903158
-216.91153970532076
-217.15648289396012
-217.40071097871345
-217.64421565063384
-217.88698877211908
-218.1290223807884
-218.37030869317363
-218.61084010821895
-218.8506092105835
-219.08960877374187
-219.32783176287757
-219.56527133756475
-219.80192085423386
-220.0377738684178
-220.2728241367751
-220.50706561888973
-220.740492478847
-220.97309908658752
-221.2048800190409
-221.43583006104376
-221.66594420604605
-221.8952176566076
-222.12364582468803
-222.35122433173314
-222.5779490085617
-222.8038158950555
-223.028821239656
-223.25296149866944
-223.4762333353819
-223.69863361898587
-223.92015942332267
-224.14080802544635
-224.36057690401475
-224.5794637375124
-224.7974664023099
-225.0145829705654
-225.23081170797371
-225.44615107136605
-225.66059970616396
-225.87415644369042
-226.08682029834125
-226.29859046462246
-226.5094663140605
-226.71944739199347
-226.9285334142521
-227.13672426373975
-227.34401998692053
-227.55042079022266
-227.75592703636445
-227.96053924060968
-228.1642580669604
-228.3670843242971
-228.56901896247788
-228.77006306840846
-228.97021786209527
-229.16948469269343
-229.36786503456048
-229.5653604833262
-229.76197275198908
-229.9577036670489
-230.15255516468434
-230.34652928698412
-230.53962817823933
-230.73185408130482
-230.92320933403764
-231.1136963658207
-231.30331769417919
-231.4920759214949
-231.67997373182217
-231.86701388780781
-232.05319922771534
-232.2385326625549
-232.42301717331745
-232.6066558083114
-232.78945168059929
-232.97140796553273
-233.1525278983847
-233.3328147720774
-233.51227193500355
-233.69090278893688
-233.868710787028
-234.04569943188127
-234.2218722737093
-234.39723290856315
-234.57178497663537
-234.74553216063188
-234.91847818421044
-235.09062681048155
-235.2619818405694
-235.43254711223014
-235.60232649852466
-235.77132390654444
-235.9395432761864
-236.1069885789734
-236.27366381691374
-236.43957302139458
-236.6047202521015
-236.76910959595963
-236.93274516609173
-237.09563110078827
-237.2577715624868
-237.4191707367565
-237.57983283128394
-237.7397620748554
-237.89896271633322
-238.05743902362107
-238.2151952826152
-238.3722357961369
-238.52856488284257
-238.68418687610776
-238.83910612288125
-238.9933269825046
-239.14685382549075
-239.29969103225514
-239.45184299179456
-239.60331410030878
-239.75410875976056
-239.90423137637023
-240.05368635904117
-240.2024781177158
-240.3506110616622
-240.4980895976914
-240.64491812830758
-240.79110104979256
-240.93664275022635
-241.08154760744398
-241.2258199869311
-241.36946423966057
-241.5124846998726
-241.65488568280327
-241.79667148236646
-241.93784636879283
-242.07841458622804
-242.2183803502928
-242.3577478456077
-242.4965212232839
-242.6347045983825
-242.77230204734767
-242.9093176054184
-243.04575526402388
-243.18161896816738
-243.31691261380453
-243.45164004522323
-243.58580505243455
-243.71941136858433
-243.85246266739475
-243.9849625606457
-244.11691459570417
-244.24832225311113
-244.37918894423544
-244.50951800900472
-244.63931271372186
-244.76857624897409
-244.89731172764024
-245.02552218300067
-245.15321056695163
-245.2803797483268
-245.40703251132797
-245.53317155406646
-245.65879948721474
-245.78391883276888
-245.90853202292075
-246.03264139903828
-246.15624921075275
-246.2793576151523
-246.40196867608026
-246.52408436353673
-246.64570655318172
-246.76683702593752
-246.88747746768738
-247.0076294690675
-247.12729452535177
-247.24647403642848
-247.36516930687003
-247.48338154609564
-247.60111186862855
-247.71836129445023
-247.83513074945313
-247.95142106599178
-248.0672329835313
-248.1825671493923
-248.29742411959046
-248.41180435977049
-248.52570824623444
-248.639136067065
-248.7520880233435
-248.86456423046047
-248.97656471951518
-249.0880894388008
-249.19913825537037
-249.3097109566786
-249.41980725229632
-249.52942677569172
-249.63856908607113
-249.74723367027332
-249.85541994471237
-249.9631272573631
-250.07035488978158
-250.17710205915478
-250.2833679203752
-250.38915156813414
-250.49445203902746
-250.5992683136701
-250.7035993188133
-250.80744392946008
-250.91080097097483
-251.01366922118268
-251.116047412454
-251.21793423376948
-251.31932833276187
-251.42022831773193
-251.5206327596377
-251.62054019405628
-251.71994912311698
-251.81885801740623
-251.91726531784434
-252.01516943753313
-252.11256876357493
-252.20946165886357
-252.30584646385
-252.401721498283
-252.49708506292495
-252.59193544124264
-252.6862709010743
-252.78008969627422
-252.873390068336
-252.96617024799752
-253.0584284568315
-253.15016290882568
-253.24137181195692
-253.33205336976266
-253.4222057829138
-253.51182725079366
-253.60091597308633
-253.68947015137815
-253.7774879907745
-253.86496770153462
-253.95190750072538
-254.0383056138935
-254.12416027675522
-254.20946973690093
-254.29423225551204
-254.37844610908678
-254.46210959117116
-254.5452210140927
-254.62777871069716
-254.70978103608672
-254.79122636935995
-254.87211311535407
-254.95243970639262
-255.03220460404077
-255.11140630086857
-255.19004332222084
-255.26811422799278
-255.34561761440887
-255.4225521158021
-255.49891640639066
-255.5747092020522
-255.64992926209334
-255.7245753910115
-255.7986464402461
-255.87214130991833
-255.94505895055931
-256.0173983648249
-256.08915860919524
-256.1603387956577
-256.2309380933698
-256.30095573029666
-256.37039099481626
-256.4392432372854
-256.50751187156266
-256.5751963764817
-256.64229629726947
-256.70881124690504
-256.7747409074143
-256.840085031095
-256.90484344166543
-256.96901603533206
-257.03260278177186
-257.0956037250296
-257.15801898433165
-257.219848754821
-257.2810933082196
-257.3417529934254
-257.401828237048
-257.4613195438858
-257.52022749734806
-257.5785527598248
-257.6362960730057
-257.69345825815003
-257.7500402163075
-257.80604292849375
-257.8614674558214
-257.9163149395911
-257.9705866013451
-258.02428374288775
-258.0774077462754
-258.12996007377797
-258.18194226781156
-258.23335595083927
-258.28420282523393
-258.3344846730995
-258.3842033560461
-258.43336081491634
-258.48195906946125
-258.5300002179613
-258.57748643678974
-258.6244199799155
-258.67080317834393
-258.7166384394952
-258.76192824651866
-258.8066751575427
-258.85088180486173
-258.8945508940599
-258.9376852030748
-258.9802875812054
-259.02236094806835
-259.06390829250904
-259.1049326714733
-259.1454372088458
-259.1854250942606
-259.22489958188817
-259.2638639892002
-259.30232169571605
-259.34027614173306
-259.377730827043
-259.41468930963447
-259.45115520438003
-259.48713218170974
-259.5226239662736
-259.55763433559605
-259.5921671187234
-259.6262261948648
-259.6598154920223
-259.69293898560454
-259.72560069701626
-259.75780469221945
-259.7895550802609
-259.82085601176163
-259.8517116773619
-259.8821263061159
-259.91210416382773
-259.94164955131987
-259.97076680262217
-259.99946028307295
-260.0277343873229
-260.055593537234
-260.08304217966725
-260.11008478415283
-260.13672584043957
-260.16296985591543
-260.1888213528921
-260.21428486574814
-260.23936493792576
-260.2640661187752
-260.28839296024444
-260.3123500134111
-260.33594182485695
-260.359172932888
-260.38204786360325
-260.40457112681406
-260.42674721181606
-260.4485805830177
-260.4700756754296
-260.4912368900216
-260.5120685889535
-260.5325750906868
-260.55276066498277
-260.57262952779456
-260.5921858360605
-260.6114336824053
-260.63037708975526
-260.6490200058729
-260.66736629781735
-260.6854197463372
-260.70318404020395
-260.7206627704968
-260.73785942484596
-260.7547773816434
-260.77141990423
-260.7877901350703
-260.8038910899238
-260.8197256520218
-260.8352965662573
-260.85060643339807
-260.8656577043332
-260.8804526743629
-260.8949934775417
-260.9092820810854
-260.9233202798541
-260.93710969092217
-260.95065174824776
-260.96394769745643
-260.9769985907519
-260.98980528196694
-261.00236842176287
-261.0146884529879
-261.0267656062065
-261.0385998954107
-261.05019111392335
-261.0615388305034
-261.0726423856652
-261.0835008882209
-261.0941132120547
-261.10447799313556
-261.11459362677897
-261.1244582651666
-261.1340698151355
-261.14342593625065
-261.1525240391727
-261.16136128433254
-261.1699345809227
-261.1782405862125
-261.1862757051929
-261.19403609055803
-261.20151764303
-261.2087160120309
-261.21562659670917
-261.22224454732554
-261.22856476700167
-261.234581913837
-261.24029040340065
-261.2456844116025
-261.2507578779471
-261.2555045091731
-261.25991778328216
-261.2639909539614
-261.267717055405
-261.2710889075422
-261.27409912167445
-261.27674010652186
-261.27900407468246
-261.2808830495062
-261.28236887238495
-261.2834532104614
-261.2841275647563
-261.2843832787123
-261.2842115471515
-261.28360342564133
-261.2825498402615
-261.28104159776035
-261.2790693960908
-261.276623835309
-261.2736954288205
-261.27027461495413
-261.2663517688468
-261.26191721462123
-261.25696123784087
-261.25147409822466
-261.2454460426054
-261.2388673181121
-261.2317281855541
-261.2240189329829
-261.2157298894094
-261.2068514386535
-261.19737403330345
-261.18728820876385
-261.1765845973736
-261.1652539425767
-261.15328711312935
-261.1406751173244
-261.1274091172119
-261.1134804427924
-261.09888060616
-261.08360131557464
-261.06763448944406
-261.0509722701931
-261.03360703800007
-261.0155314243777
-260.9967383255768
-260.9772209157922
-260.9569726601507
-260.9359873274631
-260.91425900272037
-260.89178209931396
-260.86855137096217
-260.8445619233252
-260.8198092252939
-260.79428911993745
-260.76799783509676
-260.7409319936109
-260.7130886231632
-260.6844651657354
-260.6550594866587
-260.62486988325116
-260.5938950930351
-260.5621343015259
-260.52958714958385
-260.4962537403189
-260.46213464553983
-260.42723091174247
-260.3915440656269
-260.3550761191347
-260.31782957399827
-260.27980742579206
-260.24101316747823
-260.201450792437
-260.161124796974
-260.1200401822941
-260.07820245593
-260.0356176326147
-259.9922922345874
-259.9482332913273
-259.9034483387074
-259.8579454175651
-259.8117330716847
-259.7648203451883
-259.71721677933004
-259.66893240869143
-259.6199777567726
-259.57036383097824
-259.520102116995
-259.46920457255504
-259.4176836205783
-259.36555214168646
-259.31282346608344
-259.25951136479983
-259.2056300403023
-259.1511941164719
-259.09621862795547
-259.0407190088935
-258.984711081031
-258.92821104121884
-258.8712354483193
-258.813801209528
-258.7559255661292
-258.69762607870274
-258.638920611806
-258.5798273181544
-258.5203646223237
-258.4605512039972
-258.4004059807807
-258.3399480906093
-258.2791968737726
-258.2181718545839
-258.1568927227178
-258.09537931424046
-258.033651592357
-257.97172962790404
-257.90963357961454
-257.84738367418385
-257.78500018616563
-257.72250341772536
-257.659913678279
-257.59725126404163
-257.53453643751135
-257.4717894069083
-257.4090303055895
-257.34627917146025
-257.2835559264003
-257.22088035572614
-257.15827208770787
-257.0957505731614
-257.0333350651346
-256.97104459870656
-256.90889797091944
-256.846913720861
-256.7851101099163
-256.7235051022082
-256.6621163452432
-256.60096115078085
-256.54005647594835
-256.4794189046217
-256.4190646290944
-256.3590094320527
-256.2992686688771
-256.2398572502895
-256.1807896253669
-256.1220797649468
-256.0637411454481
-256.0057867331349
-255.94822896885165
-255.89107975326027
-255.8343504326087
-255.77805178505554
-255.72219400757575
-255.6667867034709
-255.61183887050714
-255.55735888970474
-255.5033545148023
-255.44983286241603
-255.39680040291222
-255.34426295200927
-255.29222566312222
-255.24069302046126
-255.1896688328938
-255.13915622857684
-255.08915765036494
-255.0396748519958
-254.99070889505396
-254.9422601467133
-254.89432827826016
-254.84691226439458
-254.80001038330914
-254.7536202175442
-254.70773865561813
-254.66236189443356
-254.61748544246046
-254.5731041236972
-254.52921208241122
-254.48580278865887
-254.44286904458403
-254.40040299149285
-254.35839611769683
-254.31683926711656
-254.27572264863642
-254.23503584619738
-254.19476782961482
-254.1549069661068
-254.11544103251885
-254.0763572282321
-254.03764218874284
-253.99928199990308
-253.96126221281173
-253.92356785934697
-253.88618346832953
-253.84909308230652
-253.81228027494143
-253.77572816899368
-253.73941945486985
-253.7033364097287
-253.66746091712065
-253.63177448714345
-253.5962582770946
-253.5608931125982
-253.52565950918182
-253.4905376942781
-253.4555076296271
-253.420549034055
-253.38564140659983
-253.35076404995644
-253.31589609421044
-253.2810165208322
-253.24610418690114
-253.2111378495289
-253.1760961904496
-253.1409578407437
-253.10570140566293
-253.0703054895247
-253.03474872064604
-252.999009776284
-252.96306740754895
-252.92690046425506
