-4.2112710369451394e-13
-7.091109699719019e-12
-5.984402086177087e-11
-3.3981094972344863e-10
-1.469910897541772e-09
-5.195729171376473e-09
-1.5705149326963994e-08
-4.1905576918610066e-08
-1.0102508131293535e-07
-2.2393898914724637e-07
-4.626475219129219e-07
-9.003440491193641e-07
-1.664518434940204e-06
-2.9435367389310856e-06
-5.007128082646336e-06
-8.231192651768275e-06
-1.3127322353740953e-05
-2.037739833024543e-05
-3.087359802084379e-05
-4.576410943161364e-05
-6.650481227965017e-05
-9.491714531814272e-05
-0.000133252336914513
-0.00018426213233480496
-0.00025127610662375365
-0.0003382856068695861
-0.0004500343223802124
-0.0005921154362159785
-0.000771075266936533
-0.0009945232656100654
-0.0012712481903594836
-0.0016113402392133956
-0.0020263188819970236
-0.0025292660936233335
-0.0031349646545898134
-0.003860041149892856
-0.004723113265061369
-0.005744940947687411
-0.0069485809747803304
-0.00835954444056168
-0.010005956656005349
-0.011918718930550916
-0.01413167168800462
-0.016681758352705935
-0.019609189428580708
-0.02295760618271599
-0.02677424333655839
-0.031110090161729158
-0.036020049373729324
-0.041563093215432736
-0.047802416123182784
-0.05480558337146233
-0.06264467509743192
-0.07139642511405984
-0.08114235393002583
-0.09196889540598831
-0.10396751649008254
-0.1172348294905771
-0.13187269636037097
-0.14798832448637508
-0.16569435349669512
-0.1851089326198243
-0.20635578815267322
-0.22956428061810932
-0.2548694512176551
-0.2824120572110035
-0.3123385958809589
-0.344801316770203
-0.3799582219048178
-0.41797305374868826
-0.45901527066264514
-0.5032600096724209
-0.5508880363800719
-0.6020856818843864
-0.6570447666068665
-0.7159625109510465
-0.7790414327541112
-0.8464892315209296
-0.9185186594616306
-0.9953473793846652
-1.077197809527821
-1.1642969554398264
-1.2568762290549325
-1.3551712551321218
-1.459421665259311
-1.5698708796510144
-1.6867658769953762
-1.8103569526332128
-1.9408974653776674
-2.0786435733082187
-2.2238539588970636
-2.376789543849272
-2.537713194060533
-2.7068894151177463
-2.8845840387881085
-3.071063900961746
-3.2665965115312465
-3.471449716708686
-3.6858913542968375
-3.9101889024462673
-4.144609122443887
-4.3894176960911775
-4.644878858241805
-4.91125502507869
-5.188806418719751
-5.477790688749523
-5.778462531280604
-6.091073306154493
-6.41587065289582
-6.753098106037208
-7.102994710434018
-7.465794637189113
-7.841726800807557
-8.23101447819986
-8.633874930149915
-9.050519025860282
-9.481150871182912
-9.925967441137585
-10.385158217313643
-10.858904830742828
-11.347380710822447
-11.850750740858443
-12.369170920787381
-12.902788037624914
-13.45173934417589
-14.016152246528078
-14.596144000837667
-15.191821419899936
-15.803280589983185
-16.430606598387765
-17.073873272175458
-17.73314292849707
-18.408466136928237
-19.099881494204535
-19.807415411727927
-20.53108191619719
-21.270882463694985
-22.026805767543944
-22.798827640223518
-23.586910849618132
-24.391004989845865
-25.211046366895115
-26.046957899275125
-26.89864903386407
-27.766015677116336
-28.6489401417684
-29.547291109160476
-30.460923607268704
-31.389679004520154
-32.333385019440804
-33.291855746164394
-34.264891695807584
-35.25227985369474
-36.25379375239361
-37.26919356050188
-38.298226187102834
-39.34062540178723
-40.39611197011737
-41.464393804388855
-42.54516612952539
-43.63811166392184
-44.74290081503073
-45.85919188946814
-46.98663131739607
-48.124853890920285
-49.27348301622549
-50.43213097915224
-51.60039922390387
-52.77787864455592
-53.9641498890258
-55.15878367514522
-56.36134111846376
-57.57137407139839
-58.788425473330555
-60.01202971124018
-61.24171299045445
-62.4769937150782
-63.71738287766162
-64.96238445765117
-66.21149582815967
-67.4642081705827
-68.72000689658084
-69.97837207693946
-71.23877887681014
-72.50069799683176
-73.76359611962282
-75.0269363611324
-76.29017872633351
-77.55278056873901
-78.81419705321655
-80.07388162157672
-81.3312864604067
-82.585862970621
-83.83706223820131
-85.08433550559805
-86.32713464326723
-87.56491262081902
-88.79712397725613
-90.02322528978418
-91.24267564068047
-92.45493708171311
-93.6594750956073
-94.85575905406215
-96.04326267182743
-97.22146445635762
-98.38984815256758
-99.54790318222312
-100.69512507750885
-101.83101590832443
-102.95508470287022
-104.06684786109285
-105.16582956057293
-106.25156215444888
-107.3235865609826
-108.38145264438371
-109.42471958652031
-110.45295624915666
-111.46574152637008
-112.46266468681226
-113.4433257054922
-114.40733558477125
-115.35431666427444
-116.28390291943747
-117.1957402484225
-118.0894867471507
-118.96481297221457
-119.82140219144723
-120.65895062194163
-121.47716765532668
-122.2757760701226
-123.05451223101231
-123.8131262748813
-124.55138228349328
-125.26905844268462
-125.96594718797658
-126.64185533651997
-127.2966042053022
-127.93002971556169
-128.54198248336948
-129.13232789635302
-129.70094617655073
-130.24773242940094
-130.7725966788826
-131.27546388884153
-131.756273970551
-132.2149817765691
-132.65155708096896
-133.0659845460315
-133.458263675503
-133.82840875453545
-134.17644877644048
-134.50242735640032
-134.80640263229262
-135.08844715279716
-135.3486477529647
-135.58710541743986
-135.803935131543
-135.99926572042764
-136.17323967654184
-136.3260129756333
-136.45775488154928
-136.5686477400931
-136.6588867622087
-136.72867979677554
-136.7782470933038
-136.80782105482936
-136.8176459813141
-136.80797780386652
-136.77908381010562
-136.73124236099684
-136.66474259949442
-136.57988415132778
-136.4769768182754
-136.35634026427456
-136.2183036947196
-136.06320552930416
-135.8913930687642
-135.70322215588172
-135.4990568311131
-135.2792689832078
-135.04423799518523
-134.79435038603938
-134.5299994485405
-134.25158488350363
-133.95951243089362
-133.6541934981366
-133.33604478600765
-133.0054879124647
-132.66294903479857
-132.30885847046684
-131.94365031697944
-131.56776207120188
-131.18163424844138
-130.7857100016778
-130.38043474129918
-129.96625575569547
-129.54362183306048
-129.1129828847468
-128.6747895705129
-128.22949292599756
-127.77754399275128
-127.31939345114964
-126.85549125650758
-126.38628627870892
-125.91222594565821
-125.433755890855
-124.95131960538416
-124.46535809460968
-123.97630953985302
-123.48460896533052
-122.99068791061828
-122.49497410890514
-121.99789117128775
-121.49985827735397
-121.00128987229313
-120.50259537076217
-120.00417886772802
-119.50643885649892
-119.00976795414842
-118.51455263452773
-118.02117296905296
-117.53000237544337
-117.04140737457773
-116.55574735562529
-116.07337434959847
-115.59463281146442
-115.1198594109435
-114.64938283211292
-114.18352358192307
-113.72259380772427
-113.26689712389158
-112.8167284476274
-112.3723738440117
-111.93411038036074
-111.50220598994544
-111.07691934511264
-110.65849973984258
-110.24718698176731
-109.8432112936655
-109.44679322443905
-109.05814356956775
-108.67746330102877
-108.30494350665823
-107.94076533892395
-107.58509997306932
-107.23810857457944
-106.89994227591184
-106.57074216242633
-106.25063926743998
-105.93975457632486
-105.63819903955938
-105.3460735946377
-105.06346919673457
-104.79046685801565
-104.52713769547564
-104.27354298717945
-104.02973423677396
-103.7957532461328
-103.57163219598989
-103.35739373441221
-103.15305107295514
-102.95860809033788
-102.77405944347153
-102.59939068566713
-102.43457839184568
-102.27959029056764
-102.13438540269534
-101.9989141864959
-101.8731186889877
-101.75693270332967
-101.65028193204775
-101.55308415589003
-101.4652494080972
-101.38668015387192
-101.31727147482799
-101.25691125819675
-101.20548039056634
-101.1628529559256
-101.12889643778239
-101.10347192512303
-101.08643432197734
-101.0776325603514
-101.07690981628879
-101.08410372881885
-101.0990466215509
-101.12156572667392
-101.1514834111223
-101.18861740466765
-101.23278102969643
-101.28378343243425
-101.34142981537879
-101.40552167070429
-101.47585701440336
-101.55223062093343
-101.63443425813786
-101.72225692221458
-101.81548507250717
-101.91390286589662
-102.01729239057546
-102.12543389898794
-102.2381060397229
-102.35508608814963
-102.47615017559112
-102.60107351683406
-102.72963063578028
-102.8615955890481
-102.99674218733607
-103.13484421436512
-103.27567564322
-103.41901084991584
-103.5646248240197
-103.7122933761615
-103.8617933422728
-104.01290278439673
-104.16540118791717
-104.31906965506221
-104.47369109454178
-104.6290504071851
-104.78493466744851
-104.94113330066966
-105.09743825594933
-105.25364417454762
-105.4095485536867
-105.56495190565693
-105.71965791212813
-105.87347357357385
-106.02620935372158
-106.1776793189481
-106.32770127254355
-106.47609688377293
-106.62269181166926
-106.7673158234984
-106.90980290784023
-107.04999138223752
-107.18772399536977
-107.32284802371532
-107.45521536267029
-107.58468261209794
-107.71111115628821
-107.83436723831335
-107.95432202877157
-108.07085168891672
-108.18383742817821
-108.29316555608068
-108.39872752857775
-108.50041998881932
-108.59814480237696
-108.69180908695728
-108.78132523663828
-108.8666109406696
-108.94758919688161
-109.02418831975376
-109.09634194319756
-109.1639890181142
-109.22707380479187
-109.28554586021232
-109.33936002033931
-109.3884763774654
-109.43286025269742
-109.47248216366552
-109.50731778754368
-109.537347919475
-109.56255842649796
-109.58294019707398
-109.59848908631909
-109.60920585704605
-109.61509611672568
-109.61617025048008
-109.61244335022263
-109.60393514006171
-109.59066989808787
-109.57267637466555
-109.54998770735267
-109.52264133257313
-109.49067889416847
-109.45414614895662
-109.41309286942635
-109.36757274369722
-109.31764327287647
-109.26336566594489
-109.20480473230612
-109.1420287721337
-109.07510946465163
-109.00412175448491
-108.92914373621761
-108.85025653729554
-108.76754419941142
-108.68109355851095
-108.59099412355795
-108.49733795419581
-108.40021953744133
-108.29973566354613
-108.19598530116059
-108.08906947193316
-107.97909112467642
-107.86615500922994
-107.75036755014912
-107.63183672034825
-107.51067191482457
-107.38698382458676
-107.26088431090977
-107.13248628003646
-107.00190355844484
-106.86925076879663
-106.73464320668018
-106.59819671825778
-106.46002757892529
-106.32025237308892
-106.17898787516219
-106.03635093188416
-105.89245834605697
-105.74742676179778
-105.60137255139841
-105.45441170388301
-105.30665971535097
-105.15823148118955
-105.00924119023807
-104.85980222098397
-104.71002703986665
-104.56002710176313
-104.40991275272609
-104.25979313504149
-104.10977609466885
-103.95996809112317
-103.81047410985433
-103.66139757717518
-103.51284027778716
-103.36490227494856
-103.21768183332811
-103.07127534458344
-102.92577725570048
-102.78128000012747
-102.63787393173367
-102.49564726162008
-102.35468599780653
-102.21507388781605
-102.0768923641741
-101.94022049283761
-101.80513492456645
-101.67170984924722
-101.54001695317673
-101.41012537930997
-101.28210169047519
-101.15600983555485
-101.03191111862951
-100.90986417107932
-100.7899249266362
-100.67214659937609
-100.55657966463808
-100.44327184285474
-100.33226808627533
-100.22361056856151
-100.11733867723363
-100.01348900894332
-99.91209536754603
-99.813188764944
-99.71679742466698
-99.62294678815532
-99.53165952370874
-99.44295553806158
-99.35685199054295
-99.27336330977731
-99.19250121288006
-99.1142747271001
-99.03869021385877
-98.96575139513207
-98.89545938212096
-98.82781270615338
-98.76280735175975
-98.700436791863
-98.64069202502286
-98.58356161467303
-98.5290317302897
-98.4770861904285
-98.42770650756482
-98.38087193467071
-98.33655951346041
-98.29474412423654
-98.25539853726706
-98.2184934656227
-98.18399761940337
-98.15187776128163
-98.12209876329108
-98.09462366478623
-98.06941373149992
-98.04642851562458
-98.02562591684271
-98.00696224423221
-97.99039227897127
-97.975869337768
-97.96334533694038
-97.95277085707299
-97.94409520817815
-97.9372664952899
-97.93223168441999
-97.9289366688058
-97.92732633538047
-97.92734463139583
-97.92893463112976
-97.9320386026095
-97.93659807428365
-97.94255390157694
-97.94984633326202
-97.95841507758415
-97.96819936807536
-97.9791380289963
-97.99116954034581
-98.00423210237965
-98.01826369958177
-98.0332021640322
-98.04898523811788
-98.06555063653444
-98.08283610752959
-98.1007794933398
-98.11931878977371
-98.13839220489784
-98.15793821678095
-98.17789563025507
-98.19820363265227
-98.21880184847792
-98.2396303929829
-98.2606299245982
-98.28174169619739
-98.30290760515423
-98.32407024216444
-98.3451729388024
-98.36615981378678
-98.38697581792972
-98.40756677774537
-98.42787943769461
-98.44786150104447
-98.46746166932142
-98.48662968033919
-98.50531634478317
-98.52347358133544
-98.54105445032529
-98.55801318589134
-98.5743052266423
-98.58988724480433
-98.60471717384597
-98.61875423457307
-98.63195895968794
-98.64429321680744
-98.65572022993636
-98.66620459939269
-98.67571232018234
-98.68421079882215
-98.69166886861113
-98.69805680335092
-98.70334632951743
-98.70751063688645
-98.7105243876175
-98.71236372380187
-98.71300627348316
-98.7124311551598
-98.71061898078003
-98.70755185723985
-98.7032133863971
-98.6975886636155
-98.69066427485402
-98.68242829231801
-98.67287026869096
-98.66198122996647
-98.64975366690234
-98.63618152511899
-98.62126019386628
-98.60498649348321
-98.5873586615763
-98.56837633794314
-98.5480405482675
-98.52635368661365
-98.50331949674805
-98.47894305231861
-98.45323073592292
-98.42619021709706
-98.3978304292576
-98.36816154563039
-98.33719495420061
-98.30494323171806
-98.27142011679368
-98.23664048212399
-98.20062030588107
-98.16337664230647
-98.12492759154756
-98.08529226877621
-98.04449077263038
-98.0025441530199
-97.9594743783384
-97.91530430212273
-97.8700576292018
-97.82375888137696
-97.77643336267678
-97.72810712422799
-97.67880692878518
-97.628560214962
-97.57739506120524
-97.5253401495531
-97.47242472921832
-97.41867858003647
-97.36413197581939
-97.30881564765284
-97.25276074717746
-97.1959988098906
-97.13856171850588
-97.08048166640762
-97.02179112123562
-96.96252278863525
-96.90270957620598
-96.84238455768192
-96.78158093737792
-96.7203320149334
-96.65867115038722
-96.59663172961538
-96.5342471301635
-96.4715506875053
-96.40857566175848
-96.34535520488802
-96.28192232842534
-96.2183098717297
-96.15455047081807
-96.09067652778762
-96.02672018085363
-95.9627132750239
-95.8986873334305
-95.83467352933778
-95.77070265884569
-95.70680511430643
-95.64301085847168
-95.57934939938727
-95.51584976605065
-95.45254048484557
-95.3894495567674
-95.32660443545203
-95.26403200602019
-95.2017585647479
-95.13980979957213
-95.07821077143942
-95.01698589650422
-94.95615892918224
-94.89575294606422
-94.83579033069608
-94.77629275923081
-94.71728118695759
-94.65877583571282
-94.60079618217569
-94.54336094705101
-94.48648808514005
-94.43019477629932
-94.37449741728673
-94.31941161449387
-94.26495217756198
-94.2111331138793
-94.15796762395527
-94.10546809766615
-94.05364611136596
-94.0025124258569
-93.95207698521196
-93.9023489164426
-93.85333653000382
-93.80504732112772
-93.7574879719767
-93.71066435460588
-93.66458153472385
-93.61924377624084
-93.57465454659231
-93.53081652282535
-93.48773159843435
-93.44540089093172
-93.40382475013834
-93.36300276717745
-93.32293378415497
-93.2836159045082
-93.24504650400453
-93.20722224237224
-93.17013907554426
-93.13379226849653
-93.09817640866103
-93.06328541989362
-93.0291125769763
-92.99565052063187
-92.9628912730279
-92.93082625374686
-92.89944629619853
-92.86874166445122
-92.83870207045716
-92.80931669164814
-92.78057418887722
-92.75246272468299
-92.72496998185268
-92.69808318226178
-92.67178910596643
-92.64607411052471
-92.6209241505231
-92.5963247972838
-92.57226125872872
-92.54871839937648
-92.52568076044948
-92.50313258006754
-92.48105781350519
-92.45944015348887
-92.43826305051012
-92.41750973312988
-92.39716322824957
-92.37720638132528
-92.35762187650069
-92.33839225663492
-92.31949994320276
-92.300927256045
-92.2826564329467
-92.26466964902177
-92.24694903588416
-92.22947670058689
-92.21223474431163
-92.19520528079165
-92.17837045445215
-92.16171245825258
-92.14521355121606
-92.1288560756313
-92.1126224739133
-92.09649530510883
-92.08045726103315
-92.06449118202461
-92.04858007230469
-92.03270711493117
-92.01685568633361
-92.00100937042016
-91.98515197224579
-91.96926753123292
-91.95334033393631
-91.93735492634478
-91.9212961257136
-91.90514903192282
-91.88889903835782
-91.87253184230902
-91.8560334548874
-91.83939021045371
-91.82258877556008
-91.80561615740301
-91.78845971178824
-91.7711071506089
-91.75354654883945
-91.73576635104844
-91.71775537743379
-91.69950282938562
-91.68099829458204
-91.66223175162436
-91.6431935742183
-91.62387453490767
-91.6042658083664
-91.58435897425484
-91.56414601964669
-91.54361934103436
-91.52277174592025
-91.50159645400159
-91.48008709795597
-91.45823772383501
-91.43604279107349
-91.41349717212218
-91.39059615171205
-91.3673354257589
-91.3437110999168
-91.31971968778846
-91.29535810880027
-91.27062368574987
-91.245514142034
-91.22002759856441
-91.19416257037945
-91.16791796295941
-91.14129306825426
-91.11428756043195
-91.08690149135471
-91.05913528579147
-91.0309897363747
-91.0024659983098
-90.97356558384509
-90.94429035651031
-90.91464252513147
-90.8846246376299
-90.85423957461349
-90.8234905427682
-90.7923810680572
-90.76091498873434
-90.7290964481784
-90.69692988755408
-90.66442003830657
-90.63157191449655
-90.59839080498269
-90.56488226545771
-90.5310521103441
-90.49690640455601
-90.46245145513383
-90.42769380275907
-90.39264021315667
-90.35729766839206
-90.32167335806965
-90.28577467043915
-90.24960918341601
-90.21318465552322
-90.17650901676252
-90.13959035942248
-90.10243692883076
-90.06505711405732
-90.0274594385764
-89.9896525508952
-89.95164521515706
-89.91344630172553
-89.87506477775555
-89.83650969775825
-89.7977901941667
-89.75891546791043
-89.71989477900611
-89.68073743717305
-89.64145279248153
-89.60205022604289
-89.56253914074996
-89.52292895207763
-89.48322907895279
-89.44344893470254
-89.4035979180896
-89.36368540444307
-89.32372073689358
-89.28371321772097
-89.24367209982343
-89.20360657831596
-89.16352578226629
-89.12343876657538
-89.08335450400894
-89.0432818773864
-89.00322967193331
-88.96320656780411
-88.92322113278153
-88.88328181515892
-88.84339693681132
-88.80357468646157
-88.76382311314747
-88.72415011989683
-88.6845634576177
-88.64507071921066
-88.60567933391128
-88.56639656186935
-88.52722948897265
-88.4881850219219
-88.44926988356401
-88.41049060849078
-88.37185353890852
-88.3333648207833
-88.2950304002648
-88.25685602039181
-88.21884721808095
-88.18100932140106
-88.14334744713523
-88.10586649863245
-88.06857116395003
-88.03146591428714
-87.99455500270955
-87.95784246316435
-87.92133210978199
-87.88502753646304
-87.84893211674733
-87.81304900396282
-87.77738113165168
-87.74193121427032
-87.70670174815979
-87.6716950127838
-87.63691307223138
-87.60235777698114
-87.56803076592365
-87.53393346863805
-87.50006710791871
-87.46643270254702
-87.4330310703022
-87.39986283120476
-87.36692841098665
-87.3342280447817
-87.30176178102926
-87.26952948558363
-87.23753084602168
-87.20576537614119
-87.17423242064177
-87.14293115997822
-87.1118606153762
-87.08101965399914
-87.05040699425439
-87.0200212112266
-86.98986074222677
-86.95992389244537
-86.93020884069762
-86.90071364524812
-86.87143624970253
-86.84237448895323
-86.81352609516665
-86.78488870379982
-86.75645985963371
-86.72823702281147
-86.70021757486955
-86.67239882474956
-86.64477801478034
-86.61735232661994
-86.59011888714753
-86.56307477429488
-86.53621702280617
-86.50954262991519
-86.48304856092972
-86.45673175471342
-86.43058912905423
-86.4046175859093
-86.3788140165164
-86.35317530636229
-86.32769834000004
-86.3023800057071
-86.27721719997663
-86.2522068318346
-86.22734582697598
-86.20263113171353
-86.17805971673357
-86.15362858065265
-86.12933475337087
-86.10517529921827
-86.0811473198915
-86.05724795717884
-86.0334743954723
-86.00982386406537
-85.9862936392363
-85.96288104611637
-85.93958346034475
-85.91639830951107
-85.89332307438775
-85.87035528995528
-85.84749254622335
-85.82473248885145
-85.80207281957274
-85.77951129642446
-85.75704573378817
-85.73467400224473
-85.71239402824955
-85.69020379363434
-85.66810133494158
-85.6460847425987
-85.62415215993957
-85.60230178208116
-85.58053185466343
-85.55884067246046
-85.53722657787085
-85.51568795929671
-85.49422324942026
-85.47283092338756
-85.45150949690975
-85.43025752429168
-85.40907359639772
-85.38795633856506
-85.36690440847491
-85.34591649399198
-85.3249913109832
-85.30412760112648
-85.28332412972048
-85.26257968350609
-85.24189306851025
-85.2212631079214
-85.20068864000558
-85.18016851607268
-85.15970159850161
-85.13928675883193
-85.11892287592894
-85.09860883422863
-85.07834352206856
-85.0581258301093
-85.03795464984836
-85.01782887222777
-84.99774738633465
-84.97770907819353
-84.95771282964841
-84.9377575173325
-84.91784201172237
-84.89796517627298
-84.87812586662977
-84.85832292991398
-84.83855520407775
-84.81882151732685
-84.79912068760876
-84.77945152216381
-84.7598128171374
-84.74020335725112
-84.72062191553056
-84.70106725308841
-84.68153811896121
-84.66203324999748
-84.64255137079402
-84.62309119367734
-84.60365141872632
-84.58423073383375
-84.56482781480435
-84.5454413254867
-84.5260699179376
-84.50671223261742
-84.48736689861647
-84.46803253391073
-84.44870774564555
-84.42939113044548
-84.41008127474794
-84.39077675515813
-84.3714761388232
-84.35217798382331
-84.33288083957808
-84.31358324726641
-84.29428374025808
-84.27498084455526
-84.25567307924238
-84.23635895694262
-84.21703698427909
-84.19770566233892
-84.1783634871387
-84.15900895009024
-84.13964053846682
-84.12025673586952
-84.10085602269321
-84.08143687659235
-84.06199777294675
-84.04253718532702
-84.02305358595929
-84.00354544618828
-83.98401123693797
-83.96444942916894
-83.94485849433163
-83.92523690481487
-83.90558313438889
-83.88589565864235
-83.86617295541275
-83.84641350520978
-83.82661579163145
-83.80677830177369
-83.78689952663403
-83.76697796151
-83.74701210639243
-83.72700046635502
-83.70694155194137
-83.6868338795512
-83.6666759718277
-83.64646635804768
-83.62620357451605
-83.60588616496584
-83.58551268096475
-83.56508168232942
-83.54459173754792
-83.52404142421135
-83.50342932945573
-83.48275405041515
-83.46201419468757
-83.44120838081498
-83.42033523877994
-83.39939341051904
-83.37838155045397
-83.35729832604083
-83.33614241833816
-83.31491252259325
-83.2936073488468
-83.27222562255558
-83.25076608523322
-83.22922749510967
-83.20760862780905
-83.18590827704558
-83.1641252553366
-83.1422583947314
-83.1203065475542
-83.09826858715864
-83.0761434086915
-83.05392992986326
-83.03162709172425
-83.00923385944456
-82.98674922309571
-82.96417219843208
-82.94150182766991
-82.91873718026152
-82.89587735366267
-82.87292147408975
-82.84986869726349
-82.82671820913599
-82.80346922659764
-82.78012099816014
-82.75667280461168
-82.73312395964005
-82.70947381042008
-82.68572173816112
-82.6618671586106
-82.63790952250888
-82.61384831599155
-82.58968306093543
-82.56541331524413
-82.54103867306951
-82.51655876496595
-82.49197325797529
-82.46728185564102
-82.44248429795157
-82.41758036121375
-82.39256985785782
-82.36745263617586
-82.34222857999616
-82.31689760829686
-82.29145967476238
-82.26591476728781
-82.24026290743647
-82.21450414985638
-82.18863858166144
-82.16266632178205
-82.13658752028986
-82.11040235770149
-82.08411104426663
-82.05771381924528
-82.03121095017836
-82.0046027321561
-81.9778894870871
-81.95107156297097
-81.92414933317643
-81.89712319572713
-81.86999357259724
-81.84276090901908
-81.81542567280387
-81.78798835367608
-81.76044946262111
-81.73280953124474
-81.70506911114312
-81.677228773282
-81.6492891073838
-81.62125072132008
-81.5931142405075
-81.564880307305
-81.53654958041037
-81.50812273425473
-81.47960045839332
-81.45098345689067
-81.42227244769813
-81.39346816202172
-81.36457134367757
-81.33558274843315
-81.3065031433321
-81.27733330600077
-81.24807402393495
-81.21872609376388
-81.18929032048973
-81.15976751670078
-81.13015850175682
-81.10046410094654
-81.0706851446163
-81.0408224672706
-81.010876906645
-80.98084930275266
-80.95074049690518
-80.92055133070895
-80.89028264503796
-80.8599352789835
-80.82951006878173
-80.79900784672171
-80.76842944003616
-80.73777566977711
-80.70704734967936
-80.67624528501418
-80.64537027143584
-80.61442309382429
-80.58340452512803
-80.55231532521148
-80.5211562397109
-80.48992799890235
-80.45863131658442
-80.42726688897918
-80.39583539365461
-80.36433748847244
-80.3327738105643
-80.30114497533864
-80.26945157552032
-80.23769418022474
-80.20587333406755
-80.17398955630964
-80.14204334003742
-80.11003515137841
-80.07796542875181
-80.04583458215419
-80.01364299247976
-79.98139101087523
-79.94907895812881
-79.91670712409316
-79.8842757671421
-79.85178511366135
-79.81923535757383
-79.7866266598999
-79.75395914835306
-79.72123291697122
-79.68844802578317
-79.65560450051035
-79.6227023323028
-79.58974147750885
-79.55672185747781
-79.52364335839539
-79.49050583115198
-79.45730909124396
-79.42405291870867
-79.39073705809349
-79.35736121845869
-79.3239250734139
-79.29042826118896
-79.2568703847401
-79.22325101189327
-79.18956967552654
-79.1558258737929
-79.12201907038539
-79.08814869484686
-79.05421414292644
-79.02021477698352
-78.98614992643982
-78.95201888827934
-78.91782092759617
-78.88355527819
-78.84922114320854
-78.81481769583651
-78.78034408003158
-78.74579941130686
-78.7111827775591
-78.67649323994193
-78.64172983378297
-78.60689156954221
-78.57197743380802
-78.5369863903269
-78.50191738106311
-78.46676932728384
-78.43154113066579
-78.39623167441847
-78.3608398244203
-78.32536443036385
-78.28980432690663
-78.25415833482408
-78.21842526216166
-78.18260390538332
-78.14669305051417
-78.11069147427567
-78.07459794521118
-78.0384112248005
-78.00213006856235
-77.96575322714467
-77.9292794474028
-77.89270747346599
-77.8560360477925
-77.81926391221454
-77.78238980897471
-77.74541248175571
-77.7083306767038
-77.67114314344634
-77.6338486361034
-77.59644591429323
-77.55893374413269
-77.52131089923286
-77.48357616169018
-77.44572832307291
-77.4077661854035
-77.36968856213777
-77.33149427914203
-77.2931821756688
-77.25475110533081
-77.2161999370742
-77.17752755615085
-77.13873286509012
-77.09981478466979
-77.06077225488674
-77.02160423592717
-76.98230970913598
-76.9428876779855
-76.90333716904378
-76.86365723294195
-76.82384694533972
-76.78390540788759
-76.743831749184
-76.70362512572605
-76.66328472285194
-76.62280975567286
-76.58219946999237
-76.54145314321148
-76.50057008521732
-76.45954963925375
-76.418391182772
-76.37709412825906
-76.33565792404171
-76.29408205506344
-76.25236604363137
-76.21050945013054
-76.16851187370266
-76.12637295288654
-76.084092366218
-76.04166983278685
-75.99910511274959
-75.95639800779657
-75.91354836157223
-75.8705560600473
-75.82742103184194
-75.78414324849962
-75.74072272471221
-75.69715951849582
-75.65345373131777
-75.60960550817538
-75.56561503762794
-75.5214825517836
-75.47720832624293
-75.43279268000072
-75.38823597530848
-75.34353861749867
-75.29870105477198
-75.25372377794827
-75.2086073201815
-75.16335225663954
-75.11795920414875
-75.07242882080322
-75.02676180553726
-74.98095889765887
-74.93502087634215
-74.88894856007664
-74.84274280607178
-74.79640450961472
-74.7499346033793
-74.70333405668396
-74.6566038746962
-74.6097450975825
-74.56275879960208
-74.51564608814408
-74.46840810270828
-74.42104601382994
-74.37356102194963
-74.32595435622898
-74.27822727331329
-74.23038105604303
-74.18241701211628
-74.13433647270449
-74.08614079102358
-74.03783134086166
-73.98940951506495
-73.94087672398388
-73.89223439388121
-73.84348396530385
-73.79462689141991
-73.74566463632226
-73.69659867329932
-73.64743048307349
-73.5981615520073
-73.54879337027756
-73.49932743001824
-73.44976522343251
-73.40010824087432
-73.35035796890048
-73.30051588829467
-73.25058347206452
-73.20056218341351
-73.15045347368986
-73.10025878031506
-73.04997952469402
-72.99961711010933
-72.94917291960262
-72.89864831384754
-72.84804462901847
-72.79736317465999
-72.74660523156187
-72.69577204964439
-72.6448648458592
-72.59388480210997
-72.54283306319688
-72.49171073478952
-72.44051888143166
-72.38925852458111
-72.33793064068867
-72.28653615932079
-72.23507596133003
-72.18355087707685
-72.13196168470527
-72.08030910847422
-72.02859381714642
-71.97681642243604
-71.92497747751723
-71.87307747559497
-71.82111684854111
-71.76909596559766
-71.71701513214929
-71.66487458856749
-71.61267450912906
-71.56041500101126
-71.50809610336533
-71.45571778646989
-71.40327995096628
-71.35078242717724
-71.29822497450947
-71.24560728094029
-71.19292896258848
-71.14018956336967
-71.08738855473693
-71.03452533550676
-70.98159923177029
-70.92860949689002
-70.87555531158243
-70.82243578408695
-70.76924995042172
-70.71599677472663
-70.6626751496937
-70.60928389708424
-70.55582176833153
-70.50228744522659
-70.44867954068494
-70.39499659959247
-70.34123709972963
-70.28739945277269
-70.23348200537126
-70.17948304030031
-70.12540077768531
-70.07123337629801
-70.0169789349201
-69.96263549377264
-69.90820103600859
-69.8536734892663
-69.79905072728124
-69.74433057155406
-69.68951079307257
-69.63458911408529
-69.5795632099242
-69.52443071087507
-69.46918920409357
-69.41383623556621
-69.35836931211495
-69.30278590344537
-69.24708344423854
-69.19125933628706
-69.13531095067626
-69.07923563001154
-69.0230306906926
-68.9666934252335
-68.91022110462742
-68.85361098075381
-68.79686028882654
-68.73996624988101
-68.68292607329826
-68.62573695936302
-68.56839610185179
-68.51090069064648
-68.45324791436892
-68.39543496303193
-68.33745903070283
-68.27931731817492
-68.22100703564345
-68.16252540538213
-68.10386966441641
-68.0450370671903
-67.98602488822294
-67.92683042475167
-67.86745099935857
-67.80788396257802
-67.74812669548251
-67.6881766122441
-67.62803116266993
-67.56768783471036
-67.50714415693882
-67.4463977010022
-67.38544608404085
-67.32428697107584
-67.26291807736006
-67.20133717068929
-67.1395420736683
-67.07753066592763
-67.01530088628625
-66.9528507348556
-66.89017827508083
-66.82728163571558
-66.76415901272544
-66.70080867111604
-66.63722894668156
-66.57341824766952
-66.50937505635768
-66.44509793054029
-66.38058550492151
-66.3158364924147
-66.25084968534698
-66.18562395656927
-66.12015826047168
-66.05445163390364
-65.98850319699939
-65.92231215390946
-65.85587779343878
-65.78919948959192
-65.7222767020257
-65.65510897640975
-65.58769594469477
-65.52003732528767
-65.45213292313368
-65.38398262970533
-65.3155864228985
-65.24694436683605
-65.17805661158015
-65.10892339275388
-65.03954503107185
-64.96992193178001
-64.9000545840055
-64.82994356001821
-64.7595895144063
-64.6889931831683
-64.61815538272316
-64.5470770088408
-64.47575903549478
-64.40420251363963
-64.33240856991523
-64.26037840528045
-64.18811329357857
-64.11561458003644
-64.04288367969991
-63.969922075807574
-63.896731318104855
-63.82331302110015
-63.74966886226417
-63.675800580173814
-63.601709972601384
-63.52739889455057
-63.452869256240945
-63.37812302104328
-63.30316220336795
-63.227988866508326
-63.15260512044159
-63.077013119588855
-63.00121506053682
-62.92521317972307
-62.84900975108718
-62.772607083690275
-62.69600751930591
-62.61921342998551
-62.54222721560183
-62.46505130137421
-62.38768813537899
-62.31014018604849
-62.2324099396614
-62.154499897827115
-62.07641257496703
-61.99815049579558
-61.919716192803484
-61.84111220374546
-61.76234106913454
-61.68340532974576
-61.60430752413145
-61.525050186149876
-61.44563584250874
-61.366067010324905
-61.28634619470164
-61.206475886325386
-61.126458559083446
-61.04629666770488
-60.96599264542611
-60.885548901682725
-60.804967819828775
-60.7242517548854
-60.6434030313204
-60.56242394086057
-60.48131674033827
-60.4000836495736
-60.3187268492931
-60.23724847908635
-60.155650635401216
-60.073935369578734
-59.9921046859282
-59.910160539842636
-59.828104835954704
-59.745939426333315
-59.66366610872101
-59.5812866248119
-59.49880265857016
-59.4162158345894
-59.333527716493656
-59.25073980538034
-59.167853538304975
-59.08487028680717
-59.00179135547754
-58.91861798056508
-58.835351328624576
-58.75199249520424
-58.668542503573214
-58.58500230348913
-58.50137277000599
-58.41765470232278
-58.33384882267316
-58.24995577525718
-58.16597612521511
-58.081910357643864
-57.99775887665615
-57.913522004482985
-57.82919998061985
-57.74479296101666
-57.660301017311696
-57.57572413610936
-57.49106221830161
-57.40631507843344
-57.32148244411243
-57.23656395546308
-57.1515591646262
-57.066467535303694
-56.98128844234926
-56.8960211714054
-56.8106649185876
-56.72521879021624
-56.639681802596975
-56.55405288185076
-56.46833086379532
-56.38251449387999
-56.29660242717559
-56.210593228421
-56.12448537212688
-56.03827724273767
-55.95196713485219
-55.865553253503855
-55.77903371450226
-55.69240654483771
-55.60566968315034
-55.51882098026523
-55.43185819979455
-55.344779018807984
-55.25758102857283
-55.17026173536483
-55.082818561350976
-54.99524884554593
-54.90754984484364
-54.819718735125505
-54.731752612445874
-54.643648494295476
-54.55540332094286
-54.46701395685347
-54.37847719218576
-54.28978974436331
-54.200948259721436
-54.111949315226816
-54.02278942026823
-53.93346501851659
-53.84397248985267
-53.754308152360814
-53.66446826438716
-53.574449026661235
-53.484246584479884
-53.393857029952535
-53.30327640430631
-53.212500700249514
-53.121525864391856
-53.03034779971978
-52.938962368125146
-52.84736539298535
-52.75555266179282
-52.663519928831874
-52.571262917900924
-52.47877732507811
-52.386058821528536
-52.29310305635079
-52.19990565946068
-52.106462244510396
-52.01276841184091
-51.91881975146572
-51.824611846083826
-51.73014027411994
-51.63540061278973
-51.54038844118843
-51.445099343400834
-51.34952891163095
-51.25367274934961
-51.15752647445782
-51.06108572246335
-50.9643461496679
-50.86730343636116
-50.769953290018854
-50.67229144850085
-50.57431368324614
-50.4760158024614
-50.37739365429996
-50.27844313002838
-50.17916016717781
-50.0795407526778
-49.979580925970296
-49.879276782101655
-49.77862447479042
-49.67762021946838
-49.57626029629232
-49.47454105312356
-49.37245890847224
-49.27001035440331
-49.16719195940145
-49.06400037119191
-48.96043231951437
-48.85648461884629
-48.7521541710726
-48.647437968098735
-48.542333094404206
-48.4368367295335
-48.33094615052122
-48.22465873424827
-48.1179719597262
-48.010883410306555
-47.90339077581289
-47.79549185459289
-47.687184555488194
-47.57846689971948
-47.46933702268482
-47.35979317566884
-47.24983372746064
-47.13945716587844
-47.02866209919907
-46.917447257490466
-46.80581149384503
-46.69375378551186
-46.58127323492627
-46.46836907063525
-46.35504064811769
-46.2412874504989
-46.12710908915935
-46.01250530423775
-45.897475965028
-45.7820210702699
-45.666140748333156
-45.549835257293715
-45.433104984901284
-45.31595044843717
-45.19837229446116
-45.08037129844629
-44.961948364300234
-44.843104523772205
-44.72384093574427
-44.60415888540617
-44.484059783313135
-44.363545164326595
-44.24261668643784
-44.12127612947519
-43.99952539369475
-43.87736649825503
-43.754801579576636
-43.63183288958898
-43.508462793865945
-43.384693769653055
-43.260528403788
-43.135969390516735
-43.01101952920688
-42.88568172196018
-42.759958971125236
-42.63385437671196
-42.507371133710144
-42.38051252931434
-42.25328194005744
-42.12568282885531
-41.997718741964555
-41.86939330585569
-41.7407102240041
-41.6116732736017
-41.48228630219274
-41.35255322423683
-41.222478017602555
-41.09206471999528
-40.96131742532259
-40.83024028000068
-40.69883747920494
-40.56711326306771
-40.435071912826174
-40.302717746923804
-40.17005511706941
-40.037088404257815
-39.903822014755804
-39.7702603760569
-39.63640793280802
-39.50226914271126
-39.36784847240414
-39.23315039332106
-39.098179377539786
-38.96293989361657
-38.82743640241409
-38.691673352925925
-38.5556551781014
-38.41938629067442
-38.282871079000515
-38.146113902906436
-38.00911908955679
-37.871890929341916
-37.734433671791166
-37.596751521516
-37.45884863418716
-37.320729112550154
-37.182397002483
-37.043856289100304
-36.90511089290761
-36.766164666010305
-36.627021388381486
-36.48768476419264
-36.34815841821095
-36.20844589226633
-36.06855064179192
-35.92847603244113
-35.7882253367848
-35.64780173109188
-35.50720829219694
-35.366447994457644
-35.22552370680506
-35.084438189889454
-34.94319409332397
-34.80179395302898
-34.66024018867958
-34.51853510125855
-34.37668087071691
-34.23467955374386
-34.092533081647616
-33.950243258348614
-33.807811758486245
-33.66524012563962
-33.522529770662906
-33.379681970135856
-33.236697864929816
-33.09357845888936
-32.95032461762943
-32.806937067447755
-32.66341639435222
-32.519763043202474
-32.37597731696526
-32.23205937608249
-32.0880092379512
-31.9438267765144
-31.799511721961707
-31.65506366053897
-31.510482034466023
-31.36576614196154
-31.220915137373776
-31.075928031415838
-30.930803691504547
-30.785540842202135
-30.640138065760233
-30.494593802765827
-30.34890635288918
-30.203073875734113
-30.057094391791203
-29.91096578349465
-29.76468579638345
-29.61825204036771
-29.47166199110075
-29.32491299145747
-29.178002253119445
-29.030926858266753
-28.883683761376744
-28.73626979112973
-28.58868165242143
-28.440915928481953
-28.292969083100953
-28.14483746295843
-27.99651730006053
-27.84800471427948
-27.699295715996804
-27.550386208848657
-27.4012719925721
-27.251948765950793
-27.102412129858486
-26.952657590398463
-26.802680562137017
-26.65247637142868
-26.502040259831023
-26.35136738760669
-26.200452837310266
-26.049291617457513
-25.897878666274167
-25.746208855521346
-25.59427699439449
-25.4420778334928
-25.28960606885597
-25.136856346065098
-24.983823264404474
-24.830501381081245
-24.676885215499745
-24.522969253587043
-24.368747952166338
-24.214215743374815
-24.059367039122584
-23.904196235589186
-23.748697717753945
-23.59286586395641
-23.436695050482857
-23.28017965617497
-23.12331406705667
-22.966092680975095
-22.808509912251708
-22.65056019633957
-22.49223799448285
-22.333537798374433
-22.174454134807373
-22.014981570315935
-21.855114715801815
-21.694848231141375
-21.534176829769812
-21.373095283237852
-21.211598425736547
-21.049681158585564
-20.887338454680098
-20.7245653628916
-20.561357012417478
-20.397708617075114
-20.233615479535747
-20.06907299549384
-19.90407665776759
-19.73862206032645
-19.572704902241625
-19.40632099155512
-19.23946624906308
-19.072136712009364
-18.904328537685142
-18.736038006930624
-18.56726152753488
-18.397995637529895
-18.228237008375082
-18.057982448028362
-17.887228903900287
-17.715973465687842
-17.54421336808473
-17.37194599336515
-17.199168873838378
-17.025879694171525
-16.852076293577838
-16.677756667867996
-16.502918971362163
-16.327561518660588
-16.151682786270825
-15.975281414089777
-15.798356206738926
-15.620906134751419
-15.442930335609853
-15.264428114633711
-15.085398945715617
-14.905842471905807
-14.725758505844146
-14.545147030039123
-14.36400819699333
-14.18234232917509
-14.000149918836033
-13.81743162767461
-13.634188286345664
-13.450420893816485
-13.266130616570038
-13.081318787656128
-12.89598690559144
-12.710136633109467
-12.523769795761464
-12.33688838036964
-12.149494533334044
-11.961590558794734
-11.773178916650984
-11.58426222043932
-11.394843235072377
-11.204924874440684
-11.014510198879723
-10.823602412504588
-10.63220486041479
-10.44032102577181
-10.247954526752084
-10.05510911337825
-9.861788664231796
-9.667997183050273
-9.473738795212368
-9.27901774411411
-9.083838387439865
-8.888205193331851
-8.692122736462112
-8.495595694010937
-8.298628841555768
-8.101227048874696
-7.903395275668755
-7.7051385672073325
-7.506462049901071
-7.3073709268067
-7.10787047306834
-6.9079660312999005
-6.707663006913251
-6.506966863396855
-6.3058831175496755
-6.104417334675231
-5.902575123740786
-5.700362132506694
-5.497784042630921
-5.294846564753806
-5.09155543356814
-4.887916402879796
-4.683935240664133
-4.4796177241234485
-4.274969634750726
-4.069996753404944
-3.8647048554032
-3.659099705634946
-3.453187053703628
-3.2469726291009886
-3.0404621364192685
-2.8336612506065206
-2.626575612270182
-2.419210823034022
-2.2115724409535287
-2.0036659759947546
-1.7954968855815747
-1.587070570216253
-1.378392369178134
-1.1694675563051893
-0.9603013358630496
-0.7508988385060328
-0.5412651173345768
-0.3314051440533588
-0.12132380523425705
0.08897410131182225
0.29948387005037125
0.5102008911222246
0.7211206536224362
0.9322387487556595
1.1435508728647588
1.3550528303295464
1.5667405363327058
1.7786100194901353
1.9906574243431194
2.2028790137099152
2.4152711708945063
2.627830401750462
2.8405533365980395
3.053436731992838
3.266477472344515
3.479672571384239
3.6930191734797417
3.906514554797047
4.120156124308109
4.333941424643818
4.547868132791998
4.761934060640238
4.9761371553635625
5.190475499657172
5.4049473118146425
5.619550945652213
5.834284890279987
6.049147769721059
6.264138342379759
6.479255500360325
6.6944982686374335
6.9098658040801935
7.12535739433137
7.340972456543821
7.556710535976263
7.772571304450643
7.988554558673499
8.204660218423896
8.420888324610631
8.63723903720159
8.853712633028227
9.070309503468234
9.287030152009567
9.503875191699107
9.720845342479455
9.937941428417439
10.155164374827969
10.372515205297
10.589995038607507
10.80760508557253
11.025346645779404
11.243221104249313
11.461229928016406
11.67937466263079
11.897656928589754
12.11607841770153
12.33464088938594
12.553346166916215
12.772196133606318
12.991192728948182
13.210337944703173
13.429633820952139
13.649082442108286
13.868685932897087
14.08844645430738
14.308366199517872
14.528447389803228
14.748692270423884
14.96910310650382
15.189682178900437
15.410431780070693
15.631354209937497
15.8524517717604
16.073726768014467
16.295181496281174
16.51681824515518
16.738639290170827
16.960646889752073
17.182843281189424
17.40523067664738
17.62781125920589
17.850587178939072
18.07356054903442
18.296733441955745
18.520107885653083
18.743685859823056
18.96746929222304
19.19146005504245
19.415659961334395
19.64007076151077
19.86469413990386
20.08953171139717
20.314585018128298
20.539855526266678
20.76534462286887
20.991053612813918
21.216983715821332
21.44313606355431
21.66951169681079
21.896111562804897
22.122936512541294
22.349987298284823
22.577264571127877
22.804768878657693
23.03250066272575
23.26046025732141
23.48864788655187
23.717063662730066
23.945707584572276
24.174579535507107
24.403679282097286
24.633006472575758
24.86256063549739
25.092341178507258
25.32234738722649
25.552578424256513
25.783033328302412
26.01371101341595
26.244610268358706
26.475729756085734
26.70706801334989
26.938623450427137
27.17039435096299
27.40237887194044
27.634575043769555
27.866980770498596
28.099593830146205
28.332411875154207
28.56543243296062
28.79865290669241
29.032070575977485
29.26568259787513
29.499486007924194
29.73347772130842
29.967654534138237
30.20201312484793
30.436550055707222
30.671261774446073
30.906144615991657
31.141194804316406
31.376408454395897
31.61178157427538
31.847310067243495
32.08298973411185
32.3188162755993
32.55478529481964
32.790892299870976
33.027132706524995
33.26350184101365
33.49999494291116
33.73660716810882
33.97333359188024
34.210169212034366
34.44710895215331
34.68414766491187
34.921280135475705
35.15850108497491
35.39580517404956
35.63318700646354
35.87064113278256
36.10816205411294
36.34574422589725
36.58338206176296
36.82106993742005
37.05880219460349
37.296573145056726
37.534377074552054
37.77220824694351
38.01006090824794
38.24792929074997
38.48580761712672
38.723690104588265
38.961570969030255
39.19944442919499
39.437304710837374
39.675146050891705
39.912962701635855
40.15074893484931
40.38849904596166
40.626207358187614
40.8638682266445
41.10147604244831
41.339025236784536
41.57651028494955
41.81392571035836
42.051266088514964
42.28852605094151
42.52570028906261
42.76278355804134
42.99977068056375
43.23665655056862
43.47343613691901
43.71010448701258
43.94665673032784
44.1830880819034
44.41939384574652
44.655569418167254
44.89161029103451
45.127512054950785
45.36327040234238
45.59888113046162
45.834340144297414
46.06964345939036
46.30478720454897
46.53976762446348
46.77458108221407
47.00922406167052
47.243693169780336
47.47798513874324
47.71209682807018
47.946025226525144
48.17976745394868
48.41332076296158
48.64668254054755
48.87985030951325
49.11282172982403
49.34559459981371
49.57816685726722
49.81053658037469
50.04270198855592
50.27466144315419
50.50641344799796
50.73795664982937
50.96928983859853
51.20041194762304
51.431322053612476
51.66201937655759
51.89250327948454
52.12277326807466
52.35282899015046
52.58267023502892
52.8122969327434
53.04170915313559
53.27090710481885
53.4998911340144
53.72866172326181
53.95721949000594
54.18556518506236
54.41369969096402
54.641624020191756
54.86933931329068
55.09684683687496
55.324147981523225
55.55124425956754
55.77813730277839
56.00482885994817
56.23132079437588
56.45761508125563
56.683713804971525
56.909619156301495
57.13533342953267
57.360859019490455
57.58619841848347
57.81135421316626
58.03632908132156
58.261125788563994
58.48574718496734
58.71019620161728
58.93447584709229
59.15858920387551
59.38253942470105
59.60632972883785
59.82996339831446
60.053443774088336
60.27677425216346
60.499958279660106
60.7229993508406
60.94590100309551
61.16866681289422
61.391300391704014
61.6138053818812
61.83618545253818
62.05844429539024
62.280585620585605
62.50261315252242
62.72453062565625
62.946341780301616
63.16805035843032
63.389660099469495
63.61117473610261
63.83259799007698
64.05393356802131
64.27518515727684
64.49635642174496
64.71745099775461
64.93847248995212
65.15942446721635
65.38031045860157
65.60113394931068
65.82189837670109
66.04260712632464
66.26326352800328
66.48387085194219
66.7044323048827
66.92495102629728
67.14543008462972
67.36587247358473
67.58628110847185
67.80665882260878
68.02700836378865
68.24733239081628
68.4676334701178
68.68791407242703
68.90817656955097
69.12842323121698
69.34865622200381
69.56887759835878
69.7890893057038
70.00929317563329
70.22949092320756
70.4496841443454
70.66987431331957
70.89006278035897
71.11025076936092
71.33043937571638
71.55062956425044
71.77082216727942
71.9910178827873
72.21121727272529
72.43142076143837
72.65162863422242
72.87184103601462
73.09205797021937
73.3122792976715
73.53250473573829
73.75273385756194
73.97296609144294
74.1932007203641
74.41343688165492
74.63367356679603
74.85390962136447
75.0741437451201
75.29437449223408
75.51460027165959
75.73481934764462
75.95502984038663
76.17522972682835
76.39541684159465
76.61558887807011
76.8357433896172
77.0558777909345
77.2759893595534
77.49607523747186
77.71613243292352
77.93615782228112
78.15614815209305
78.37610004125195
78.59600998329329
78.81587434882265
79.03568938806931
79.25545123356419
79.4751559029393
79.69479930184654
79.9143772269927
80.13388536928794
80.35331931710407
80.5726745596392
80.79194649038509
81.01113041069281
81.23022153343247
81.44921498674277
81.66810581786733
81.88688899707432
82.10555942165689
82.32411192001047
82.54254125578262
82.76084213208975
82.97900919579496
83.19703704184127
83.414920217634
83.63265322746696
83.85023053698791
84.06764657769878
84.28489575148654
84.5019724351809
84.7188709851344
84.93558574182003
85.15211103444159
85.36844118555183
85.58457051567399
85.80049334792164
86.01620401261113
86.23169685186002
86.44696622416637
86.66200650896332
86.87681211114437
87.09137746555514
87.30569704144769
87.51976534689364
87.73357693315127
87.94712639898167
88.160408394909
88.37341762742058
88.5861488631029
88.79859693270937
89.010756735155
89.22262324143306
89.43419149844893
89.64545663276677
89.85641385426443
90.06705845969266
90.27738583613434
90.48739146435851
90.69707092206416
90.90641988701027
91.11543414002854
91.32410956791541
91.53244216620108
91.74042804179324
91.94806341549345
92.15534462438332
92.36226812407878
92.5688304908509
92.77502842361181
92.98085874576529
93.18631840692055
93.39140448446787
93.59611418501513
93.80044484568495
94.00439393527355
94.2079590552722
94.41113794075247
94.61392846111684
94.816328620716
95.01833655933441
95.2199505525451
95.42116901193444
95.6219904851981
95.82241365610898
96.02243734435817
96.22206050526981
96.4212822293915
96.62010174196084
96.81851840224985
97.01653170278891
97.21414126847205
97.41134685554445
97.60814835047346
97.80454576870498
98.00053925330859
98.19612907351414
98.3913156231432
98.58609941893847
98.78048109879613
98.97446141990575
99.16804125680288
99.36122159933824
99.55400355056825
99.7463883245715
99.93837724419437
100.12997173872849
100.32117334152245
100.51198368752999
100.70240451079722
100.89243764189199
101.0820850052779
101.271348616635
101.46023058012973
101.64873308563777
101.83685840592271
102.02460889377402
102.21198697910721
102.39899516602962
102.58563602987486
102.771912214209
102.95782642781215
103.1433814416398
103.32858008576841
103.51342524632992
103.69791986243922
103.88206692311792
104.0658694642168
104.24933056533962
104.43245334677022
104.61524096640494
104.79769661669172
104.9798235215776
105.16162493346587
105.34310413018386
105.52426441196098
105.7051090984171
105.88564152556091
106.06586504279846
106.24578300995199
106.42539879428944
106.60471576756379
106.7837373030618
106.96246677266129
107.14090754389633
107.31906297702949
107.49693642212969
107.67453121615483
107.85185068003864
108.02889811578189
108.2056768035493
108.38218999877347
108.55844092926795
108.73443279235165
108.91016875198785
109.08565193594087
109.26088543295431
109.4358722899549
109.61061550928606
109.7851180459751
109.95938280503755
110.13341263882161
110.30721034439547
110.4807786609813
110.65412026743913
110.82723777980233
111.00013374886625
111.17281065783108
111.34527092000134
111.51751687654532
111.68955079431818
111.86137486375243
112.03299119681891
112.20440182506151
112.37560869770859
112.54661367986354
112.71741855077597
112.88802500219494
113.05843463680561
113.22864896675004
113.39866941223126
113.56849730020043
113.73813386312658
113.90758023784817
114.07683746450529
114.24590648555184
114.41478814484722
114.58348318682798
114.75199225576014
114.92031589507431
115.08845454678536
115.25640855099894
115.42417814550734
115.59176346547761
115.75916454323456
115.92638130814137
116.09341358658074
116.26026110203966
116.42692347530127
116.59340022474638
116.75969076676748
116.92579441629678
117.09171038744924
117.25743779427992
117.42297565165487
117.588322876234
117.75347828756404
117.91844060927943
118.08320847041037
118.24778040679738
118.4121548626114
118.57633019197809
118.74030466070568
118.90407644811629
119.06764364897904
119.23100427554246
119.39415625966345
119.55709745502978
119.71982563947316
119.8823385173703
120.04463372212949
120.20670881875849
120.36856130650874
120.53018862159097
120.691588139958
120.85275718015048
121.01369300620108
121.17439283059313
121.33485381727
121.49507308469167
121.65504770893442
121.81477472683007
121.97425113914043
122.13347391376298
122.29243998896384
122.45114627663513
122.60958966557364
122.76776702477723
122.92567520675566
123.08331105085249
123.24067138657499
123.39775303692925
123.55455282175733
123.71106756107365
123.86729407839634
124.02322920406907
124.1788697785684
124.3342126557922
124.48925470632439
124.64399282067158
124.79842391246807
124.95254492164524
125.10635281756201
125.25984460209206
125.41301731266326
125.56586802524468
125.7183938572769
125.8705919705407
126.02245957395968
126.1739939263328
126.3251923389924
126.47605217838344
126.62657086856115
126.77674589360532
126.92657479995029
127.07605519862881
127.22518476742817
127.37396125295624
127.52238247261431
127.6704463164744
127.81815074905757
127.96549381101005
128.11247362067417
128.25908837555113
128.40533635365267
128.55121591473727
128.69672550142724
128.84186364020314
128.98662894227294
129.13102010431277
129.27503590907673
129.41867522587444
129.56193701091473
129.7048203075173
129.84732424619568
129.98944804461752
130.13119100744854
130.27255252608637
130.41353207828917
130.55412922770398
130.69434362330065
130.83417499871786
130.97362317152857
131.11268804243156
131.25136959437492
131.38966789161628
131.52758307872506
131.6651153795329
131.80226509603887
131.93903260727512
132.07541836813976
132.21142290820268
132.34704683049023
132.48229081025403
132.61715559372834
132.7516419968809
132.8857509041622
133.01948326725704
133.15284010384192
133.2858224963506
133.4184315907484
133.55066859531547
133.68253477943784
133.81403147240434
133.9451600622046
134.07592199432355
134.20631877052637
134.33635194762923
134.46602313625243
134.59533399955052
134.7242862519135
134.8528816576333
134.98112202953
135.10900922753257
135.2365451572079
135.36373176823162
135.4905710527941
135.61706504393595
135.74321581380644
135.8690254718394
135.9944961628393
136.11963006497302
136.24442938766305
136.3688963693807
136.49303327533715
136.6168423950698
136.74032603992347
136.8634865404267
136.98632624356307
137.10884750993816
137.23105271084088
137.35294422519743
137.47452443641825
137.59579572914046
137.71676048586798
137.837421083512
137.9577798898367
138.07783925981468
138.1976015318971
138.31706902420567
138.43624403065493
138.55512881701404
138.67372561691738
138.79203662783559
138.91006400701892
139.02780986742388
139.14527627363483
139.26246523779238
139.37937871554115
139.49601860201048
139.61238672784108
139.72848485527103
139.84431467429428
139.9598777989049
140.07517576343932
140.19021001902863
140.30498193017385
140.41949277145497
140.53374372438404
140.64773587441275
140.7614702081041
140.87494761047694
140.98816886253073
141.1011346389573
141.21384550604543
141.32630191978532
141.43850422417958
141.55045264976624
141.662147312359
141.77358821200832
141.8847752321852
141.99570813918749
142.1063865817674
142.21681009097765
142.32697808023212
142.43688984557647
142.54654456616421
142.65594130493386
142.76507900948226
142.87395651312917
142.98257253616734
143.0909256872918
143.19901446520234
143.30683726037282
143.41439235697962
143.52167793498288
143.62869207235198
143.73543274742846
143.8418978414189
143.94808514100836
144.05399234108413
144.15961704756054
144.2649567802956
144.370008976089
144.47477099175111
144.5792401072325
144.68341352880438
144.7872883922797
144.89086176626492
144.99413065543294
145.0970920038054
145.19974269803342
145.3020795706669
145.40409940340245
145.5057989303012
145.60717484096753
145.70822378368084
145.8089423684738
145.90932717014957
146.00937473123085
146.10908156483478
146.20844415746896
146.3074589717456
146.40612244901067
146.50443101188475
146.60238106671554
146.69996900594205
146.79719121037178
146.89404405137233
146.9905238929799
147.08662709392692
147.18235000959234
147.2776889938783
147.37264040101817
147.46720058732157
147.56136591286085
147.65513274310555
147.74849745051014
147.84145641605923
147.9340060307746
148.02614269718842
148.1178628307858
148.2091628614224
148.3000392347213
148.39048841345388
148.4805068789088
148.57009113225453
148.6592376958998
148.74794311485752
148.83620395811553
148.92401682001682
149.01137832165168
149.09828511226428
149.18473387067556
149.27072130672454
149.35624416272944
149.44129921496923
149.52588327518615
149.60999319211018
149.69362585300527
149.77677818523793
149.85944715786795
149.94162978326003
150.0233231187161
150.10452426812648
150.1852303836384
150.26543866734036
150.34514637296056
150.4243508075791
150.50304933335323
150.58123936925526
150.6589183928223
150.73608394191874
150.8127336165097
150.88886508044456
150.96447606324872
151.03956436192092
151.1141278427336
151.18816444303351
151.26167217303768
151.3346491176197
151.40709343808052
151.4790033738985
151.55037724445273
151.62121345071463
151.6915104769026
151.76126689209318
151.83048135178169
151.8991525993873
151.96727946769678
152.03486088024246
152.10189585260977
152.16838349367103
152.23432300674253
152.29971369066206
152.3645549407839
152.42884624988832
152.49258720900397
152.5557775081405
152.61841693692904
152.6805053851684
152.7420428432741
152.8030294026274
152.86346525582266
152.92335069681084
152.9826861209361
153.04147202486283
153.0997090063896
153.15739776414816
153.21453909718602
153.27113390443228
153.32718318404804
153.38268803266314
153.43764964450142
153.49206931039643
153.54594841669982
153.599288444086
153.65209096625708
153.70435764855196
153.7560902464639
153.8072906040687
153.85796065236704
153.90810240754453
153.9577179691524
154.0068095182124
154.05537931524768
154.10342969824146
154.1509630805268
154.19798194861082
154.24448885993738
154.2904864405933
154.33597738296302
154.38096444333618
154.4254504394731
154.4694382481342
154.51293080257787
154.55593109003175
154.59844214914173
154.6404670674029
154.68200897857568
154.7230710600887
154.76365653043044
154.80376864653007
154.84341070112973
154.8825860201499
154.9212979600487
154.95954990517552
154.99734526512074
155.03468747206247
155.07157997811018
155.1080262526451
155.14402977965787
155.1795940550838
155.2147225841355
155.24941887863187
155.28368645432246
155.31752882820555
155.35094951583923
155.38395202864407
155.41653987119648
155.44871653851155
155.48048551331348
155.51185026329162
155.54281423834013
155.5733808677795
155.6035535575589
155.6333356874387
155.66273060815192
155.6917416385464
155.7203720627077
155.7486251270653
155.7765040374853
155.80401195635145
155.83115199963717
155.85792723396966
155.8843406736879
155.91039527789584
155.9360939475126
155.961439522321
155.98643477801588
156.01108242325344
156.03538509670474
156.05934536411527
156.0829657153739
156.10624856159492
156.12919623221964
156.15181097214244
156.1740949388671
156.19605019970035
156.21767872899053
156.23898240542016
156.2599630093608
156.28062222029925
156.30096161434435
156.320982661825
156.34068672498879
156.36007505580923
156.3791487939114
156.39790896462372
156.4163564771646
156.43449212297227
156.45231657418512
156.46983038228004
156.48703397687459
156.5039276646979
156.52051162873462
156.53678592754758
156.55275049478527
156.5684051388799
156.58374954294035
156.59878326484372
156.61350573752938
156.62791626949897
156.6420140455251
156.6557981275706
156.6692674559193
156.68242085051983
156.6952570125437
156.70777452615934
156.71997186052417
156.73184737199708
156.7433993065725
156.75462580253756
156.76552489335276
156.77609451075736
156.78633248809987
156.7962365638942
156.80580438560045
156.8150335136289
156.82392142556532
156.83246552061527
156.8406631242627
156.8485114931378
156.85600782008905
156.86314923945324
156.86993283251567
156.8763556331522
156.88241463364406
156.8881067906553
156.8934290313633
156.89837825973186
156.90295136291851
156.9071452178069
156.91095669765477
156.91438267884732
156.91742004774628
156.92006570762405
156.92231658567366
156.92416964008189
156.9256218671538
156.92667030847824
156.92731205812228
156.9275442698425
156.92736416430066
156.92676903627134
156.92575626183051
156.92432330551227
156.92246772742087
156.9201871902852
156.91747946644395
156.91434244474962
156.91077413738034
156.9067726865488
156.902336371097
156.8974636129661
156.89215298353096
156.8864032097848
156.88021318036053
156.87358195137344
156.8665087520695
156.85899299026514
156.8510342575631
156.8426323343293
156.83378719441575
156.8244990096151
156.81476815383175
156.8045952069559
156.79398095842666
156.78292641047193
156.77143278101158
156.75950150620957
156.74713424266162
156.7343328692064
156.72109948834924
156.7074364272874
156.69334623852848
156.67883170009287
156.66389581529398
156.64854181208926
156.63277314199723
156.61659347857704
156.60000671546942
156.583016963999
156.56562855034014
156.54784601224975
156.52967409537115
156.51111774911334
156.49218212211264
156.47287255728594
156.45319458648584
156.43315392476921
156.41275646429204
156.39200826784287
156.37091556203
156.34948473013725
156.32772230466327
156.3056349595616
156.28322950219746
156.2605128650394
156.23749209710428
156.21417435517498
156.19056689481073
156.16667706116965
156.14251227966207
156.1180800464536
156.09338791883675
156.06844350549164
156.04325445665705
156.0178284542331
155.9921732018368
155.96629641483133
155.94020581034857
155.91390909732337
155.88741396655752
155.8607280808322
155.83385906508835
155.80681449669288
155.7796018958075
155.75222871587704
155.72470233425344
155.6970300429719
155.6692190396962
155.64127641884926
155.61320916294363
155.58502413412685
155.55672806595572
155.528327555413
155.49982905517965
155.47123886617538
155.44256313037937
155.41380782394373
155.38497875061086
155.35608153544337
155.32712161887554
155.29810425109355
155.26903448675017
155.23991718001895
155.2107569799919
155.18155832642452
155.1523254458303
155.12306234792624
155.09377282242832
155.06446043619673
155.0351285307309
155.00578022001247
154.97641838869373
154.94704569062748
154.9176645477326
154.8882771491879
154.85888545094627
154.8294911755616
154.80009581231872
154.77070061765681
154.74130661587475
154.71191460010624
154.68252513355225
154.65313855095775
154.6237549603198
154.5943742448158
154.5649960649419
154.53561986085157
154.50624485488567
154.47687005428435
154.44749425407218
154.418116040107
154.3887337922843
154.35934568788963
154.32994970509327
154.3005436265817
154.27112504332177
154.24169135845437
154.21223979131406
154.18276738157016
154.15327099348502
154.123747320286
154.09419288864825
154.0646040632849
154.03497705164096
154.00530790868726
153.9755925418081
153.9458267157782
153.91600605782315
153.88612606276098
153.85618209822184
153.82616940994336
153.79608312713827
153.76591826793157
153.73566974486545
153.70533237047044
153.6749008629002
153.64436985162803
153.61373388320277
153.58298742706125
153.5521248813962
153.52114057907767
153.49002879362826
153.45878374525256
153.42739960692103
153.3958705105079
153.3641905529824
153.33235380265143
153.3003543054527
153.26818609129538
153.23584318044556
153.20331958995354
153.1706093401213
153.13770646100744
153.10460499896504
153.07129902320645
153.0377826323882
153.0040499612092
152.97009518701526
152.93591253640312
152.90149629181616
152.86684079812318
152.8319404691709
152.79678979429974
152.76138334481428
152.72571578039677
152.68978185545282
152.65357642537836
152.6170944527387
152.58033101335062
152.54328130225807
152.50594063959377
152.46830447631717
152.4303683998203
152.39212813939278
152.35357957153772
152.3147187251316
152.27554178642097
152.23604510384737
152.19622519269208
152.15607873953198
152.11560260649665
152.07479383531725
152.03364965115864
151.99216746622508
151.9503448831313
151.90817969803086
151.86566990349368
151.82281369112528
151.77960945392127
151.73605578834966
151.6921514961539
151.64789558587157
151.60328727406434
151.5583259862565
151.51301135757993
151.4673432331256
151.4213216680014
151.37494692709632
151.32821948455197
151.28114002294208
151.23370943216176
151.18592880802865
151.13779945059903
151.08932286220173
151.04050074519435
150.99133499944722
150.94182771956073
150.89198119182223
150.8417978909106
150.79128047635734
150.74043178877358
150.6892548458541
150.6377528381677
150.58592912474344
150.53378722846358
150.48133083127394
150.4285637692242
150.37549002735275
150.32211373442922
150.2684391575688
150.2144706967322
150.16021287912557
150.10567035351303
150.05084788445495
149.99575034648345
149.94038271822708
149.88475007649643
149.82885759034255
149.7727105151005
149.71631418642986
149.65967401436367
149.6027954773779
149.54568411649305
149.48834552941938
149.43078536475494
149.37300931624466
149.31502311710827
149.25683253444552
149.1984433637256
149.13986142336697
149.08109254941272
149.02214259030714
148.9630174017789
148.9037228418347
148.8442647658667
148.78464902187696
148.72488144582192
148.6649678570807
148.60491405404971
148.5447258098673
148.48440886827237
148.42396893960066
148.36341169692176
148.30274277231868
148.2419677533101
148.18109217941335
148.1201215388451
148.05906126535618
147.99791673519783
147.93669326421517
147.87539610506295
147.81403044453853
147.7526014010255
147.69111402204297
147.62957328189717
147.56798407943054
147.50635123586508
147.44467949273727
147.3829735099238
147.32123786375533
147.25947704521505
147.19769545821933
147.13589741797833
147.07408714943554
147.0122687857842
146.9504463670584
146.88862383879783
146.82680505078534
146.76499375585504
146.70319360876843
146.64140816515638
146.57964088052373
146.5178951093118
146.45617410401397
146.3944810143404
146.33281888642878
146.27119066209607
146.20959917812834
146.14804716560494
146.08653724925412
146.025071946836
145.96365366855085
145.90228471647097
145.84096728399405
145.7797034553179
145.71849520493825
145.65734439717076
145.5962527856981
145.53522201314163
145.47425361065882
145.4133489975692
145.35250948101145
145.29173625563692
145.23103040334342
145.17039289305524
145.1098245805539
145.04932620836496
144.98889840570553
144.9285416884967
144.86825645944543
144.80804300820125
144.74790151159243
144.68783203394685
144.6278345275026
144.5679088329142
144.50805467985913
144.44827168774975
144.38855936655466
144.3289171177331
144.26934423528598
144.20983990692582
144.15040321536924
144.0910331397539
144.03172855718242
143.9724882443944
143.91331087956803
143.8541950442533
143.79513922543867
143.73614181775167
143.67720112579457
143.61831536661646
143.55948267232418
143.50070109283308
143.4419685987574
143.3832830844375
143.32464237110014
143.26604421014724
143.2074862865676
143.14896622246602
143.0904815807039
143.03202986864426
142.9736085419936
142.91521500873387
142.85684663313623
142.7985007398472
142.7401746180367
142.68186552559564
142.62357069337213
142.56528732943502
142.50701262335542
142.4487437504963
142.39047787630034
142.332212160567
142.27394376171083
142.21566984099286
142.15738756671772
142.0990941183884
142.04078669081173
141.98246249814724
141.92411877789277
141.86575279479985
141.80736184471107
141.74894325831156
141.69049440478602
141.63201269537467
141.573495586822
141.5149405847135
141.45634524669526
141.39770718557202
141.33902407228152
141.2802936387443
141.2215136805869
141.16268205973802
141.10379670689645
141.0448556238698
140.98585688578464
140.92679864316915
140.8676791239111
140.80849663509366
140.74924956471182
140.6899363832713
140.6305556452719
140.5711059905782
140.51158614567976
140.45199492484403
140.39233123116537
140.33259405751437
140.27278248739026
140.21289569568125
140.15293294933667
140.09289360795447
140.0327771242887
139.9725830446821
139.91231100942696
139.85196075305998
139.7915321045948
139.731024987698
139.67043942081386
139.60977551724272
139.54903348517678
139.4882136276981
139.427316342744
139.3663421230458
139.3052915560445
139.244165323787
139.18296420280626
139.12168906399074
139.0603408724462
138.99892068735085
138.93742966180366
138.87586904266504
138.8142401703883
138.75254447884072
138.69078349511256
138.6289588393115
138.5670722243408
138.50512545565948
138.44312043102468
138.3810591402157
138.31894366474012
138.2567761775191
138.1945589425485
138.13229431453135
138.06998473847705
138.007632749261
137.9452409711397
137.88281211721562
137.8203489888475
137.75785447499936
137.69533155152192
137.6327832803587
137.5702128086674
137.50762336784817
137.44501827246984
137.3824009190845
137.31977478492115
137.25714342644903
137.19451047780205
137.1318796490565
137.06925472435557
137.0066395598759
136.94403808163258
136.8814542831209
136.81889222279221
136.75635602136242
136.69384985895192
136.63137797205752
136.56894465035828
136.506554233359
136.44421110687506
136.38191969936122
136.31968447808765
136.2575099451666
136.19540063343436
136.13336110219268
136.07139593281306
136.00950972420753
135.94770708816972
135.88599264459103
135.82437101655782
135.7628468253366
135.70142468525486
135.64010919848678
135.57890494975308
135.51781650094526
135.45684838568567
135.39600510383602
135.33529111596758
135.2747108378065
135.21426863466613
135.15396881587762
135.09381562923122
135.0338132554385
134.97396580262725
134.91427730087943
134.85475169682294
134.79539284828806
134.73620451904034
134.67719037360106
134.61835397216564
134.5596987656307
134.50122809073954
134.4429451653542
134.38485308386484
134.32695481274695
134.2692531862766
134.21175090241363
134.1544505188625
134.0973544493216
134.04046495993097
133.98378416592536
133.92731402849958
133.8710563518906
133.81501278068035
133.75918479732363
133.70357371990278
133.6481807001098
133.59300672145625
133.53805259771067
133.48331897156297
133.42880631351474
133.37451492099464
133.32044491769668
133.26659625314025
133.21296870245143
133.1595618663641
133.10637517144002
133.05340787050747
133.00065904331765
132.94812759741805
132.89581226924153
132.84371162541012
132.7918240642525
132.74014781753155
132.68868095237778
132.63742137342294
132.5863668251279
132.5355148942992
132.4848630127885
132.4344084603667
132.38414836776425
132.33407971986773
132.28419935906365
132.2345039887193
132.18499017679116
132.13565435955044
132.0864928454166
132.03750181889106
131.98867734458415
131.94001537132792
131.89151173636807
131.843162169627
131.7949622980311
131.74690764989666
131.69899365936791
131.6512156709018
131.603568943794
131.55604865674215
131.50864991244268
131.46136774221802
131.41419711067076
131.36713292036072
131.3201700165025
131.27330319168115
131.22652719058303
131.17983671473823
131.13322642727164
131.08669095765887
131.04022490648342
130.99382285019144
130.9474793458405
130.90118893583755
130.85494615266177
130.80874552356724
130.76258157525987
130.71644883854194
130.6703418529182
130.62425517115864
130.57818336381396
130.53212102368033
130.48606277020835
130.44000325385124
130.39393716034644
130.34785921492582
130.30176418645132
130.25564689147163
130.20950219819608
130.1633250303831
130.11711037114125
130.07085326664023
130.0245488297306
129.9781922434705
129.93177876455647
129.8853037266558
129.83876254363813
129.7921507127049
129.74546381741524
129.69869753060638
129.65184761720863
129.60490993695552
129.55788044699088
129.51075520437334
129.4635303684789
129.41620220330273
129.36876707966243
129.3212214773042
129.2735619869146
129.22578531203973
129.17788827091258
129.12986779818775
129.08172094658354
129.0334448884308
128.9850369171289
128.9364944485097
128.8878150221112
128.83899630236326
128.79003607968852
128.74093227152
128.6916829232368
128.6422862090205
128.59274043263358
128.5430440281219
128.49319556044176
128.44319372601134
128.39303735318592
128.34272540265553
128.29225696776084
128.24163127472158
128.19084768277273
128.13990568420203
128.0888049042845
128.0375451011085
127.98612616528858
127.9345481195598
127.88281111824854
127.83091544661575
127.77886152006847
127.72664988323557
127.67428120890447
127.6217562968156
127.56907607231149
127.51624158483817
127.46325400629662
127.41011462924276
127.35682486493484
127.30338624122744
127.2498004003124
127.19606909630711
127.14219419269212
127.08817765960028
127.03402157096112
126.97972810150425
126.92529952362709
126.8707382041327
126.8160466008447
126.76122725910541
126.706282808165
126.65121595747026
126.59602949286132
126.54072627268563
126.48530922383891
126.42978133774393
126.37414566627758
126.31840531765586
126.26256345228622
126.20662327859607
126.15058804884548
126.09446105493231
126.03824562419749
125.98194511523792
125.92556291373381
125.86910242829612
125.81256708634027
125.75596032999266
125.69928561203625
125.64254639190182
125.58574613171157
125.52888829238162
125.47197632978947
125.41501369101258
125.35800381064365
125.30095010718804
125.24385597954898
125.18672480360596
125.12955992889141
125.07236467537058
125.0151423303285
124.95789614536767
124.90062933351936
124.84334506647139
124.78604647191463
124.72873663101035
124.67141857597909
124.61409528781184
124.55676969410393
124.4994446670126
124.44212302133877
124.38480751273363
124.32750083602872
124.27020562368733
124.21292444437455
124.15565980164257
124.09841413272778
124.04118980745665
123.9839891272565
123.92681432426724
123.86966756054898
123.81255092738041
123.75546644464345
123.69841606029007
123.64140164988754
123.58442501623875
123.52748788907462
123.47059192481635
123.41373870640592
123.35692974320312
123.30016647094777
123.24345025178576
123.18678237435739
123.13016405394666
123.07359643269109
123.01708057985178
122.9606174921442
122.90420809413018
122.8478532386709
122.79155370744144
122.73531021150808
122.6791233919675
122.62299382064663
122.56692200086167
122.51090836823454
122.45495329156353
122.39905707374504
122.34321995274269
122.28744210259975
122.23172363449038
122.17606459780421
122.12046498125977
122.06492471404219
122.00944366696108
121.954021653624
121.89865843162094
121.84335370371564
121.78810711903968
121.73291827428595
121.67778671489718
121.62271193624626
121.56769338480494
121.5127304592991
121.45782251184953
121.40296884909735
121.34816873331356
121.29342138349163
121.23872597642257
121.1840816477524
121.12948749302272
121.074942568695
121.02044589315851
120.96599644772259
120.91159317759461
120.85723499284613
120.80292076936944
120.74864934982718
120.69441954459744
120.64023013271701
120.58607986282622
120.53196745411883
120.4778915973008
120.42385095556249
120.3698441655694
120.31586983847608
120.26192656096639
120.20801289632259
120.15412738552463
120.10026854838127
120.04643488469348
119.99262487545131
119.93883698406471
119.88506965762853
119.83132132822145
119.77759041423865
119.72387532175803
119.67017444594005
119.61648617246037
119.56280887897417
119.50914093661008
119.45548071149112
119.40182656627978
119.34817686174522
119.29452995835156
119.2408842178675
119.18723800499747
119.13358968903383
119.0799376455298
119.02628025799224
118.9726159195922
118.91894303489134
118.86526002158307
118.8115653122474
118.75785735611844
118.7041346208636
118.65039559437359
118.5966387865622
118.54286273117388
118.48906598759747
118.4352471426843
118.38140481256976
118.3275376444963
118.27364431863582
118.21972354990844
118.16577408979519
118.11179472814142
118.05778429494721
118.00374166214094
117.94966574533241
117.89555550554273
117.8414099509087
117.78722813835968
117.73300917526403
117.67875222104219
117.6244564887442
117.57012124658881
117.51574581946015
117.46132959035768
117.40687200179448
117.35237255713858
117.29783082189127
117.24324642489583
117.18861905947031
117.13394848445833
117.07923452519165
117.02447707435957
116.96967609278025
116.9148316100698
116.85994372520534
116.80501260697852
116.750038494336
116.69502169660487
116.63996259360229
116.58486163562853
116.52971934334246
116.474536307519
116.41931318868811
116.3640507166555
116.30874968990568
116.25341097488766
116.19803550518398
116.142624280565
116.08717836592987
116.03169889013716
115.97618704472839
115.92064408254762
115.86507131626061
115.80947011677827
115.75384191158983
115.6981881830101
115.6425104663455
115.58681034798306
115.53108946340811
115.47534949515651
115.41959217070863
115.36381926033167
115.30803257487642
115.25223396353422
115.19642531156003
115.14060853796721
115.08478559319954
115.02895845678589
114.97312913498254
114.9172996584073
114.86147207966829
114.80564847099052
114.74983092184314
114.69402153657055
114.6382224320304
114.58243573524183
114.52666358104617
114.47090810978287
114.41517146498327
114.359455791084
114.30376323116187
114.24809592469197
114.19245600533046
114.1368455987222
114.08126682033324
114.02572177330777
113.9702125463497
113.91474121162983
113.85930982271978
113.80392041255428
113.74857499142345
113.69327554499662
113.63802403237915
113.58282238420466
113.52767250076445
113.47257625017531
113.41753546658757
113.36255194843423
113.30762745672236
113.25276371336669
113.19796239956567
113.1432251542201
113.08855357239578
113.03394920383063
112.97941355148693
112.92494807014965
112.87055416507168
112.81623319066615
112.76198644924536
112.70781518980495
112.65372060685196
112.59970383927488
112.54576596925303
112.49190802120167
112.43813096075009
112.38443569375035
112.33082306531448
